0	960.0
1	1042.0
2	1102.0
3	880.0
4	1114.0
5	1008.0
6	1250.0
7	1188.0
8	1092.0
9	942.0
10	1038.0
11	1010.0
12	1154.0
13	1036.0
14	1130.0
15	1078.0
16	1026.0
17	1160.0
18	1174.0
19	988.0
20	1080.0
21	1130.0
22	978.0
23	1318.0
24	1188.0
25	1188.0
26	1124.0
27	1156.0
28	1034.0
29	1094.0
30	1050.0
31	1060.0
32	1006.0
33	1098.0
34	1074.0
35	932.0
36	1202.0
37	1002.0
38	974.0
39	850.0
40	1100.0
41	1136.0
42	1242.0
43	1132.0
44	1194.0
45	1128.0
46	946.0
47	1132.0
48	1416.0
49	1160.0
50	1036.0
51	900.0
52	1148.0
53	1194.0
54	1058.0
55	1090.0
56	1172.0
57	1252.0
58	1150.0
59	1000.0
60	1144.0
61	1082.0
62	1138.0
63	1102.0
64	1032.0
65	1396.0
66	1044.0
67	1028.0
68	780.0
69	1314.0
70	1024.0
71	1188.0
72	1170.0
73	1180.0
74	1018.0
75	1294.0
76	1128.0
77	1004.0
78	1212.0
79	1076.0
80	1198.0
81	1060.0
82	1024.0
83	1060.0
84	962.0
85	1288.0
86	1102.0
87	1224.0
88	1068.0
89	1190.0
90	1328.0
91	1124.0
92	1152.0
93	1144.0
94	1118.0
95	1098.0
96	1226.0
97	902.0
98	1122.0
99	832.0
100	1008.0
101	916.0
102	1126.0
103	964.0
104	1094.0
105	996.0
106	990.0
107	1164.0
108	1014.0
109	1108.0
110	1196.0
111	1086.0
112	1188.0
113	1064.0
114	1064.0
115	1176.0
116	962.0
117	1218.0
118	1014.0
119	944.0
120	1254.0
121	928.0
122	1054.0
123	830.0
124	1136.0
125	1154.0
126	1122.0
127	1024.0
128	1272.0
129	1130.0
130	1020.0
131	1148.0
132	1194.0
133	1056.0
134	1038.0
135	1144.0
136	1112.0
137	1000.0
138	1182.0
139	1464.0
140	1176.0
141	984.0
142	1012.0
143	1176.0
144	1274.0
145	1010.0
146	1236.0
147	1270.0
148	1242.0
149	1164.0
150	996.0
151	1062.0
152	1058.0
153	930.0
154	1272.0
155	1288.0
156	1266.0
157	890.0
158	1028.0
159	1144.0
160	1258.0
161	1224.0
162	1082.0
163	1204.0
164	1112.0
165	1016.0
166	1094.0
167	1020.0
168	1204.0
169	1282.0
170	1010.0
171	1010.0
172	1238.0
173	1094.0
174	1040.0
175	1132.0
176	1252.0
177	1166.0
178	1238.0
179	1246.0
180	1198.0
181	1170.0
182	888.0
183	1102.0
184	1372.0
185	1242.0
186	1084.0
187	1152.0
188	852.0
189	874.0
190	1000.0
191	1348.0
192	1152.0
193	1088.0
194	1076.0
195	1094.0
196	1046.0
197	1004.0
198	840.0
199	1164.0
200	1010.0
201	1048.0
202	856.0
203	874.0
204	1258.0
205	1342.0
206	1016.0
207	1070.0
208	1072.0
209	1196.0
210	1228.0
211	988.0
212	918.0
213	1150.0
214	1032.0
215	1262.0
216	1150.0
217	1138.0
218	1192.0
219	1072.0
220	1210.0
221	1272.0
222	1106.0
223	1102.0
224	984.0
225	1156.0
226	1150.0
227	1112.0
228	1104.0
229	1164.0
230	852.0
231	1048.0
232	942.0
233	1380.0
234	1164.0
235	966.0
236	1276.0
237	924.0
238	1270.0
239	1048.0
240	1174.0
241	1056.0
242	1038.0
243	1022.0
244	1112.0
245	1164.0
246	1244.0
247	1084.0
248	1082.0
249	1208.0
250	1288.0
251	1064.0
252	1160.0
253	1130.0
254	1164.0
255	1076.0
256	1346.0
257	1372.0
258	1012.0
259	1398.0
260	1082.0
261	1132.0
262	1266.0
263	954.0
264	1094.0
265	998.0
266	1218.0
267	1334.0
268	1056.0
269	1180.0
270	1180.0
271	1222.0
272	1330.0
273	1294.0
274	1054.0
275	1010.0
276	1266.0
277	1102.0
278	1266.0
279	1160.0
280	1236.0
281	1220.0
282	1076.0
283	1356.0
284	1140.0
285	1064.0
286	1132.0
287	1084.0
288	1330.0
289	1144.0
290	1558.0
291	1244.0
292	1182.0
293	1224.0
294	1398.0
295	1038.0
296	1068.0
297	982.0
298	1062.0
299	1144.0
300	1244.0
301	1284.0
302	1226.0
303	1268.0
304	1010.0
305	1206.0
306	1236.0
307	952.0
308	1210.0
309	1136.0
310	1326.0
311	1338.0
312	1356.0
313	1172.0
314	1004.0
315	1050.0
316	1146.0
317	1068.0
318	1144.0
319	1082.0
320	970.0
321	1100.0
322	1162.0
323	964.0
324	1080.0
325	1002.0
326	1222.0
327	1138.0
328	1070.0
329	1300.0
330	928.0
331	1078.0
332	1418.0
333	1288.0
334	1124.0
335	1074.0
336	1304.0
337	972.0
338	1268.0
339	1038.0
340	1396.0
341	1138.0
342	1152.0
343	1344.0
344	1010.0
345	1180.0
346	1130.0
347	1294.0
348	1136.0
349	1154.0
350	1252.0
351	1044.0
352	1000.0
353	1166.0
354	1224.0
355	1052.0
356	1154.0
357	1040.0
358	1320.0
359	1148.0
360	1040.0
361	1178.0
362	1290.0
363	1250.0
364	1206.0
365	1046.0
366	1176.0
367	1046.0
368	1008.0
369	1136.0
370	1148.0
371	1158.0
372	1326.0
373	1290.0
374	1244.0
375	1012.0
376	1024.0
377	1284.0
378	1156.0
379	1306.0
380	1060.0
381	1352.0
382	1042.0
383	1010.0
384	1084.0
385	1194.0
386	1124.0
387	1250.0
388	1248.0
389	1146.0
390	1046.0
391	1166.0
392	1048.0
393	1012.0
394	1208.0
395	1110.0
396	1054.0
397	1108.0
398	1180.0
399	1208.0
400	1210.0
401	1184.0
402	1362.0
403	1282.0
404	1120.0
405	1148.0
406	1128.0
407	1190.0
408	1096.0
409	1266.0
410	1234.0
411	1242.0
412	1004.0
413	1332.0
414	1230.0
415	1116.0
416	1232.0
417	1044.0
418	1292.0
419	1302.0
420	798.0
421	1068.0
422	1278.0
423	1336.0
424	1026.0
425	1086.0
426	1258.0
427	962.0
428	1028.0
429	1194.0
430	1176.0
431	1070.0
432	1284.0
433	1132.0
434	1110.0
435	1224.0
436	1210.0
437	1152.0
438	1024.0
439	1192.0
440	1194.0
441	1482.0
442	1158.0
443	1352.0
444	1060.0
445	1112.0
446	1100.0
447	1096.0
448	1160.0
449	906.0
450	1100.0
451	1172.0
452	926.0
453	1062.0
454	942.0
455	1110.0
456	1192.0
457	1238.0
458	1126.0
459	1152.0
460	1170.0
461	1226.0
462	1394.0
463	1208.0
464	1122.0
465	1098.0
466	1014.0
467	940.0
468	1246.0
469	1088.0
470	1124.0
471	1114.0
472	1262.0
473	1138.0
474	1232.0
475	1152.0
476	1354.0
477	1526.0
478	1032.0
479	1100.0
480	1268.0
481	1170.0
482	1172.0
483	1208.0
484	1254.0
485	1254.0
486	1038.0
487	1218.0
488	994.0
489	1320.0
490	1014.0
491	1092.0
492	1120.0
493	1264.0
494	1472.0
495	1522.0
496	1116.0
497	1408.0
498	1330.0
499	1242.0
500	1174.0
501	1210.0
502	1302.0
503	1244.0
504	1276.0
505	1092.0
506	1356.0
507	1360.0
508	1134.0
509	984.0
510	1382.0
511	1208.0
512	1356.0
513	1116.0
514	1298.0
515	1478.0
516	1170.0
517	1342.0
518	1162.0
519	1206.0
520	1176.0
521	1160.0
522	1202.0
523	1264.0
524	1298.0
525	1278.0
526	1372.0
527	1220.0
528	1424.0
529	1118.0
530	1332.0
531	1208.0
532	1246.0
533	1276.0
534	1106.0
535	1302.0
536	1360.0
537	1064.0
538	1150.0
539	1054.0
540	1180.0
541	1136.0
542	996.0
543	1084.0
544	1070.0
545	1332.0
546	1236.0
547	1356.0
548	1186.0
549	1054.0
550	1280.0
551	1162.0
552	1340.0
553	1054.0
554	1040.0
555	1266.0
556	1152.0
557	966.0
558	1174.0
559	1180.0
560	1192.0
561	1010.0
562	1284.0
563	998.0
564	1120.0
565	948.0
566	960.0
567	1140.0
568	1316.0
569	1162.0
570	1062.0
571	1010.0
572	1284.0
573	980.0
574	1514.0
575	1368.0
576	1268.0
577	1360.0
578	1236.0
579	1184.0
580	1036.0
581	1242.0
582	1290.0
583	1120.0
584	1310.0
585	1174.0
586	1148.0
587	1128.0
588	1192.0
589	1460.0
590	1164.0
591	1278.0
592	1188.0
593	1216.0
594	1154.0
595	1460.0
596	1164.0
597	1036.0
598	1000.0
599	988.0
600	1272.0
601	1130.0
602	1144.0
603	1206.0
604	1028.0
605	1372.0
606	1326.0
607	1212.0
608	1306.0
609	958.0
610	1262.0
611	1398.0
612	1150.0
613	1266.0
614	1680.0
615	1296.0
616	1198.0
617	1142.0
618	996.0
619	1180.0
620	1368.0
621	1304.0
622	1306.0
623	1340.0
624	1314.0
625	1222.0
626	1238.0
627	1480.0
628	1254.0
629	1254.0
630	1418.0
631	1240.0
632	1274.0
633	1190.0
634	1214.0
635	1138.0
636	1244.0
637	1282.0
638	1196.0
639	1138.0
640	1206.0
641	1244.0
642	1242.0
643	1032.0
644	1276.0
645	1324.0
646	1324.0
647	1078.0
648	1350.0
649	1174.0
650	1298.0
651	1300.0
652	1220.0
653	1488.0
654	1276.0
655	1258.0
656	1296.0
657	1288.0
658	1216.0
659	1244.0
660	1198.0
661	1418.0
662	1350.0
663	1134.0
664	1338.0
665	1284.0
666	1264.0
667	1204.0
668	1272.0
669	1350.0
670	1544.0
671	1356.0
672	1248.0
673	1062.0
674	1560.0
675	1250.0
676	1392.0
677	1340.0
678	1234.0
679	1196.0
680	1152.0
681	1184.0
682	1294.0
683	1178.0
684	1454.0
685	986.0
686	1236.0
687	1176.0
688	1244.0
689	1408.0
690	1404.0
691	1154.0
692	1030.0
693	1236.0
694	1352.0
695	1270.0
696	1160.0
697	1180.0
698	1416.0
699	1404.0
700	1246.0
701	1334.0
702	1432.0
703	1544.0
704	1106.0
705	1392.0
706	1302.0
707	1386.0
708	1320.0
709	1260.0
710	968.0
711	1144.0
712	1208.0
713	1176.0
714	1322.0
715	1406.0
716	992.0
717	1306.0
718	1192.0
719	1006.0
720	1388.0
721	1120.0
722	1304.0
723	1108.0
724	1222.0
725	1112.0
726	1248.0
727	1368.0
728	1372.0
729	1192.0
730	1178.0
731	1444.0
732	1072.0
733	1248.0
734	1122.0
735	1194.0
736	1290.0
737	1264.0
738	1090.0
739	1006.0
740	1164.0
741	990.0
742	1254.0
743	1324.0
744	1236.0
745	1480.0
746	1310.0
747	1246.0
748	1126.0
749	1492.0
750	1266.0
751	1378.0
752	1454.0
753	1168.0
754	1198.0
755	1218.0
756	1270.0
757	1370.0
758	1388.0
759	1376.0
760	1202.0
761	1278.0
762	1184.0
763	1206.0
764	1346.0
765	1410.0
766	1110.0
767	1210.0
768	1540.0
769	1272.0
770	1580.0
771	1134.0
772	1240.0
773	1314.0
774	1568.0
775	1526.0
776	1380.0
777	1316.0
778	1168.0
779	1498.0
780	1208.0
781	1324.0
782	1084.0
783	1472.0
784	1368.0
785	1402.0
786	1296.0
787	1312.0
788	1314.0
789	1432.0
790	1380.0
791	1372.0
792	1224.0
793	1390.0
794	1200.0
795	1284.0
796	1092.0
797	1258.0
798	1084.0
799	1428.0
800	1488.0
801	1196.0
802	1398.0
803	1174.0
804	1096.0
805	1266.0
806	1444.0
807	1368.0
808	1290.0
809	1226.0
810	1238.0
811	1180.0
812	1246.0
813	1542.0
814	1178.0
815	1232.0
816	1268.0
817	1498.0
818	1680.0
819	1490.0
820	1422.0
821	1144.0
822	1230.0
823	1120.0
824	1398.0
825	1528.0
826	1330.0
827	1360.0
828	1388.0
829	1340.0
830	1170.0
831	1140.0
832	1024.0
833	1220.0
834	1328.0
835	1136.0
836	1226.0
837	1114.0
838	1424.0
839	1170.0
840	1102.0
841	1312.0
842	1344.0
843	1412.0
844	1214.0
845	1268.0
846	1524.0
847	1420.0
848	1012.0
849	1110.0
850	1332.0
851	1084.0
852	988.0
853	1296.0
854	1062.0
855	1240.0
856	1062.0
857	1174.0
858	1086.0
859	1082.0
860	1212.0
861	1238.0
862	1176.0
863	1080.0
864	1274.0
865	1094.0
866	1124.0
867	1250.0
868	1178.0
869	1238.0
870	1362.0
871	1046.0
872	1320.0
873	1320.0
874	1140.0
875	1296.0
876	944.0
877	1164.0
878	828.0
879	1030.0
880	934.0
881	1164.0
882	1344.0
883	1200.0
884	968.0
885	1060.0
886	996.0
887	1488.0
888	1468.0
889	942.0
890	1358.0
891	1346.0
892	1412.0
893	1102.0
894	1356.0
895	1600.0
896	1520.0
897	1286.0
898	1424.0
899	1280.0
900	1458.0
901	1374.0
902	1350.0
903	1604.0
904	1392.0
905	1166.0
906	1214.0
907	1118.0
908	1352.0
909	1428.0
910	1190.0
911	1114.0
912	966.0
913	1266.0
914	868.0
915	1268.0
916	1288.0
917	1154.0
918	1324.0
919	1180.0
920	1408.0
921	1242.0
922	1432.0
923	1418.0
924	1324.0
925	1204.0
926	1670.0
927	1338.0
928	1276.0
929	1196.0
930	1306.0
931	1290.0
932	1118.0
933	1106.0
934	1118.0
935	1024.0
936	1472.0
937	1108.0
938	1186.0
939	954.0
940	1040.0
941	1190.0
942	1246.0
943	1164.0
944	1208.0
945	1238.0
946	1384.0
947	1528.0
948	1416.0
949	1282.0
950	1118.0
951	1284.0
952	1458.0
953	1032.0
954	1052.0
955	994.0
956	1060.0
957	1068.0
958	1092.0
959	1110.0
960	1144.0
961	1216.0
962	1140.0
963	1198.0
964	1392.0
965	1126.0
966	1274.0
967	1458.0
968	1182.0
969	1196.0
970	1168.0
971	1416.0
972	1384.0
973	1462.0
974	1328.0
975	1558.0
976	1308.0
977	1192.0
978	1300.0
979	1332.0
980	1236.0
981	1400.0
982	1198.0
983	1316.0
984	1414.0
985	1336.0
986	1200.0
987	1448.0
988	1092.0
989	1342.0
990	1448.0
991	1098.0
992	1372.0
993	1256.0
994	1314.0
995	1296.0
996	1444.0
997	1388.0
998	1144.0
999	1380.0
1000	1336.0
1001	1274.0
1002	1430.0
1003	1490.0
1004	1386.0
1005	1224.0
1006	1252.0
1007	1270.0
1008	1286.0
1009	1394.0
1010	1424.0
1011	1330.0
1012	1232.0
1013	1470.0
1014	1388.0
1015	1262.0
1016	1484.0
1017	1382.0
1018	1500.0
1019	1242.0
1020	1528.0
1021	1374.0
1022	1220.0
1023	1298.0
1024	1168.0
1025	1390.0
1026	1338.0
1027	1384.0
1028	1488.0
1029	1364.0
1030	1276.0
1031	1368.0
1032	1380.0
1033	1510.0
1034	1400.0
1035	1460.0
1036	1420.0
1037	1240.0
1038	1608.0
1039	1526.0
1040	1588.0
1041	1274.0
1042	1582.0
1043	1472.0
1044	1326.0
1045	1276.0
1046	1366.0
1047	1404.0
1048	1238.0
1049	1526.0
1050	1392.0
1051	1308.0
1052	1072.0
1053	1110.0
1054	1328.0
1055	1440.0
1056	1468.0
1057	1198.0
1058	1266.0
1059	1236.0
1060	1194.0
1061	1604.0
1062	1376.0
1063	1112.0
1064	1252.0
1065	1334.0
1066	1274.0
1067	1188.0
1068	1428.0
1069	1474.0
1070	1484.0
1071	1256.0
1072	1114.0
1073	1358.0
1074	1484.0
1075	1354.0
1076	1510.0
1077	1264.0
1078	1416.0
1079	1354.0
1080	1340.0
1081	1424.0
1082	1232.0
1083	1264.0
1084	1254.0
1085	1368.0
1086	1282.0
1087	1404.0
1088	1222.0
1089	1304.0
1090	1368.0
1091	1290.0
1092	1296.0
1093	1352.0
1094	1456.0
1095	1232.0
1096	1162.0
1097	1242.0
1098	1136.0
1099	1152.0
1100	1002.0
1101	1406.0
1102	1212.0
1103	1414.0
1104	1232.0
1105	1210.0
1106	1154.0
1107	1272.0
1108	1340.0
1109	1288.0
1110	1332.0
1111	1436.0
1112	1382.0
1113	1152.0
1114	1390.0
1115	1256.0
1116	1358.0
1117	1260.0
1118	1174.0
1119	1084.0
1120	1208.0
1121	1224.0
1122	1218.0
1123	1086.0
1124	1048.0
1125	1242.0
1126	1244.0
1127	1516.0
1128	1144.0
1129	1140.0
1130	1200.0
1131	1380.0
1132	1234.0
1133	1306.0
1134	1142.0
1135	1268.0
1136	1088.0
1137	1258.0
1138	1122.0
1139	1268.0
1140	1476.0
1141	2976.0
1142	1780.0
1143	1404.0
1144	1460.0
1145	1280.0
1146	1400.0
1147	1114.0
1148	1442.0
1149	1332.0
1150	1374.0
1151	1504.0
1152	1280.0
1153	1356.0
1154	1222.0
1155	1338.0
1156	1404.0
1157	1370.0
1158	1402.0
1159	1460.0
1160	1330.0
1161	1416.0
1162	1222.0
1163	1466.0
1164	1276.0
1165	1380.0
1166	1210.0
1167	1540.0
1168	1138.0
1169	1116.0
1170	1358.0
1171	1264.0
1172	1238.0
1173	1218.0
1174	1356.0
1175	1420.0
1176	1392.0
1177	1200.0
1178	1448.0
1179	1404.0
1180	1150.0
1181	1326.0
1182	1184.0
1183	1376.0
1184	1248.0
1185	1046.0
1186	1192.0
1187	1256.0
1188	898.0
1189	1162.0
1190	1202.0
1191	1108.0
1192	1114.0
1193	1138.0
1194	1332.0
1195	950.0
1196	1228.0
1197	1142.0
1198	1186.0
1199	1332.0
1200	862.0
1201	1090.0
1202	1208.0
1203	1438.0
1204	1548.0
1205	1204.0
1206	1160.0
1207	1270.0
1208	1332.0
1209	1430.0
1210	1236.0
1211	1346.0
1212	1276.0
1213	1424.0
1214	1360.0
1215	1392.0
1216	1294.0
1217	1256.0
1218	1098.0
1219	1286.0
1220	1234.0
1221	1218.0
1222	1238.0
1223	1200.0
1224	1378.0
1225	1166.0
1226	1308.0
1227	1138.0
1228	1412.0
1229	1082.0
1230	1450.0
1231	1388.0
1232	1308.0
1233	1180.0
1234	1308.0
1235	1352.0
1236	1366.0
1237	1228.0
1238	1068.0
1239	1428.0
1240	1106.0
1241	1268.0
1242	1310.0
1243	1110.0
1244	1576.0
1245	1280.0
1246	1106.0
1247	1268.0
1248	1182.0
1249	1014.0
1250	1068.0
1251	1126.0
1252	1388.0
1253	1378.0
1254	1400.0
1255	1062.0
1256	1256.0
1257	1522.0
1258	1110.0
1259	1458.0
1260	1298.0
1261	1152.0
1262	1320.0
1263	1192.0
1264	1304.0
1265	1174.0
1266	1134.0
1267	1202.0
1268	1304.0
1269	1294.0
1270	1286.0
1271	1232.0
1272	1422.0
1273	1384.0
1274	1174.0
1275	1062.0
1276	1342.0
1277	1170.0
1278	1280.0
1279	1250.0
1280	1366.0
1281	1088.0
1282	1412.0
1283	1280.0
1284	1238.0
1285	1236.0
1286	1352.0
1287	1260.0
1288	1038.0
1289	1190.0
1290	1248.0
1291	1086.0
1292	1162.0
1293	1362.0
1294	1204.0
1295	1144.0
1296	1194.0
1297	1254.0
1298	1224.0
1299	1136.0
1300	1148.0
1301	1300.0
1302	1420.0
1303	1194.0
1304	1284.0
1305	1260.0
1306	1280.0
1307	1212.0
1308	1398.0
1309	1244.0
1310	1212.0
1311	1136.0
1312	1206.0
1313	1100.0
1314	1326.0
1315	1400.0
1316	1256.0
1317	1382.0
1318	1400.0
1319	1252.0
1320	1090.0
1321	1132.0
1322	1290.0
1323	1216.0
1324	1288.0
1325	1366.0
1326	1076.0
1327	1224.0
1328	1246.0
1329	1494.0
1330	1036.0
1331	1260.0
1332	1392.0
1333	1070.0
1334	1274.0
1335	1252.0
1336	1216.0
1337	1310.0
1338	1236.0
1339	1104.0
1340	1184.0
1341	1270.0
1342	1278.0
1343	1330.0
1344	1204.0
1345	1118.0
1346	1288.0
1347	1020.0
1348	1006.0
1349	1018.0
1350	1162.0
1351	1112.0
1352	1104.0
1353	1176.0
1354	946.0
1355	904.0
1356	1210.0
1357	1120.0
1358	826.0
1359	1218.0
1360	976.0
1361	1182.0
1362	988.0
1363	970.0
1364	1102.0
1365	1134.0
1366	1058.0
1367	1050.0
1368	1284.0
1369	1032.0
1370	1136.0
1371	1110.0
1372	1164.0
1373	1230.0
1374	1122.0
1375	1040.0
1376	1508.0
1377	1310.0
1378	1218.0
1379	1112.0
1380	1108.0
1381	1016.0
1382	1236.0
1383	1158.0
1384	1212.0
1385	1046.0
1386	1174.0
1387	970.0
1388	1190.0
1389	998.0
1390	1114.0
1391	1144.0
1392	1394.0
1393	982.0
1394	902.0
1395	1146.0
1396	1076.0
1397	932.0
1398	1200.0
1399	1202.0
1400	1222.0
1401	1234.0
1402	1122.0
1403	1100.0
1404	1276.0
1405	1100.0
1406	1192.0
1407	1296.0
1408	1080.0
1409	1064.0
1410	1120.0
1411	1140.0
1412	1084.0
1413	1118.0
1414	1002.0
1415	1072.0
1416	1124.0
1417	1036.0
1418	1036.0
1419	1108.0
1420	1310.0
1421	1028.0
1422	1052.0
1423	1002.0
1424	1088.0
1425	988.0
1426	1020.0
1427	1146.0
1428	1360.0
1429	972.0
1430	1414.0
1431	1092.0
1432	1114.0
1433	1254.0
1434	1092.0
1435	1134.0
1436	1374.0
1437	1284.0
1438	1158.0
1439	1404.0
1440	1394.0
1441	1058.0
1442	1028.0
1443	1104.0
1444	1226.0
1445	1044.0
1446	1188.0
1447	1152.0
1448	784.0
1449	898.0
1450	1112.0
1451	910.0
1452	1052.0
1453	1002.0
1454	1126.0
1455	1308.0
1456	1316.0
1457	1222.0
1458	1364.0
1459	1308.0
1460	1320.0
1461	1476.0
1462	1438.0
1463	1464.0
1464	1152.0
1465	1210.0
1466	1380.0
1467	1448.0
1468	1312.0
1469	1240.0
1470	1502.0
1471	1308.0
1472	1122.0
1473	1490.0
1474	1420.0
1475	1488.0
1476	1466.0
1477	1368.0
1478	1218.0
1479	1202.0
1480	1410.0
1481	1276.0
1482	1428.0
1483	1398.0
1484	1460.0
1485	1236.0
1486	1196.0
1487	1410.0
1488	1320.0
1489	1216.0
1490	1268.0
1491	1400.0
1492	1644.0
1493	1640.0
1494	1418.0
1495	1756.0
1496	1424.0
1497	1502.0
1498	1446.0
1499	1332.0
1500	1530.0
1501	1442.0
1502	1338.0
1503	1412.0
1504	1338.0
1505	1512.0
1506	1444.0
1507	1194.0
1508	1602.0
1509	1352.0
1510	1620.0
1511	1288.0
1512	1426.0
1513	1236.0
1514	1298.0
1515	1564.0
1516	1500.0
1517	1454.0
1518	1448.0
1519	1660.0
1520	1440.0
1521	1416.0
1522	1372.0
1523	1364.0
1524	1478.0
1525	1420.0
1526	1454.0
1527	1376.0
1528	1508.0
1529	1400.0
1530	1402.0
1531	1482.0
1532	1534.0
1533	1516.0
1534	1632.0
1535	1266.0
1536	1236.0
1537	1320.0
1538	1626.0
1539	1352.0
1540	1366.0
1541	1716.0
1542	1318.0
1543	1426.0
1544	1360.0
1545	1322.0
1546	1392.0
1547	1424.0
1548	1462.0
1549	1496.0
1550	1344.0
1551	1556.0
1552	1700.0
1553	1376.0
1554	1546.0
1555	1436.0
1556	1400.0
1557	1398.0
1558	1544.0
1559	1584.0
1560	1360.0
1561	1292.0
1562	1396.0
1563	1378.0
1564	1548.0
1565	1410.0
1566	1304.0
1567	1234.0
1568	1330.0
1569	1164.0
1570	1148.0
1571	1312.0
1572	1424.0
1573	1404.0
1574	1492.0
1575	1592.0
1576	1324.0
1577	1450.0
1578	1608.0
1579	1632.0
1580	1414.0
1581	1290.0
1582	1534.0
1583	1306.0
1584	1568.0
1585	1438.0
1586	1480.0
1587	1500.0
1588	1576.0
1589	1620.0
1590	1514.0
1591	1652.0
1592	1480.0
1593	1638.0
1594	1546.0
1595	1544.0
1596	1440.0
1597	1604.0
1598	1508.0
1599	1642.0
1600	1722.0
1601	1562.0
1602	1396.0
1603	1488.0
1604	1912.0
1605	1456.0
1606	1430.0
1607	1602.0
1608	1252.0
1609	1252.0
1610	1406.0
1611	1688.0
1612	1548.0
1613	1368.0
1614	1510.0
1615	1528.0
1616	1884.0
1617	1696.0
1618	1576.0
1619	1424.0
1620	1670.0
1621	1534.0
1622	1470.0
1623	1358.0
1624	1604.0
1625	1532.0
1626	1698.0
1627	1576.0
1628	1406.0
1629	1560.0
1630	1464.0
1631	1520.0
1632	1174.0
1633	1152.0
1634	1036.0
1635	1370.0
1636	1508.0
1637	1486.0
1638	1406.0
1639	1604.0
1640	1492.0
1641	1552.0
1642	1538.0
1643	1720.0
1644	1816.0
1645	1466.0
1646	1316.0
1647	1714.0
1648	1668.0
1649	1596.0
1650	1646.0
1651	1696.0
1652	1628.0
1653	1500.0
1654	1558.0
1655	1792.0
1656	1662.0
1657	1504.0
1658	1668.0
1659	1542.0
1660	1612.0
1661	1820.0
1662	1648.0
1663	1744.0
1664	1926.0
1665	1626.0
1666	1760.0
1667	1368.0
1668	1782.0
1669	1796.0
1670	1664.0
1671	1536.0
1672	1900.0
1673	1718.0
1674	1714.0
1675	1800.0
1676	1734.0
1677	1628.0
1678	1622.0
1679	1808.0
1680	1706.0
1681	1584.0
1682	1596.0
1683	1496.0
1684	1646.0
1685	1744.0
1686	1986.0
1687	1854.0
1688	1732.0
1689	1724.0
1690	1610.0
1691	1484.0
1692	1622.0
1693	1640.0
1694	1640.0
1695	1912.0
1696	1870.0
1697	1808.0
1698	1672.0
1699	1584.0
1700	1560.0
1701	1756.0
1702	1670.0
1703	1808.0
1704	1636.0
1705	1544.0
1706	1800.0
1707	1556.0
1708	1718.0
1709	1802.0
1710	1892.0
1711	1860.0
1712	1828.0
1713	1792.0
1714	1700.0
1715	1744.0
1716	1406.0
1717	1804.0
1718	1560.0
1719	1706.0
1720	1836.0
1721	1754.0
1722	1916.0
1723	1572.0
1724	1804.0
1725	1844.0
1726	2000.0
1727	1660.0
1728	1996.0
1729	1714.0
1730	1690.0
1731	1694.0
1732	1792.0
1733	1388.0
1734	1832.0
1735	1768.0
1736	1878.0
1737	1774.0
1738	1652.0
1739	1726.0
1740	1546.0
1741	1684.0
1742	1556.0
1743	1740.0
1744	1614.0
1745	1870.0
1746	1792.0
1747	1912.0
1748	1780.0
1749	1712.0
1750	1874.0
1751	1810.0
1752	1924.0
1753	2008.0
1754	1846.0
1755	1870.0
1756	1740.0
1757	1746.0
1758	1876.0
1759	1816.0
1760	1976.0
1761	1868.0
1762	1950.0
1763	1952.0
1764	1890.0
1765	1680.0
1766	1724.0
1767	1458.0
1768	2102.0
1769	1866.0
1770	1616.0
1771	1680.0
1772	1800.0
1773	1774.0
1774	1960.0
1775	1606.0
1776	1664.0
1777	1904.0
1778	1770.0
1779	2030.0
1780	1816.0
1781	1468.0
1782	1880.0
1783	1504.0
1784	1972.0
1785	1662.0
1786	1760.0
1787	1914.0
1788	2040.0
1789	1700.0
1790	1852.0
1791	1596.0
1792	1670.0
1793	1926.0
1794	1732.0
1795	1836.0
1796	1874.0
1797	1644.0
1798	1882.0
1799	1436.0
1800	1824.0
1801	1570.0
1802	1652.0
1803	1636.0
1804	1580.0
1805	1876.0
1806	1556.0
1807	1600.0
1808	1680.0
1809	1812.0
1810	1772.0
1811	1492.0
1812	1556.0
1813	1844.0
1814	1836.0
1815	1926.0
1816	1726.0
1817	1672.0
1818	1836.0
1819	1728.0
1820	1550.0
1821	1584.0
1822	1748.0
1823	1764.0
1824	1688.0
1825	1788.0
1826	1856.0
1827	1734.0
1828	1790.0
1829	1708.0
1830	1952.0
1831	1744.0
1832	1794.0
1833	1702.0
1834	1818.0
1835	1608.0
1836	1750.0
1837	1846.0
1838	2108.0
1839	1572.0
1840	1664.0
1841	1494.0
1842	1872.0
1843	1620.0
1844	1784.0
1845	1838.0
1846	1488.0
1847	1512.0
1848	1912.0
1849	1550.0
1850	1980.0
1851	1644.0
1852	1578.0
1853	1802.0
1854	1864.0
1855	1752.0
1856	1904.0
1857	1868.0
1858	1706.0
1859	1996.0
1860	1724.0
1861	1842.0
1862	1738.0
1863	1808.0
1864	1548.0
1865	1660.0
1866	1636.0
1867	1872.0
1868	1866.0
1869	2052.0
1870	1812.0
1871	1652.0
1872	1748.0
1873	1768.0
1874	1854.0
1875	1894.0
1876	1908.0
1877	1704.0
1878	1670.0
1879	1648.0
1880	1612.0
1881	1972.0
1882	2088.0
1883	1884.0
1884	1544.0
1885	1966.0
1886	1836.0
1887	1696.0
1888	1850.0
1889	1924.0
1890	1842.0
1891	1812.0
1892	2022.0
1893	2016.0
1894	1780.0
1895	1788.0
1896	2016.0
1897	1720.0
1898	1872.0
1899	1678.0
1900	2184.0
1901	1828.0
1902	1904.0
1903	1888.0
1904	1762.0
1905	1968.0
1906	1704.0
1907	1996.0
1908	1770.0
1909	1882.0
1910	1740.0
1911	1824.0
1912	2008.0
1913	1710.0
1914	1920.0
1915	1824.0
1916	1732.0
1917	1748.0
1918	1780.0
1919	1996.0
1920	1766.0
1921	1820.0
1922	1636.0
1923	1792.0
1924	1738.0
1925	1708.0
1926	1696.0
1927	1794.0
1928	1874.0
1929	2048.0
1930	1764.0
1931	1828.0
1932	2024.0
1933	1850.0
1934	1964.0
1935	1888.0
1936	1984.0
1937	1990.0
1938	2340.0
1939	1862.0
1940	1724.0
1941	1696.0
1942	2048.0
1943	2008.0
1944	1940.0
1945	1936.0
1946	2194.0
1947	2072.0
1948	2142.0
1949	1948.0
1950	2028.0
1951	1758.0
1952	1664.0
1953	1886.0
1954	1968.0
1955	1864.0
1956	1862.0
1957	1814.0
1958	2008.0
1959	1940.0
1960	2230.0
1961	1908.0
1962	2152.0
1963	1796.0
1964	2008.0
1965	1824.0
1966	1810.0
1967	2000.0
1968	2084.0
1969	2004.0
1970	1968.0
1971	2090.0
1972	1728.0
1973	1784.0
1974	1954.0
1975	1764.0
1976	1792.0
1977	2020.0
1978	1924.0
1979	1864.0
1980	1752.0
1981	1676.0
1982	1712.0
1983	1876.0
1984	1948.0
1985	2084.0
1986	2152.0
1987	2124.0
1988	1858.0
1989	1990.0
1990	1762.0
1991	1948.0
1992	2068.0
1993	1948.0
1994	1856.0
1995	2284.0
1996	2142.0
1997	1972.0
1998	1824.0
1999	2068.0
2000	1896.0
2001	1854.0
2002	2184.0
2003	2040.0
2004	2048.0
2005	1884.0
2006	1748.0
2007	1732.0
2008	1880.0
2009	2142.0
2010	2204.0
2011	2004.0
2012	2140.0
2013	1840.0
2014	2086.0
2015	1876.0
2016	2116.0
2017	1852.0
2018	2036.0
2019	1984.0
2020	1776.0
2021	1952.0
2022	1884.0
2023	1800.0
2024	1992.0
2025	2032.0
2026	1932.0
2027	2182.0
2028	2104.0
2029	2124.0
2030	2032.0
2031	1780.0
2032	2112.0
2033	2216.0
2034	2180.0
2035	2086.0
2036	2262.0
2037	2024.0
2038	2392.0
2039	1938.0
2040	1900.0
2041	2100.0
2042	2144.0
2043	2100.0
2044	2464.0
2045	2044.0
2046	2088.0
2047	1788.0
2048	1898.0
2049	2136.0
2050	2412.0
2051	2068.0
2052	2176.0
2053	2400.0
2054	2204.0
2055	2134.0
2056	1900.0
2057	1656.0
2058	2360.0
2059	2132.0
2060	2256.0
2061	2336.0
2062	2112.0
2063	2116.0
2064	1908.0
2065	2032.0
2066	1854.0
2067	1962.0
2068	2052.0
2069	1948.0
2070	2176.0
2071	2036.0
2072	2072.0
2073	1964.0
2074	1642.0
2075	2036.0
2076	2240.0
2077	2148.0
2078	1992.0
2079	1980.0
2080	2060.0
2081	1948.0
2082	1994.0
2083	2200.0
2084	2058.0
2085	2008.0
2086	2366.0
2087	2070.0
2088	2018.0
2089	1936.0
2090	2160.0
2091	1894.0
2092	1836.0
2093	2102.0
2094	2116.0
2095	1836.0
2096	2152.0
2097	1956.0
2098	2048.0
2099	1916.0
2100	1868.0
2101	2008.0
2102	1766.0
2103	2284.0
2104	2304.0
2105	2100.0
2106	2078.0
2107	1904.0
2108	1780.0
2109	2316.0
2110	1892.0
2111	1704.0
2112	2072.0
2113	2132.0
2114	2472.0
2115	2100.0
2116	2288.0
2117	2250.0
2118	2146.0
2119	2196.0
2120	2266.0
2121	2104.0
2122	2004.0
2123	1950.0
2124	2140.0
2125	2228.0
2126	2028.0
2127	2200.0
2128	2312.0
2129	1956.0
2130	2032.0
2131	2202.0
2132	1928.0
2133	2182.0
2134	2132.0
2135	2052.0
2136	1988.0
2137	2092.0
2138	2344.0
2139	2318.0
2140	2068.0
2141	2136.0
2142	2456.0
2143	2226.0
2144	1994.0
2145	2270.0
2146	2160.0
2147	2044.0
2148	1884.0
2149	1868.0
2150	2156.0
2151	2248.0
2152	2092.0
2153	2256.0
2154	2016.0
2155	2180.0
2156	2072.0
2157	1956.0
2158	1764.0
2159	1696.0
2160	1944.0
2161	1864.0
2162	1956.0
2163	2324.0
2164	1960.0
2165	1924.0
2166	1892.0
2167	2124.0
2168	1808.0
2169	2424.0
2170	2100.0
2171	2172.0
2172	2140.0
2173	2036.0
2174	2252.0
2175	1884.0
2176	2056.0
2177	2120.0
2178	2044.0
2179	2356.0
2180	2338.0
2181	1954.0
2182	2078.0
2183	1796.0
2184	2160.0
2185	1834.0
2186	2088.0
2187	1688.0
2188	2118.0
2189	1944.0
2190	1894.0
2191	1872.0
2192	2012.0
2193	2070.0
2194	1992.0
2195	2144.0
2196	2052.0
2197	2376.0
2198	2454.0
2199	2194.0
2200	2208.0
2201	2014.0
2202	2488.0
2203	2244.0
2204	2210.0
2205	2478.0
2206	2056.0
2207	2300.0
2208	2508.0
2209	2312.0
2210	2108.0
2211	2584.0
2212	2428.0
2213	2164.0
2214	2328.0
2215	1844.0
2216	2462.0
2217	1968.0
2218	2108.0
2219	2140.0
2220	2400.0
2221	2288.0
2222	2470.0
2223	2100.0
2224	2402.0
2225	2456.0
2226	2238.0
2227	2180.0
2228	2480.0
2229	2200.0
2230	2312.0
2231	2448.0
2232	2298.0
2233	2346.0
2234	2232.0
2235	2332.0
2236	2118.0
2237	2250.0
2238	2276.0
2239	2200.0
2240	2188.0
2241	2032.0
2242	2212.0
2243	2194.0
2244	2390.0
2245	2024.0
2246	2212.0
2247	2212.0
2248	2304.0
2249	2384.0
2250	2060.0
2251	2282.0
2252	2364.0
2253	2024.0
2254	2456.0
2255	2170.0
2256	2436.0
2257	2308.0
2258	2232.0
2259	2440.0
2260	2428.0
2261	2528.0
2262	2288.0
2263	2440.0
2264	2424.0
2265	2332.0
2266	2720.0
2267	2496.0
2268	2156.0
2269	2144.0
2270	2208.0
2271	2264.0
2272	2480.0
2273	2512.0
2274	2126.0
2275	2184.0
2276	2526.0
2277	2060.0
2278	2310.0
2279	2294.0
2280	2236.0
2281	2184.0
2282	2516.0
2283	2216.0
2284	2360.0
2285	2648.0
2286	2440.0
2287	2154.0
2288	2000.0
2289	2576.0
2290	2000.0
2291	2216.0
2292	2452.0
2293	2480.0
2294	2266.0
2295	2204.0
2296	2338.0
2297	2198.0
2298	2316.0
2299	2216.0
2300	2232.0
2301	2132.0
2302	2132.0
2303	2124.0
2304	2606.0
2305	2280.0
2306	2312.0
2307	2188.0
2308	2112.0
2309	2104.0
2310	1836.0
2311	2172.0
2312	2176.0
2313	2048.0
2314	2044.0
2315	2074.0
2316	2116.0
2317	2136.0
2318	2128.0
2319	2300.0
2320	2240.0
2321	2100.0
2322	2130.0
2323	1964.0
2324	2152.0
2325	2268.0
2326	2252.0
2327	2398.0
2328	2296.0
2329	2036.0
2330	2076.0
2331	2248.0
2332	1918.0
2333	1960.0
2334	2026.0
2335	1890.0
2336	1924.0
2337	1610.0
2338	1784.0
2339	1652.0
2340	1732.0
2341	1676.0
2342	1508.0
2343	1864.0
2344	1726.0
2345	1872.0
2346	1874.0
2347	1744.0
2348	2148.0
2349	2328.0
2350	2238.0
2351	1942.0
2352	2124.0
2353	2048.0
2354	2256.0
2355	2138.0
2356	1844.0
2357	2168.0
2358	2010.0
2359	1988.0
2360	1968.0
2361	1948.0
2362	1944.0
2363	1898.0
2364	1942.0
2365	1860.0
2366	1936.0
2367	1976.0
2368	2082.0
2369	2070.0
2370	1898.0
2371	2430.0
2372	2260.0
2373	2232.0
2374	2276.0
2375	2508.0
2376	2148.0
2377	2428.0
2378	2436.0
2379	2236.0
2380	2172.0
2381	2376.0
2382	2178.0
2383	2508.0
2384	2172.0
2385	2176.0
2386	2346.0
2387	2268.0
2388	2438.0
2389	2410.0
2390	2158.0
2391	2164.0
2392	2066.0
2393	2174.0
2394	2304.0
2395	2196.0
2396	2250.0
2397	2592.0
2398	2186.0
2399	2152.0
2400	2480.0
2401	2512.0
2402	2492.0
2403	2508.0
2404	2328.0
2405	2518.0
2406	2432.0
2407	2608.0
2408	2502.0
2409	2288.0
2410	2204.0
2411	2532.0
2412	2436.0
2413	2306.0
2414	2248.0
2415	2264.0
2416	2244.0
2417	2440.0
2418	2240.0
2419	2246.0
2420	2124.0
2421	2500.0
2422	2014.0
2423	2448.0
2424	2496.0
2425	2324.0
2426	2556.0
2427	2294.0
2428	2088.0
2429	2380.0
2430	2404.0
2431	2408.0
2432	2508.0
2433	2612.0
2434	2292.0
2435	2282.0
2436	2412.0
2437	2308.0
2438	2324.0
2439	2622.0
2440	2272.0
2441	2436.0
2442	2396.0
2443	2568.0
2444	2148.0
2445	2340.0
2446	2354.0
2447	2398.0
2448	2412.0
2449	2598.0
2450	2334.0
2451	2600.0
2452	2448.0
2453	2392.0
2454	2364.0
2455	2364.0
2456	2248.0
2457	2640.0
2458	2196.0
2459	2724.0
2460	2264.0
2461	2610.0
2462	2248.0
2463	2224.0
2464	2352.0
2465	2402.0
2466	2352.0
2467	2530.0
2468	2076.0
2469	2692.0
2470	2156.0
2471	2528.0
2472	2282.0
2473	2144.0
2474	2272.0
2475	2384.0
2476	2136.0
2477	2572.0
2478	2538.0
2479	2456.0
2480	2170.0
2481	2296.0
2482	2298.0
2483	2338.0
2484	2430.0
2485	2260.0
2486	2574.0
2487	2600.0
2488	2488.0
2489	2154.0
2490	2488.0
2491	2400.0
2492	2384.0
2493	2740.0
2494	2538.0
2495	2494.0
2496	2204.0
2497	2452.0
2498	2080.0
2499	2098.0
2500	2060.0
2501	2276.0
2502	2116.0
2503	2148.0
2504	2380.0
2505	2226.0
2506	2314.0
2507	2244.0
2508	2336.0
2509	2286.0
2510	2418.0
2511	2612.0
2512	2496.0
2513	2440.0
2514	2504.0
2515	2312.0
2516	2460.0
2517	2168.0
2518	2396.0
2519	2102.0
2520	2452.0
2521	2336.0
2522	2312.0
2523	2268.0
2524	2104.0
2525	2096.0
2526	1976.0
2527	1982.0
2528	1620.0
2529	1642.0
2530	2060.0
2531	2136.0
2532	1960.0
2533	2210.0
2534	2276.0
2535	2372.0
2536	2484.0
2537	2372.0
2538	2560.0
2539	2452.0
2540	2300.0
2541	2416.0
2542	2168.0
2543	2540.0
2544	2356.0
2545	2548.0
2546	2874.0
2547	2544.0
2548	2752.0
2549	2356.0
2550	2258.0
2551	2378.0
2552	2292.0
2553	2248.0
2554	2092.0
2555	2300.0
2556	2362.0
2557	2288.0
2558	2608.0
2559	2432.0
2560	2066.0
2561	2066.0
2562	2008.0
2563	2370.0
2564	2048.0
2565	2016.0
2566	2410.0
2567	2108.0
2568	2432.0
2569	2576.0
2570	2388.0
2571	2128.0
2572	2608.0
2573	2532.0
2574	2276.0
2575	2436.0
2576	2416.0
2577	2038.0
2578	2420.0
2579	2408.0
2580	2560.0
2581	1992.0
2582	1968.0
2583	1912.0
2584	1916.0
2585	1680.0
2586	1440.0
2587	1788.0
2588	1648.0
2589	1844.0
2590	2124.0
2591	2168.0
2592	1900.0
2593	2096.0
2594	2048.0
2595	2046.0
2596	2128.0
2597	2322.0
2598	2236.0
2599	2324.0
2600	2062.0
2601	2228.0
2602	2188.0
2603	2212.0
2604	2176.0
2605	2284.0
2606	2028.0
2607	2364.0
2608	2160.0
2609	1960.0
2610	1946.0
2611	2280.0
2612	1992.0
2613	2054.0
2614	1948.0
2615	2278.0
2616	2218.0
2617	2196.0
2618	2024.0
2619	2522.0
2620	2258.0
2621	2264.0
2622	2318.0
2623	2384.0
2624	2562.0
2625	2048.0
2626	2436.0
2627	2344.0
2628	2428.0
2629	2182.0
2630	2192.0
2631	2314.0
2632	2236.0
2633	2442.0
2634	2178.0
2635	2308.0
2636	2132.0
2637	1884.0
2638	2036.0
2639	1924.0
2640	1808.0
2641	2326.0
2642	2200.0
2643	2160.0
2644	2062.0
2645	2264.0
2646	2252.0
2647	2152.0
2648	2040.0
2649	2152.0
2650	2324.0
2651	2436.0
2652	2344.0
2653	2420.0
2654	2222.0
2655	2116.0
2656	2232.0
2657	2296.0
2658	2354.0
2659	2392.0
2660	2076.0
2661	2040.0
2662	2374.0
2663	2168.0
2664	2056.0
2665	2206.0
2666	2222.0
2667	2052.0
2668	2340.0
2669	2092.0
2670	2272.0
2671	2020.0
2672	2162.0
2673	2012.0
2674	2010.0
2675	2222.0
2676	2084.0
2677	2152.0
2678	2348.0
2679	2148.0
2680	2352.0
2681	2402.0
2682	2228.0
2683	2046.0
2684	2256.0
2685	2206.0
2686	1992.0
2687	2244.0
2688	1960.0
2689	2340.0
2690	2256.0
2691	1996.0
2692	1922.0
2693	1878.0
2694	2088.0
2695	1752.0
2696	1724.0
2697	1952.0
2698	1830.0
2699	1920.0
2700	1920.0
2701	1892.0
2702	1968.0
2703	2100.0
2704	2128.0
2705	2002.0
2706	1916.0
2707	2278.0
2708	2230.0
2709	1848.0
2710	1738.0
2711	2040.0
2712	2196.0
2713	2120.0
2714	1876.0
2715	2032.0
2716	2092.0
2717	1896.0
2718	1924.0
2719	1904.0
2720	2080.0
2721	1928.0
2722	1634.0
2723	1926.0
2724	1706.0
2725	1806.0
2726	1968.0
2727	1910.0
2728	1660.0
2729	1676.0
2730	1960.0
2731	1916.0
2732	1800.0
2733	2100.0
2734	1918.0
2735	1544.0
2736	1972.0
2737	1758.0
2738	1888.0
2739	1706.0
2740	2050.0
2741	1986.0
2742	1928.0
2743	2000.0
2744	2040.0
2745	1852.0
2746	1918.0
2747	1844.0
