0	1700.0
1	1688.0
2	1556.0
3	1638.0
4	1668.0
5	1648.0
6	1680.0
7	1648.0
8	1688.0
9	1708.0
10	1760.0
11	1572.0
12	1672.0
13	1728.0
14	1600.0
15	1560.0
16	1518.0
17	1716.0
18	1452.0
19	1844.0
20	1604.0
21	1784.0
22	1692.0
23	1612.0
24	1592.0
25	1326.0
26	1800.0
27	1600.0
28	1584.0
29	1592.0
30	1868.0
31	1600.0
32	1420.0
33	1404.0
34	1520.0
35	1584.0
36	1756.0
37	1900.0
38	1600.0
39	1688.0
40	1716.0
41	1560.0
42	1696.0
43	1572.0
44	1712.0
45	1452.0
46	1804.0
47	1588.0
48	1496.0
49	1696.0
50	1778.0
51	1608.0
52	1672.0
53	1604.0
54	1660.0
55	1604.0
56	1748.0
57	1572.0
58	1240.0
59	1740.0
60	1396.0
61	1544.0
62	1404.0
63	1188.0
64	1364.0
65	1340.0
66	1236.0
67	1176.0
68	1296.0
69	1412.0
70	1536.0
71	1620.0
72	1740.0
73	1600.0
74	1392.0
75	1624.0
76	1544.0
77	1536.0
78	1372.0
79	1508.0
80	1568.0
81	1620.0
82	1578.0
83	1308.0
84	1612.0
85	1720.0
86	1490.0
87	1648.0
88	1548.0
89	1728.0
90	1484.0
91	1692.0
92	1364.0
93	1460.0
94	1628.0
95	1628.0
96	1676.0
97	1556.0
98	1612.0
99	1760.0
100	1660.0
101	1448.0
102	1688.0
103	1584.0
104	1516.0
105	1780.0
106	1864.0
107	1818.0
108	1552.0
109	1496.0
110	1584.0
111	1536.0
112	1588.0
113	1504.0
114	1544.0
115	1624.0
116	1340.0
117	1620.0
118	1796.0
119	1338.0
120	1236.0
121	1816.0
122	1512.0
123	1656.0
124	1636.0
125	1572.0
126	1548.0
127	1588.0
128	1556.0
129	1792.0
130	1812.0
131	1796.0
132	1536.0
133	1440.0
134	1640.0
135	1504.0
136	1600.0
137	1668.0
138	1684.0
139	1740.0
140	1552.0
141	1348.0
142	1744.0
143	1680.0
144	1596.0
145	1572.0
146	1540.0
147	1568.0
148	1684.0
149	1508.0
150	1564.0
151	1660.0
152	1740.0
153	1544.0
154	1400.0
155	1572.0
156	1692.0
157	1808.0
158	1452.0
159	1560.0
160	1724.0
161	1624.0
162	1640.0
163	1560.0
164	1496.0
165	1940.0
166	1532.0
167	1632.0
168	1428.0
169	1588.0
170	1620.0
171	1544.0
172	1552.0
173	1644.0
174	1360.0
175	1356.0
176	1684.0
177	1440.0
178	1760.0
179	1736.0
180	1692.0
181	1612.0
182	1672.0
183	1556.0
184	1536.0
185	1444.0
186	1448.0
187	1760.0
188	1544.0
189	1568.0
190	1384.0
191	1584.0
192	1572.0
193	1612.0
194	1384.0
195	1700.0
196	1700.0
197	1472.0
198	1432.0
199	1420.0
200	1292.0
201	1364.0
202	1444.0
203	1476.0
204	1604.0
205	1380.0
206	1588.0
207	1528.0
208	1396.0
209	1648.0
210	1748.0
211	1444.0
212	1428.0
213	1400.0
214	1620.0
215	1708.0
216	1620.0
217	1476.0
218	1764.0
219	1468.0
220	1464.0
221	1816.0
222	1520.0
223	1592.0
224	1496.0
225	1444.0
226	1352.0
227	1428.0
228	1532.0
229	1396.0
230	1664.0
231	1464.0
232	1508.0
233	1720.0
234	1460.0
235	1620.0
236	1532.0
237	1488.0
238	1732.0
239	1484.0
240	1532.0
241	1712.0
242	1664.0
243	1764.0
244	1624.0
245	1596.0
246	1572.0
247	1700.0
248	1608.0
249	1648.0
250	1884.0
251	1612.0
252	1572.0
253	1620.0
254	1592.0
255	1468.0
256	1556.0
257	1580.0
258	1662.0
259	1628.0
260	1676.0
261	1452.0
262	1704.0
263	1616.0
264	1604.0
265	1428.0
266	1500.0
267	1392.0
268	1524.0
269	1716.0
270	1544.0
271	1656.0
272	1632.0
273	1684.0
274	1468.0
275	1644.0
276	1696.0
277	1448.0
278	1596.0
279	1560.0
280	1452.0
281	1462.0
282	1584.0
283	1684.0
284	1464.0
285	1452.0
286	1492.0
287	1560.0
288	1720.0
289	1664.0
290	1568.0
291	1624.0
292	1608.0
293	1588.0
294	1632.0
295	1446.0
296	1534.0
297	1756.0
298	1700.0
299	1580.0
300	1744.0
301	1376.0
302	1572.0
303	1792.0
304	1556.0
305	1588.0
306	1488.0
307	1624.0
308	1524.0
309	1566.0
310	1492.0
311	1590.0
312	1812.0
313	1516.0
314	1824.0
315	1608.0
316	1568.0
317	1548.0
318	1362.0
319	1548.0
320	1604.0
321	1426.0
322	1760.0
323	1568.0
324	1732.0
325	1636.0
326	1604.0
327	1900.0
328	1532.0
329	1564.0
330	1320.0
331	1594.0
332	1392.0
333	1544.0
334	1458.0
335	1592.0
336	1600.0
337	1492.0
338	1604.0
339	1544.0
340	1580.0
341	1612.0
342	1720.0
343	1592.0
344	1676.0
345	1560.0
346	1620.0
347	1572.0
348	1452.0
349	1712.0
350	1640.0
351	1480.0
352	1680.0
353	1640.0
354	1584.0
355	1686.0
356	1856.0
357	1648.0
358	1688.0
359	1592.0
360	1492.0
361	1824.0
362	1676.0
363	1576.0
364	1668.0
365	1640.0
366	1480.0
367	1600.0
368	1724.0
369	1840.0
370	1600.0
371	1308.0
372	1536.0
373	1516.0
374	1504.0
375	1736.0
376	1652.0
377	1656.0
378	1748.0
379	1480.0
380	1636.0
381	1524.0
382	1524.0
383	1540.0
384	1576.0
385	1684.0
386	1612.0
387	1684.0
388	1616.0
389	1576.0
390	1408.0
391	1480.0
392	1764.0
393	1576.0
394	1464.0
395	1612.0
396	1452.0
397	1342.0
398	1456.0
399	1628.0
400	1432.0
401	1296.0
402	1444.0
403	1368.0
404	1332.0
405	1356.0
406	1428.0
407	1256.0
408	1392.0
409	1436.0
410	1576.0
411	1524.0
412	1404.0
413	1428.0
414	1584.0
415	1460.0
416	1604.0
417	1560.0
418	1896.0
419	1432.0
420	1660.0
421	1816.0
422	1440.0
423	1532.0
424	1464.0
425	1528.0
426	1612.0
427	1450.0
428	1512.0
429	1296.0
430	1628.0
431	1648.0
432	1496.0
433	1396.0
434	1140.0
435	1512.0
436	1436.0
437	1280.0
438	1600.0
439	1636.0
440	1528.0
441	1336.0
442	1348.0
443	1424.0
444	1464.0
445	1660.0
446	1468.0
447	1428.0
448	1516.0
449	1546.0
450	1568.0
451	1408.0
452	1452.0
453	1332.0
454	1604.0
455	1684.0
456	1460.0
457	1668.0
458	1464.0
459	1620.0
460	1648.0
461	1624.0
462	1644.0
463	1520.0
464	1348.0
465	1300.0
466	1720.0
467	1552.0
468	1508.0
469	1592.0
470	1388.0
471	1800.0
472	1692.0
473	1680.0
474	1452.0
475	1300.0
476	1708.0
477	1560.0
478	1580.0
479	1768.0
480	1572.0
481	1504.0
482	1480.0
483	1492.0
484	1424.0
485	1572.0
486	1600.0
487	1524.0
488	1520.0
489	1536.0
490	1644.0
491	1380.0
492	1464.0
493	1508.0
494	1464.0
495	1456.0
496	1592.0
497	1408.0
498	1624.0
499	1500.0
500	1604.0
501	1372.0
502	1520.0
503	1548.0
504	1472.0
505	1564.0
506	1648.0
507	1540.0
508	1480.0
509	1392.0
510	1460.0
511	1728.0
512	1424.0
513	1520.0
514	1480.0
515	1860.0
516	1648.0
517	1644.0
518	1444.0
519	1606.0
520	1560.0
521	1492.0
522	1668.0
523	1556.0
524	1572.0
525	1704.0
526	1396.0
527	1732.0
528	1624.0
529	1632.0
530	1704.0
531	1452.0
532	1764.0
533	1712.0
534	1608.0
535	1720.0
536	1648.0
537	1588.0
538	1290.0
539	1676.0
540	1572.0
541	1332.0
542	1648.0
543	1512.0
544	1680.0
545	1370.0
546	1620.0
547	1484.0
548	1292.0
549	1372.0
550	1420.0
551	1292.0
552	1376.0
553	1120.0
554	1392.0
555	1146.0
556	1144.0
557	1388.0
558	1168.0
559	1480.0
560	1608.0
561	1472.0
562	1272.0
563	1520.0
564	1508.0
565	1556.0
566	1520.0
567	1576.0
568	1704.0
569	1616.0
570	1624.0
571	1768.0
572	1636.0
573	1812.0
574	1728.0
575	1636.0
576	1660.0
577	1584.0
578	1752.0
579	1664.0
580	1480.0
581	1668.0
582	1508.0
583	1592.0
584	1500.0
585	1680.0
586	1520.0
587	1544.0
588	1736.0
589	1704.0
590	1604.0
591	1568.0
592	1572.0
593	1632.0
594	1636.0
595	1628.0
596	1288.0
597	1588.0
598	1688.0
599	1620.0
600	1420.0
601	1712.0
602	1576.0
603	1632.0
604	1428.0
605	1628.0
606	1640.0
607	1380.0
608	1432.0
609	1568.0
610	1528.0
611	1416.0
612	1724.0
613	1488.0
614	1536.0
615	1676.0
616	1704.0
617	1548.0
618	1624.0
619	1640.0
620	1608.0
621	1896.0
622	1588.0
623	1536.0
624	1468.0
625	1628.0
626	1616.0
627	1744.0
628	1604.0
629	1512.0
630	1732.0
631	1732.0
632	1300.0
633	1764.0
634	1592.0
635	1250.0
636	1712.0
637	1568.0
638	1536.0
639	1492.0
640	1688.0
641	1452.0
642	1688.0
643	1688.0
644	1628.0
645	1400.0
646	1624.0
647	1472.0
648	1624.0
649	1500.0
650	1484.0
651	1320.0
652	1336.0
653	1388.0
654	1146.0
655	1148.0
656	1128.0
657	1260.0
658	1248.0
659	1200.0
660	1380.0
661	1552.0
662	1600.0
663	1370.0
664	1588.0
665	1648.0
666	1600.0
667	1380.0
668	1516.0
669	1532.0
670	1616.0
671	1436.0
672	1452.0
673	1676.0
674	1604.0
675	1672.0
676	1664.0
677	1708.0
678	1720.0
679	1702.0
680	1600.0
681	1464.0
682	1692.0
683	1572.0
684	1784.0
685	1596.0
686	1424.0
687	1640.0
688	1704.0
689	1624.0
690	1448.0
691	1466.0
692	1572.0
693	1592.0
694	1904.0
695	1708.0
696	1520.0
697	1764.0
698	1596.0
699	1624.0
700	1560.0
701	1416.0
702	1560.0
703	1604.0
704	1768.0
705	1668.0
706	1648.0
707	1576.0
708	1664.0
709	1816.0
710	1540.0
711	1564.0
712	1536.0
713	1628.0
714	1552.0
715	1428.0
716	1384.0
717	1792.0
718	1716.0
719	1580.0
720	1640.0
721	1510.0
722	1548.0
723	1588.0
724	1676.0
725	1544.0
726	1360.0
727	1504.0
728	1448.0
729	1524.0
730	1516.0
731	1594.0
732	1586.0
733	1512.0
734	1140.0
735	1380.0
736	1228.0
737	1200.0
738	1436.0
739	1424.0
740	1692.0
741	1464.0
742	1480.0
743	1620.0
744	1444.0
745	1580.0
746	1640.0
747	1572.0
748	1344.0
749	1396.0
750	1604.0
751	1240.0
752	1484.0
753	1576.0
754	1472.0
755	1600.0
756	1460.0
757	1576.0
758	1516.0
759	1452.0
760	1720.0
761	1584.0
762	1368.0
763	1444.0
764	1576.0
765	1512.0
766	1352.0
767	1836.0
768	1620.0
769	1404.0
770	1454.0
771	1744.0
772	1476.0
773	1604.0
774	1508.0
775	1584.0
776	1460.0
777	1692.0
778	1438.0
779	1488.0
780	1696.0
781	1956.0
782	1552.0
783	1764.0
784	1356.0
785	1542.0
786	1488.0
787	1556.0
788	1696.0
789	1482.0
790	1584.0
791	1608.0
792	1512.0
793	1474.0
794	1668.0
795	1412.0
796	1736.0
797	1552.0
798	1628.0
799	1444.0
800	1328.0
801	1536.0
802	1272.0
803	1256.0
804	1088.0
805	1220.0
806	1348.0
807	1128.0
808	1380.0
809	1504.0
810	1448.0
811	1600.0
812	1532.0
813	1460.0
814	1320.0
815	1460.0
816	1396.0
817	1564.0
818	1584.0
819	1520.0
820	1412.0
821	1588.0
822	1572.0
823	1584.0
824	1496.0
825	1562.0
826	1588.0
827	1484.0
828	1452.0
829	1432.0
830	1784.0
831	1616.0
832	1388.0
833	1578.0
834	1568.0
835	1556.0
836	1760.0
837	1476.0
838	1432.0
839	1620.0
840	1668.0
841	1604.0
842	1352.0
843	1492.0
844	1444.0
845	1708.0
846	1364.0
847	1784.0
848	1610.0
849	1512.0
850	1620.0
851	1476.0
852	1732.0
853	1788.0
854	1720.0
855	1688.0
856	1596.0
857	1380.0
858	1392.0
859	1536.0
860	1558.0
861	1392.0
862	1608.0
863	1428.0
864	1504.0
865	1456.0
866	1504.0
867	1560.0
868	1528.0
869	1776.0
870	1544.0
871	1536.0
872	1480.0
873	1508.0
874	1562.0
875	1640.0
876	1552.0
877	1364.0
878	1468.0
879	1552.0
880	1764.0
881	1628.0
882	1660.0
883	1560.0
884	1544.0
885	1536.0
886	1384.0
887	1412.0
888	1582.0
889	1396.0
890	1580.0
891	1444.0
892	1316.0
893	1540.0
894	1504.0
895	1180.0
896	1432.0
897	1560.0
898	1356.0
899	1320.0
900	1660.0
901	1440.0
902	1468.0
903	1688.0
904	1512.0
905	1496.0
906	1440.0
907	1504.0
908	1740.0
909	1244.0
910	1628.0
911	1520.0
912	1562.0
913	1520.0
914	1528.0
915	1600.0
916	1624.0
917	1684.0
918	1552.0
919	1446.0
920	1332.0
921	1362.0
922	1644.0
923	1388.0
924	1608.0
925	1512.0
926	1652.0
927	1484.0
928	1832.0
929	1518.0
930	1636.0
931	1672.0
932	1552.0
933	1636.0
934	1624.0
935	1336.0
936	1440.0
937	1392.0
938	1244.0
939	1512.0
940	1568.0
941	1528.0
942	1304.0
943	1312.0
944	1512.0
945	1524.0
946	1528.0
947	1564.0
948	1544.0
949	1496.0
950	1288.0
951	1684.0
952	1504.0
953	1692.0
954	1314.0
955	1336.0
956	1384.0
957	1560.0
958	1836.0
959	1644.0
960	1552.0
961	1516.0
962	1656.0
963	1660.0
964	1508.0
965	1492.0
966	1424.0
967	1704.0
968	1448.0
969	1668.0
970	1556.0
971	1528.0
972	1656.0
973	1412.0
974	1318.0
975	1304.0
976	1564.0
977	1612.0
978	1328.0
979	1548.0
980	1672.0
981	1400.0
982	1740.0
983	1556.0
984	1460.0
985	1624.0
986	1576.0
987	1524.0
988	1444.0
989	1524.0
990	1400.0
991	1492.0
992	1492.0
993	1678.0
994	1500.0
995	1500.0
996	1600.0
997	1684.0
998	1252.0
999	1292.0
1000	1408.0
1001	1476.0
1002	1468.0
1003	1404.0
1004	1624.0
1005	1488.0
1006	1552.0
1007	1320.0
1008	1552.0
1009	1616.0
1010	1616.0
1011	1392.0
1012	1340.0
1013	1532.0
1014	1760.0
1015	1548.0
1016	1596.0
1017	1680.0
1018	1632.0
1019	1614.0
1020	1600.0
1021	1808.0
1022	1440.0
1023	1528.0
1024	1796.0
1025	1596.0
1026	1376.0
1027	1748.0
1028	1516.0
1029	1580.0
1030	1568.0
1031	1592.0
1032	1592.0
1033	1728.0
1034	1480.0
1035	1692.0
1036	1500.0
1037	1600.0
1038	1568.0
1039	1560.0
1040	1756.0
1041	1448.0
1042	1784.0
1043	1616.0
1044	1484.0
1045	1588.0
1046	1628.0
1047	1676.0
1048	1616.0
1049	1676.0
1050	1604.0
1051	1676.0
1052	1716.0
1053	1440.0
1054	1724.0
1055	1352.0
1056	1488.0
1057	1660.0
1058	1708.0
1059	1668.0
1060	1440.0
1061	1616.0
1062	1348.0
1063	1748.0
1064	1484.0
1065	1724.0
1066	1672.0
1067	1388.0
1068	1776.0
1069	1808.0
1070	1532.0
1071	1556.0
1072	1456.0
1073	1552.0
1074	1650.0
1075	1776.0
1076	1736.0
1077	1576.0
1078	1540.0
1079	1576.0
1080	1696.0
1081	1468.0
1082	1604.0
1083	1580.0
1084	1584.0
1085	1748.0
1086	1316.0
1087	1712.0
1088	1628.0
1089	1700.0
1090	1716.0
1091	1420.0
1092	1504.0
1093	1280.0
1094	1404.0
1095	1612.0
1096	1280.0
1097	1492.0
1098	1384.0
1099	1304.0
1100	1640.0
1101	1484.0
1102	1628.0
1103	1796.0
1104	1728.0
1105	1604.0
1106	1584.0
1107	1392.0
1108	1684.0
1109	1632.0
1110	1652.0
1111	1684.0
1112	1552.0
1113	1466.0
1114	1764.0
1115	1564.0
1116	1536.0
1117	1800.0
1118	1528.0
1119	1716.0
1120	1664.0
1121	1492.0
1122	1448.0
1123	1528.0
1124	1560.0
1125	1524.0
1126	1640.0
1127	1788.0
1128	1496.0
1129	1464.0
1130	1552.0
1131	1592.0
1132	1504.0
1133	1580.0
1134	1420.0
1135	1728.0
1136	1600.0
1137	1480.0
1138	1548.0
1139	1892.0
1140	1572.0
1141	1456.0
1142	1632.0
1143	1412.0
1144	1348.0
1145	1296.0
1146	1580.0
1147	1720.0
1148	1512.0
1149	1428.0
1150	1500.0
1151	1704.0
1152	1502.0
1153	1780.0
1154	1608.0
1155	1432.0
1156	1572.0
1157	1444.0
1158	1484.0
1159	1596.0
1160	1520.0
1161	1508.0
1162	1540.0
1163	1488.0
1164	1780.0
1165	1564.0
1166	1732.0
1167	1620.0
1168	1536.0
1169	1440.0
1170	1692.0
1171	1604.0
1172	1520.0
1173	1576.0
1174	1520.0
1175	1544.0
1176	1584.0
1177	1588.0
1178	1572.0
1179	1406.0
1180	1580.0
1181	1536.0
1182	1552.0
1183	1380.0
1184	1860.0
1185	1464.0
1186	1376.0
1187	1616.0
1188	1688.0
1189	1552.0
1190	1396.0
1191	1712.0
1192	1456.0
1193	1292.0
1194	1452.0
1195	1272.0
1196	1764.0
1197	1292.0
1198	1552.0
1199	1672.0
1200	1424.0
1201	1524.0
1202	1832.0
1203	1660.0
1204	1476.0
1205	1372.0
1206	1552.0
1207	1460.0
1208	1320.0
1209	1488.0
1210	1696.0
1211	1484.0
1212	1592.0
1213	1180.0
1214	1520.0
1215	1420.0
1216	1352.0
1217	1640.0
1218	1644.0
1219	1480.0
1220	1704.0
1221	1628.0
1222	1616.0
1223	1852.0
1224	1720.0
1225	1660.0
1226	1436.0
1227	1420.0
1228	1410.0
1229	1472.0
1230	1516.0
1231	1640.0
1232	1588.0
1233	1476.0
1234	1420.0
1235	1744.0
1236	1636.0
1237	1496.0
1238	1568.0
1239	1752.0
1240	1652.0
1241	1684.0
1242	1500.0
1243	1296.0
1244	1396.0
1245	1368.0
1246	1268.0
1247	1336.0
1248	1508.0
1249	1476.0
1250	1264.0
1251	1160.0
1252	1468.0
1253	1676.0
1254	1840.0
1255	1580.0
1256	1352.0
1257	1656.0
1258	1404.0
1259	1576.0
1260	1420.0
1261	1408.0
1262	1636.0
1263	1380.0
1264	1528.0
1265	1552.0
1266	1904.0
1267	1490.0
1268	1632.0
1269	1728.0
1270	1372.0
1271	1516.0
1272	1612.0
1273	1680.0
1274	1620.0
1275	1592.0
1276	1460.0
1277	1542.0
1278	1664.0
1279	1472.0
1280	1652.0
1281	1420.0
1282	1612.0
1283	1540.0
1284	1612.0
1285	1520.0
1286	1736.0
1287	1680.0
1288	1668.0
1289	1620.0
1290	1640.0
1291	1532.0
1292	1648.0
1293	1644.0
1294	1600.0
1295	1744.0
1296	1314.0
1297	1536.0
1298	1568.0
1299	1696.0
1300	1538.0
1301	1556.0
1302	1494.0
1303	1664.0
1304	1296.0
1305	1612.0
1306	1408.0
1307	1516.0
1308	1744.0
1309	1396.0
1310	1432.0
1311	1338.0
1312	1420.0
1313	1460.0
1314	1498.0
1315	1420.0
1316	1424.0
1317	1444.0
1318	1448.0
1319	1284.0
1320	1744.0
1321	1684.0
1322	1536.0
1323	1484.0
1324	1330.0
1325	1604.0
1326	1368.0
1327	1576.0
1328	1358.0
1329	1436.0
1330	1392.0
1331	1360.0
1332	1496.0
1333	1624.0
1334	1276.0
1335	1552.0
1336	1312.0
1337	1460.0
1338	1636.0
1339	1500.0
1340	1272.0
1341	1300.0
1342	1640.0
1343	1688.0
1344	1530.0
1345	1524.0
1346	1520.0
1347	1652.0
1348	1680.0
1349	1504.0
1350	1420.0
1351	1620.0
1352	1740.0
1353	1768.0
1354	1648.0
1355	1748.0
1356	1520.0
1357	1652.0
1358	1386.0
1359	1420.0
1360	1472.0
1361	1460.0
1362	1436.0
1363	1420.0
1364	1460.0
1365	1556.0
1366	1456.0
1367	1460.0
1368	1480.0
1369	1548.0
1370	1620.0
1371	1290.0
1372	1588.0
1373	1912.0
1374	1712.0
1375	1644.0
1376	1464.0
1377	1556.0
1378	1440.0
1379	1672.0
1380	1632.0
1381	1616.0
1382	1392.0
1383	1508.0
1384	1520.0
1385	1488.0
1386	1544.0
1387	1460.0
1388	1500.0
1389	1242.0
1390	1664.0
1391	1464.0
1392	1432.0
1393	1536.0
1394	1396.0
1395	1524.0
1396	1604.0
1397	1532.0
1398	1680.0
1399	1604.0
1400	1476.0
1401	1440.0
1402	1644.0
1403	1360.0
1404	1504.0
1405	1132.0
1406	1436.0
1407	1268.0
1408	1536.0
1409	1404.0
1410	1420.0
1411	1508.0
1412	1396.0
1413	1436.0
1414	1464.0
1415	1516.0
1416	1488.0
1417	1432.0
1418	1460.0
1419	1416.0
1420	1732.0
1421	1452.0
1422	1416.0
1423	1760.0
1424	1548.0
1425	1308.0
1426	1480.0
1427	1480.0
1428	1508.0
1429	1604.0
1430	1728.0
1431	1620.0
1432	1396.0
1433	1564.0
1434	1664.0
1435	1404.0
1436	1776.0
1437	1600.0
1438	1856.0
1439	1766.0
1440	1472.0
1441	1392.0
1442	1548.0
1443	1288.0
1444	1392.0
1445	1276.0
1446	1332.0
1447	1060.0
1448	1424.0
1449	1156.0
1450	1500.0
1451	1512.0
1452	1416.0
1453	1588.0
1454	1332.0
1455	1532.0
1456	1600.0
1457	1220.0
1458	1528.0
1459	1776.0
1460	1476.0
1461	1622.0
1462	1564.0
1463	1420.0
1464	1312.0
1465	1420.0
1466	1392.0
1467	1516.0
1468	1480.0
1469	1608.0
1470	1464.0
1471	1524.0
1472	1612.0
1473	1428.0
1474	1416.0
1475	1524.0
1476	1696.0
1477	1528.0
1478	1572.0
1479	1384.0
1480	1464.0
1481	1740.0
1482	1476.0
1483	1616.0
1484	1608.0
1485	1592.0
1486	1272.0
1487	1592.0
1488	1488.0
1489	1432.0
1490	1324.0
1491	1536.0
1492	1564.0
1493	1354.0
1494	1420.0
1495	1708.0
1496	1808.0
1497	1692.0
1498	1290.0
1499	1664.0
1500	1832.0
1501	1632.0
1502	1632.0
1503	1432.0
1504	1508.0
1505	1508.0
1506	1624.0
1507	1492.0
1508	1560.0
1509	1460.0
1510	1400.0
1511	1760.0
1512	1384.0
1513	1500.0
1514	1572.0
1515	1368.0
1516	1472.0
1517	1420.0
1518	1664.0
1519	1356.0
1520	1564.0
1521	1506.0
1522	1440.0
1523	1524.0
1524	1708.0
1525	1668.0
1526	1396.0
1527	1756.0
1528	1458.0
1529	1424.0
1530	1350.0
1531	1596.0
1532	1524.0
1533	1672.0
1534	1636.0
1535	1636.0
1536	1424.0
1537	1590.0
1538	1636.0
1539	1604.0
1540	1412.0
1541	1628.0
1542	1628.0
1543	1308.0
1544	1540.0
1545	1320.0
1546	1524.0
1547	1596.0
1548	1404.0
1549	1472.0
1550	1432.0
1551	1288.0
1552	1640.0
1553	1592.0
1554	1628.0
1555	1544.0
1556	1480.0
1557	1292.0
1558	1336.0
1559	1560.0
1560	1400.0
1561	1588.0
1562	1292.0
1563	1392.0
1564	1196.0
1565	1452.0
1566	1520.0
1567	1392.0
1568	1484.0
1569	1436.0
1570	1460.0
1571	1596.0
1572	1348.0
1573	1320.0
1574	1484.0
1575	1492.0
1576	1444.0
1577	1596.0
1578	1596.0
1579	1856.0
1580	1584.0
1581	1504.0
1582	1460.0
1583	1472.0
1584	1544.0
1585	1392.0
1586	1500.0
1587	1284.0
1588	1468.0
1589	1400.0
1590	1502.0
1591	1512.0
1592	1464.0
1593	1640.0
1594	1528.0
1595	1550.0
1596	1604.0
1597	1396.0
1598	1688.0
1599	1268.0
1600	1336.0
1601	1564.0
1602	1424.0
1603	1532.0
1604	1456.0
1605	1588.0
1606	1040.0
1607	1412.0
1608	1452.0
1609	1412.0
1610	1564.0
1611	1524.0
1612	1628.0
1613	1728.0
1614	1528.0
1615	1284.0
1616	1492.0
1617	1656.0
1618	1556.0
1619	1624.0
1620	1384.0
1621	1372.0
1622	1500.0
1623	1576.0
1624	1180.0
1625	1320.0
1626	1464.0
1627	1648.0
1628	1292.0
1629	1372.0
1630	1452.0
1631	1404.0
1632	1496.0
1633	1444.0
1634	1580.0
1635	1428.0
1636	1628.0
1637	1428.0
1638	1072.0
1639	1788.0
1640	1448.0
1641	1548.0
1642	1604.0
1643	1408.0
1644	1536.0
1645	1516.0
1646	1356.0
1647	1428.0
1648	1588.0
1649	1608.0
1650	1448.0
1651	1560.0
1652	1502.0
1653	1480.0
1654	1568.0
1655	1454.0
1656	1496.0
1657	1272.0
1658	1674.0
1659	1512.0
1660	1600.0
1661	1648.0
1662	1444.0
1663	1552.0
1664	1542.0
1665	1492.0
1666	1352.0
1667	1252.0
1668	1792.0
1669	1480.0
1670	1476.0
1671	1316.0
1672	1620.0
1673	1356.0
1674	1476.0
1675	1564.0
1676	1352.0
1677	1460.0
1678	1496.0
1679	1348.0
1680	1256.0
1681	1592.0
1682	1724.0
1683	1312.0
1684	1416.0
1685	1368.0
1686	1524.0
1687	1736.0
1688	1412.0
1689	1416.0
1690	1484.0
1691	1492.0
1692	1352.0
1693	1332.0
1694	1548.0
1695	1440.0
1696	1384.0
1697	1588.0
1698	1488.0
1699	1356.0
1700	1500.0
1701	1608.0
1702	1556.0
1703	1684.0
1704	1692.0
1705	1532.0
1706	1668.0
1707	1700.0
1708	1748.0
1709	1566.0
1710	1488.0
1711	1448.0
1712	1476.0
1713	1296.0
1714	1752.0
1715	1716.0
1716	1528.0
1717	1600.0
1718	1428.0
1719	1554.0
1720	1452.0
1721	1488.0
1722	1588.0
1723	1564.0
1724	1592.0
1725	1508.0
1726	1464.0
1727	1412.0
1728	1624.0
1729	1692.0
1730	1496.0
1731	1480.0
1732	1304.0
1733	1516.0
1734	1292.0
1735	1522.0
1736	1432.0
1737	1208.0
1738	1468.0
1739	1656.0
1740	1452.0
1741	1436.0
1742	1772.0
1743	1504.0
1744	1276.0
1745	1448.0
1746	1480.0
1747	1448.0
1748	1422.0
1749	1504.0
1750	1312.0
1751	1404.0
1752	1660.0
1753	1576.0
1754	1436.0
1755	1436.0
1756	1552.0
1757	1332.0
1758	1452.0
1759	1504.0
1760	1414.0
1761	1464.0
1762	1448.0
1763	1524.0
1764	1508.0
1765	1330.0
1766	1472.0
1767	1516.0
1768	1428.0
1769	1244.0
1770	1436.0
1771	1468.0
1772	1368.0
1773	1572.0
1774	1692.0
1775	1488.0
1776	1668.0
1777	1376.0
1778	1420.0
1779	1460.0
1780	1508.0
1781	1328.0
1782	1272.0
1783	1496.0
1784	1396.0
1785	1556.0
1786	1292.0
1787	1496.0
1788	1396.0
1789	1580.0
1790	1356.0
1791	1384.0
1792	1272.0
1793	1328.0
1794	1342.0
1795	1244.0
1796	1272.0
1797	1602.0
1798	1340.0
1799	1456.0
1800	1460.0
1801	1542.0
1802	1416.0
1803	1652.0
1804	1580.0
1805	1348.0
1806	1476.0
1807	1716.0
1808	1388.0
1809	1384.0
1810	1380.0
1811	1520.0
1812	1318.0
1813	1592.0
1814	1228.0
1815	1448.0
1816	1360.0
1817	1688.0
1818	1396.0
1819	1400.0
1820	1396.0
1821	1256.0
1822	1380.0
1823	1308.0
1824	1364.0
1825	1380.0
1826	1644.0
1827	1796.0
1828	1244.0
1829	1238.0
1830	1400.0
1831	1508.0
1832	1528.0
1833	1200.0
1834	1662.0
1835	1452.0
1836	1412.0
1837	1392.0
1838	1646.0
1839	1248.0
1840	1400.0
1841	1584.0
1842	1552.0
1843	1372.0
1844	1332.0
1845	1228.0
1846	1616.0
1847	1418.0
1848	1488.0
1849	1542.0
1850	1400.0
1851	1336.0
1852	1608.0
1853	1388.0
1854	1500.0
1855	1484.0
1856	1744.0
1857	1400.0
1858	1256.0
1859	1488.0
1860	1332.0
1861	1220.0
1862	1576.0
1863	1404.0
1864	1144.0
1865	1192.0
1866	1548.0
1867	1664.0
1868	1260.0
1869	1288.0
1870	1368.0
1871	1732.0
1872	1604.0
1873	1392.0
1874	1600.0
1875	1496.0
1876	1366.0
1877	1322.0
1878	1464.0
1879	1634.0
1880	1440.0
1881	1364.0
1882	1268.0
1883	1556.0
1884	1576.0
1885	1024.0
1886	1352.0
1887	1500.0
1888	1496.0
1889	1380.0
1890	1516.0
1891	1416.0
1892	1372.0
1893	1476.0
1894	1596.0
1895	1368.0
1896	1424.0
1897	1468.0
1898	1332.0
1899	1672.0
1900	1372.0
1901	1196.0
1902	1244.0
1903	1444.0
1904	1502.0
1905	1424.0
1906	1500.0
1907	1664.0
1908	1532.0
1909	1464.0
1910	1456.0
1911	1480.0
1912	1364.0
1913	1304.0
1914	1470.0
1915	1512.0
1916	1544.0
1917	1508.0
1918	1560.0
1919	1360.0
1920	1464.0
1921	1468.0
1922	1244.0
1923	1364.0
1924	1408.0
1925	1336.0
1926	1460.0
1927	1448.0
1928	1448.0
1929	1164.0
1930	1316.0
1931	1424.0
1932	1584.0
1933	1508.0
1934	1464.0
1935	1304.0
1936	1348.0
1937	1180.0
1938	1328.0
1939	1336.0
1940	1450.0
1941	1564.0
1942	1316.0
1943	1404.0
1944	1596.0
1945	1516.0
1946	1388.0
1947	1248.0
1948	1292.0
1949	1600.0
1950	1452.0
1951	1540.0
1952	1464.0
1953	1486.0
1954	1508.0
1955	1440.0
1956	1420.0
1957	1592.0
1958	1234.0
1959	1492.0
1960	1600.0
1961	1624.0
1962	1464.0
1963	1300.0
1964	1544.0
1965	1376.0
1966	1360.0
1967	1428.0
1968	1576.0
1969	1456.0
1970	1628.0
1971	1476.0
1972	1548.0
1973	1480.0
1974	1210.0
1975	1280.0
1976	1372.0
1977	1312.0
1978	1284.0
1979	1552.0
1980	1588.0
1981	1484.0
1982	1420.0
1983	1672.0
1984	1348.0
1985	1448.0
1986	1648.0
1987	1270.0
1988	1272.0
1989	1476.0
1990	1352.0
1991	1464.0
1992	1312.0
1993	1288.0
1994	1514.0
1995	1190.0
1996	1468.0
1997	1392.0
1998	1360.0
1999	1256.0
2000	1404.0
2001	1400.0
2002	1492.0
2003	1548.0
2004	1508.0
2005	1268.0
2006	1324.0
2007	1552.0
2008	1516.0
2009	1306.0
2010	1300.0
2011	1532.0
2012	1248.0
2013	1468.0
2014	1424.0
2015	1460.0
2016	1652.0
2017	1396.0
2018	1482.0
2019	1324.0
2020	1420.0
2021	1388.0
2022	1324.0
2023	1512.0
2024	1420.0
2025	1338.0
2026	1532.0
2027	1368.0
2028	1220.0
2029	1326.0
2030	1340.0
2031	1212.0
2032	1466.0
2033	1388.0
2034	1300.0
2035	1224.0
2036	1428.0
2037	1288.0
2038	1496.0
2039	1324.0
2040	1472.0
2041	1632.0
2042	1140.0
2043	1392.0
2044	1152.0
2045	1296.0
2046	1308.0
2047	1320.0
2048	1480.0
2049	1260.0
2050	1504.0
2051	1256.0
2052	1448.0
2053	1216.0
2054	1460.0
2055	1416.0
2056	1302.0
2057	1420.0
2058	1444.0
2059	1548.0
2060	1400.0
2061	1608.0
2062	1560.0
2063	1328.0
2064	1278.0
2065	1324.0
2066	1352.0
2067	1616.0
2068	1332.0
2069	1512.0
2070	1544.0
2071	1292.0
2072	1604.0
2073	1412.0
2074	1600.0
2075	1428.0
2076	1252.0
2077	1436.0
2078	1488.0
2079	1342.0
2080	1320.0
2081	1572.0
2082	1412.0
2083	1572.0
2084	1428.0
2085	1708.0
2086	1488.0
2087	1448.0
2088	1568.0
2089	1564.0
2090	1568.0
2091	1326.0
2092	1220.0
2093	1408.0
2094	1476.0
2095	1480.0
2096	1496.0
2097	1540.0
2098	1436.0
2099	1294.0
2100	1380.0
2101	1474.0
2102	1368.0
2103	1568.0
2104	1528.0
2105	1436.0
2106	1352.0
2107	1488.0
2108	1420.0
2109	1564.0
2110	1452.0
2111	1292.0
2112	1536.0
2113	1736.0
2114	1444.0
2115	1330.0
2116	1304.0
2117	1468.0
2118	1252.0
2119	1320.0
2120	1572.0
2121	1776.0
2122	1480.0
2123	1580.0
2124	1304.0
2125	1240.0
2126	1612.0
2127	1488.0
2128	1248.0
2129	1396.0
2130	1472.0
2131	1368.0
2132	1536.0
2133	1568.0
2134	1648.0
2135	1432.0
2136	1476.0
2137	1428.0
2138	1400.0
2139	1456.0
2140	1236.0
2141	1528.0
2142	1360.0
2143	1412.0
2144	1440.0
2145	1692.0
2146	1396.0
2147	1444.0
2148	1400.0
2149	1308.0
2150	1268.0
2151	1492.0
2152	1428.0
2153	1460.0
2154	1728.0
2155	1400.0
2156	1420.0
2157	1348.0
2158	1202.0
2159	1268.0
2160	1496.0
2161	1640.0
2162	1352.0
2163	1194.0
2164	1572.0
2165	1376.0
2166	1436.0
2167	1584.0
2168	1368.0
2169	1196.0
2170	1304.0
2171	1704.0
2172	1372.0
2173	1572.0
2174	1680.0
2175	1604.0
2176	1372.0
2177	1496.0
2178	1424.0
2179	1358.0
2180	1420.0
2181	1468.0
2182	1440.0
2183	1416.0
2184	1622.0
2185	1248.0
2186	1464.0
2187	1716.0
2188	1208.0
2189	1672.0
2190	1292.0
2191	1226.0
2192	1592.0
2193	1412.0
2194	1312.0
2195	1368.0
2196	1536.0
2197	1392.0
2198	1432.0
2199	1368.0
2200	1586.0
2201	1408.0
2202	1686.0
2203	1520.0
2204	1416.0
2205	1392.0
2206	1556.0
2207	1304.0
2208	1636.0
2209	1576.0
2210	1612.0
2211	1508.0
2212	1450.0
2213	1864.0
2214	1544.0
2215	1278.0
2216	1520.0
2217	1560.0
2218	1380.0
2219	1468.0
2220	1264.0
2221	1440.0
2222	1472.0
2223	1484.0
2224	1664.0
2225	1452.0
2226	1336.0
2227	1536.0
2228	1416.0
2229	1232.0
2230	1456.0
2231	1308.0
2232	1512.0
2233	1378.0
2234	1528.0
2235	1668.0
2236	1528.0
2237	1336.0
2238	1420.0
2239	1596.0
2240	1460.0
2241	1360.0
2242	1496.0
2243	1252.0
2244	1308.0
2245	1292.0
2246	1336.0
2247	1332.0
2248	1520.0
2249	1408.0
2250	1636.0
2251	1404.0
2252	1344.0
2253	1292.0
2254	1372.0
2255	1592.0
2256	1240.0
2257	1204.0
2258	1410.0
2259	1380.0
2260	1372.0
2261	1384.0
2262	1300.0
2263	1232.0
2264	1504.0
2265	1402.0
2266	1452.0
2267	1252.0
2268	1368.0
2269	1648.0
2270	1520.0
2271	1340.0
2272	1492.0
2273	1512.0
2274	1484.0
2275	1452.0
2276	1692.0
2277	1704.0
2278	1548.0
2279	1360.0
2280	1426.0
2281	1412.0
2282	1628.0
2283	1572.0
2284	1544.0
2285	1676.0
2286	1576.0
2287	1564.0
2288	1588.0
2289	1708.0
2290	1460.0
2291	1336.0
2292	1544.0
2293	1540.0
2294	1492.0
2295	1608.0
2296	1620.0
2297	1664.0
2298	1464.0
2299	1628.0
2300	1624.0
2301	1644.0
2302	1368.0
2303	1676.0
2304	1386.0
2305	1528.0
2306	1538.0
2307	1656.0
2308	1384.0
2309	1808.0
2310	1340.0
2311	1244.0
2312	1552.0
2313	1784.0
2314	1800.0
2315	1288.0
2316	1348.0
2317	1664.0
2318	1452.0
2319	1488.0
2320	1676.0
2321	1632.0
2322	1680.0
2323	1568.0
2324	1506.0
2325	1588.0
2326	1386.0
2327	1604.0
2328	1652.0
2329	1508.0
2330	1508.0
2331	1608.0
2332	1624.0
2333	1656.0
2334	1712.0
2335	1740.0
2336	1608.0
2337	1632.0
2338	1448.0
2339	1404.0
2340	1716.0
2341	1372.0
2342	1464.0
2343	1668.0
2344	1500.0
2345	1320.0
2346	1680.0
2347	1768.0
2348	1736.0
2349	1824.0
2350	1792.0
2351	1796.0
2352	1340.0
2353	1596.0
2354	1280.0
2355	1804.0
2356	1424.0
2357	1720.0
2358	1720.0
2359	1320.0
2360	1664.0
2361	1592.0
2362	1636.0
2363	1532.0
2364	1724.0
2365	1506.0
2366	1576.0
2367	1864.0
2368	1724.0
2369	1864.0
2370	1516.0
2371	1412.0
2372	1616.0
2373	1692.0
2374	1480.0
2375	1572.0
2376	1764.0
2377	1560.0
2378	1780.0
2379	1680.0
2380	1464.0
2381	1536.0
2382	1516.0
2383	1552.0
2384	1732.0
2385	1492.0
2386	1580.0
2387	1444.0
2388	1540.0
2389	1680.0
2390	1428.0
2391	1806.0
2392	1512.0
2393	1328.0
2394	1392.0
2395	1604.0
2396	1876.0
2397	1552.0
2398	1724.0
2399	1488.0
2400	1560.0
2401	1584.0
2402	1792.0
2403	1672.0
2404	1728.0
2405	1610.0
2406	1480.0
2407	1700.0
2408	1504.0
2409	1492.0
2410	1760.0
2411	1736.0
2412	1560.0
2413	1720.0
2414	1456.0
2415	1748.0
2416	1540.0
2417	1508.0
2418	1488.0
2419	1246.0
2420	1684.0
2421	1704.0
2422	1628.0
2423	1676.0
2424	1516.0
2425	1566.0
2426	1488.0
2427	1452.0
2428	1660.0
2429	1556.0
2430	1660.0
2431	1476.0
2432	1464.0
2433	1580.0
2434	1444.0
2435	1330.0
2436	1334.0
2437	1640.0
2438	1464.0
2439	1792.0
2440	1292.0
2441	1632.0
2442	1450.0
2443	1628.0
2444	1624.0
2445	1624.0
2446	1502.0
2447	1568.0
2448	1332.0
2449	1596.0
2450	1800.0
2451	1844.0
2452	1508.0
2453	1588.0
2454	1620.0
2455	1448.0
2456	1404.0
2457	1688.0
2458	1544.0
2459	1480.0
2460	1634.0
2461	1520.0
2462	1984.0
2463	1320.0
2464	1616.0
2465	1778.0
2466	1720.0
2467	1788.0
2468	1528.0
2469	1784.0
2470	1716.0
2471	1640.0
2472	1164.0
2473	1600.0
2474	1672.0
2475	1540.0
2476	1744.0
2477	1736.0
2478	1848.0
2479	1460.0
2480	1616.0
2481	1716.0
2482	1544.0
2483	1784.0
2484	1748.0
2485	1712.0
2486	1812.0
2487	1936.0
2488	1708.0
2489	1584.0
2490	1808.0
2491	1708.0
2492	1628.0
2493	1548.0
2494	1568.0
2495	1656.0
2496	1676.0
2497	1628.0
2498	1672.0
2499	1540.0
2500	1592.0
2501	1616.0
2502	1888.0
2503	1616.0
2504	1572.0
2505	2104.0
2506	1460.0
2507	1512.0
2508	1484.0
2509	1552.0
2510	1736.0
2511	1816.0
2512	1324.0
2513	1864.0
2514	1532.0
2515	1740.0
2516	1752.0
2517	1628.0
2518	1484.0
2519	1736.0
2520	1700.0
2521	1692.0
2522	1556.0
2523	1884.0
2524	2028.0
2525	1908.0
2526	1596.0
2527	1724.0
2528	1724.0
2529	1944.0
2530	1588.0
2531	1720.0
2532	1592.0
2533	1660.0
2534	1804.0
2535	1604.0
2536	1820.0
2537	1684.0
2538	1616.0
2539	1644.0
2540	1572.0
2541	1680.0
2542	1764.0
2543	1984.0
2544	1508.0
2545	1840.0
2546	1640.0
2547	1732.0
2548	1528.0
2549	1648.0
2550	1856.0
2551	1864.0
2552	1592.0
2553	1720.0
2554	1720.0
2555	1920.0
2556	1800.0
2557	1668.0
2558	1656.0
2559	1924.0
2560	1676.0
2561	1824.0
2562	1588.0
2563	1912.0
2564	2000.0
2565	1964.0
2566	1972.0
2567	1688.0
2568	1988.0
2569	1732.0
2570	1692.0
2571	2004.0
2572	1688.0
2573	1896.0
2574	1652.0
2575	1756.0
2576	1848.0
2577	1796.0
2578	1940.0
2579	1830.0
2580	1760.0
2581	1808.0
2582	1606.0
2583	1764.0
2584	1720.0
2585	1688.0
2586	1732.0
2587	1692.0
2588	2008.0
2589	1676.0
2590	1574.0
2591	1904.0
2592	1702.0
2593	1940.0
2594	1724.0
2595	1620.0
2596	1764.0
2597	1800.0
2598	1988.0
2599	1992.0
2600	2076.0
2601	1864.0
2602	1736.0
2603	1700.0
2604	1836.0
2605	2424.0
2606	2144.0
2607	1608.0
2608	1852.0
2609	1912.0
2610	1796.0
2611	1688.0
2612	1976.0
2613	1964.0
2614	1824.0
2615	2188.0
2616	1964.0
2617	1752.0
2618	2120.0
2619	1662.0
2620	2212.0
2621	1956.0
2622	2076.0
2623	1924.0
2624	2060.0
2625	1880.0
2626	1644.0
2627	2308.0
2628	2056.0
2629	1976.0
2630	2068.0
2631	1968.0
2632	1772.0
2633	2128.0
2634	2384.0
2635	2068.0
2636	2180.0
2637	2140.0
2638	2092.0
2639	1980.0
2640	2296.0
2641	1540.0
2642	2096.0
2643	2184.0
2644	1784.0
2645	2192.0
2646	2208.0
2647	2104.0
2648	2400.0
2649	1984.0
2650	2128.0
2651	2196.0
2652	2100.0
2653	1964.0
2654	2018.0
2655	2056.0
2656	2072.0
2657	2172.0
2658	2200.0
2659	2180.0
2660	2052.0
2661	1928.0
2662	2428.0
2663	2316.0
2664	2068.0
2665	2004.0
2666	2152.0
2667	1946.0
2668	2252.0
2669	2212.0
2670	2152.0
2671	2316.0
2672	2260.0
2673	2088.0
2674	2140.0
2675	2492.0
2676	2380.0
2677	2316.0
2678	2088.0
2679	2436.0
2680	2188.0
2681	2224.0
2682	2256.0
2683	2360.0
2684	2496.0
2685	2060.0
2686	2428.0
2687	2064.0
2688	2168.0
2689	2608.0
2690	2164.0
2691	2460.0
2692	2232.0
2693	2072.0
2694	1944.0
2695	2272.0
2696	2124.0
2697	2156.0
2698	2160.0
2699	1956.0
2700	2260.0
2701	2644.0
2702	2450.0
2703	2404.0
2704	2144.0
2705	2324.0
2706	2388.0
2707	2284.0
2708	2352.0
2709	2568.0
2710	2336.0
2711	2284.0
2712	2044.0
2713	2296.0
2714	2496.0
2715	2584.0
2716	2304.0
2717	2304.0
2718	2336.0
2719	2660.0
2720	2568.0
2721	2588.0
2722	2340.0
2723	2596.0
2724	2400.0
2725	2304.0
2726	2472.0
2727	1980.0
2728	2328.0
2729	2728.0
2730	2236.0
2731	2540.0
2732	2472.0
2733	2544.0
2734	2232.0
2735	2680.0
2736	2300.0
2737	2624.0
2738	2408.0
2739	2304.0
2740	2628.0
2741	2320.0
2742	2528.0
2743	2436.0
2744	2532.0
2745	2382.0
2746	2308.0
2747	2524.0
