0	3276.0
1	3288.0
2	3424.0
3	3208.0
4	3560.0
5	3524.0
6	3596.0
7	3784.0
8	3680.0
9	3476.0
10	3540.0
11	3428.0
12	3412.0
13	3444.0
14	3516.0
15	3100.0
16	3272.0
17	3292.0
18	3264.0
19	3392.0
20	3204.0
21	3188.0
22	3104.0
23	3036.0
24	3184.0
25	3328.0
26	3324.0
27	3340.0
28	3372.0
29	3328.0
30	3504.0
31	3448.0
32	3624.0
33	3420.0
34	3440.0
35	3296.0
36	3384.0
37	3520.0
38	3020.0
39	3328.0
40	3228.0
41	2908.0
42	3092.0
43	3160.0
44	3020.0
45	2944.0
46	3040.0
47	2916.0
48	2504.0
49	2656.0
50	2780.0
51	2532.0
52	2712.0
53	3240.0
54	2928.0
55	3128.0
56	3308.0
57	3096.0
58	3152.0
59	3736.0
60	3772.0
61	3500.0
62	3536.0
63	3428.0
64	3480.0
65	3772.0
66	3380.0
67	3488.0
68	3568.0
69	3576.0
70	3468.0
71	3508.0
72	3524.0
73	3528.0
74	3388.0
75	3612.0
76	3664.0
77	3232.0
78	3432.0
79	3436.0
80	3640.0
81	3348.0
82	3344.0
83	3424.0
84	3284.0
85	3292.0
86	3252.0
87	3440.0
88	3624.0
89	3408.0
90	3388.0
91	3360.0
92	3156.0
93	3344.0
94	3348.0
95	3252.0
96	3048.0
97	3108.0
98	2868.0
99	3128.0
100	3424.0
101	2896.0
102	3064.0
103	3360.0
104	3412.0
105	3500.0
106	3096.0
107	2972.0
108	3000.0
109	3316.0
110	3436.0
111	3484.0
112	3544.0
113	3388.0
114	3220.0
115	3104.0
116	3436.0
117	3424.0
118	3408.0
119	3356.0
120	3452.0
121	3360.0
122	3432.0
123	3128.0
124	3376.0
125	3456.0
126	3392.0
127	3044.0
128	3228.0
129	2888.0
130	3220.0
131	2884.0
132	2860.0
133	3096.0
134	3488.0
135	3396.0
136	3524.0
137	3228.0
138	3540.0
139	3288.0
140	3356.0
141	3112.0
142	3288.0
143	3084.0
144	3416.0
145	3724.0
146	3424.0
147	3156.0
148	3328.0
149	3352.0
150	3240.0
151	3252.0
152	3328.0
153	3288.0
154	3036.0
155	3436.0
156	3624.0
157	3748.0
158	3384.0
159	3336.0
160	3396.0
161	3288.0
162	3484.0
163	3036.0
164	3216.0
165	3176.0
166	3204.0
167	3576.0
168	3268.0
169	3240.0
170	3052.0
171	3200.0
172	3284.0
173	2712.0
174	2944.0
175	2880.0
176	2540.0
177	2496.0
178	2192.0
179	2060.0
180	1956.0
181	2140.0
182	2200.0
183	2684.0
184	2412.0
185	2868.0
186	2800.0
187	3016.0
188	3256.0
189	3292.0
190	2844.0
191	3268.0
192	3356.0
193	3196.0
194	2944.0
195	3000.0
196	2824.0
197	2748.0
198	2956.0
199	2608.0
200	2784.0
201	2640.0
202	2848.0
203	3160.0
204	3200.0
205	3224.0
206	3268.0
207	2952.0
208	3176.0
209	3124.0
210	3016.0
211	3172.0
212	3064.0
213	3360.0
214	3440.0
215	3424.0
216	3028.0
217	3024.0
218	3144.0
219	3060.0
220	2836.0
221	3368.0
222	2916.0
223	2920.0
224	2524.0
225	2512.0
226	2484.0
227	2636.0
228	2596.0
229	2920.0
230	2840.0
231	2836.0
232	2788.0
233	2896.0
234	2900.0
235	2880.0
236	2812.0
237	2704.0
238	2672.0
239	3072.0
240	2696.0
241	2652.0
242	2936.0
243	2760.0
244	2816.0
245	3042.0
246	3132.0
247	2972.0
248	3188.0
249	2972.0
250	2936.0
251	3144.0
252	3376.0
253	2612.0
254	2988.0
255	2812.0
256	2940.0
257	2952.0
258	2852.0
259	2988.0
260	2940.0
261	3084.0
262	2848.0
263	2844.0
264	3000.0
265	2504.0
266	2860.0
267	2808.0
268	2704.0
269	2980.0
270	2976.0
271	2752.0
272	2596.0
273	2752.0
274	2744.0
275	2608.0
276	2166.0
277	2288.0
278	2312.0
279	2380.0
280	2244.0
281	2524.0
282	2200.0
283	2284.0
284	2548.0
285	2760.0
286	2712.0
287	2700.0
288	2820.0
289	2856.0
290	3008.0
291	2896.0
292	3016.0
293	3028.0
294	2984.0
295	2888.0
296	2920.0
297	3116.0
298	3040.0
299	3228.0
300	2936.0
301	3160.0
302	3124.0
303	3112.0
304	2948.0
305	2860.0
306	2820.0
307	3136.0
308	2840.0
309	3096.0
310	3296.0
311	3108.0
312	2882.0
313	3036.0
314	3052.0
315	3096.0
316	2904.0
317	2740.0
318	2768.0
319	2548.0
320	2600.0
321	2340.0
322	2504.0
323	2652.0
324	2856.0
325	2792.0
326	3080.0
327	3132.0
328	3120.0
329	3000.0
330	3012.0
331	3184.0
332	2652.0
333	2880.0
334	2808.0
335	2944.0
336	2920.0
337	2676.0
338	3132.0
339	2996.0
340	3044.0
341	3056.0
342	3104.0
343	3008.0
344	3052.0
345	3132.0
346	3300.0
347	3044.0
348	3124.0
349	3068.0
350	2876.0
351	3088.0
352	3240.0
353	2896.0
354	3224.0
355	2828.0
356	2632.0
357	2480.0
358	2580.0
359	2412.0
360	2376.0
361	2312.0
362	2536.0
363	3068.0
364	2948.0
365	3028.0
366	2752.0
367	3208.0
368	3060.0
369	2772.0
370	2608.0
371	2728.0
372	2784.0
373	2788.0
374	2716.0
375	2752.0
376	2672.0
377	2436.0
378	2208.0
379	2184.0
380	1828.0
381	1892.0
382	1896.0
383	1460.0
384	1312.0
385	1532.0
386	1600.0
387	1932.0
388	2140.0
389	2080.0
390	2516.0
391	2564.0
392	2548.0
393	2852.0
394	2632.0
395	3068.0
396	2592.0
397	2724.0
398	2488.0
399	2872.0
400	2648.0
401	2952.0
402	2832.0
403	2788.0
404	2656.0
405	2720.0
406	2648.0
407	2772.0
408	2900.0
409	2608.0
410	2724.0
411	2560.0
412	3040.0
413	2904.0
414	2664.0
415	2676.0
416	2420.0
417	2456.0
418	2376.0
419	2584.0
420	2624.0
421	2620.0
422	2592.0
423	2940.0
424	2804.0
425	2632.0
426	2780.0
427	2724.0
428	2828.0
429	2832.0
430	2856.0
431	2684.0
432	2988.0
433	2684.0
434	2712.0
435	2724.0
436	2500.0
437	2764.0
438	2552.0
439	2352.0
440	2228.0
441	2496.0
442	2652.0
443	2484.0
444	2724.0
445	2540.0
446	2588.0
447	2508.0
448	2420.0
449	2460.0
450	2396.0
451	2872.0
452	2744.0
453	2896.0
454	3000.0
455	2912.0
456	2716.0
457	2672.0
458	3052.0
459	2820.0
460	2900.0
461	2956.0
462	3064.0
463	3060.0
464	3016.0
465	2820.0
466	3044.0
467	3056.0
468	3132.0
469	3100.0
470	2864.0
471	3016.0
472	3028.0
473	3068.0
474	3080.0
475	2676.0
476	2864.0
477	2844.0
478	2868.0
479	2936.0
480	2648.0
481	3188.0
482	2992.0
483	2876.0
484	3036.0
485	2880.0
486	2784.0
487	2816.0
488	3064.0
489	3192.0
490	3004.0
491	3108.0
492	3180.0
493	2876.0
494	2784.0
495	2800.0
496	2952.0
497	2808.0
498	2564.0
499	2860.0
500	2796.0
501	3012.0
502	2928.0
503	2796.0
504	2820.0
505	2488.0
506	2732.0
507	2756.0
508	2628.0
509	2252.0
510	2080.0
511	2036.0
512	1836.0
513	1424.0
514	1468.0
515	1328.0
516	1416.0
517	1624.0
518	1720.0
519	2136.0
520	2284.0
521	2400.0
522	2564.0
523	2604.0
524	2564.0
525	2708.0
526	2656.0
527	2808.0
528	3020.0
529	2964.0
530	2872.0
531	2780.0
532	3100.0
533	3008.0
534	3020.0
535	2832.0
536	3040.0
537	2908.0
538	2732.0
539	2740.0
540	3032.0
541	3028.0
542	3088.0
543	2932.0
544	2948.0
545	3048.0
546	3048.0
547	2868.0
548	2908.0
549	2984.0
550	2924.0
551	2888.0
552	2872.0
553	3152.0
554	2908.0
555	2924.0
556	2788.0
557	2884.0
558	2820.0
559	2948.0
560	2844.0
561	2920.0
562	2616.0
563	2772.0
564	2692.0
565	2868.0
566	2776.0
567	2616.0
568	2592.0
569	2656.0
570	2748.0
571	2320.0
572	2564.0
573	2424.0
574	2476.0
575	2400.0
576	2372.0
577	2544.0
578	2704.0
579	2764.0
580	2872.0
581	2776.0
582	2768.0
583	2572.0
584	2612.0
585	2448.0
586	2412.0
587	2428.0
588	2244.0
589	1664.0
590	1952.0
591	1680.0
592	1920.0
593	2196.0
594	2236.0
595	2320.0
596	2524.0
597	2884.0
598	2664.0
599	2712.0
600	2628.0
601	2912.0
602	2672.0
603	2644.0
604	3052.0
605	2888.0
606	2884.0
607	3160.0
608	2764.0
609	3120.0
610	2964.0
611	2952.0
612	3156.0
613	2896.0
614	3024.0
615	2732.0
616	2812.0
617	2960.0
618	2956.0
619	2800.0
620	2852.0
621	3148.0
622	2984.0
623	2976.0
624	3224.0
625	2828.0
626	3088.0
627	2648.0
628	3060.0
629	2528.0
630	2752.0
631	2836.0
632	2864.0
633	2828.0
634	2700.0
635	3020.0
636	2668.0
637	3204.0
638	3064.0
639	3056.0
640	2932.0
641	2764.0
642	2688.0
643	3056.0
644	2968.0
645	2660.0
646	2712.0
647	2756.0
648	2720.0
649	2500.0
650	2680.0
651	2752.0
652	2728.0
653	2728.0
654	2876.0
655	2732.0
656	2672.0
657	3004.0
658	2960.0
659	2948.0
660	2672.0
661	2712.0
662	2892.0
663	2812.0
664	2824.0
665	2756.0
666	2784.0
667	2704.0
668	2852.0
669	2756.0
670	2836.0
671	2796.0
672	2428.0
673	2504.0
674	2548.0
675	2116.0
676	2060.0
677	2080.0
678	1808.0
679	1616.0
680	1568.0
681	1460.0
682	1316.0
683	1080.0
684	1284.0
685	1320.0
686	1580.0
687	1696.0
688	1872.0
689	1960.0
690	2244.0
691	2120.0
692	2096.0
693	2528.0
694	2520.0
695	2452.0
696	2368.0
697	2362.0
698	2556.0
699	2236.0
700	1984.0
701	1896.0
702	1804.0
703	1452.0
704	1552.0
705	1360.0
706	1224.0
707	1394.0
708	1102.0
709	1164.0
710	1240.0
711	1284.0
712	1844.0
713	1944.0
714	2220.0
715	2108.0
716	2188.0
717	2232.0
718	2284.0
719	2660.0
720	2692.0
721	2732.0
722	2784.0
723	2676.0
724	2840.0
725	2616.0
726	2708.0
727	2520.0
728	2912.0
729	2788.0
730	2600.0
731	2812.0
732	2624.0
733	2460.0
734	2756.0
735	2508.0
736	2384.0
737	2384.0
738	2438.0
739	2444.0
740	2636.0
741	2120.0
742	2104.0
743	2400.0
744	2224.0
745	2182.0
746	1912.0
747	2136.0
748	1568.0
749	1536.0
750	1236.0
751	1232.0
752	1388.0
753	1492.0
754	1736.0
755	1864.0
756	2216.0
757	2388.0
758	2464.0
759	2484.0
760	2668.0
761	2496.0
762	2432.0
763	2574.0
764	2604.0
765	2488.0
766	2704.0
767	2652.0
768	2428.0
769	2402.0
770	2790.0
771	2820.0
772	2636.0
773	2768.0
774	2624.0
775	2956.0
776	2816.0
777	2896.0
778	2960.0
779	2952.0
780	2884.0
781	2920.0
782	2958.0
783	3100.0
784	3080.0
785	2996.0
786	3040.0
787	3004.0
788	3036.0
789	3016.0
790	2752.0
791	2868.0
792	2816.0
793	2992.0
794	3044.0
795	3000.0
796	3048.0
797	3056.0
798	2704.0
799	3012.0
800	2828.0
801	2780.0
802	2960.0
803	2844.0
804	3124.0
805	2680.0
806	2588.0
807	2716.0
808	2712.0
809	2668.0
810	2492.0
811	2716.0
812	2644.0
813	2704.0
814	2656.0
815	2728.0
816	2768.0
817	3092.0
818	3144.0
819	3160.0
820	2872.0
821	3004.0
822	2904.0
823	2960.0
824	2824.0
825	3008.0
826	3156.0
827	2944.0
828	2820.0
829	2908.0
830	2864.0
831	2892.0
832	2748.0
833	3176.0
834	2960.0
835	2844.0
836	3052.0
837	3076.0
838	3344.0
839	2904.0
840	2624.0
841	2788.0
842	2792.0
843	2920.0
844	2820.0
845	3232.0
846	2904.0
847	3120.0
848	2812.0
849	2868.0
850	2972.0
851	2976.0
852	2920.0
853	3100.0
854	3016.0
855	3028.0
856	2508.0
857	2708.0
858	2868.0
859	2976.0
860	2928.0
861	2620.0
862	3320.0
863	2912.0
864	2732.0
865	2788.0
866	2620.0
867	2900.0
868	2588.0
869	3000.0
870	3048.0
871	3272.0
872	2764.0
873	2464.0
874	2524.0
875	2388.0
876	2656.0
877	2376.0
878	1952.0
879	1696.0
880	1748.0
881	1296.0
882	1160.0
883	1132.0
884	1528.0
885	1480.0
886	1488.0
887	1824.0
888	1912.0
889	1992.0
890	1812.0
891	2368.0
892	2308.0
893	2544.0
894	2456.0
895	2736.0
896	2920.0
897	2868.0
898	2544.0
899	2804.0
900	2992.0
901	2900.0
902	2744.0
903	2838.0
904	2832.0
905	3048.0
906	2812.0
907	2904.0
908	2760.0
909	3060.0
910	2916.0
911	2788.0
912	2896.0
913	2904.0
914	2704.0
915	3124.0
916	2840.0
917	3028.0
918	2880.0
919	2724.0
920	2724.0
921	2820.0
922	2828.0
923	2540.0
924	2496.0
925	2412.0
926	2452.0
927	2532.0
928	2244.0
929	2108.0
930	1820.0
931	1812.0
932	1616.0
933	1328.0
934	1048.0
935	980.0
936	1044.0
937	784.0
938	962.0
939	920.0
940	688.0
941	720.0
942	732.0
943	824.0
944	860.0
945	1032.0
946	1108.0
947	1348.0
948	1478.0
949	1668.0
950	1868.0
951	2360.0
952	2144.0
953	2246.0
954	2836.0
955	2520.0
956	2632.0
957	2792.0
958	2784.0
959	2776.0
960	2556.0
961	2892.0
962	2436.0
963	2712.0
964	2588.0
965	2680.0
966	2420.0
967	2632.0
968	2408.0
969	2484.0
970	2388.0
971	2432.0
972	2768.0
973	2656.0
974	2568.0
975	2896.0
976	2692.0
977	2528.0
978	2412.0
979	2480.0
980	2232.0
981	2016.0
982	1848.0
983	1696.0
984	1504.0
985	1524.0
986	1408.0
987	1684.0
988	1712.0
989	1916.0
990	2104.0
991	2152.0
992	2160.0
993	2580.0
994	2504.0
995	2464.0
996	2452.0
997	2548.0
998	2324.0
999	2504.0
1000	2340.0
1001	2280.0
1002	2328.0
1003	2288.0
1004	2232.0
1005	2276.0
1006	1960.0
1007	2104.0
1008	2260.0
1009	2820.0
1010	2856.0
1011	2712.0
1012	2868.0
1013	2892.0
1014	3068.0
1015	2752.0
1016	2896.0
1017	2956.0
1018	3184.0
1019	2752.0
1020	2868.0
1021	3268.0
1022	3228.0
1023	3052.0
1024	2880.0
1025	2880.0
1026	2692.0
1027	2828.0
1028	2848.0
1029	2692.0
1030	2644.0
1031	2388.0
1032	2180.0
1033	2212.0
1034	2152.0
1035	2052.0
1036	1996.0
1037	2376.0
1038	2248.0
1039	2648.0
1040	2476.0
1041	2652.0
1042	2496.0
1043	2462.0
1044	2656.0
1045	2600.0
1046	2776.0
1047	2804.0
1048	2808.0
1049	2868.0
1050	2888.0
1051	3076.0
1052	3288.0
1053	3160.0
1054	3012.0
1055	3004.0
1056	3116.0
1057	3400.0
1058	2976.0
1059	2964.0
1060	3060.0
1061	2884.0
1062	3064.0
1063	2884.0
1064	3212.0
1065	2872.0
1066	2832.0
1067	2764.0
1068	3060.0
1069	3416.0
1070	3192.0
1071	2976.0
1072	2868.0
1073	2992.0
1074	2816.0
1075	3296.0
1076	3116.0
1077	3104.0
1078	3220.0
1079	3320.0
1080	3300.0
1081	3304.0
1082	3304.0
1083	3140.0
1084	2744.0
1085	3312.0
1086	3280.0
1087	3056.0
1088	2796.0
1089	3004.0
1090	2856.0
1091	2944.0
1092	2556.0
1093	2384.0
1094	2456.0
1095	2584.0
1096	2568.0
1097	2728.0
1098	2704.0
1099	2816.0
1100	2972.0
1101	2976.0
1102	3128.0
1103	3164.0
1104	3356.0
1105	3288.0
1106	3020.0
1107	2776.0
1108	2912.0
1109	2944.0
1110	2784.0
1111	2732.0
1112	2792.0
1113	2700.0
1114	2652.0
1115	2544.0
1116	2244.0
1117	2504.0
1118	2684.0
1119	2688.0
1120	2892.0
1121	2862.0
1122	2984.0
1123	2840.0
1124	3124.0
1125	3244.0
1126	3444.0
1127	3044.0
1128	3356.0
1129	3064.0
1130	3220.0
1131	3596.0
1132	3056.0
1133	3220.0
1134	3276.0
1135	2748.0
1136	3040.0
1137	3480.0
1138	3100.0
1139	3308.0
1140	3288.0
1141	3112.0
1142	3160.0
1143	3452.0
1144	3164.0
1145	3180.0
1146	3144.0
1147	3216.0
1148	3296.0
1149	3044.0
1150	3304.0
1151	3152.0
1152	2884.0
1153	3004.0
1154	2916.0
1155	3088.0
1156	2760.0
1157	3064.0
1158	3292.0
1159	3208.0
1160	3140.0
1161	3340.0
1162	3148.0
1163	3056.0
1164	2952.0
1165	3124.0
1166	3132.0
1167	2868.0
1168	2868.0
1169	3020.0
1170	3344.0
1171	2844.0
1172	2944.0
1173	3316.0
1174	2976.0
1175	3036.0
1176	2764.0
1177	3068.0
1178	2852.0
1179	3056.0
1180	2876.0
1181	2784.0
1182	2580.0
1183	2440.0
1184	2136.0
1185	2232.0
1186	2056.0
1187	2200.0
1188	2144.0
1189	2364.0
1190	2404.0
1191	2468.0
1192	2592.0
1193	2548.0
1194	2132.0
1195	1992.0
1196	1904.0
1197	2160.0
1198	1872.0
1199	2200.0
1200	2436.0
1201	2472.0
1202	2476.0
1203	2872.0
1204	2892.0
1205	3020.0
1206	2992.0
1207	2876.0
1208	3364.0
1209	2976.0
1210	3112.0
1211	3204.0
1212	3200.0
1213	2892.0
1214	3244.0
1215	2836.0
1216	2716.0
1217	2896.0
1218	2696.0
1219	2852.0
1220	2768.0
1221	2020.0
1222	1772.0
1223	1812.0
1224	1644.0
1225	1656.0
1226	1704.0
1227	1788.0
1228	2300.0
1229	2272.0
1230	2624.0
1231	2636.0
1232	2664.0
1233	2816.0
1234	2888.0
1235	2700.0
1236	3048.0
1237	2916.0
1238	3128.0
1239	2912.0
1240	2784.0
1241	2748.0
1242	2952.0
1243	2900.0
1244	3012.0
1245	2912.0
1246	2740.0
1247	2968.0
1248	3152.0
1249	3040.0
1250	3216.0
1251	2808.0
1252	3124.0
1253	2964.0
1254	3136.0
1255	2800.0
1256	2768.0
1257	2672.0
1258	3124.0
1259	2992.0
1260	3080.0
1261	2964.0
1262	3036.0
1263	3160.0
1264	2912.0
1265	3176.0
1266	2904.0
1267	3068.0
1268	3224.0
1269	3384.0
1270	3176.0
1271	2964.0
1272	3188.0
1273	2888.0
1274	3100.0
1275	3144.0
1276	3120.0
1277	3072.0
1278	2984.0
1279	2872.0
1280	2936.0
1281	2904.0
1282	2804.0
1283	2672.0
1284	2480.0
1285	2572.0
1286	2596.0
1287	2504.0
1288	2396.0
1289	2296.0
1290	2216.0
1291	2160.0
1292	1912.0
1293	1744.0
1294	1676.0
1295	1356.0
1296	1368.0
1297	1276.0
1298	1528.0
1299	1484.0
1300	1572.0
1301	1692.0
1302	2080.0
1303	2264.0
1304	2476.0
1305	2760.0
1306	2496.0
1307	2596.0
1308	2924.0
1309	2352.0
1310	2260.0
1311	2208.0
1312	2084.0
1313	2220.0
1314	2344.0
1315	2236.0
1316	1992.0
1317	2168.0
1318	1888.0
1319	1800.0
1320	1400.0
1321	1240.0
1322	1424.0
1323	1384.0
1324	1692.0
1325	1800.0
1326	2200.0
1327	2512.0
1328	2584.0
1329	2764.0
1330	2676.0
1331	3164.0
1332	2736.0
1333	2968.0
1334	3044.0
1335	3244.0
1336	2940.0
1337	2984.0
1338	3092.0
1339	3216.0
1340	3088.0
1341	3100.0
1342	3264.0
1343	3172.0
1344	3236.0
1345	3252.0
1346	3128.0
1347	3024.0
1348	3056.0
1349	2916.0
1350	2984.0
1351	2860.0
1352	3176.0
1353	2996.0
1354	2824.0
1355	2800.0
1356	2946.0
1357	2836.0
1358	2700.0
1359	2682.0
1360	2868.0
1361	2876.0
1362	3136.0
1363	3260.0
1364	3136.0
1365	3116.0
1366	3204.0
1367	2996.0
1368	2888.0
1369	2684.0
1370	3072.0
1371	3056.0
1372	2832.0
1373	2992.0
1374	3008.0
1375	3104.0
1376	3184.0
1377	3004.0
1378	2916.0
1379	3048.0
1380	2932.0
1381	2864.0
1382	2932.0
1383	2860.0
1384	2770.0
1385	2432.0
1386	2644.0
1387	2704.0
1388	2964.0
1389	2980.0
1390	2952.0
1391	2924.0
1392	3148.0
1393	3076.0
1394	3228.0
1395	3096.0
1396	2832.0
1397	2908.0
1398	2632.0
1399	2452.0
1400	2584.0
1401	2364.0
1402	2772.0
1403	3004.0
1404	3072.0
1405	3324.0
1406	3116.0
1407	3132.0
1408	3468.0
1409	3436.0
1410	3436.0
1411	3196.0
1412	3588.0
1413	3344.0
1414	3464.0
1415	3252.0
1416	3196.0
1417	3272.0
1418	3388.0
1419	3336.0
1420	3276.0
1421	3252.0
1422	3200.0
1423	3304.0
1424	3192.0
1425	3268.0
1426	2988.0
1427	3160.0
1428	3108.0
1429	3176.0
1430	3048.0
1431	3268.0
1432	3004.0
1433	3132.0
1434	3088.0
1435	3224.0
1436	3416.0
1437	3304.0
1438	3232.0
1439	3316.0
1440	3260.0
1441	3116.0
1442	2780.0
1443	3200.0
1444	2868.0
1445	3008.0
1446	3248.0
1447	3168.0
1448	3116.0
1449	3052.0
1450	3192.0
1451	3172.0
1452	3044.0
1453	3232.0
1454	3156.0
1455	2774.0
1456	2920.0
1457	2716.0
1458	2676.0
1459	2320.0
1460	2132.0
1461	2476.0
1462	2336.0
1463	2460.0
1464	2644.0
1465	2892.0
1466	2896.0
1467	2888.0
1468	2912.0
1469	2988.0
1470	2836.0
1471	2432.0
1472	2356.0
1473	2076.0
1474	1980.0
1475	1768.0
1476	2300.0
1477	2292.0
1478	2632.0
1479	2536.0
1480	2804.0
1481	2960.0
1482	3148.0
1483	3312.0
1484	3404.0
1485	3192.0
1486	3052.0
1487	3004.0
1488	3224.0
1489	3168.0
1490	2776.0
1491	2976.0
1492	2716.0
1493	2852.0
1494	2796.0
1495	2600.0
1496	2852.0
1497	3180.0
1498	3168.0
1499	3016.0
1500	2980.0
1501	2964.0
1502	3228.0
1503	2900.0
1504	3000.0
1505	3020.0
1506	3344.0
1507	3280.0
1508	3316.0
1509	3152.0
1510	3088.0
1511	3300.0
1512	3168.0
1513	3384.0
1514	2840.0
1515	3292.0
1516	3032.0
1517	3128.0
1518	3280.0
1519	3180.0
1520	3032.0
1521	2836.0
1522	3224.0
1523	3060.0
1524	3288.0
1525	3292.0
1526	2984.0
1527	3232.0
1528	3588.0
1529	3052.0
1530	3144.0
1531	2968.0
1532	3176.0
1533	2652.0
1534	3260.0
1535	3036.0
1536	2904.0
1537	3000.0
1538	3348.0
1539	3204.0
1540	3060.0
1541	3312.0
1542	3096.0
1543	3288.0
1544	3244.0
1545	3148.0
1546	3152.0
1547	3348.0
1548	3036.0
1549	3056.0
1550	3404.0
1551	3312.0
1552	3352.0
1553	3376.0
1554	3304.0
1555	3392.0
1556	2992.0
1557	3232.0
1558	3156.0
1559	3052.0
1560	3176.0
1561	3124.0
1562	2976.0
1563	3100.0
1564	2976.0
1565	2996.0
1566	2812.0
1567	2584.0
1568	2944.0
1569	2444.0
1570	2104.0
1571	1996.0
1572	2120.0
1573	2088.0
1574	2448.0
1575	2552.0
1576	2508.0
1577	2688.0
1578	2784.0
1579	2652.0
1580	2924.0
1581	2832.0
1582	2992.0
1583	2560.0
1584	2792.0
1585	2656.0
1586	2552.0
1587	2832.0
1588	2900.0
1589	2836.0
1590	2668.0
1591	3196.0
1592	2992.0
1593	3148.0
1594	3296.0
1595	3040.0
1596	2736.0
1597	2796.0
1598	2720.0
1599	2636.0
1600	2852.0
1601	3028.0
1602	3084.0
1603	2868.0
1604	3068.0
1605	3304.0
1606	3040.0
1607	3332.0
1608	3120.0
1609	3020.0
1610	3452.0
1611	3012.0
1612	3052.0
1613	2920.0
1614	3128.0
1615	3152.0
1616	2996.0
1617	3264.0
1618	3280.0
1619	3128.0
1620	3264.0
1621	3144.0
1622	3240.0
1623	3420.0
1624	2928.0
1625	3148.0
1626	3236.0
1627	3524.0
1628	2948.0
1629	3204.0
1630	3104.0
1631	3064.0
1632	2884.0
1633	3164.0
1634	2960.0
1635	2992.0
1636	3204.0
1637	3056.0
1638	3072.0
1639	3112.0
1640	3088.0
1641	3060.0
1642	3356.0
1643	3112.0
1644	2896.0
1645	3348.0
1646	2864.0
1647	2916.0
1648	3272.0
1649	3080.0
1650	2844.0
1651	3224.0
1652	3220.0
1653	3064.0
1654	2932.0
1655	3164.0
1656	3144.0
1657	3196.0
1658	3248.0
1659	3020.0
1660	3028.0
1661	3340.0
1662	3316.0
1663	3264.0
1664	3436.0
1665	3184.0
1666	3044.0
1667	3100.0
1668	3348.0
1669	3068.0
1670	3352.0
1671	3148.0
1672	2992.0
1673	2888.0
1674	2504.0
1675	2564.0
1676	2552.0
1677	2408.0
1678	2004.0
1679	1954.0
1680	1748.0
1681	1576.0
1682	1584.0
1683	1704.0
1684	1800.0
1685	1852.0
1686	2248.0
1687	2220.0
1688	2508.0
1689	2060.0
1690	2440.0
1691	2988.0
1692	2880.0
1693	2860.0
1694	2812.0
1695	2880.0
1696	3300.0
1697	2972.0
1698	2532.0
1699	2768.0
1700	2764.0
1701	2352.0
1702	2424.0
1703	2160.0
1704	1708.0
1705	1824.0
1706	1444.0
1707	1492.0
1708	1292.0
1709	1244.0
1710	1360.0
1711	1344.0
1712	1488.0
1713	1720.0
1714	2000.0
1715	2048.0
1716	2112.0
1717	2212.0
1718	2536.0
1719	2468.0
1720	2628.0
1721	2544.0
1722	2468.0
1723	2460.0
1724	2236.0
1725	2400.0
1726	2576.0
1727	2752.0
1728	2696.0
1729	2872.0
1730	2948.0
1731	2920.0
1732	2836.0
1733	2956.0
1734	3016.0
1735	2968.0
1736	2916.0
1737	3212.0
1738	2924.0
1739	2740.0
1740	2688.0
1741	2940.0
1742	3052.0
1743	2836.0
1744	2840.0
1745	2972.0
1746	2704.0
1747	2760.0
1748	3088.0
1749	2872.0
1750	3136.0
1751	3216.0
1752	2948.0
1753	3040.0
1754	2952.0
1755	2868.0
1756	3108.0
1757	3132.0
1758	2980.0
1759	3188.0
1760	3160.0
1761	2876.0
1762	2788.0
1763	3212.0
1764	3140.0
1765	2770.0
1766	2888.0
1767	3040.0
1768	2728.0
1769	2696.0
1770	2700.0
1771	2680.0
1772	2652.0
1773	2464.0
1774	2716.0
1775	2872.0
1776	2804.0
1777	2920.0
1778	2804.0
1779	3140.0
1780	3192.0
1781	3180.0
1782	3068.0
1783	3292.0
1784	3092.0
1785	3016.0
1786	2980.0
1787	3256.0
1788	2972.0
1789	3028.0
1790	3064.0
1791	2880.0
1792	2852.0
1793	2916.0
1794	2928.0
1795	2784.0
1796	2852.0
1797	3236.0
1798	2884.0
1799	2980.0
1800	3144.0
1801	3212.0
1802	3144.0
1803	3352.0
1804	3460.0
1805	3216.0
1806	3240.0
1807	3184.0
1808	3100.0
1809	3448.0
1810	3320.0
1811	3160.0
1812	3308.0
1813	3272.0
1814	2980.0
1815	3088.0
1816	2924.0
1817	2740.0
1818	3052.0
1819	2932.0
1820	2728.0
1821	2872.0
1822	2872.0
1823	3256.0
1824	3080.0
1825	3228.0
1826	3280.0
1827	3388.0
1828	3132.0
1829	3216.0
1830	3288.0
1831	3296.0
1832	3188.0
1833	3264.0
1834	3320.0
1835	3644.0
1836	3204.0
1837	3452.0
1838	3144.0
1839	3328.0
1840	3452.0
1841	3120.0
1842	3192.0
1843	3388.0
1844	3240.0
1845	3096.0
1846	3256.0
1847	3268.0
1848	3264.0
1849	3188.0
1850	3284.0
1851	3068.0
1852	3160.0
1853	3252.0
1854	3184.0
1855	3012.0
1856	3208.0
1857	3296.0
1858	3324.0
1859	3096.0
1860	3100.0
1861	3428.0
1862	3396.0
1863	3188.0
1864	3284.0
1865	3316.0
1866	3264.0
1867	2696.0
1868	3144.0
1869	3124.0
1870	2860.0
1871	3100.0
1872	2988.0
1873	3168.0
1874	3048.0
1875	3344.0
1876	3316.0
1877	3208.0
1878	3100.0
1879	3136.0
1880	3084.0
1881	3036.0
1882	3208.0
1883	3296.0
1884	3324.0
1885	3108.0
1886	3408.0
1887	3132.0
1888	3204.0
1889	3252.0
1890	3292.0
1891	3260.0
1892	3100.0
1893	3164.0
1894	3252.0
1895	3104.0
1896	3176.0
1897	2964.0
1898	2968.0
1899	3012.0
1900	3028.0
1901	3180.0
1902	3248.0
1903	2952.0
1904	3156.0
1905	3388.0
1906	3268.0
1907	3020.0
1908	2928.0
1909	3160.0
1910	3224.0
1911	3080.0
1912	3044.0
1913	3272.0
1914	3308.0
1915	3032.0
1916	3108.0
1917	3236.0
1918	3100.0
1919	3168.0
1920	3272.0
1921	3412.0
1922	3220.0
1923	3296.0
1924	2876.0
1925	3276.0
1926	3256.0
1927	2900.0
1928	2728.0
1929	2744.0
1930	2912.0
1931	2944.0
1932	2532.0
1933	2436.0
1934	2288.0
1935	2340.0
1936	1884.0
1937	2212.0
1938	2036.0
1939	1884.0
1940	1936.0
1941	2352.0
1942	2388.0
1943	2432.0
1944	2224.0
1945	2392.0
1946	2136.0
1947	2140.0
1948	2004.0
1949	1788.0
1950	1768.0
1951	1480.0
1952	1348.0
1953	1444.0
1954	1236.0
1955	1112.0
1956	1416.0
1957	1708.0
1958	1628.0
1959	1884.0
1960	2112.0
1961	2496.0
1962	2468.0
1963	2368.0
1964	2764.0
1965	2816.0
1966	2728.0
1967	2808.0
1968	2800.0
1969	3212.0
1970	2928.0
1971	2868.0
1972	3096.0
1973	3036.0
1974	2940.0
1975	3160.0
1976	3016.0
1977	3024.0
1978	2968.0
1979	3380.0
1980	2996.0
1981	2788.0
1982	2976.0
1983	3020.0
1984	3108.0
1985	2872.0
1986	3140.0
1987	2840.0
1988	3100.0
1989	3104.0
1990	3096.0
1991	2796.0
1992	3036.0
1993	2908.0
1994	3060.0
1995	2952.0
1996	2736.0
1997	2744.0
1998	2560.0
1999	2724.0
2000	2600.0
2001	2420.0
2002	2812.0
2003	2708.0
2004	2596.0
2005	3068.0
2006	2740.0
2007	2416.0
2008	2444.0
2009	2076.0
2010	2300.0
2011	1670.0
2012	1556.0
2013	1380.0
2014	1172.0
2015	1062.0
2016	1268.0
2017	1352.0
2018	1736.0
2019	1692.0
2020	1856.0
2021	2028.0
2022	2608.0
2023	2544.0
2024	2568.0
2025	2948.0
2026	2664.0
2027	2700.0
2028	2932.0
2029	2892.0
2030	3248.0
2031	2964.0
2032	3132.0
2033	3180.0
2034	2952.0
2035	3084.0
2036	3020.0
2037	2948.0
2038	3040.0
2039	3012.0
2040	2580.0
2041	2788.0
2042	3008.0
2043	2864.0
2044	3136.0
2045	3260.0
2046	2952.0
2047	2828.0
2048	3044.0
2049	3000.0
2050	2412.0
2051	2808.0
2052	2708.0
2053	2548.0
2054	2696.0
2055	2368.0
2056	2564.0
2057	2588.0
2058	2860.0
2059	2128.0
2060	2400.0
2061	2436.0
2062	2276.0
2063	2632.0
2064	2492.0
2065	2756.0
2066	2624.0
2067	2540.0
2068	2804.0
2069	2892.0
2070	2532.0
2071	2536.0
2072	2440.0
2073	2388.0
2074	1856.0
2075	1752.0
2076	1752.0
2077	1604.0
2078	1388.0
2079	1012.0
2080	990.0
2081	1004.0
2082	836.0
2083	1196.0
2084	1024.0
2085	1332.0
2086	1532.0
2087	1324.0
2088	1528.0
2089	1704.0
2090	2336.0
2091	2216.0
2092	2012.0
2093	2276.0
2094	2144.0
2095	2160.0
2096	1688.0
2097	1676.0
2098	1344.0
2099	1716.0
2100	1420.0
2101	1820.0
2102	2328.0
2103	2332.0
2104	2328.0
2105	2636.0
2106	2456.0
2107	2652.0
2108	2572.0
2109	2432.0
2110	2924.0
2111	2892.0
2112	2664.0
2113	2832.0
2114	2828.0
2115	2852.0
2116	2844.0
2117	2896.0
2118	2832.0
2119	2804.0
2120	2804.0
2121	2676.0
2122	2760.0
2123	2948.0
2124	3104.0
2125	3016.0
2126	3180.0
2127	2824.0
2128	3060.0
2129	2908.0
2130	3032.0
2131	2732.0
2132	2968.0
2133	2816.0
2134	2920.0
2135	2852.0
2136	2940.0
2137	3024.0
2138	2668.0
2139	2888.0
2140	2640.0
2141	2660.0
2142	2828.0
2143	3108.0
2144	2588.0
2145	2812.0
2146	2524.0
2147	2628.0
2148	2396.0
2149	2348.0
2150	2796.0
2151	2600.0
2152	2420.0
2153	2652.0
2154	2904.0
2155	2704.0
2156	2920.0
2157	3032.0
2158	2932.0
2159	2592.0
2160	3120.0
2161	2766.0
2162	2968.0
2163	2796.0
2164	3152.0
2165	2908.0
2166	2952.0
2167	2996.0
2168	3016.0
2169	2828.0
2170	2724.0
2171	2904.0
2172	3032.0
2173	3084.0
2174	3048.0
2175	2840.0
2176	2852.0
2177	2808.0
2178	2528.0
2179	2596.0
2180	2792.0
2181	2764.0
2182	2892.0
2183	2664.0
2184	2776.0
2185	2820.0
2186	3204.0
2187	3152.0
2188	3240.0
2189	3156.0
2190	2888.0
2191	2744.0
2192	2892.0
2193	3068.0
2194	2956.0
2195	3080.0
2196	2936.0
2197	2780.0
2198	2784.0
2199	3104.0
2200	3256.0
2201	3088.0
2202	3040.0
2203	3368.0
2204	3288.0
2205	3336.0
2206	2852.0
2207	2984.0
2208	3176.0
2209	2760.0
2210	3144.0
2211	3108.0
2212	2872.0
2213	3108.0
2214	3160.0
2215	3008.0
2216	2932.0
2217	3260.0
2218	3028.0
2219	3008.0
2220	3020.0
2221	3204.0
2222	3168.0
2223	3056.0
2224	3036.0
2225	2856.0
2226	3404.0
2227	2900.0
2228	2924.0
2229	3252.0
2230	2992.0
2231	2880.0
2232	3188.0
2233	2988.0
2234	2824.0
2235	3112.0
2236	2876.0
2237	2664.0
2238	2916.0
2239	2780.0
2240	3008.0
2241	2896.0
2242	2920.0
2243	3008.0
2244	2888.0
2245	3028.0
2246	2988.0
2247	2896.0
2248	2736.0
2249	2740.0
2250	3216.0
2251	3264.0
2252	2952.0
2253	3180.0
2254	3248.0
2255	3120.0
2256	2972.0
2257	2968.0
2258	3100.0
2259	3360.0
2260	3212.0
2261	3032.0
2262	2968.0
2263	2848.0
2264	2840.0
2265	2992.0
2266	2928.0
2267	2888.0
2268	2924.0
2269	3272.0
2270	3076.0
2271	3020.0
2272	2772.0
2273	3052.0
2274	2932.0
2275	2944.0
2276	3012.0
2277	2728.0
2278	2884.0
2279	2908.0
2280	3176.0
2281	2712.0
2282	3016.0
2283	2824.0
2284	2848.0
2285	3140.0
2286	2844.0
2287	3100.0
2288	3144.0
2289	3112.0
2290	3272.0
2291	2872.0
2292	2816.0
2293	2612.0
2294	2856.0
2295	3036.0
2296	3160.0
2297	2956.0
2298	2888.0
2299	2928.0
2300	3204.0
2301	3084.0
2302	3032.0
2303	2960.0
2304	2908.0
2305	2924.0
2306	2996.0
2307	2988.0
2308	3100.0
2309	2768.0
2310	3112.0
2311	2672.0
2312	2856.0
2313	2920.0
2314	2852.0
2315	2672.0
2316	2792.0
2317	2720.0
2318	2836.0
2319	3144.0
2320	2972.0
2321	2980.0
2322	3000.0
2323	3088.0
2324	2844.0
2325	2920.0
2326	3032.0
2327	3060.0
2328	2960.0
2329	2864.0
2330	3092.0
2331	2952.0
2332	2968.0
2333	3100.0
2334	2720.0
2335	2644.0
2336	2316.0
2337	2392.0
2338	2464.0
2339	2508.0
2340	2252.0
2341	2884.0
2342	2780.0
2343	3080.0
2344	2720.0
2345	2860.0
2346	2744.0
2347	2744.0
2348	2492.0
2349	2648.0
2350	2520.0
2351	2524.0
2352	2664.0
2353	2648.0
2354	2640.0
2355	2740.0
2356	2676.0
2357	2904.0
2358	2416.0
2359	2820.0
2360	3188.0
2361	2940.0
2362	2736.0
2363	2584.0
2364	2800.0
2365	2972.0
2366	2900.0
2367	2924.0
2368	2948.0
2369	2884.0
2370	2712.0
2371	2860.0
2372	2668.0
2373	2680.0
2374	2928.0
2375	2976.0
2376	2528.0
2377	2912.0
2378	2932.0
2379	2712.0
2380	2976.0
2381	3112.0
2382	2864.0
2383	2832.0
2384	2736.0
2385	2524.0
2386	2700.0
2387	2512.0
2388	2840.0
2389	2676.0
2390	2596.0
2391	2664.0
2392	2692.0
2393	2348.0
2394	2548.0
2395	2480.0
2396	2036.0
2397	2028.0
2398	1932.0
2399	1476.0
2400	1324.0
2401	1346.0
2402	1380.0
2403	1200.0
2404	1460.0
2405	1756.0
2406	1928.0
2407	2044.0
2408	1812.0
2409	1864.0
2410	2188.0
2411	2056.0
2412	2528.0
2413	2076.0
2414	2600.0
2415	2336.0
2416	2572.0
2417	2516.0
2418	2656.0
2419	2692.0
2420	2540.0
2421	2540.0
2422	2484.0
2423	2628.0
2424	2628.0
2425	2732.0
2426	2584.0
2427	2820.0
2428	2720.0
2429	2768.0
2430	2888.0
2431	2680.0
2432	2620.0
2433	2936.0
2434	2456.0
2435	2772.0
2436	2748.0
2437	2996.0
2438	2844.0
2439	2808.0
2440	2616.0
2441	2652.0
2442	2840.0
2443	2424.0
2444	2480.0
2445	2424.0
2446	2156.0
2447	1780.0
2448	1876.0
2449	2000.0
2450	1852.0
2451	1860.0
2452	2252.0
2453	1816.0
2454	2532.0
2455	2352.0
2456	2540.0
2457	2420.0
2458	2520.0
2459	2688.0
2460	2376.0
2461	3360.0
2462	2268.0
2463	2468.0
2464	2100.0
2465	2356.0
2466	2476.0
2467	2220.0
2468	2396.0
2469	2400.0
2470	2384.0
2471	2612.0
2472	2304.0
2473	2132.0
2474	2560.0
2475	2484.0
2476	2560.0
2477	2632.0
2478	2552.0
2479	2632.0
2480	2624.0
2481	2696.0
2482	2470.0
2483	2672.0
2484	2632.0
2485	2684.0
2486	2760.0
2487	2608.0
2488	2504.0
2489	2680.0
2490	2704.0
2491	2596.0
2492	2568.0
2493	2588.0
2494	2692.0
2495	2424.0
2496	2392.0
2497	2368.0
2498	2300.0
2499	2384.0
2500	2276.0
2501	2060.0
2502	1988.0
2503	1792.0
2504	1264.0
2505	1392.0
2506	1426.0
2507	1424.0
2508	1184.0
2509	1260.0
2510	1452.0
2511	1392.0
2512	1346.0
2513	1764.0
2514	1700.0
2515	1784.0
2516	1964.0
2517	2000.0
2518	2128.0
2519	2236.0
2520	2408.0
2521	2488.0
2522	2448.0
2523	2496.0
2524	2412.0
2525	2688.0
2526	2564.0
2527	2520.0
2528	2684.0
2529	2344.0
2530	2724.0
2531	2484.0
2532	2420.0
2533	2586.0
2534	2456.0
2535	2324.0
2536	2220.0
2537	2500.0
2538	2460.0
2539	2452.0
2540	2604.0
2541	2576.0
2542	2992.0
2543	2424.0
2544	2568.0
2545	2548.0
2546	2300.0
2547	2516.0
2548	2532.0
2549	2524.0
2550	2492.0
2551	2604.0
2552	2504.0
2553	2532.0
2554	2396.0
2555	2288.0
2556	2328.0
2557	2468.0
2558	2332.0
2559	2088.0
2560	2168.0
2561	2088.0
2562	2184.0
2563	1934.0
2564	1572.0
2565	1896.0
2566	1748.0
2567	1628.0
2568	1840.0
2569	1864.0
2570	1640.0
2571	1880.0
2572	2196.0
2573	2184.0
2574	2192.0
2575	2360.0
2576	1808.0
2577	2312.0
2578	1986.0
2579	2300.0
2580	2468.0
2581	2388.0
2582	2584.0
2583	2076.0
2584	2308.0
2585	2172.0
2586	2404.0
2587	2172.0
2588	2316.0
2589	2744.0
2590	2420.0
2591	2328.0
2592	2428.0
2593	2440.0
2594	2608.0
2595	2412.0
2596	2422.0
2597	2436.0
2598	2512.0
2599	2252.0
2600	2240.0
2601	2352.0
2602	2256.0
2603	2284.0
2604	2396.0
2605	2148.0
2606	2164.0
2607	2548.0
2608	2340.0
2609	2284.0
2610	2268.0
2611	2244.0
2612	2392.0
2613	2188.0
2614	2172.0
2615	2244.0
2616	1992.0
2617	2212.0
2618	2024.0
2619	2152.0
2620	2288.0
2621	2168.0
2622	2320.0
2623	2176.0
2624	1872.0
2625	2356.0
2626	1996.0
2627	2196.0
2628	2432.0
2629	2084.0
2630	1960.0
2631	1628.0
2632	1672.0
2633	1574.0
2634	1728.0
2635	1860.0
2636	1802.0
2637	2240.0
2638	2300.0
2639	2176.0
2640	2464.0
2641	1964.0
2642	2368.0
2643	2404.0
2644	2156.0
2645	2444.0
2646	2540.0
2647	2280.0
2648	2260.0
2649	2544.0
2650	2320.0
2651	2276.0
2652	1896.0
2653	2056.0
2654	2164.0
2655	2188.0
2656	2068.0
2657	2336.0
2658	2244.0
2659	2588.0
2660	2672.0
2661	2412.0
2662	2140.0
2663	2340.0
2664	2328.0
2665	2700.0
2666	2424.0
2667	2416.0
2668	2456.0
2669	2392.0
2670	2356.0
2671	2232.0
2672	2280.0
2673	2200.0
2674	2280.0
2675	2360.0
2676	2488.0
2677	2104.0
2678	2104.0
2679	2080.0
2680	2368.0
2681	2516.0
2682	2448.0
2683	2300.0
2684	2332.0
2685	2644.0
2686	2296.0
2687	2332.0
2688	1972.0
2689	2360.0
2690	2272.0
2691	2600.0
2692	2228.0
2693	2100.0
2694	2200.0
2695	2244.0
2696	1936.0
2697	2140.0
2698	1892.0
2699	2508.0
2700	2020.0
2701	2086.0
2702	2116.0
2703	2124.0
2704	2576.0
2705	2268.0
2706	2300.0
2707	2544.0
2708	2176.0
2709	2516.0
2710	2356.0
2711	2760.0
2712	2280.0
2713	2292.0
2714	2228.0
2715	2368.0
2716	2400.0
2717	2368.0
2718	2716.0
2719	2204.0
2720	2124.0
2721	2084.0
2722	2244.0
2723	2276.0
2724	2128.0
2725	2356.0
2726	2124.0
2727	2492.0
2728	2324.0
2729	2128.0
2730	2548.0
2731	1924.0
2732	2304.0
2733	2076.0
2734	2080.0
2735	1540.0
2736	2396.0
2737	2136.0
2738	1984.0
2739	2128.0
2740	2240.0
2741	2568.0
2742	2364.0
2743	2068.0
2744	2252.0
2745	2412.0
2746	2104.0
2747	2788.0
