0	788.0
1	1040.0
2	1040.0
3	1212.0
4	1176.0
5	1272.0
6	1024.0
7	1076.0
8	1080.0
9	1132.0
10	1132.0
11	1176.0
12	1008.0
13	832.0
14	800.0
15	756.0
16	1156.0
17	1112.0
18	1176.0
19	1148.0
20	1036.0
21	1160.0
22	1176.0
23	1176.0
24	1268.0
25	1208.0
26	1092.0
27	1108.0
28	1064.0
29	1208.0
30	1180.0
31	1196.0
32	1176.0
33	1120.0
34	1124.0
35	1108.0
36	1188.0
37	1364.0
38	1220.0
39	1116.0
40	996.0
41	1136.0
42	1216.0
43	1176.0
44	1136.0
45	1084.0
46	964.0
47	1120.0
48	1200.0
49	1084.0
50	1240.0
51	1116.0
52	1216.0
53	960.0
54	1176.0
55	1044.0
56	1196.0
57	1056.0
58	1236.0
59	1228.0
60	1320.0
61	1048.0
62	1168.0
63	1076.0
64	1140.0
65	1184.0
66	1140.0
67	1128.0
68	1136.0
69	1108.0
70	1236.0
71	1080.0
72	1028.0
73	1256.0
74	1084.0
75	1024.0
76	1200.0
77	1256.0
78	988.0
79	1140.0
80	1072.0
81	1108.0
82	1144.0
83	1276.0
84	1004.0
85	1236.0
86	1076.0
87	1060.0
88	1116.0
89	1224.0
90	1056.0
91	1056.0
92	1092.0
93	1172.0
94	1160.0
95	1200.0
96	1104.0
97	1008.0
98	1136.0
99	1120.0
100	908.0
101	752.0
102	736.0
103	688.0
104	864.0
105	1156.0
106	1076.0
107	1220.0
108	1276.0
109	1176.0
110	1260.0
111	1180.0
112	1248.0
113	1052.0
114	1028.0
115	1116.0
116	832.0
117	1096.0
118	1216.0
119	1176.0
120	1084.0
121	1204.0
122	1088.0
123	1176.0
124	1196.0
125	1044.0
126	1156.0
127	1108.0
128	1108.0
129	1216.0
130	1208.0
131	972.0
132	1032.0
133	1044.0
134	928.0
135	976.0
136	1084.0
137	972.0
138	1084.0
139	1200.0
140	1216.0
141	1200.0
142	1076.0
143	1120.0
144	1136.0
145	1076.0
146	1092.0
147	1144.0
148	1064.0
149	1048.0
150	1012.0
151	1100.0
152	1016.0
153	1060.0
154	1120.0
155	1036.0
156	964.0
157	1152.0
158	1088.0
159	992.0
160	1096.0
161	1092.0
162	1148.0
163	1168.0
164	1144.0
165	1048.0
166	1212.0
167	1160.0
168	1016.0
169	1228.0
170	1172.0
171	1168.0
172	1124.0
173	988.0
174	1172.0
175	1104.0
176	1180.0
177	1072.0
178	1164.0
179	1184.0
180	1120.0
181	1268.0
182	1240.0
183	972.0
184	1132.0
185	804.0
186	868.0
187	1184.0
188	1100.0
189	1260.0
190	1116.0
191	940.0
192	912.0
193	856.0
194	1192.0
195	1224.0
196	1160.0
197	1100.0
198	1200.0
199	1092.0
200	1160.0
201	1192.0
202	1272.0
203	1176.0
204	1092.0
205	884.0
206	1072.0
207	1216.0
208	1204.0
209	1104.0
210	1128.0
211	876.0
212	956.0
213	1204.0
214	1264.0
215	984.0
216	1184.0
217	1204.0
218	1208.0
219	1296.0
220	944.0
221	1288.0
222	1104.0
223	1188.0
224	1156.0
225	1228.0
226	1184.0
227	1156.0
228	1248.0
229	1172.0
230	1156.0
231	1292.0
232	1244.0
233	1152.0
234	1296.0
235	1208.0
236	1048.0
237	908.0
238	1056.0
239	880.0
240	1044.0
241	740.0
242	832.0
243	812.0
244	1212.0
245	1160.0
246	1188.0
247	1112.0
248	1132.0
249	1048.0
250	1184.0
251	1140.0
252	1152.0
253	1028.0
254	1084.0
255	988.0
256	1080.0
257	1024.0
258	1072.0
259	1028.0
260	1072.0
261	1092.0
262	1060.0
263	1032.0
264	1036.0
265	1096.0
266	1136.0
267	1160.0
268	1052.0
269	1040.0
270	1192.0
271	1008.0
272	1220.0
273	1116.0
274	1136.0
275	1144.0
276	1044.0
277	1136.0
278	1200.0
279	1064.0
280	1044.0
281	1180.0
282	1192.0
283	1232.0
284	1292.0
285	1112.0
286	1044.0
287	1180.0
288	1152.0
289	1192.0
290	1224.0
291	1144.0
292	1144.0
293	1172.0
294	1152.0
295	1160.0
296	1196.0
297	744.0
298	1224.0
299	1268.0
300	828.0
301	1032.0
302	1016.0
303	824.0
304	744.0
305	916.0
306	684.0
307	1296.0
308	1092.0
309	1288.0
310	1080.0
311	988.0
312	864.0
313	924.0
314	1000.0
315	1176.0
316	1216.0
317	1260.0
318	1128.0
319	1160.0
320	1076.0
321	1200.0
322	1064.0
323	1188.0
324	1112.0
325	1188.0
326	1120.0
327	1240.0
328	1320.0
329	1220.0
330	1056.0
331	1192.0
332	1192.0
333	708.0
334	884.0
335	764.0
336	1332.0
337	1224.0
338	1432.0
339	1072.0
340	980.0
341	868.0
342	864.0
343	900.0
344	1136.0
345	844.0
346	1204.0
347	1160.0
348	1208.0
349	1352.0
350	1268.0
351	1096.0
352	1224.0
353	1264.0
354	1180.0
355	852.0
356	840.0
357	784.0
358	868.0
359	852.0
360	784.0
361	1244.0
362	1064.0
363	1240.0
364	1228.0
365	1096.0
366	1288.0
367	1136.0
368	1168.0
369	1116.0
370	896.0
371	736.0
372	832.0
373	1280.0
374	864.0
375	868.0
376	884.0
377	908.0
378	1076.0
379	936.0
380	1240.0
381	1184.0
382	1140.0
383	780.0
384	788.0
385	820.0
386	880.0
387	1224.0
388	1084.0
389	1152.0
390	1156.0
391	1248.0
392	1160.0
393	1140.0
394	1268.0
395	1196.0
396	1112.0
397	1036.0
398	744.0
399	696.0
400	1072.0
401	1284.0
402	1236.0
403	1204.0
404	1104.0
405	1164.0
406	928.0
407	1140.0
408	1016.0
409	924.0
410	796.0
411	924.0
412	1292.0
413	1228.0
414	1264.0
415	1028.0
416	1012.0
417	1000.0
418	1028.0
419	1072.0
420	1272.0
421	1096.0
422	1128.0
423	1144.0
424	1196.0
425	1116.0
426	1208.0
427	1220.0
428	680.0
429	912.0
430	1264.0
431	792.0
432	756.0
433	1268.0
434	1192.0
435	1256.0
436	1212.0
437	1360.0
438	1376.0
439	1252.0
440	1268.0
441	832.0
442	864.0
443	752.0
444	768.0
445	752.0
446	1080.0
447	1120.0
448	700.0
449	820.0
450	848.0
451	876.0
452	936.0
453	920.0
454	1296.0
455	976.0
456	888.0
457	1092.0
458	1224.0
459	1228.0
460	1396.0
461	1172.0
462	1108.0
463	1232.0
464	1200.0
465	1148.0
466	1344.0
467	1204.0
468	1120.0
469	748.0
470	824.0
471	700.0
472	756.0
473	672.0
474	756.0
475	1248.0
476	1096.0
477	792.0
478	808.0
479	816.0
480	796.0
481	900.0
482	1128.0
483	1208.0
484	1196.0
485	1272.0
486	1152.0
487	776.0
488	912.0
489	1044.0
490	1108.0
491	1156.0
492	1128.0
493	1284.0
494	1288.0
495	1056.0
496	1236.0
497	1320.0
498	1020.0
499	1128.0
500	1160.0
501	1224.0
502	1060.0
503	1300.0
504	1172.0
505	1316.0
506	1192.0
507	1096.0
508	792.0
509	808.0
510	1132.0
511	768.0
512	732.0
513	700.0
514	804.0
515	900.0
516	756.0
517	784.0
518	800.0
519	796.0
520	732.0
521	788.0
522	708.0
523	788.0
524	868.0
525	820.0
526	900.0
527	864.0
528	804.0
529	656.0
530	868.0
531	816.0
532	700.0
533	876.0
534	868.0
535	828.0
536	1096.0
537	1156.0
538	1072.0
539	1152.0
540	812.0
541	912.0
542	812.0
543	876.0
544	916.0
545	688.0
546	876.0
547	852.0
548	852.0
549	1172.0
550	1216.0
551	1300.0
552	1220.0
553	1308.0
554	1376.0
555	816.0
556	1244.0
557	732.0
558	784.0
559	784.0
560	944.0
561	836.0
562	932.0
563	792.0
564	748.0
565	832.0
566	848.0
567	776.0
568	888.0
569	912.0
570	1244.0
571	1284.0
572	1252.0
573	1196.0
574	1316.0
575	1016.0
576	948.0
577	808.0
578	984.0
579	876.0
580	940.0
581	1256.0
582	1116.0
583	1304.0
584	1240.0
585	1112.0
586	1208.0
587	1080.0
588	1160.0
589	1268.0
590	1264.0
591	856.0
592	788.0
593	848.0
594	816.0
595	1148.0
596	1236.0
597	1232.0
598	888.0
599	668.0
600	772.0
601	980.0
602	864.0
603	788.0
604	744.0
605	936.0
606	896.0
607	856.0
608	900.0
609	844.0
610	876.0
611	816.0
612	908.0
613	1196.0
614	1020.0
615	1312.0
616	1128.0
617	1124.0
618	1064.0
619	768.0
620	844.0
621	804.0
622	900.0
623	828.0
624	868.0
625	804.0
626	948.0
627	916.0
628	832.0
629	1084.0
630	768.0
631	760.0
632	804.0
633	868.0
634	760.0
635	840.0
636	768.0
637	868.0
638	752.0
639	872.0
640	788.0
641	912.0
642	860.0
643	892.0
644	796.0
645	832.0
646	920.0
647	1136.0
648	1072.0
649	1016.0
650	916.0
651	936.0
652	808.0
653	892.0
654	836.0
655	908.0
656	868.0
657	944.0
658	968.0
659	880.0
660	1208.0
661	872.0
662	904.0
663	920.0
664	840.0
665	760.0
666	816.0
667	852.0
668	792.0
669	844.0
670	780.0
671	900.0
672	852.0
673	848.0
674	816.0
675	880.0
676	1004.0
677	840.0
678	912.0
679	792.0
680	884.0
681	1008.0
682	936.0
683	972.0
684	992.0
685	1200.0
686	1364.0
687	1280.0
688	1476.0
689	1160.0
690	720.0
691	944.0
692	852.0
693	720.0
694	1236.0
695	1356.0
696	1312.0
697	1368.0
698	856.0
699	868.0
700	780.0
701	760.0
702	776.0
703	1208.0
704	1388.0
705	1424.0
706	884.0
707	780.0
708	1024.0
709	872.0
710	1148.0
711	1172.0
712	1168.0
713	820.0
714	984.0
715	812.0
716	828.0
717	924.0
718	984.0
719	804.0
720	1116.0
721	1024.0
722	888.0
723	1232.0
724	880.0
725	1100.0
726	1152.0
727	1248.0
728	1040.0
729	1320.0
730	824.0
731	724.0
732	920.0
733	1008.0
734	964.0
735	980.0
736	1296.0
737	1268.0
738	816.0
739	1012.0
740	944.0
741	836.0
742	936.0
743	972.0
744	892.0
745	820.0
746	1240.0
747	972.0
748	1044.0
749	988.0
750	884.0
751	900.0
752	796.0
753	848.0
754	696.0
755	932.0
756	900.0
757	908.0
758	848.0
759	912.0
760	884.0
761	1236.0
762	1332.0
763	1408.0
764	1152.0
765	1220.0
766	936.0
767	912.0
768	948.0
769	928.0
770	844.0
771	904.0
772	852.0
773	968.0
774	872.0
775	824.0
776	860.0
777	916.0
778	744.0
779	864.0
780	836.0
781	836.0
782	980.0
783	808.0
784	920.0
785	856.0
786	884.0
787	916.0
788	824.0
789	864.0
790	928.0
791	988.0
792	832.0
793	884.0
794	988.0
795	1164.0
796	1328.0
797	1272.0
798	768.0
799	1000.0
800	892.0
801	932.0
802	1008.0
803	960.0
804	884.0
805	928.0
806	912.0
807	960.0
808	860.0
809	904.0
810	848.0
811	1008.0
812	892.0
813	820.0
814	936.0
815	836.0
816	828.0
817	772.0
818	936.0
819	816.0
820	808.0
821	804.0
822	928.0
823	952.0
824	956.0
825	888.0
826	876.0
827	1060.0
828	876.0
829	844.0
830	888.0
831	900.0
832	896.0
833	880.0
834	1040.0
835	972.0
836	800.0
837	856.0
838	904.0
839	864.0
840	840.0
841	888.0
842	824.0
843	1036.0
844	816.0
845	840.0
846	852.0
847	920.0
848	760.0
849	820.0
850	1072.0
851	956.0
852	1464.0
853	1360.0
854	1372.0
855	1340.0
856	904.0
857	920.0
858	976.0
859	900.0
860	1032.0
861	744.0
862	948.0
863	856.0
864	924.0
865	1004.0
866	1764.0
867	844.0
868	876.0
869	836.0
870	824.0
871	828.0
872	856.0
873	828.0
874	776.0
875	960.0
876	772.0
877	972.0
878	908.0
879	1040.0
880	824.0
881	832.0
882	876.0
883	1264.0
884	1212.0
885	916.0
886	788.0
887	872.0
888	1060.0
889	892.0
890	864.0
891	884.0
892	1040.0
893	996.0
894	772.0
895	992.0
896	944.0
897	808.0
898	940.0
899	880.0
900	912.0
901	1156.0
902	1112.0
903	1084.0
904	1008.0
905	964.0
906	888.0
907	940.0
908	912.0
909	824.0
910	848.0
911	972.0
912	988.0
913	1000.0
914	1060.0
915	960.0
916	828.0
917	984.0
918	912.0
919	828.0
920	888.0
921	880.0
922	968.0
923	864.0
924	840.0
925	928.0
926	1036.0
927	852.0
928	972.0
929	1040.0
930	956.0
931	912.0
932	844.0
933	1048.0
934	996.0
935	872.0
936	880.0
937	860.0
938	788.0
939	876.0
940	848.0
941	840.0
942	880.0
943	880.0
944	932.0
945	904.0
946	860.0
947	1040.0
948	976.0
949	1000.0
950	920.0
951	892.0
952	868.0
953	924.0
954	964.0
955	920.0
956	972.0
957	772.0
958	932.0
959	976.0
960	1044.0
961	800.0
962	828.0
963	864.0
964	848.0
965	980.0
966	1356.0
967	940.0
968	904.0
969	888.0
970	932.0
971	808.0
972	980.0
973	960.0
974	1044.0
975	848.0
976	984.0
977	884.0
978	928.0
979	812.0
980	904.0
981	896.0
982	864.0
983	908.0
984	760.0
985	912.0
986	904.0
987	936.0
988	992.0
989	848.0
990	848.0
991	872.0
992	1416.0
993	1244.0
994	1268.0
995	756.0
996	968.0
997	964.0
998	952.0
999	976.0
1000	944.0
1001	936.0
1002	888.0
1003	1176.0
1004	896.0
1005	848.0
1006	1036.0
1007	900.0
1008	996.0
1009	816.0
1010	860.0
1011	880.0
1012	1272.0
1013	1060.0
1014	992.0
1015	1148.0
1016	1120.0
1017	872.0
1018	804.0
1019	912.0
1020	952.0
1021	780.0
1022	1068.0
1023	944.0
1024	992.0
1025	896.0
1026	896.0
1027	988.0
1028	876.0
1029	844.0
1030	1012.0
1031	956.0
1032	944.0
1033	860.0
1034	860.0
1035	944.0
1036	996.0
1037	816.0
1038	960.0
1039	816.0
1040	820.0
1041	992.0
1042	968.0
1043	876.0
1044	936.0
1045	952.0
1046	932.0
1047	952.0
1048	800.0
1049	976.0
1050	892.0
1051	868.0
1052	944.0
1053	868.0
1054	892.0
1055	1104.0
1056	1004.0
1057	976.0
1058	996.0
1059	892.0
1060	804.0
1061	860.0
1062	792.0
1063	932.0
1064	948.0
1065	952.0
1066	868.0
1067	960.0
1068	900.0
1069	980.0
1070	872.0
1071	896.0
1072	916.0
1073	916.0
1074	876.0
1075	868.0
1076	776.0
1077	964.0
1078	972.0
1079	916.0
1080	980.0
1081	940.0
1082	1016.0
1083	892.0
1084	824.0
1085	936.0
1086	832.0
1087	1012.0
1088	976.0
1089	956.0
1090	932.0
1091	980.0
1092	1088.0
1093	1100.0
1094	928.0
1095	972.0
1096	928.0
1097	816.0
1098	920.0
1099	776.0
1100	976.0
1101	900.0
1102	1048.0
1103	828.0
1104	856.0
1105	944.0
1106	936.0
1107	872.0
1108	968.0
1109	956.0
1110	872.0
1111	980.0
1112	872.0
1113	864.0
1114	868.0
1115	848.0
1116	1000.0
1117	1028.0
1118	1040.0
1119	1008.0
1120	880.0
1121	976.0
1122	836.0
1123	904.0
1124	904.0
1125	940.0
1126	820.0
1127	888.0
1128	832.0
1129	968.0
1130	860.0
1131	1068.0
1132	964.0
1133	928.0
1134	960.0
1135	860.0
1136	1084.0
1137	944.0
1138	1068.0
1139	984.0
1140	932.0
1141	984.0
1142	864.0
1143	880.0
1144	944.0
1145	808.0
1146	864.0
1147	848.0
1148	1056.0
1149	1056.0
1150	896.0
1151	920.0
1152	940.0
1153	876.0
1154	908.0
1155	996.0
1156	892.0
1157	1048.0
1158	964.0
1159	924.0
1160	984.0
1161	1012.0
1162	924.0
1163	1056.0
1164	980.0
1165	1096.0
1166	1048.0
1167	904.0
1168	1000.0
1169	920.0
1170	964.0
1171	996.0
1172	836.0
1173	828.0
1174	904.0
1175	924.0
1176	976.0
1177	1024.0
1178	1264.0
1179	900.0
1180	960.0
1181	976.0
1182	988.0
1183	968.0
1184	912.0
1185	896.0
1186	940.0
1187	1028.0
1188	888.0
1189	916.0
1190	916.0
1191	968.0
1192	912.0
1193	1052.0
1194	828.0
1195	972.0
1196	868.0
1197	916.0
1198	1392.0
1199	1196.0
1200	920.0
1201	1040.0
1202	1040.0
1203	980.0
1204	840.0
1205	1008.0
1206	912.0
1207	832.0
1208	944.0
1209	960.0
1210	944.0
1211	880.0
1212	892.0
1213	912.0
1214	1020.0
1215	956.0
1216	880.0
1217	1000.0
1218	1020.0
1219	1044.0
1220	952.0
1221	956.0
1222	1088.0
1223	1084.0
1224	1204.0
1225	1204.0
1226	1148.0
1227	1360.0
1228	1320.0
1229	1184.0
1230	1188.0
1231	1376.0
1232	1156.0
1233	904.0
1234	832.0
1235	888.0
1236	904.0
1237	960.0
1238	820.0
1239	1060.0
1240	1000.0
1241	880.0
1242	852.0
1243	972.0
1244	1016.0
1245	1016.0
1246	1004.0
1247	928.0
1248	924.0
1249	952.0
1250	976.0
1251	856.0
1252	896.0
1253	924.0
1254	972.0
1255	972.0
1256	1124.0
1257	1276.0
1258	1192.0
1259	1272.0
1260	1132.0
1261	952.0
1262	1100.0
1263	1000.0
1264	948.0
1265	948.0
1266	944.0
1267	924.0
1268	980.0
1269	1084.0
1270	1040.0
1271	1480.0
1272	1516.0
1273	1344.0
1274	1208.0
1275	1268.0
1276	1340.0
1277	1480.0
1278	1332.0
1279	1424.0
1280	1280.0
1281	1308.0
1282	1156.0
1283	1084.0
1284	840.0
1285	980.0
1286	868.0
1287	948.0
1288	860.0
1289	912.0
1290	940.0
1291	956.0
1292	1016.0
1293	824.0
1294	996.0
1295	876.0
1296	780.0
1297	848.0
1298	1028.0
1299	972.0
1300	1000.0
1301	1056.0
1302	960.0
1303	972.0
1304	996.0
1305	1124.0
1306	952.0
1307	1076.0
1308	988.0
1309	1100.0
1310	860.0
1311	880.0
1312	1024.0
1313	1004.0
1314	1152.0
1315	896.0
1316	896.0
1317	1036.0
1318	844.0
1319	904.0
1320	1024.0
1321	980.0
1322	956.0
1323	836.0
1324	1036.0
1325	940.0
1326	892.0
1327	1008.0
1328	980.0
1329	968.0
1330	956.0
1331	848.0
1332	916.0
1333	992.0
1334	1076.0
1335	784.0
1336	852.0
1337	952.0
1338	1016.0
1339	960.0
1340	908.0
1341	1096.0
1342	1048.0
1343	1116.0
1344	1120.0
1345	956.0
1346	944.0
1347	1184.0
1348	836.0
1349	1020.0
1350	1068.0
1351	1084.0
1352	884.0
1353	1320.0
1354	1292.0
1355	1296.0
1356	916.0
1357	920.0
1358	988.0
1359	1004.0
1360	1004.0
1361	916.0
1362	1012.0
1363	984.0
1364	1032.0
1365	1312.0
1366	1180.0
1367	1244.0
1368	920.0
1369	980.0
1370	888.0
1371	1076.0
1372	948.0
1373	960.0
1374	984.0
1375	960.0
1376	848.0
1377	960.0
1378	936.0
1379	1040.0
1380	952.0
1381	960.0
1382	980.0
1383	1016.0
1384	892.0
1385	1008.0
1386	1044.0
1387	964.0
1388	1132.0
1389	1212.0
1390	1204.0
1391	1212.0
1392	1212.0
1393	1072.0
1394	1080.0
1395	984.0
1396	1004.0
1397	956.0
1398	976.0
1399	1000.0
1400	952.0
1401	984.0
1402	828.0
1403	1188.0
1404	840.0
1405	1040.0
1406	908.0
1407	1064.0
1408	900.0
1409	888.0
1410	924.0
1411	972.0
1412	992.0
1413	840.0
1414	988.0
1415	1168.0
1416	964.0
1417	1144.0
1418	1004.0
1419	1020.0
1420	1036.0
1421	764.0
1422	1020.0
1423	880.0
1424	1048.0
1425	896.0
1426	952.0
1427	960.0
1428	960.0
1429	1284.0
1430	1212.0
1431	1112.0
1432	1412.0
1433	1268.0
1434	752.0
1435	972.0
1436	1364.0
1437	956.0
1438	1324.0
1439	1220.0
1440	1496.0
1441	944.0
1442	1048.0
1443	1012.0
1444	868.0
1445	852.0
1446	928.0
1447	916.0
1448	1040.0
1449	1180.0
1450	1188.0
1451	1264.0
1452	1216.0
1453	964.0
1454	924.0
1455	856.0
1456	880.0
1457	928.0
1458	1128.0
1459	1120.0
1460	928.0
1461	968.0
1462	980.0
1463	1272.0
1464	856.0
1465	932.0
1466	980.0
1467	960.0
1468	1000.0
1469	980.0
1470	932.0
1471	1108.0
1472	1140.0
1473	988.0
1474	1112.0
1475	1144.0
1476	1084.0
1477	1180.0
1478	1032.0
1479	944.0
1480	1008.0
1481	964.0
1482	968.0
1483	880.0
1484	1240.0
1485	1296.0
1486	1248.0
1487	1220.0
1488	1336.0
1489	1404.0
1490	1284.0
1491	1300.0
1492	904.0
1493	912.0
1494	1132.0
1495	1068.0
1496	1200.0
1497	1428.0
1498	1104.0
1499	852.0
1500	864.0
1501	908.0
1502	964.0
1503	820.0
1504	796.0
1505	852.0
1506	952.0
1507	1012.0
1508	888.0
1509	968.0
1510	1032.0
1511	1084.0
1512	972.0
1513	948.0
1514	1064.0
1515	868.0
1516	940.0
1517	980.0
1518	928.0
1519	892.0
1520	1024.0
1521	868.0
1522	948.0
1523	980.0
1524	876.0
1525	952.0
1526	1088.0
1527	924.0
1528	1008.0
1529	996.0
1530	948.0
1531	892.0
1532	1092.0
1533	1292.0
1534	1352.0
1535	1364.0
1536	1332.0
1537	1404.0
1538	1060.0
1539	1276.0
1540	960.0
1541	1064.0
1542	900.0
1543	948.0
1544	1096.0
1545	1180.0
1546	1100.0
1547	892.0
1548	836.0
1549	972.0
1550	848.0
1551	948.0
1552	832.0
1553	864.0
1554	956.0
1555	832.0
1556	932.0
1557	956.0
1558	908.0
1559	792.0
1560	984.0
1561	952.0
1562	828.0
1563	828.0
1564	980.0
1565	944.0
1566	1028.0
1567	968.0
1568	936.0
1569	1384.0
1570	1444.0
1571	1272.0
1572	1292.0
1573	1108.0
1574	1164.0
1575	992.0
1576	1064.0
1577	924.0
1578	828.0
1579	836.0
1580	788.0
1581	784.0
1582	872.0
1583	960.0
1584	1016.0
1585	1060.0
1586	1212.0
1587	924.0
1588	992.0
1589	968.0
1590	936.0
1591	1060.0
1592	1008.0
1593	1288.0
1594	1040.0
1595	1112.0
1596	1120.0
1597	1044.0
1598	1088.0
1599	1152.0
1600	1216.0
1601	1184.0
1602	1112.0
1603	1056.0
1604	964.0
1605	968.0
1606	1040.0
1607	900.0
1608	848.0
1609	908.0
1610	900.0
1611	1168.0
1612	1232.0
1613	1128.0
1614	960.0
1615	908.0
1616	1052.0
1617	1024.0
1618	1000.0
1619	1024.0
1620	964.0
1621	1152.0
1622	1152.0
1623	1168.0
1624	1208.0
1625	1248.0
1626	1312.0
1627	1184.0
1628	1332.0
1629	1132.0
1630	1088.0
1631	928.0
1632	1040.0
1633	984.0
1634	988.0
1635	820.0
1636	1036.0
1637	836.0
1638	852.0
1639	948.0
1640	936.0
1641	1060.0
1642	1076.0
1643	952.0
1644	1020.0
1645	808.0
1646	720.0
1647	940.0
1648	944.0
1649	1020.0
1650	868.0
1651	748.0
1652	1224.0
1653	1192.0
1654	1180.0
1655	1072.0
1656	1100.0
1657	1344.0
1658	1304.0
1659	1356.0
1660	1204.0
1661	1164.0
1662	840.0
1663	1240.0
1664	1256.0
1665	1328.0
1666	1220.0
1667	1264.0
1668	1268.0
1669	984.0
1670	1052.0
1671	1100.0
1672	1080.0
1673	996.0
1674	988.0
1675	1164.0
1676	816.0
1677	1036.0
1678	968.0
1679	1132.0
1680	968.0
1681	972.0
1682	1072.0
1683	1032.0
1684	1104.0
1685	1004.0
1686	1208.0
1687	960.0
1688	968.0
1689	1164.0
1690	1024.0
1691	876.0
1692	892.0
1693	968.0
1694	836.0
1695	1016.0
1696	964.0
1697	884.0
1698	1036.0
1699	1136.0
1700	1016.0
1701	984.0
1702	1020.0
1703	1124.0
1704	940.0
1705	1296.0
1706	852.0
1707	1124.0
1708	944.0
1709	1336.0
1710	832.0
1711	988.0
1712	912.0
1713	1160.0
1714	1040.0
1715	1200.0
1716	1132.0
1717	1164.0
1718	980.0
1719	976.0
1720	936.0
1721	916.0
1722	716.0
1723	1060.0
1724	1192.0
1725	1152.0
1726	1248.0
1727	1248.0
1728	1364.0
1729	1096.0
1730	1004.0
1731	804.0
1732	856.0
1733	968.0
1734	984.0
1735	1132.0
1736	1308.0
1737	1228.0
1738	1332.0
1739	1304.0
1740	1312.0
1741	1240.0
1742	1148.0
1743	1288.0
1744	1140.0
1745	1296.0
1746	1044.0
1747	1208.0
1748	1020.0
1749	1032.0
1750	1044.0
1751	1076.0
1752	1056.0
1753	1088.0
1754	1212.0
1755	976.0
1756	944.0
1757	1032.0
1758	872.0
1759	964.0
1760	1108.0
1761	880.0
1762	960.0
1763	1036.0
1764	1000.0
1765	896.0
1766	952.0
1767	864.0
1768	956.0
1769	836.0
1770	936.0
1771	860.0
1772	916.0
1773	1044.0
1774	1180.0
1775	1272.0
1776	1204.0
1777	1152.0
1778	1040.0
1779	1224.0
1780	1232.0
1781	1136.0
1782	972.0
1783	1032.0
1784	896.0
1785	980.0
1786	1060.0
1787	1064.0
1788	1064.0
1789	1160.0
1790	1216.0
1791	1324.0
1792	1308.0
1793	932.0
1794	1052.0
1795	832.0
1796	972.0
1797	992.0
1798	880.0
1799	772.0
1800	884.0
1801	840.0
1802	864.0
1803	944.0
1804	1144.0
1805	1312.0
1806	1392.0
1807	1264.0
1808	1216.0
1809	1332.0
1810	1180.0
1811	1212.0
1812	956.0
1813	936.0
1814	1088.0
1815	876.0
1816	1080.0
1817	1052.0
1818	1160.0
1819	1088.0
1820	1296.0
1821	964.0
1822	1144.0
1823	1080.0
1824	1204.0
1825	952.0
1826	1288.0
1827	1024.0
1828	1276.0
1829	1116.0
1830	1000.0
1831	976.0
1832	1120.0
1833	1196.0
1834	1072.0
1835	1144.0
1836	1292.0
1837	1064.0
1838	968.0
1839	1084.0
1840	1004.0
1841	1064.0
1842	1088.0
1843	904.0
1844	1020.0
1845	992.0
1846	828.0
1847	976.0
1848	812.0
1849	1028.0
1850	848.0
1851	764.0
1852	996.0
1853	1108.0
1854	1112.0
1855	1160.0
1856	1436.0
1857	1128.0
1858	1180.0
1859	1228.0
1860	1004.0
1861	912.0
1862	1180.0
1863	908.0
1864	1032.0
1865	984.0
1866	1164.0
1867	1264.0
1868	1160.0
1869	1108.0
1870	1144.0
1871	1240.0
1872	1324.0
1873	1328.0
1874	1312.0
1875	1248.0
1876	908.0
1877	1048.0
1878	1068.0
1879	828.0
1880	936.0
1881	948.0
1882	880.0
1883	968.0
1884	1132.0
1885	1160.0
1886	1088.0
1887	928.0
1888	948.0
1889	1020.0
1890	976.0
1891	1064.0
1892	976.0
1893	1000.0
1894	940.0
1895	1008.0
1896	1220.0
1897	1148.0
1898	976.0
1899	1052.0
1900	1068.0
1901	1152.0
1902	1156.0
1903	1320.0
1904	1144.0
1905	1256.0
1906	1140.0
1907	836.0
1908	840.0
1909	1052.0
1910	964.0
1911	1204.0
1912	1332.0
1913	1312.0
1914	1236.0
1915	1176.0
1916	1324.0
1917	1264.0
1918	1288.0
1919	1032.0
1920	1128.0
1921	1088.0
1922	1156.0
1923	1000.0
1924	1324.0
1925	1104.0
1926	1176.0
1927	1304.0
1928	1124.0
1929	1260.0
1930	1308.0
1931	1072.0
1932	1140.0
1933	1196.0
1934	1200.0
1935	1120.0
1936	896.0
1937	1316.0
1938	1168.0
1939	1120.0
1940	960.0
1941	1224.0
1942	1364.0
1943	1192.0
1944	1180.0
1945	1200.0
1946	1048.0
1947	964.0
1948	892.0
1949	884.0
1950	960.0
1951	1108.0
1952	1164.0
1953	1056.0
1954	1020.0
1955	1192.0
1956	1072.0
1957	1148.0
1958	1244.0
1959	1116.0
1960	1192.0
1961	1092.0
1962	1132.0
1963	1052.0
1964	1232.0
1965	1228.0
1966	1080.0
1967	1144.0
1968	1172.0
1969	1136.0
1970	1168.0
1971	1084.0
1972	964.0
1973	980.0
1974	996.0
1975	940.0
1976	868.0
1977	796.0
1978	932.0
1979	920.0
1980	928.0
1981	856.0
1982	840.0
1983	1032.0
1984	900.0
1985	1120.0
1986	1256.0
1987	1044.0
1988	1172.0
1989	1128.0
1990	1152.0
1991	1220.0
1992	1280.0
1993	1008.0
1994	1120.0
1995	1140.0
1996	1012.0
1997	1008.0
1998	1040.0
1999	908.0
2000	936.0
2001	1092.0
2002	1100.0
2003	1148.0
2004	1156.0
2005	1088.0
2006	1364.0
2007	1568.0
2008	1132.0
2009	1212.0
2010	1252.0
2011	1204.0
2012	1028.0
2013	1168.0
2014	1272.0
2015	1124.0
2016	1076.0
2017	992.0
2018	1188.0
2019	1072.0
2020	1212.0
2021	1092.0
2022	1040.0
2023	1104.0
2024	1236.0
2025	1016.0
2026	928.0
2027	1292.0
2028	1028.0
2029	964.0
2030	1028.0
2031	1144.0
2032	1060.0
2033	1136.0
2034	1072.0
2035	1240.0
2036	1104.0
2037	1168.0
2038	1108.0
2039	1240.0
2040	1084.0
2041	1136.0
2042	1136.0
2043	1080.0
2044	1160.0
2045	944.0
2046	1108.0
2047	1200.0
2048	956.0
2049	1132.0
2050	1200.0
2051	1092.0
2052	1020.0
2053	1096.0
2054	1124.0
2055	1100.0
2056	1164.0
2057	1184.0
2058	1164.0
2059	1076.0
2060	1220.0
2061	1128.0
2062	1060.0
2063	1144.0
2064	1168.0
2065	1252.0
2066	1164.0
2067	1220.0
2068	1116.0
2069	1044.0
2070	1112.0
2071	1144.0
2072	1252.0
2073	1264.0
2074	1188.0
2075	1204.0
2076	1196.0
2077	1072.0
2078	1056.0
2079	1040.0
2080	1336.0
2081	1048.0
2082	1092.0
2083	1100.0
2084	1092.0
2085	964.0
2086	1120.0
2087	1076.0
2088	1068.0
2089	1020.0
2090	1096.0
2091	1124.0
2092	1048.0
2093	1148.0
2094	1104.0
2095	1124.0
2096	1120.0
2097	1100.0
2098	1188.0
2099	1084.0
2100	1160.0
2101	1160.0
2102	1004.0
2103	1068.0
2104	1076.0
2105	948.0
2106	1232.0
2107	1044.0
2108	1176.0
2109	1144.0
2110	1108.0
2111	1164.0
2112	1264.0
2113	888.0
2114	1020.0
2115	960.0
2116	1056.0
2117	1196.0
2118	1108.0
2119	1228.0
2120	1200.0
2121	1108.0
2122	1020.0
2123	1008.0
2124	916.0
2125	952.0
2126	1004.0
2127	1068.0
2128	1056.0
2129	1000.0
2130	908.0
2131	1096.0
2132	1096.0
2133	1120.0
2134	1192.0
2135	1008.0
2136	1120.0
2137	1008.0
2138	1084.0
2139	896.0
2140	1116.0
2141	952.0
2142	1156.0
2143	1196.0
2144	1008.0
2145	996.0
2146	1072.0
2147	968.0
2148	992.0
2149	988.0
2150	1232.0
2151	1120.0
2152	1120.0
2153	1096.0
2154	1172.0
2155	856.0
2156	1016.0
2157	1008.0
2158	1144.0
2159	1056.0
2160	1132.0
2161	1140.0
2162	1112.0
2163	1184.0
2164	1096.0
2165	1024.0
2166	1036.0
2167	1180.0
2168	1172.0
2169	1088.0
2170	996.0
2171	1244.0
2172	1132.0
2173	912.0
2174	1080.0
2175	1004.0
2176	880.0
2177	1168.0
2178	1124.0
2179	1208.0
2180	1204.0
2181	1096.0
2182	1192.0
2183	1076.0
2184	1116.0
2185	1140.0
2186	1296.0
2187	1176.0
2188	1052.0
2189	1024.0
2190	1128.0
2191	1028.0
2192	900.0
2193	920.0
2194	808.0
2195	992.0
2196	760.0
2197	1200.0
2198	1168.0
2199	1216.0
2200	1068.0
2201	984.0
2202	1148.0
2203	1008.0
2204	1032.0
2205	1096.0
2206	1124.0
2207	1076.0
2208	968.0
2209	1140.0
2210	1052.0
2211	1076.0
2212	976.0
2213	1124.0
2214	1172.0
2215	1156.0
2216	1096.0
2217	1128.0
2218	1008.0
2219	1096.0
2220	1088.0
2221	1080.0
2222	1116.0
2223	1164.0
2224	1120.0
2225	1104.0
2226	1020.0
2227	1216.0
2228	1100.0
2229	1144.0
2230	1080.0
2231	1032.0
2232	1040.0
2233	1084.0
2234	1012.0
2235	976.0
2236	1088.0
2237	1076.0
2238	912.0
2239	1052.0
2240	1128.0
2241	1056.0
2242	972.0
2243	1028.0
2244	972.0
2245	1008.0
2246	968.0
2247	1052.0
2248	1032.0
2249	984.0
2250	940.0
2251	988.0
2252	900.0
2253	964.0
2254	920.0
2255	1104.0
2256	1100.0
2257	1040.0
2258	968.0
2259	1044.0
2260	1032.0
2261	988.0
2262	1024.0
2263	976.0
2264	1032.0
2265	1040.0
2266	1092.0
2267	1096.0
2268	1016.0
2269	1036.0
2270	912.0
2271	1144.0
2272	1176.0
2273	1016.0
2274	1020.0
2275	984.0
2276	1080.0
2277	1000.0
2278	916.0
2279	1156.0
2280	1128.0
2281	872.0
2282	1128.0
2283	1016.0
2284	988.0
2285	1068.0
2286	1000.0
2287	1116.0
2288	1160.0
2289	988.0
2290	1096.0
2291	1152.0
2292	972.0
2293	1044.0
2294	1108.0
2295	1164.0
2296	1052.0
2297	1212.0
2298	1060.0
2299	928.0
