0	4044.0
1	3916.0
2	4058.0
3	4090.0
4	4216.0
5	4110.0
6	4098.0
7	3914.0
8	4094.0
9	4034.0
10	4044.0
11	3996.0
12	4006.0
13	4034.0
14	3866.0
15	4080.0
16	4132.0
17	4264.0
18	4104.0
19	4080.0
20	4160.0
21	4096.0
22	4386.0
23	4296.0
24	4322.0
25	4210.0
26	4284.0
27	4104.0
28	4354.0
29	4102.0
30	4276.0
31	4072.0
32	4424.0
33	4254.0
34	4098.0
35	4310.0
36	4100.0
37	4166.0
38	4346.0
39	4390.0
40	4376.0
41	4430.0
42	4336.0
43	4358.0
44	4074.0
45	4240.0
46	4454.0
47	4170.0
48	4260.0
49	4300.0
50	4378.0
51	4336.0
52	4174.0
53	4224.0
54	4320.0
55	4362.0
56	4360.0
57	4172.0
58	4356.0
59	4268.0
60	4554.0
61	4396.0
62	4432.0
63	4310.0
64	4366.0
65	4378.0
66	4320.0
67	4238.0
68	4404.0
69	4358.0
70	4288.0
71	4386.0
72	4322.0
73	4266.0
74	4308.0
75	4212.0
76	4174.0
77	4296.0
78	4314.0
79	4224.0
80	4390.0
81	4258.0
82	4340.0
83	4142.0
84	4214.0
85	4210.0
86	4080.0
87	4214.0
88	4328.0
89	4224.0
90	4362.0
91	4132.0
92	4308.0
93	4222.0
94	4446.0
95	4206.0
96	4240.0
97	4350.0
98	4250.0
99	4136.0
100	4124.0
101	4144.0
102	4170.0
103	4284.0
104	4290.0
105	4398.0
106	4242.0
107	4144.0
108	4140.0
109	4246.0
110	4220.0
111	4226.0
112	4204.0
113	4178.0
114	4082.0
115	4082.0
116	4184.0
117	4192.0
118	4188.0
119	4114.0
120	4194.0
121	4380.0
122	4090.0
123	4554.0
124	4308.0
125	4254.0
126	4396.0
127	4284.0
128	4314.0
129	4368.0
130	4350.0
131	4344.0
132	4440.0
133	4436.0
134	4346.0
135	4400.0
136	4378.0
137	4466.0
138	4612.0
139	4448.0
140	4254.0
141	4356.0
142	4520.0
143	4458.0
144	4400.0
145	4466.0
146	4530.0
147	4542.0
148	4374.0
149	4380.0
150	4400.0
151	4236.0
152	4546.0
153	4540.0
154	4398.0
155	4446.0
156	4380.0
157	4364.0
158	4230.0
159	4480.0
160	4502.0
161	4348.0
162	4492.0
163	4416.0
164	4340.0
165	4472.0
166	4480.0
167	4462.0
168	4558.0
169	4522.0
170	4432.0
171	4454.0
172	4406.0
173	4558.0
174	4428.0
175	4406.0
176	4642.0
177	4500.0
178	4392.0
179	4462.0
180	4340.0
181	4524.0
182	4482.0
183	4506.0
184	4396.0
185	4414.0
186	4420.0
187	4396.0
188	4424.0
189	4374.0
190	4322.0
191	4308.0
192	4424.0
193	4392.0
194	4324.0
195	4468.0
196	4366.0
197	4274.0
198	4474.0
199	4382.0
200	4284.0
201	4258.0
202	4322.0
203	4416.0
204	4446.0
205	4406.0
206	4458.0
207	4320.0
208	4248.0
209	4312.0
210	4242.0
211	4310.0
212	4366.0
213	4324.0
214	4164.0
215	4404.0
216	4392.0
217	4298.0
218	4522.0
219	4324.0
220	4522.0
221	4334.0
222	4396.0
223	4342.0
224	4234.0
225	4298.0
226	4394.0
227	4408.0
228	4308.0
229	4580.0
230	4262.0
231	4380.0
232	4392.0
233	4390.0
234	4256.0
235	4462.0
236	4502.0
237	4258.0
238	4454.0
239	4496.0
240	4264.0
241	4276.0
242	4462.0
243	4482.0
244	4278.0
245	4410.0
246	4520.0
247	4344.0
248	4346.0
249	4464.0
250	4436.0
251	4386.0
252	4600.0
253	4544.0
254	4468.0
255	4364.0
256	4430.0
257	4386.0
258	4390.0
259	4498.0
260	4220.0
261	4220.0
262	4294.0
263	4478.0
264	4292.0
265	4454.0
266	4560.0
267	4536.0
268	4550.0
269	4258.0
270	4386.0
271	4534.0
272	4498.0
273	4340.0
274	4318.0
275	4434.0
276	4294.0
277	4408.0
278	4502.0
279	4470.0
280	4600.0
281	4422.0
282	4370.0
283	4244.0
284	4388.0
285	4318.0
286	4342.0
287	4508.0
288	4558.0
289	4436.0
290	4294.0
291	4438.0
292	4418.0
293	4700.0
294	4494.0
295	4610.0
296	4502.0
297	4454.0
298	4516.0
299	4404.0
300	4418.0
301	4384.0
302	4388.0
303	4396.0
304	4594.0
305	4404.0
306	4342.0
307	4336.0
308	4434.0
309	4372.0
310	4424.0
311	4534.0
312	4478.0
313	4288.0
314	4374.0
315	4248.0
316	4476.0
317	4336.0
318	4516.0
319	4210.0
320	4402.0
321	4486.0
322	4252.0
323	4326.0
324	4332.0
325	4300.0
326	4150.0
327	4472.0
328	4358.0
329	4528.0
330	4200.0
331	4470.0
332	4180.0
333	4422.0
334	4430.0
335	4348.0
336	4362.0
337	4224.0
338	4414.0
339	4336.0
340	4322.0
341	4282.0
342	4448.0
343	4454.0
344	4540.0
345	4418.0
346	4366.0
347	4338.0
348	4242.0
349	4240.0
350	4394.0
351	4362.0
352	4258.0
353	4370.0
354	4466.0
355	4442.0
356	4468.0
357	4362.0
358	4416.0
359	4444.0
360	4348.0
361	4514.0
362	4468.0
363	4444.0
364	4346.0
365	4308.0
366	4368.0
367	4498.0
368	4442.0
369	4620.0
370	4622.0
371	4454.0
372	4432.0
373	4368.0
374	4548.0
375	4386.0
376	4498.0
377	4456.0
378	4366.0
379	4708.0
380	4346.0
381	4410.0
382	4490.0
383	4562.0
384	4436.0
385	4490.0
386	4712.0
387	4644.0
388	4394.0
389	4586.0
390	4312.0
391	4360.0
392	4502.0
393	4280.0
394	4444.0
395	4568.0
396	4420.0
397	4560.0
398	4408.0
399	4478.0
400	4334.0
401	4430.0
402	4576.0
403	4534.0
404	4504.0
405	4620.0
406	4464.0
407	4308.0
408	4480.0
409	4586.0
410	4566.0
411	4450.0
412	4432.0
413	4416.0
414	4482.0
415	4484.0
416	4338.0
417	4560.0
418	4376.0
419	4496.0
420	4530.0
421	4318.0
422	4310.0
423	4340.0
424	4516.0
425	4482.0
426	4380.0
427	4340.0
428	4406.0
429	4584.0
430	4444.0
431	4444.0
432	4390.0
433	4284.0
434	4428.0
435	4306.0
436	4444.0
437	4282.0
438	4396.0
439	4460.0
440	4388.0
441	4214.0
442	4356.0
443	4352.0
444	4432.0
445	4412.0
446	4376.0
447	4224.0
448	4406.0
449	4232.0
450	4376.0
451	4474.0
452	4386.0
453	4290.0
454	4032.0
455	4446.0
456	4242.0
457	4308.0
458	4290.0
459	4464.0
460	4454.0
461	4390.0
462	4466.0
463	4282.0
464	4668.0
465	4442.0
466	4164.0
467	4264.0
468	4218.0
469	4182.0
470	4372.0
471	4456.0
472	4242.0
473	4308.0
474	4368.0
475	4380.0
476	4358.0
477	4574.0
478	4268.0
479	4546.0
480	4528.0
481	4448.0
482	4630.0
483	4476.0
484	4444.0
485	4436.0
486	4568.0
487	4332.0
488	4432.0
489	4346.0
490	4544.0
491	4430.0
492	4478.0
493	4450.0
494	4254.0
495	4388.0
496	4334.0
497	4614.0
498	4346.0
499	4404.0
500	4684.0
501	4482.0
502	4542.0
503	4480.0
504	4596.0
505	4480.0
506	4458.0
507	4576.0
508	4588.0
509	4304.0
510	4340.0
511	4442.0
512	4448.0
513	4616.0
514	4484.0
515	4580.0
516	4494.0
517	4582.0
518	4604.0
519	4600.0
520	4650.0
521	4528.0
522	4480.0
523	4382.0
524	4474.0
525	4358.0
526	4678.0
527	4514.0
528	4498.0
529	4532.0
530	4490.0
531	4370.0
532	4310.0
533	4334.0
534	4452.0
535	4436.0
536	4418.0
537	4628.0
538	4596.0
539	4536.0
540	4476.0
541	4436.0
542	4480.0
543	4456.0
544	4484.0
545	4560.0
546	4564.0
547	4516.0
548	4488.0
549	4582.0
550	4488.0
551	4504.0
552	4436.0
553	4590.0
554	4486.0
555	4520.0
556	4442.0
557	4432.0
558	4408.0
559	4548.0
560	4474.0
561	4598.0
562	4512.0
563	4308.0
564	4560.0
565	4578.0
566	4354.0
567	4372.0
568	4454.0
569	4652.0
570	4488.0
571	4572.0
572	4500.0
573	4570.0
574	4320.0
575	4346.0
576	4360.0
577	4448.0
578	4484.0
579	4462.0
580	4358.0
581	4814.0
582	4420.0
583	4556.0
584	4396.0
585	4334.0
586	4622.0
587	4440.0
588	4514.0
589	4780.0
590	4416.0
591	4422.0
592	4616.0
593	4432.0
594	4442.0
595	4422.0
596	4474.0
597	4470.0
598	4366.0
599	4392.0
600	4348.0
601	4548.0
602	4682.0
603	4406.0
604	4530.0
605	4576.0
606	4470.0
607	4618.0
608	4308.0
609	4532.0
610	4442.0
611	4296.0
612	4434.0
613	4370.0
614	4504.0
615	4374.0
616	4378.0
617	4484.0
618	4376.0
619	4436.0
620	4310.0
621	4504.0
622	4556.0
623	4456.0
624	4396.0
625	4586.0
626	4424.0
627	4426.0
628	4488.0
629	4800.0
630	4470.0
631	4526.0
632	4512.0
633	4410.0
634	4652.0
635	4588.0
636	4502.0
637	4614.0
638	4478.0
639	4472.0
640	4574.0
641	4376.0
642	4528.0
643	4396.0
644	4486.0
645	4458.0
646	4534.0
647	4438.0
648	4500.0
649	4558.0
650	4388.0
651	4446.0
652	4680.0
653	4514.0
654	4532.0
655	4494.0
656	4536.0
657	4406.0
658	4458.0
659	4672.0
660	4630.0
661	4546.0
662	4506.0
663	4474.0
664	4552.0
665	4622.0
666	4542.0
667	4502.0
668	4616.0
669	4752.0
670	4744.0
671	4478.0
672	4728.0
673	4582.0
674	4428.0
675	4596.0
676	4626.0
677	4620.0
678	4582.0
679	4680.0
680	4670.0
681	4840.0
682	4746.0
683	4738.0
684	4676.0
685	4598.0
686	4700.0
687	4674.0
688	4652.0
689	4666.0
690	4650.0
691	4548.0
692	4740.0
693	4668.0
694	4616.0
695	4600.0
696	4734.0
697	4720.0
698	4548.0
699	4550.0
700	4646.0
701	4756.0
702	4754.0
703	4702.0
704	4544.0
705	4734.0
706	4720.0
707	4636.0
708	4682.0
709	4606.0
710	4696.0
711	4534.0
712	4532.0
713	4758.0
714	4738.0
715	4490.0
716	4648.0
717	4626.0
718	4800.0
719	4706.0
720	4672.0
721	4674.0
722	4674.0
723	4486.0
724	4668.0
725	4664.0
726	4708.0
727	4838.0
728	4710.0
729	4646.0
730	4836.0
731	4492.0
732	4504.0
733	4384.0
734	4522.0
735	4642.0
736	4708.0
737	4586.0
738	4534.0
739	4638.0
740	4342.0
741	4438.0
742	4444.0
743	4662.0
744	4616.0
745	4494.0
746	4646.0
747	4518.0
748	4434.0
749	4586.0
750	4656.0
751	4568.0
752	4590.0
753	4486.0
754	4540.0
755	4494.0
756	4510.0
757	4656.0
758	4380.0
759	4644.0
760	4584.0
761	4620.0
762	4538.0
763	4488.0
764	4480.0
765	4560.0
766	4612.0
767	4638.0
768	4688.0
769	4542.0
770	4440.0
771	4610.0
772	4668.0
773	4560.0
774	4634.0
775	4686.0
776	4664.0
777	4726.0
778	4816.0
779	4556.0
780	4684.0
781	4510.0
782	4544.0
783	4698.0
784	4658.0
785	4644.0
786	4612.0
787	4672.0
788	4822.0
789	4572.0
790	4538.0
791	4656.0
792	4566.0
793	4562.0
794	4714.0
795	4792.0
796	4680.0
797	4842.0
798	4566.0
799	4628.0
800	4720.0
801	4732.0
802	4950.0
803	4746.0
804	4790.0
805	4548.0
806	4784.0
807	4510.0
808	4694.0
809	4856.0
810	4638.0
811	4910.0
812	4862.0
813	4980.0
814	4864.0
815	4660.0
816	4634.0
817	4742.0
818	4918.0
819	4792.0
820	4834.0
821	4854.0
822	4848.0
823	4806.0
824	4828.0
825	4660.0
826	4734.0
827	4762.0
828	4682.0
829	4896.0
830	4976.0
831	4704.0
832	4792.0
833	4600.0
834	4898.0
835	4780.0
836	4842.0
837	4834.0
838	4842.0
839	4724.0
840	4774.0
841	4786.0
842	4858.0
843	4898.0
844	4918.0
845	4806.0
846	4862.0
847	4954.0
848	4718.0
849	4702.0
850	4928.0
851	4900.0
852	4884.0
853	4718.0
854	4894.0
855	5054.0
856	4844.0
857	4828.0
858	4824.0
859	4758.0
860	4842.0
861	4844.0
862	4846.0
863	4762.0
864	4884.0
865	4842.0
866	4792.0
867	4998.0
868	4848.0
869	5088.0
870	5034.0
871	4866.0
872	4830.0
873	4916.0
874	4726.0
875	4842.0
876	4686.0
877	4844.0
878	4806.0
879	4686.0
880	4938.0
881	4716.0
882	4730.0
883	4816.0
884	4960.0
885	4936.0
886	4934.0
887	4666.0
888	4622.0
889	4854.0
890	4610.0
891	4888.0
892	4798.0
893	4850.0
894	4924.0
895	4792.0
896	5070.0
897	4710.0
898	4636.0
899	4568.0
900	4722.0
901	4814.0
902	4832.0
903	4908.0
904	5112.0
905	4774.0
906	4804.0
907	4768.0
908	4814.0
909	4974.0
910	4774.0
911	4758.0
912	4724.0
913	4862.0
914	4794.0
915	4922.0
916	4720.0
917	4834.0
918	4858.0
919	4738.0
920	4756.0
921	4810.0
922	4912.0
923	4658.0
924	4830.0
925	4728.0
926	4830.0
927	4722.0
928	4814.0
929	4630.0
930	4814.0
931	4638.0
932	4738.0
933	4812.0
934	5134.0
935	4746.0
936	4716.0
937	4802.0
938	4716.0
939	4798.0
940	4824.0
941	4800.0
942	4670.0
943	5050.0
944	4866.0
945	4766.0
946	4850.0
947	4868.0
948	4648.0
949	4556.0
950	4826.0
951	4830.0
952	4794.0
953	4728.0
954	4818.0
955	4930.0
956	4966.0
957	4694.0
958	4776.0
959	4948.0
960	4946.0
961	4884.0
962	4654.0
963	4758.0
964	4762.0
965	4658.0
966	4748.0
967	5002.0
968	4860.0
969	4648.0
970	4868.0
971	4900.0
972	5054.0
973	4944.0
974	4728.0
975	4966.0
976	4928.0
977	5130.0
978	4800.0
979	4888.0
980	4872.0
981	4712.0
982	4798.0
983	4762.0
984	4950.0
985	5026.0
986	4894.0
987	4882.0
988	4994.0
989	5022.0
990	4814.0
991	4832.0
992	4972.0
993	4892.0
994	4796.0
995	4876.0
996	4894.0
997	4776.0
998	4956.0
999	4744.0
1000	4892.0
1001	4952.0
1002	4802.0
1003	5138.0
1004	5034.0
1005	4874.0
1006	4872.0
1007	4950.0
1008	4770.0
1009	5022.0
1010	4928.0
1011	4894.0
1012	4976.0
1013	5068.0
1014	5008.0
1015	4876.0
1016	4926.0
1017	4928.0
1018	5072.0
1019	4940.0
1020	5016.0
1021	4938.0
1022	5004.0
1023	4790.0
1024	4970.0
1025	4940.0
1026	5096.0
1027	4946.0
1028	4994.0
1029	5094.0
1030	5028.0
1031	4980.0
1032	5156.0
1033	5156.0
1034	5006.0
1035	5080.0
1036	4926.0
1037	5018.0
1038	5040.0
1039	4872.0
1040	4926.0
1041	4860.0
1042	5048.0
1043	4940.0
1044	5178.0
1045	5106.0
1046	5078.0
1047	5112.0
1048	5020.0
1049	5044.0
1050	5048.0
1051	5074.0
1052	5204.0
1053	5016.0
1054	5126.0
1055	5082.0
1056	5080.0
1057	4890.0
1058	4998.0
1059	5080.0
1060	5002.0
1061	5216.0
1062	5162.0
1063	5220.0
1064	4962.0
1065	5012.0
1066	5116.0
1067	4910.0
1068	4986.0
1069	5156.0
1070	5038.0
1071	5080.0
1072	5060.0
1073	5006.0
1074	4834.0
1075	5034.0
1076	5088.0
1077	4922.0
1078	5098.0
1079	4996.0
1080	5068.0
1081	5084.0
1082	4912.0
1083	4878.0
1084	5040.0
1085	4976.0
1086	5032.0
1087	4844.0
1088	5076.0
1089	4940.0
1090	5032.0
1091	4972.0
1092	4962.0
1093	5058.0
1094	5100.0
1095	5096.0
1096	4956.0
1097	5028.0
1098	5154.0
1099	4912.0
1100	5062.0
1101	4974.0
1102	4916.0
1103	4942.0
1104	4694.0
1105	4818.0
1106	4872.0
1107	4764.0
1108	5060.0
1109	4758.0
1110	4848.0
1111	4890.0
1112	4924.0
1113	4940.0
1114	5028.0
1115	4828.0
1116	5012.0
1117	4922.0
1118	4888.0
1119	4942.0
1120	4814.0
1121	5042.0
1122	4952.0
1123	4936.0
1124	4830.0
1125	5050.0
1126	4934.0
1127	5036.0
1128	4960.0
1129	4834.0
1130	4840.0
1131	4842.0
1132	4844.0
1133	4822.0
1134	4982.0
1135	4974.0
1136	5020.0
1137	5080.0
1138	5050.0
1139	5060.0
1140	4986.0
1141	4764.0
1142	4922.0
1143	4894.0
1144	4916.0
1145	4872.0
1146	4806.0
1147	4940.0
1148	4812.0
1149	5008.0
1150	4774.0
1151	4902.0
1152	4898.0
1153	4962.0
1154	4848.0
1155	4798.0
1156	4826.0
1157	4876.0
1158	4706.0
1159	4792.0
1160	4778.0
1161	4882.0
1162	4816.0
1163	4786.0
1164	4898.0
1165	4812.0
1166	4826.0
1167	4862.0
1168	4812.0
1169	4856.0
1170	4716.0
1171	4832.0
1172	4974.0
1173	4862.0
1174	4780.0
1175	4666.0
1176	4904.0
1177	4860.0
1178	4838.0
1179	4814.0
1180	4772.0
1181	4986.0
1182	4738.0
1183	4676.0
1184	4788.0
1185	4852.0
1186	4900.0
1187	4846.0
1188	4950.0
1189	4834.0
1190	4930.0
1191	4604.0
1192	4716.0
1193	4854.0
1194	4772.0
1195	5048.0
1196	4816.0
1197	4828.0
1198	4988.0
1199	5144.0
1200	4702.0
1201	5024.0
1202	4850.0
1203	4798.0
1204	4844.0
1205	5006.0
1206	4954.0
1207	4902.0
1208	4752.0
1209	4880.0
1210	4954.0
1211	4880.0
1212	5084.0
1213	4938.0
1214	4856.0
1215	4948.0
1216	5148.0
1217	5062.0
1218	4972.0
1219	5120.0
1220	5062.0
1221	4996.0
1222	4994.0
1223	5004.0
1224	4966.0
1225	5210.0
1226	4924.0
1227	5000.0
1228	5026.0
1229	4856.0
1230	5040.0
1231	5010.0
1232	4904.0
1233	5150.0
1234	5072.0
1235	4954.0
1236	5110.0
1237	4944.0
1238	5012.0
1239	4994.0
1240	4874.0
1241	5076.0
1242	4894.0
1243	5028.0
1244	5122.0
1245	5110.0
1246	4976.0
1247	5124.0
1248	5102.0
1249	5068.0
1250	4988.0
1251	5002.0
1252	5032.0
1253	5224.0
1254	5150.0
1255	5032.0
1256	4948.0
1257	5106.0
1258	5058.0
1259	5052.0
1260	4982.0
1261	5000.0
1262	5136.0
1263	5070.0
1264	5022.0
1265	4990.0
1266	4964.0
1267	5054.0
1268	4964.0
1269	5070.0
1270	5122.0
1271	4912.0
1272	5010.0
1273	5054.0
1274	5092.0
1275	5040.0
1276	5090.0
1277	5070.0
1278	4932.0
1279	5004.0
1280	5166.0
1281	4964.0
1282	5162.0
1283	5034.0
1284	5116.0
1285	4960.0
1286	5124.0
1287	5042.0
1288	5000.0
1289	4996.0
1290	4924.0
1291	5030.0
1292	5000.0
1293	5188.0
1294	5028.0
1295	5034.0
1296	4988.0
1297	5096.0
1298	4946.0
1299	4900.0
1300	4980.0
1301	5020.0
1302	5082.0
1303	5206.0
1304	5104.0
1305	5132.0
1306	5088.0
1307	5052.0
1308	5134.0
1309	5040.0
1310	4984.0
1311	5064.0
1312	4918.0
1313	5058.0
1314	5026.0
1315	5096.0
1316	5158.0
1317	5046.0
1318	5232.0
1319	5064.0
1320	5014.0
1321	4900.0
1322	4996.0
1323	4996.0
1324	5136.0
1325	5138.0
1326	4902.0
1327	4876.0
1328	4932.0
1329	5110.0
1330	5082.0
1331	5176.0
1332	5038.0
1333	5204.0
1334	5128.0
1335	5070.0
1336	4980.0
1337	5188.0
1338	5102.0
1339	5186.0
1340	4950.0
1341	5144.0
1342	4884.0
1343	5050.0
1344	5180.0
1345	4936.0
1346	5170.0
1347	5128.0
1348	5008.0
1349	5066.0
1350	5174.0
1351	4978.0
1352	5092.0
1353	5092.0
1354	4940.0
1355	4966.0
1356	4854.0
1357	5118.0
1358	4852.0
1359	4994.0
1360	4890.0
1361	4964.0
1362	5136.0
1363	4990.0
1364	5064.0
1365	4946.0
1366	4996.0
1367	4972.0
1368	4988.0
1369	4864.0
1370	5024.0
1371	4920.0
1372	4874.0
1373	4984.0
1374	4934.0
1375	4834.0
1376	5052.0
1377	4828.0
1378	4832.0
1379	4938.0
1380	5016.0
1381	4810.0
1382	4988.0
1383	4938.0
1384	4752.0
1385	5016.0
1386	4906.0
1387	5056.0
1388	4728.0
1389	5128.0
1390	5010.0
1391	4948.0
1392	4766.0
1393	4986.0
1394	4934.0
1395	4806.0
1396	4842.0
1397	4806.0
1398	4858.0
1399	4954.0
1400	4998.0
1401	4814.0
1402	4914.0
1403	4894.0
1404	5000.0
1405	4820.0
1406	4868.0
1407	4896.0
1408	4826.0
1409	4768.0
1410	5006.0
1411	4938.0
1412	4716.0
1413	5010.0
1414	4784.0
1415	4898.0
1416	4856.0
1417	5086.0
1418	4878.0
1419	4832.0
1420	5042.0
1421	4830.0
1422	4926.0
1423	4818.0
1424	5020.0
1425	4916.0
1426	4828.0
1427	4844.0
1428	4870.0
1429	4916.0
1430	4788.0
1431	4800.0
1432	4808.0
1433	4770.0
1434	4784.0
1435	4680.0
1436	4738.0
1437	4604.0
1438	4970.0
1439	4698.0
1440	4828.0
1441	4940.0
1442	4638.0
1443	4768.0
1444	4600.0
1445	4718.0
1446	4784.0
1447	4804.0
1448	4950.0
1449	4710.0
1450	4888.0
1451	4794.0
1452	4660.0
1453	4826.0
1454	4962.0
1455	4772.0
1456	4730.0
1457	4666.0
1458	4642.0
1459	4626.0
1460	4676.0
1461	4754.0
1462	4814.0
1463	4698.0
1464	4608.0
1465	4688.0
1466	4778.0
1467	4866.0
1468	4632.0
1469	4738.0
1470	4616.0
1471	4576.0
1472	4776.0
1473	4606.0
1474	4794.0
1475	4638.0
1476	4804.0
1477	4704.0
1478	4654.0
1479	4818.0
1480	4816.0
1481	4634.0
1482	4830.0
1483	4806.0
1484	4688.0
1485	4892.0
1486	4788.0
1487	4820.0
1488	4858.0
1489	4858.0
1490	4664.0
1491	4880.0
1492	4784.0
1493	4894.0
1494	4702.0
1495	4632.0
1496	4684.0
1497	4790.0
1498	4612.0
1499	4674.0
1500	4966.0
1501	4744.0
1502	4804.0
1503	4866.0
1504	4852.0
1505	4700.0
1506	4818.0
1507	4702.0
1508	4818.0
1509	4660.0
1510	4708.0
1511	4756.0
1512	4748.0
1513	4800.0
1514	4714.0
1515	4776.0
1516	4710.0
1517	4746.0
1518	4606.0
1519	4838.0
1520	4716.0
1521	4686.0
1522	4680.0
1523	4910.0
1524	4838.0
1525	4702.0
1526	4630.0
1527	4656.0
1528	4764.0
1529	4816.0
1530	4622.0
1531	4914.0
1532	4546.0
1533	4698.0
1534	4576.0
1535	4720.0
1536	4692.0
1537	4692.0
1538	4838.0
1539	4730.0
1540	4688.0
1541	4664.0
1542	4888.0
1543	4616.0
1544	4778.0
1545	4726.0
1546	4828.0
1547	4584.0
1548	4666.0
1549	4704.0
1550	4768.0
1551	4670.0
1552	4816.0
1553	4820.0
1554	4874.0
1555	4714.0
1556	4744.0
1557	4770.0
1558	4718.0
1559	4644.0
1560	4578.0
1561	4654.0
1562	4640.0
1563	4496.0
1564	4706.0
1565	4720.0
1566	4850.0
1567	4698.0
1568	4660.0
1569	4622.0
1570	4674.0
1571	4688.0
1572	4542.0
1573	4660.0
1574	4930.0
1575	4776.0
1576	4768.0
1577	4694.0
1578	4642.0
1579	4566.0
1580	4636.0
1581	4804.0
1582	4890.0
1583	4672.0
1584	4542.0
1585	4468.0
1586	4436.0
1587	4662.0
1588	4676.0
1589	4482.0
1590	4710.0
1591	4610.0
1592	4548.0
1593	4686.0
1594	4474.0
1595	4612.0
1596	4556.0
1597	4512.0
1598	4556.0
1599	4640.0
1600	4520.0
1601	4498.0
1602	4612.0
1603	4776.0
1604	4554.0
1605	4612.0
1606	4612.0
1607	4592.0
1608	4712.0
1609	4570.0
1610	4624.0
1611	4376.0
1612	4522.0
1613	4584.0
1614	4488.0
1615	4616.0
1616	4626.0
1617	4556.0
1618	4606.0
1619	4428.0
1620	4500.0
1621	4670.0
1622	4632.0
1623	4538.0
1624	4606.0
1625	4520.0
1626	4470.0
1627	4556.0
1628	4518.0
1629	4482.0
1630	4538.0
1631	4494.0
1632	4528.0
1633	4346.0
1634	4494.0
1635	4372.0
1636	4648.0
1637	4462.0
1638	4390.0
1639	4482.0
1640	4438.0
1641	4764.0
1642	4432.0
1643	4386.0
1644	4476.0
1645	4522.0
1646	4652.0
1647	4598.0
1648	4560.0
1649	4386.0
1650	4414.0
1651	4364.0
1652	4456.0
1653	4380.0
1654	4370.0
1655	4436.0
1656	4418.0
1657	4340.0
1658	4502.0
1659	4468.0
1660	4518.0
1661	4382.0
1662	4552.0
1663	4430.0
1664	4550.0
1665	4786.0
1666	4510.0
1667	4430.0
1668	4588.0
1669	4446.0
1670	4412.0
1671	4392.0
1672	4380.0
1673	4274.0
1674	4630.0
1675	4338.0
1676	4330.0
1677	4402.0
1678	4384.0
1679	4530.0
1680	4546.0
1681	4444.0
1682	4584.0
1683	4410.0
1684	4598.0
1685	4456.0
1686	4432.0
1687	4468.0
1688	4586.0
1689	4518.0
1690	4436.0
1691	4548.0
1692	4322.0
1693	4528.0
1694	4372.0
1695	4368.0
1696	4350.0
1697	4474.0
1698	4400.0
1699	4380.0
1700	4464.0
1701	4392.0
1702	4402.0
1703	4514.0
1704	4406.0
1705	4380.0
1706	4232.0
1707	4344.0
1708	4536.0
1709	4316.0
1710	4320.0
1711	4342.0
1712	4464.0
1713	4360.0
1714	4340.0
1715	4252.0
1716	4230.0
1717	4188.0
1718	4266.0
1719	4266.0
1720	4312.0
1721	4322.0
1722	4266.0
1723	4270.0
1724	4430.0
1725	4088.0
1726	4340.0
1727	4274.0
1728	4342.0
1729	4274.0
1730	4314.0
1731	4242.0
1732	4240.0
1733	4440.0
1734	4510.0
1735	4230.0
1736	4400.0
1737	4328.0
1738	4312.0
1739	4150.0
1740	4162.0
1741	4378.0
1742	4242.0
1743	4290.0
1744	4390.0
1745	4298.0
1746	4364.0
1747	4332.0
1748	4282.0
1749	4286.0
1750	4228.0
1751	4338.0
1752	4214.0
1753	4392.0
1754	4424.0
1755	4136.0
1756	4266.0
1757	4194.0
1758	4224.0
1759	4276.0
1760	4228.0
1761	4192.0
1762	4386.0
1763	4286.0
1764	4304.0
1765	4278.0
1766	4344.0
1767	4188.0
1768	4378.0
1769	4258.0
1770	4174.0
1771	4348.0
1772	4406.0
1773	4400.0
1774	4358.0
1775	4258.0
1776	4134.0
1777	4348.0
1778	4228.0
1779	4236.0
1780	4254.0
1781	4398.0
1782	4342.0
1783	4144.0
1784	4124.0
1785	4328.0
1786	4216.0
1787	4192.0
1788	4312.0
1789	4292.0
1790	4228.0
1791	4268.0
1792	4334.0
1793	4320.0
1794	4302.0
1795	4274.0
1796	4226.0
1797	4370.0
1798	4204.0
1799	4128.0
1800	4106.0
1801	4284.0
1802	4030.0
1803	4288.0
1804	4188.0
1805	4086.0
1806	4156.0
1807	4282.0
1808	4222.0
1809	4064.0
1810	4116.0
1811	4196.0
1812	4250.0
1813	4062.0
1814	4200.0
1815	4268.0
1816	4232.0
1817	4212.0
1818	4218.0
1819	4164.0
1820	4232.0
1821	4168.0
1822	4502.0
1823	4184.0
1824	4202.0
1825	4114.0
1826	4322.0
1827	4272.0
1828	4278.0
1829	4264.0
1830	4278.0
1831	4104.0
1832	4330.0
1833	4202.0
1834	4130.0
1835	4118.0
1836	4238.0
1837	4402.0
1838	4080.0
1839	4230.0
1840	4144.0
1841	4204.0
1842	4118.0
1843	4022.0
1844	4286.0
1845	4192.0
1846	4128.0
1847	4156.0
1848	4194.0
1849	4222.0
1850	4244.0
1851	4176.0
1852	4206.0
1853	4168.0
1854	4220.0
1855	4022.0
1856	4124.0
1857	4288.0
1858	4138.0
1859	4194.0
1860	4282.0
1861	4062.0
1862	4138.0
1863	4150.0
1864	3976.0
1865	4224.0
1866	4140.0
1867	4202.0
1868	4178.0
1869	4184.0
1870	4118.0
1871	4150.0
1872	4136.0
1873	4120.0
1874	4134.0
1875	4084.0
1876	4026.0
1877	3984.0
1878	4128.0
1879	3918.0
1880	4014.0
1881	4186.0
1882	4182.0
1883	4116.0
1884	4050.0
1885	4086.0
1886	4120.0
1887	3984.0
1888	4002.0
1889	4058.0
1890	4110.0
1891	4128.0
1892	3956.0
1893	3956.0
1894	4176.0
1895	4160.0
1896	4128.0
1897	4082.0
1898	4072.0
1899	4218.0
1900	3916.0
1901	4170.0
1902	4202.0
1903	4106.0
1904	4216.0
1905	4036.0
1906	4124.0
1907	4110.0
1908	4062.0
1909	4134.0
1910	4152.0
1911	4062.0
1912	4012.0
1913	4000.0
1914	4024.0
1915	4022.0
1916	4098.0
1917	3940.0
1918	3946.0
1919	4052.0
1920	4144.0
1921	4162.0
1922	3960.0
1923	4062.0
1924	3990.0
1925	3956.0
1926	4032.0
1927	4062.0
1928	4400.0
1929	3986.0
1930	3840.0
1931	4042.0
1932	4044.0
1933	3966.0
1934	3862.0
1935	3774.0
1936	4006.0
1937	3974.0
1938	3932.0
1939	4048.0
1940	4130.0
1941	4000.0
1942	3872.0
1943	3912.0
1944	3980.0
1945	3922.0
1946	4020.0
1947	4102.0
1948	4018.0
1949	4174.0
1950	4062.0
1951	3898.0
1952	3894.0
1953	3962.0
1954	4068.0
1955	3934.0
1956	3980.0
1957	4002.0
1958	3860.0
1959	3972.0
1960	4118.0
1961	4138.0
1962	3852.0
1963	3890.0
1964	4002.0
1965	3820.0
1966	4084.0
1967	3856.0
1968	3822.0
1969	4084.0
1970	3904.0
1971	4144.0
1972	3920.0
1973	3994.0
1974	4048.0
1975	3948.0
1976	3940.0
1977	3874.0
1978	3946.0
1979	4118.0
1980	3932.0
1981	3858.0
1982	3900.0
1983	3874.0
1984	3906.0
1985	3958.0
1986	3806.0
1987	3836.0
1988	3886.0
1989	3918.0
1990	3838.0
1991	3918.0
1992	3924.0
1993	3760.0
1994	3920.0
1995	3930.0
1996	3884.0
1997	3914.0
1998	3872.0
1999	3886.0
2000	3914.0
2001	3884.0
2002	3908.0
2003	3730.0
2004	4000.0
2005	3786.0
2006	3848.0
2007	3854.0
2008	3868.0
2009	3714.0
2010	3850.0
2011	3864.0
2012	3704.0
2013	3836.0
2014	3788.0
2015	3868.0
2016	3790.0
2017	3780.0
2018	3732.0
2019	3618.0
2020	3782.0
2021	3770.0
2022	3754.0
2023	3726.0
2024	3814.0
2025	3792.0
2026	3720.0
2027	3780.0
2028	3696.0
2029	3804.0
2030	3656.0
2031	3916.0
2032	3732.0
2033	3674.0
2034	3852.0
2035	3842.0
2036	3838.0
2037	3888.0
2038	3772.0
2039	3894.0
2040	3766.0
2041	3798.0
2042	3702.0
2043	3698.0
2044	3788.0
2045	3664.0
2046	3560.0
2047	3704.0
2048	3702.0
2049	3790.0
2050	3608.0
2051	3772.0
2052	3766.0
2053	3828.0
2054	3724.0
2055	3580.0
2056	3722.0
2057	3822.0
2058	3718.0
2059	3612.0
2060	3820.0
2061	3630.0
2062	3656.0
2063	3830.0
2064	3740.0
2065	3766.0
2066	3770.0
2067	3624.0
2068	3724.0
2069	3694.0
2070	3764.0
2071	3582.0
2072	3708.0
2073	3716.0
2074	3730.0
2075	3630.0
2076	3542.0
2077	3670.0
2078	3548.0
2079	3548.0
2080	3552.0
2081	3530.0
2082	3616.0
2083	3562.0
2084	3688.0
2085	3682.0
2086	3674.0
2087	3764.0
2088	3464.0
2089	3590.0
2090	3644.0
2091	3644.0
2092	3624.0
2093	3640.0
2094	3664.0
2095	3596.0
2096	3664.0
2097	3662.0
2098	3704.0
2099	3452.0
2100	3720.0
2101	3646.0
2102	3624.0
2103	3602.0
2104	3536.0
2105	3612.0
2106	3578.0
2107	3582.0
2108	3762.0
2109	3704.0
2110	3696.0
2111	3976.0
2112	3564.0
2113	3554.0
2114	3710.0
2115	3442.0
2116	3554.0
2117	3522.0
2118	3484.0
2119	3424.0
2120	3352.0
2121	3574.0
2122	3514.0
2123	3320.0
2124	3540.0
2125	3478.0
2126	3506.0
2127	3502.0
2128	3404.0
2129	3436.0
2130	3380.0
2131	3554.0
2132	3548.0
2133	3618.0
2134	3464.0
2135	3440.0
2136	3524.0
2137	3416.0
2138	3390.0
2139	3494.0
2140	3546.0
2141	3586.0
2142	3502.0
2143	3424.0
2144	3424.0
2145	3486.0
2146	3428.0
2147	3438.0
2148	3492.0
2149	3504.0
2150	3390.0
2151	3358.0
2152	3406.0
2153	3536.0
2154	3428.0
2155	3424.0
2156	3350.0
2157	3430.0
2158	3398.0
2159	3388.0
2160	3318.0
2161	3330.0
2162	3368.0
2163	3408.0
2164	3412.0
2165	3462.0
2166	3428.0
2167	3270.0
2168	3358.0
2169	3482.0
2170	3440.0
2171	3332.0
2172	3276.0
2173	3454.0
2174	3288.0
2175	3224.0
2176	3246.0
2177	3390.0
2178	3372.0
2179	3242.0
2180	3220.0
2181	3314.0
2182	3372.0
2183	3416.0
2184	3308.0
2185	3238.0
2186	3312.0
2187	3138.0
2188	3244.0
2189	3292.0
2190	3206.0
2191	3220.0
2192	3226.0
2193	3190.0
2194	3352.0
2195	3242.0
2196	3274.0
2197	3256.0
2198	3214.0
2199	3160.0
2200	3206.0
2201	3186.0
2202	3040.0
2203	3340.0
2204	3226.0
2205	3282.0
2206	3288.0
2207	3292.0
2208	3296.0
2209	3380.0
2210	3184.0
2211	3176.0
2212	3192.0
2213	3178.0
2214	3284.0
2215	3160.0
2216	3088.0
2217	3134.0
2218	3092.0
2219	3160.0
2220	3062.0
2221	3114.0
2222	3110.0
2223	3254.0
2224	3134.0
2225	3138.0
2226	3018.0
2227	3104.0
2228	3144.0
2229	3218.0
2230	3008.0
2231	3156.0
2232	3134.0
2233	3206.0
2234	3010.0
2235	3068.0
2236	3126.0
2237	3238.0
2238	3092.0
2239	3148.0
2240	3300.0
2241	3178.0
2242	3032.0
2243	3158.0
2244	3144.0
2245	3106.0
2246	3116.0
2247	3168.0
2248	3168.0
2249	3160.0
2250	3190.0
2251	3152.0
2252	3212.0
2253	3046.0
2254	3162.0
2255	3178.0
2256	3174.0
2257	3074.0
2258	3262.0
2259	3154.0
2260	3074.0
2261	3068.0
2262	3242.0
2263	3074.0
2264	2972.0
2265	3158.0
2266	3078.0
2267	3004.0
2268	3110.0
2269	3050.0
2270	3148.0
2271	3198.0
2272	3088.0
2273	3152.0
2274	2994.0
2275	2960.0
2276	3156.0
2277	3088.0
2278	3100.0
2279	3118.0
2280	3098.0
2281	3024.0
2282	2966.0
2283	3168.0
2284	3026.0
2285	3094.0
2286	2986.0
2287	3150.0
2288	3040.0
2289	2976.0
2290	3116.0
2291	3148.0
2292	2880.0
2293	3028.0
2294	3188.0
2295	3030.0
2296	3082.0
2297	2938.0
2298	3016.0
2299	2908.0
2300	3000.0
2301	2996.0
2302	2942.0
2303	3052.0
2304	3112.0
2305	2954.0
2306	3060.0
2307	2990.0
2308	3116.0
2309	3000.0
2310	3004.0
2311	3048.0
2312	2898.0
2313	3002.0
2314	3040.0
2315	3080.0
2316	2852.0
2317	2904.0
2318	3108.0
2319	2884.0
2320	3096.0
2321	2968.0
2322	2908.0
2323	3068.0
2324	3006.0
2325	2986.0
2326	2954.0
2327	3014.0
2328	2956.0
2329	2874.0
2330	2806.0
2331	2838.0
2332	2922.0
2333	2898.0
2334	2826.0
2335	3002.0
2336	3002.0
2337	2696.0
2338	2896.0
2339	2922.0
2340	2834.0
2341	2932.0
2342	2880.0
2343	2836.0
2344	2908.0
2345	2780.0
2346	2846.0
2347	2806.0
2348	2882.0
2349	2786.0
2350	2852.0
2351	2770.0
2352	2908.0
2353	2778.0
2354	2840.0
2355	2794.0
2356	2882.0
2357	2878.0
2358	2926.0
2359	2794.0
2360	2806.0
2361	2788.0
2362	2732.0
2363	2830.0
2364	2874.0
2365	2848.0
2366	2880.0
2367	2732.0
2368	2778.0
2369	2746.0
2370	2804.0
2371	2736.0
2372	2746.0
2373	2838.0
2374	2874.0
2375	2772.0
2376	2830.0
2377	2756.0
2378	2854.0
2379	2792.0
2380	2804.0
2381	2794.0
2382	2838.0
2383	2816.0
2384	2706.0
2385	2780.0
2386	2846.0
2387	2822.0
2388	2778.0
2389	2826.0
2390	2864.0
2391	2780.0
2392	2642.0
2393	2744.0
2394	2788.0
2395	2718.0
2396	2706.0
2397	2760.0
2398	2810.0
2399	2806.0
2400	2830.0
2401	2678.0
2402	2670.0
2403	2786.0
2404	2646.0
2405	2578.0
2406	2664.0
2407	2640.0
2408	2744.0
2409	2724.0
2410	2746.0
2411	2794.0
2412	2928.0
2413	2550.0
2414	2768.0
2415	2696.0
2416	2674.0
2417	2720.0
2418	2680.0
2419	2704.0
2420	2690.0
2421	2624.0
2422	2556.0
2423	2668.0
2424	2642.0
2425	2666.0
2426	2676.0
2427	2516.0
2428	2632.0
2429	2692.0
2430	2648.0
2431	2688.0
2432	2684.0
2433	2664.0
2434	2540.0
2435	2636.0
2436	2674.0
2437	2674.0
2438	2542.0
2439	2684.0
2440	2664.0
2441	2554.0
2442	2672.0
2443	2570.0
2444	2504.0
2445	2624.0
2446	2496.0
2447	2546.0
2448	2566.0
2449	2574.0
2450	2608.0
2451	2606.0
2452	2552.0
2453	2480.0
2454	2562.0
2455	2570.0
2456	2594.0
2457	2496.0
2458	2588.0
2459	2624.0
2460	2498.0
2461	2536.0
2462	2500.0
2463	2616.0
2464	2542.0
2465	2528.0
2466	2538.0
2467	2582.0
2468	2646.0
2469	2526.0
2470	2580.0
2471	2574.0
2472	2584.0
2473	2506.0
2474	2656.0
2475	2790.0
2476	2560.0
2477	2608.0
2478	2616.0
2479	2562.0
2480	2590.0
2481	2682.0
2482	2452.0
2483	2472.0
2484	2432.0
2485	2608.0
2486	2480.0
2487	2514.0
2488	2408.0
2489	2428.0
2490	2648.0
2491	2450.0
2492	2480.0
2493	2478.0
2494	2390.0
2495	2494.0
2496	2430.0
2497	2470.0
2498	2568.0
2499	2466.0
2500	2408.0
2501	2298.0
2502	2558.0
2503	2578.0
2504	2600.0
2505	2496.0
2506	2372.0
2507	2510.0
2508	2416.0
2509	2454.0
2510	2454.0
2511	2448.0
2512	2502.0
2513	2428.0
2514	2404.0
2515	2388.0
2516	2498.0
2517	2454.0
2518	2380.0
2519	2408.0
2520	2464.0
2521	2404.0
2522	2464.0
2523	2464.0
2524	2400.0
2525	2546.0
2526	2380.0
2527	2386.0
2528	2368.0
2529	2454.0
2530	2384.0
2531	2468.0
2532	2382.0
2533	2296.0
2534	2450.0
2535	2398.0
2536	2392.0
2537	2410.0
2538	2382.0
2539	2354.0
2540	2410.0
2541	2426.0
2542	2336.0
2543	2278.0
2544	2388.0
2545	2308.0
2546	2308.0
2547	2408.0
2548	2446.0
2549	2460.0
2550	2270.0
2551	2232.0
2552	2368.0
2553	2368.0
2554	2336.0
2555	2218.0
2556	2204.0
2557	2372.0
2558	2242.0
2559	2224.0
2560	2330.0
2561	2330.0
2562	2514.0
2563	2272.0
2564	2242.0
2565	2356.0
2566	2310.0
2567	2190.0
2568	2280.0
2569	2356.0
2570	2420.0
2571	2292.0
2572	2360.0
2573	2386.0
2574	2332.0
2575	2214.0
2576	2280.0
2577	2246.0
2578	2326.0
2579	2292.0
2580	2244.0
2581	2330.0
2582	2290.0
2583	2266.0
2584	2272.0
2585	2294.0
2586	2280.0
2587	2188.0
2588	2244.0
2589	2228.0
2590	2316.0
2591	2152.0
2592	2262.0
2593	2216.0
2594	2180.0
2595	2284.0
2596	2078.0
2597	2330.0
2598	2244.0
2599	2344.0
2600	2168.0
2601	2102.0
2602	2238.0
2603	2220.0
2604	2276.0
2605	2226.0
2606	2244.0
2607	2252.0
