0	550.0
1	484.0
2	352.0
3	508.0
4	506.0
5	574.0
6	680.0
7	436.0
8	608.0
9	576.0
10	458.0
11	438.0
12	518.0
13	482.0
14	532.0
15	622.0
16	560.0
17	614.0
18	524.0
19	530.0
20	524.0
21	504.0
22	564.0
23	636.0
24	538.0
25	544.0
26	604.0
27	654.0
28	444.0
29	548.0
30	574.0
31	570.0
32	690.0
33	680.0
34	604.0
35	476.0
36	654.0
37	548.0
38	622.0
39	564.0
40	640.0
41	628.0
42	558.0
43	572.0
44	552.0
45	574.0
46	478.0
47	566.0
48	542.0
49	586.0
50	514.0
51	614.0
52	526.0
53	524.0
54	516.0
55	560.0
56	608.0
57	662.0
58	550.0
59	568.0
60	608.0
61	616.0
62	676.0
63	582.0
64	438.0
65	600.0
66	558.0
67	568.0
68	444.0
69	612.0
70	554.0
71	656.0
72	538.0
73	578.0
74	602.0
75	714.0
76	610.0
77	664.0
78	580.0
79	512.0
80	380.0
81	626.0
82	500.0
83	530.0
84	676.0
85	534.0
86	584.0
87	534.0
88	722.0
89	612.0
90	504.0
91	484.0
92	544.0
93	470.0
94	576.0
95	500.0
96	582.0
97	546.0
98	624.0
99	614.0
100	466.0
101	536.0
102	436.0
103	580.0
104	560.0
105	584.0
106	574.0
107	598.0
108	556.0
109	582.0
110	572.0
111	544.0
112	638.0
113	502.0
114	564.0
115	584.0
116	542.0
117	540.0
118	650.0
119	504.0
120	642.0
121	558.0
122	666.0
123	542.0
124	476.0
125	544.0
126	526.0
127	568.0
128	484.0
129	650.0
130	502.0
131	630.0
132	484.0
133	572.0
134	628.0
135	576.0
136	550.0
137	620.0
138	624.0
139	494.0
140	512.0
141	554.0
142	464.0
143	586.0
144	542.0
145	522.0
146	542.0
147	546.0
148	578.0
149	564.0
150	590.0
151	580.0
152	604.0
153	570.0
154	506.0
155	504.0
156	598.0
157	612.0
158	662.0
159	584.0
160	548.0
161	630.0
162	588.0
163	470.0
164	528.0
165	542.0
166	642.0
167	506.0
168	562.0
169	632.0
170	506.0
171	624.0
172	620.0
173	536.0
174	596.0
175	618.0
176	612.0
177	530.0
178	592.0
179	598.0
180	590.0
181	488.0
182	608.0
183	498.0
184	572.0
185	458.0
186	552.0
187	578.0
188	586.0
189	474.0
190	532.0
191	522.0
192	474.0
193	628.0
194	570.0
195	622.0
196	624.0
197	570.0
198	608.0
199	626.0
200	498.0
201	628.0
202	494.0
203	592.0
204	646.0
205	482.0
206	566.0
207	522.0
208	528.0
209	584.0
210	608.0
211	584.0
212	574.0
213	580.0
214	464.0
215	588.0
216	486.0
217	570.0
218	592.0
219	522.0
220	544.0
221	562.0
222	482.0
223	506.0
224	612.0
225	682.0
226	528.0
227	550.0
228	570.0
229	494.0
230	508.0
231	632.0
232	626.0
233	550.0
234	510.0
235	496.0
236	540.0
237	492.0
238	428.0
239	502.0
240	502.0
241	524.0
242	430.0
243	602.0
244	628.0
245	598.0
246	568.0
247	590.0
248	382.0
249	480.0
250	564.0
251	632.0
252	628.0
253	498.0
254	528.0
255	628.0
256	596.0
257	626.0
258	556.0
259	408.0
260	476.0
261	638.0
262	560.0
263	604.0
264	504.0
265	598.0
266	524.0
267	524.0
268	650.0
269	548.0
270	588.0
271	458.0
272	618.0
273	536.0
274	604.0
275	538.0
276	518.0
277	574.0
278	542.0
279	550.0
280	524.0
281	482.0
282	620.0
283	564.0
284	488.0
285	582.0
286	664.0
287	584.0
288	462.0
289	464.0
290	534.0
291	582.0
292	616.0
293	538.0
294	498.0
295	674.0
296	622.0
297	662.0
298	438.0
299	692.0
300	524.0
301	534.0
302	546.0
303	532.0
304	480.0
305	538.0
306	550.0
307	656.0
308	494.0
309	534.0
310	458.0
311	640.0
312	600.0
313	540.0
314	650.0
315	514.0
316	574.0
317	544.0
318	622.0
319	546.0
320	426.0
321	554.0
322	550.0
323	578.0
324	500.0
325	506.0
326	556.0
327	658.0
328	524.0
329	558.0
330	628.0
331	604.0
332	476.0
333	626.0
334	602.0
335	472.0
336	608.0
337	664.0
338	574.0
339	630.0
340	588.0
341	534.0
342	568.0
343	534.0
344	468.0
345	574.0
346	542.0
347	532.0
348	572.0
349	436.0
350	578.0
351	556.0
352	566.0
353	468.0
354	588.0
355	654.0
356	572.0
357	552.0
358	560.0
359	592.0
360	524.0
361	602.0
362	498.0
363	432.0
364	618.0
365	548.0
366	500.0
367	594.0
368	626.0
369	594.0
370	572.0
371	560.0
372	618.0
373	592.0
374	492.0
375	658.0
376	528.0
377	564.0
378	564.0
379	586.0
380	492.0
381	652.0
382	506.0
383	634.0
384	600.0
385	596.0
386	554.0
387	594.0
388	594.0
389	600.0
390	638.0
391	598.0
392	552.0
393	488.0
394	512.0
395	612.0
396	582.0
397	666.0
398	636.0
399	576.0
400	530.0
401	658.0
402	552.0
403	438.0
404	450.0
405	592.0
406	602.0
407	658.0
408	638.0
409	528.0
410	488.0
411	606.0
412	640.0
413	598.0
414	538.0
415	504.0
416	526.0
417	632.0
418	614.0
419	460.0
420	592.0
421	514.0
422	502.0
423	558.0
424	548.0
425	670.0
426	566.0
427	600.0
428	654.0
429	500.0
430	552.0
431	608.0
432	588.0
433	462.0
434	576.0
435	368.0
436	702.0
437	502.0
438	602.0
439	592.0
440	544.0
441	648.0
442	556.0
443	504.0
444	590.0
445	674.0
446	616.0
447	450.0
448	514.0
449	582.0
450	538.0
451	574.0
452	372.0
453	576.0
454	526.0
455	450.0
456	588.0
457	608.0
458	720.0
459	380.0
460	622.0
461	580.0
462	496.0
463	590.0
464	624.0
465	596.0
466	512.0
467	540.0
468	490.0
469	642.0
470	594.0
471	586.0
472	506.0
473	576.0
474	522.0
475	392.0
476	656.0
477	508.0
478	574.0
479	518.0
480	500.0
481	582.0
482	624.0
483	626.0
484	584.0
485	524.0
486	550.0
487	516.0
488	516.0
489	516.0
490	534.0
491	452.0
492	510.0
493	634.0
494	604.0
495	644.0
496	600.0
497	442.0
498	490.0
499	488.0
500	572.0
501	544.0
502	418.0
503	546.0
504	636.0
505	640.0
506	550.0
507	588.0
508	452.0
509	518.0
510	626.0
511	620.0
512	710.0
513	638.0
514	596.0
515	644.0
516	616.0
517	614.0
518	464.0
519	436.0
520	568.0
521	706.0
522	520.0
523	550.0
524	560.0
525	622.0
526	558.0
527	578.0
528	544.0
529	614.0
530	462.0
531	642.0
532	622.0
533	636.0
534	612.0
535	520.0
536	500.0
537	662.0
538	592.0
539	554.0
540	470.0
541	578.0
542	574.0
543	556.0
544	618.0
545	626.0
546	520.0
547	582.0
548	596.0
549	586.0
550	512.0
551	524.0
552	534.0
553	536.0
554	484.0
555	556.0
556	612.0
557	498.0
558	588.0
559	580.0
560	514.0
561	536.0
562	658.0
563	608.0
564	486.0
565	602.0
566	604.0
567	714.0
568	456.0
569	480.0
570	658.0
571	574.0
572	444.0
573	676.0
574	576.0
575	584.0
576	462.0
577	528.0
578	624.0
579	504.0
580	674.0
581	582.0
582	670.0
583	624.0
584	648.0
585	506.0
586	438.0
587	514.0
588	474.0
589	562.0
590	584.0
591	482.0
592	638.0
593	510.0
594	648.0
595	606.0
596	596.0
597	528.0
598	556.0
599	524.0
600	454.0
601	604.0
602	632.0
603	514.0
604	542.0
605	470.0
606	566.0
607	512.0
608	504.0
609	606.0
610	666.0
611	628.0
612	590.0
613	466.0
614	580.0
615	466.0
616	520.0
617	602.0
618	462.0
619	636.0
620	488.0
621	620.0
622	526.0
623	482.0
624	572.0
625	560.0
626	490.0
627	562.0
628	574.0
629	576.0
630	498.0
631	626.0
632	636.0
633	540.0
634	432.0
635	526.0
636	614.0
637	512.0
638	476.0
639	622.0
640	518.0
641	498.0
642	610.0
643	534.0
644	560.0
645	548.0
646	444.0
647	596.0
648	508.0
649	558.0
650	626.0
651	568.0
652	636.0
653	620.0
654	646.0
655	622.0
656	510.0
657	450.0
658	656.0
659	544.0
660	536.0
661	714.0
662	448.0
663	670.0
664	650.0
665	418.0
666	560.0
667	488.0
668	628.0
669	576.0
670	574.0
671	574.0
672	456.0
673	488.0
674	460.0
675	546.0
676	536.0
677	576.0
678	542.0
679	548.0
680	522.0
681	522.0
682	652.0
683	588.0
684	574.0
685	608.0
686	602.0
687	566.0
688	546.0
689	610.0
690	522.0
691	570.0
692	498.0
693	518.0
694	608.0
695	548.0
696	450.0
697	510.0
698	484.0
699	548.0
700	506.0
701	636.0
702	556.0
703	606.0
704	538.0
705	634.0
706	504.0
707	568.0
708	714.0
709	506.0
710	682.0
711	582.0
712	578.0
713	506.0
714	492.0
715	596.0
716	600.0
717	574.0
718	506.0
719	558.0
720	486.0
721	616.0
722	534.0
723	620.0
724	482.0
725	470.0
726	504.0
727	640.0
728	560.0
729	656.0
730	560.0
731	558.0
732	622.0
733	550.0
734	580.0
735	524.0
736	532.0
737	596.0
738	538.0
739	680.0
740	548.0
741	628.0
742	356.0
743	646.0
744	670.0
745	562.0
746	524.0
747	460.0
748	596.0
749	572.0
750	482.0
751	624.0
752	486.0
753	504.0
754	556.0
755	564.0
756	604.0
757	578.0
758	586.0
759	498.0
760	576.0
761	486.0
762	534.0
763	546.0
764	510.0
765	626.0
766	600.0
767	464.0
768	684.0
769	452.0
770	590.0
771	528.0
772	618.0
773	698.0
774	674.0
775	538.0
776	542.0
777	434.0
778	528.0
779	558.0
780	530.0
781	534.0
782	426.0
783	594.0
784	648.0
785	570.0
786	444.0
787	518.0
788	502.0
789	468.0
790	620.0
791	576.0
792	506.0
793	508.0
794	586.0
795	592.0
796	508.0
797	578.0
798	596.0
799	562.0
800	436.0
801	592.0
802	408.0
803	564.0
804	502.0
805	586.0
806	716.0
807	642.0
808	458.0
809	510.0
810	538.0
811	602.0
812	528.0
813	564.0
814	642.0
815	590.0
816	572.0
817	654.0
818	574.0
819	526.0
820	536.0
821	606.0
822	600.0
823	572.0
824	468.0
825	558.0
826	454.0
827	606.0
828	540.0
829	516.0
830	532.0
831	454.0
832	680.0
833	548.0
834	362.0
835	488.0
836	462.0
837	622.0
838	534.0
839	484.0
840	668.0
841	408.0
842	572.0
843	504.0
844	650.0
845	532.0
846	518.0
847	604.0
848	568.0
849	482.0
850	628.0
851	634.0
852	546.0
853	638.0
854	518.0
855	630.0
856	592.0
857	524.0
858	524.0
859	630.0
860	562.0
861	482.0
862	442.0
863	510.0
864	454.0
865	396.0
866	488.0
867	482.0
868	650.0
869	522.0
870	586.0
871	590.0
872	500.0
873	544.0
874	668.0
875	652.0
876	548.0
877	550.0
878	556.0
879	582.0
880	554.0
881	580.0
882	426.0
883	502.0
884	504.0
885	546.0
886	534.0
887	590.0
888	570.0
889	502.0
890	484.0
891	526.0
892	622.0
893	614.0
894	586.0
895	576.0
896	574.0
897	518.0
898	514.0
899	592.0
900	544.0
901	530.0
902	408.0
903	542.0
904	606.0
905	500.0
906	516.0
907	560.0
908	506.0
909	502.0
910	520.0
911	424.0
912	468.0
913	512.0
914	524.0
915	526.0
916	538.0
917	586.0
918	404.0
919	498.0
920	500.0
921	622.0
922	588.0
923	498.0
924	512.0
925	560.0
926	672.0
927	586.0
928	656.0
929	572.0
930	486.0
931	676.0
932	668.0
933	634.0
934	488.0
935	468.0
936	492.0
937	552.0
938	424.0
939	662.0
940	560.0
941	594.0
942	662.0
943	532.0
944	654.0
945	576.0
946	558.0
947	616.0
948	690.0
949	526.0
950	604.0
951	616.0
952	612.0
953	606.0
954	492.0
955	492.0
956	582.0
957	494.0
958	582.0
959	500.0
960	552.0
961	522.0
962	504.0
963	554.0
964	544.0
965	612.0
966	606.0
967	602.0
968	606.0
969	534.0
970	544.0
971	512.0
972	420.0
973	556.0
974	552.0
975	590.0
976	542.0
977	506.0
978	680.0
979	562.0
980	496.0
981	514.0
982	478.0
983	572.0
984	456.0
985	662.0
986	472.0
987	654.0
988	536.0
989	504.0
990	514.0
991	630.0
992	650.0
993	546.0
994	568.0
995	504.0
996	446.0
997	556.0
998	490.0
999	660.0
1000	568.0
1001	626.0
1002	456.0
1003	578.0
1004	540.0
1005	474.0
1006	464.0
1007	570.0
1008	494.0
1009	676.0
1010	474.0
1011	580.0
1012	520.0
1013	510.0
1014	646.0
1015	474.0
1016	528.0
1017	520.0
1018	470.0
1019	546.0
1020	516.0
1021	528.0
1022	648.0
1023	626.0
1024	372.0
1025	458.0
1026	472.0
1027	544.0
1028	550.0
1029	570.0
1030	566.0
1031	708.0
1032	614.0
1033	510.0
1034	520.0
1035	524.0
1036	598.0
1037	508.0
1038	452.0
1039	600.0
1040	526.0
1041	538.0
1042	696.0
1043	632.0
1044	564.0
1045	604.0
1046	594.0
1047	470.0
1048	566.0
1049	604.0
1050	564.0
1051	608.0
1052	520.0
1053	592.0
1054	442.0
1055	532.0
1056	616.0
1057	636.0
1058	450.0
1059	558.0
1060	562.0
1061	578.0
1062	554.0
1063	634.0
1064	608.0
1065	578.0
1066	586.0
1067	586.0
1068	458.0
1069	492.0
1070	530.0
1071	626.0
1072	640.0
1073	590.0
1074	600.0
1075	546.0
1076	468.0
1077	530.0
1078	634.0
1079	634.0
1080	458.0
1081	564.0
1082	424.0
1083	554.0
1084	596.0
1085	568.0
1086	636.0
1087	530.0
1088	600.0
1089	560.0
1090	604.0
1091	522.0
1092	596.0
1093	520.0
1094	498.0
1095	400.0
1096	670.0
1097	542.0
1098	566.0
1099	530.0
1100	466.0
1101	436.0
1102	482.0
1103	630.0
1104	448.0
1105	630.0
1106	602.0
1107	562.0
1108	536.0
1109	548.0
1110	586.0
1111	580.0
1112	642.0
1113	640.0
1114	544.0
1115	496.0
1116	594.0
1117	508.0
1118	496.0
1119	520.0
1120	582.0
1121	474.0
1122	700.0
1123	554.0
1124	584.0
1125	604.0
1126	592.0
1127	562.0
1128	684.0
1129	482.0
1130	482.0
1131	644.0
1132	600.0
1133	584.0
1134	458.0
1135	592.0
1136	640.0
1137	528.0
1138	586.0
1139	560.0
1140	638.0
1141	510.0
1142	670.0
1143	618.0
1144	448.0
1145	510.0
1146	564.0
1147	704.0
1148	532.0
1149	590.0
1150	560.0
1151	532.0
1152	620.0
1153	472.0
1154	454.0
1155	624.0
1156	602.0
1157	436.0
1158	616.0
1159	474.0
1160	572.0
1161	482.0
1162	562.0
1163	590.0
1164	488.0
1165	500.0
1166	572.0
1167	620.0
1168	564.0
1169	548.0
1170	538.0
1171	414.0
1172	592.0
1173	396.0
1174	598.0
1175	524.0
1176	600.0
1177	700.0
1178	642.0
1179	620.0
1180	616.0
1181	694.0
1182	522.0
1183	592.0
1184	560.0
1185	486.0
1186	552.0
1187	550.0
1188	546.0
1189	640.0
1190	562.0
1191	572.0
1192	452.0
1193	616.0
1194	514.0
1195	658.0
1196	654.0
1197	624.0
1198	590.0
1199	460.0
1200	676.0
1201	632.0
1202	616.0
1203	592.0
1204	620.0
1205	518.0
1206	556.0
1207	518.0
1208	472.0
1209	638.0
1210	516.0
1211	496.0
1212	638.0
1213	488.0
1214	478.0
1215	644.0
1216	570.0
1217	556.0
1218	508.0
1219	514.0
1220	452.0
1221	560.0
1222	586.0
1223	606.0
1224	496.0
1225	666.0
1226	506.0
1227	542.0
1228	560.0
1229	536.0
1230	566.0
1231	550.0
1232	644.0
1233	542.0
1234	568.0
1235	612.0
1236	576.0
1237	502.0
1238	570.0
1239	532.0
1240	502.0
1241	700.0
1242	584.0
1243	576.0
1244	528.0
1245	548.0
1246	574.0
1247	508.0
1248	490.0
1249	538.0
1250	628.0
1251	510.0
1252	570.0
1253	618.0
1254	604.0
1255	478.0
1256	492.0
1257	608.0
1258	534.0
1259	592.0
1260	550.0
1261	628.0
1262	658.0
1263	658.0
1264	520.0
1265	604.0
1266	674.0
1267	474.0
1268	556.0
1269	608.0
1270	650.0
1271	652.0
1272	590.0
1273	576.0
1274	438.0
1275	598.0
1276	666.0
1277	560.0
1278	464.0
1279	518.0
1280	504.0
1281	664.0
1282	534.0
1283	698.0
1284	524.0
1285	468.0
1286	498.0
1287	662.0
1288	610.0
1289	474.0
1290	460.0
1291	548.0
1292	572.0
1293	724.0
1294	598.0
1295	552.0
1296	490.0
1297	548.0
1298	482.0
1299	578.0
1300	502.0
1301	506.0
1302	632.0
1303	612.0
1304	548.0
1305	528.0
1306	590.0
1307	664.0
1308	608.0
1309	612.0
1310	568.0
1311	614.0
1312	560.0
1313	620.0
1314	614.0
1315	562.0
1316	580.0
1317	516.0
1318	532.0
1319	570.0
1320	626.0
1321	602.0
1322	664.0
1323	446.0
1324	596.0
1325	518.0
1326	516.0
1327	628.0
1328	710.0
1329	580.0
1330	548.0
1331	592.0
1332	616.0
1333	540.0
1334	590.0
1335	674.0
1336	662.0
1337	556.0
1338	534.0
1339	624.0
1340	482.0
1341	566.0
1342	546.0
1343	556.0
1344	578.0
1345	622.0
1346	422.0
1347	530.0
1348	604.0
1349	564.0
1350	620.0
1351	470.0
1352	568.0
1353	560.0
1354	496.0
1355	618.0
1356	506.0
1357	418.0
1358	512.0
1359	550.0
1360	426.0
1361	708.0
1362	616.0
1363	592.0
1364	508.0
1365	472.0
1366	598.0
1367	474.0
1368	540.0
1369	574.0
1370	594.0
1371	632.0
1372	630.0
1373	660.0
1374	592.0
1375	518.0
1376	574.0
1377	536.0
1378	484.0
1379	462.0
1380	478.0
1381	594.0
1382	588.0
1383	492.0
1384	622.0
1385	692.0
1386	506.0
1387	564.0
1388	432.0
1389	612.0
1390	572.0
1391	418.0
1392	542.0
1393	566.0
1394	512.0
1395	514.0
1396	634.0
1397	442.0
1398	616.0
1399	552.0
1400	486.0
1401	598.0
1402	510.0
1403	654.0
1404	570.0
1405	702.0
1406	580.0
1407	610.0
1408	648.0
1409	612.0
1410	500.0
1411	606.0
1412	598.0
1413	492.0
1414	494.0
1415	490.0
1416	478.0
1417	602.0
1418	516.0
1419	478.0
1420	460.0
1421	620.0
1422	584.0
1423	562.0
1424	452.0
1425	586.0
1426	584.0
1427	646.0
1428	490.0
1429	546.0
1430	656.0
1431	582.0
1432	606.0
1433	580.0
1434	658.0
1435	564.0
1436	620.0
1437	452.0
1438	470.0
1439	580.0
1440	686.0
1441	832.0
1442	860.0
1443	924.0
1444	1094.0
1445	1266.0
1446	1190.0
1447	812.0
1448	934.0
1449	982.0
1450	838.0
1451	928.0
1452	902.0
1453	1000.0
1454	1322.0
1455	1316.0
1456	1638.0
1457	2122.0
1458	2540.0
1459	3144.0
1460	5076.0
1461	6920.0
1462	9696.0
1463	15168.0
1464	23616.0
1465	37484.0
1466	55392.0
1467	72484.0
1468	82812.0
1469	81556.0
1470	70392.0
1471	52892.0
1472	36724.0
1473	24852.0
1474	15876.0
1475	9982.0
1476	6500.0
1477	4540.0
1478	3520.0
1479	2536.0
1480	2144.0
1481	1688.0
1482	1292.0
1483	1384.0
1484	1140.0
1485	898.0
1486	762.0
1487	774.0
1488	964.0
1489	586.0
1490	740.0
1491	634.0
1492	806.0
1493	520.0
1494	544.0
1495	530.0
1496	584.0
1497	568.0
1498	596.0
1499	584.0
1500	608.0
1501	568.0
1502	630.0
1503	560.0
1504	418.0
1505	514.0
1506	604.0
1507	566.0
1508	574.0
1509	544.0
1510	548.0
1511	594.0
1512	544.0
1513	608.0
1514	572.0
1515	534.0
1516	556.0
1517	498.0
1518	586.0
1519	498.0
1520	558.0
1521	570.0
1522	586.0
1523	574.0
1524	540.0
1525	682.0
1526	530.0
1527	556.0
1528	534.0
1529	518.0
1530	580.0
1531	634.0
1532	508.0
1533	582.0
1534	478.0
1535	456.0
1536	560.0
1537	550.0
1538	468.0
1539	488.0
1540	450.0
1541	506.0
1542	554.0
1543	436.0
1544	510.0
1545	532.0
1546	576.0
1547	516.0
1548	542.0
1549	476.0
1550	608.0
1551	414.0
1552	532.0
1553	514.0
1554	424.0
1555	510.0
1556	626.0
1557	572.0
1558	542.0
1559	818.0
1560	810.0
1561	1406.0
1562	2098.0
1563	2982.0
1564	3380.0
1565	3148.0
1566	2418.0
1567	1766.0
1568	1306.0
1569	870.0
1570	564.0
1571	500.0
1572	688.0
1573	558.0
1574	672.0
1575	648.0
1576	504.0
1577	588.0
1578	494.0
1579	634.0
1580	414.0
1581	642.0
1582	598.0
1583	526.0
1584	398.0
1585	466.0
1586	636.0
1587	514.0
1588	594.0
1589	422.0
1590	564.0
1591	444.0
1592	540.0
1593	612.0
1594	608.0
1595	634.0
1596	696.0
1597	1020.0
1598	532.0
1599	602.0
1600	592.0
1601	544.0
1602	478.0
1603	640.0
1604	586.0
1605	644.0
1606	660.0
1607	522.0
1608	576.0
1609	550.0
1610	610.0
1611	638.0
1612	544.0
1613	592.0
1614	570.0
1615	566.0
1616	506.0
1617	476.0
1618	578.0
1619	512.0
1620	592.0
1621	486.0
1622	580.0
1623	538.0
1624	538.0
1625	490.0
1626	552.0
1627	630.0
1628	534.0
1629	548.0
1630	480.0
1631	536.0
1632	524.0
1633	534.0
1634	486.0
1635	516.0
1636	464.0
1637	472.0
1638	498.0
1639	622.0
1640	588.0
1641	636.0
1642	400.0
1643	548.0
1644	616.0
1645	712.0
1646	564.0
1647	458.0
1648	592.0
1649	558.0
1650	660.0
1651	618.0
1652	614.0
1653	670.0
1654	492.0
1655	546.0
1656	654.0
1657	390.0
1658	534.0
1659	656.0
1660	574.0
1661	460.0
1662	552.0
1663	600.0
1664	456.0
1665	666.0
1666	558.0
1667	676.0
1668	516.0
1669	512.0
1670	648.0
1671	540.0
1672	578.0
1673	640.0
1674	486.0
1675	472.0
1676	622.0
1677	670.0
1678	580.0
1679	434.0
1680	576.0
1681	434.0
1682	480.0
1683	512.0
1684	690.0
1685	470.0
1686	574.0
1687	550.0
1688	490.0
1689	548.0
1690	556.0
1691	658.0
1692	464.0
1693	702.0
1694	470.0
1695	502.0
1696	376.0
1697	470.0
1698	662.0
1699	544.0
1700	514.0
1701	536.0
1702	490.0
1703	620.0
1704	518.0
1705	584.0
1706	514.0
1707	676.0
1708	548.0
1709	590.0
1710	610.0
1711	440.0
1712	614.0
1713	498.0
1714	578.0
1715	596.0
1716	580.0
1717	482.0
1718	578.0
1719	590.0
1720	578.0
1721	532.0
1722	602.0
1723	588.0
1724	560.0
1725	578.0
1726	544.0
1727	676.0
1728	478.0
1729	480.0
1730	606.0
1731	592.0
1732	544.0
1733	626.0
1734	622.0
1735	554.0
1736	642.0
1737	598.0
1738	560.0
1739	556.0
1740	532.0
1741	566.0
1742	566.0
1743	542.0
1744	426.0
1745	584.0
1746	552.0
1747	612.0
1748	674.0
1749	556.0
1750	530.0
1751	534.0
1752	530.0
1753	502.0
1754	502.0
1755	480.0
1756	480.0
1757	596.0
1758	490.0
1759	494.0
1760	558.0
1761	664.0
1762	534.0
1763	616.0
1764	518.0
1765	552.0
1766	604.0
1767	560.0
1768	568.0
1769	652.0
1770	584.0
1771	416.0
1772	686.0
1773	562.0
1774	546.0
1775	606.0
1776	568.0
1777	576.0
1778	436.0
1779	516.0
1780	598.0
1781	716.0
1782	450.0
1783	598.0
1784	514.0
1785	612.0
1786	510.0
1787	506.0
1788	514.0
1789	584.0
1790	562.0
1791	558.0
1792	538.0
1793	516.0
1794	608.0
1795	530.0
1796	526.0
1797	488.0
1798	628.0
1799	636.0
1800	532.0
1801	624.0
1802	604.0
1803	622.0
1804	386.0
1805	606.0
1806	558.0
1807	438.0
1808	384.0
1809	558.0
1810	648.0
1811	626.0
1812	596.0
1813	652.0
1814	568.0
1815	636.0
1816	562.0
1817	554.0
1818	508.0
1819	540.0
1820	610.0
1821	594.0
1822	582.0
1823	640.0
1824	630.0
1825	522.0
1826	448.0
1827	516.0
1828	490.0
1829	556.0
1830	590.0
1831	392.0
1832	600.0
1833	570.0
1834	638.0
1835	504.0
1836	612.0
1837	526.0
1838	562.0
1839	578.0
1840	580.0
1841	614.0
1842	512.0
1843	506.0
1844	626.0
1845	556.0
1846	530.0
1847	658.0
1848	534.0
1849	440.0
1850	506.0
1851	518.0
1852	488.0
1853	552.0
1854	554.0
1855	554.0
1856	568.0
1857	596.0
1858	562.0
1859	516.0
1860	494.0
1861	540.0
1862	530.0
1863	638.0
1864	512.0
1865	534.0
1866	588.0
1867	476.0
1868	634.0
1869	610.0
1870	638.0
1871	348.0
1872	628.0
1873	698.0
1874	574.0
1875	544.0
1876	626.0
1877	706.0
1878	530.0
1879	554.0
1880	520.0
1881	552.0
1882	598.0
1883	560.0
1884	574.0
1885	588.0
1886	508.0
1887	652.0
1888	480.0
1889	550.0
1890	562.0
1891	550.0
1892	678.0
1893	608.0
1894	692.0
1895	562.0
1896	628.0
1897	566.0
1898	622.0
1899	508.0
1900	502.0
1901	582.0
1902	600.0
1903	592.0
1904	558.0
1905	628.0
1906	458.0
1907	440.0
1908	554.0
1909	530.0
1910	540.0
1911	752.0
1912	530.0
1913	654.0
1914	504.0
1915	628.0
1916	542.0
1917	486.0
1918	580.0
1919	666.0
1920	604.0
1921	532.0
1922	684.0
1923	654.0
1924	662.0
1925	516.0
1926	556.0
1927	654.0
1928	542.0
1929	590.0
1930	662.0
1931	546.0
1932	416.0
1933	584.0
1934	570.0
1935	540.0
1936	572.0
1937	724.0
1938	568.0
1939	634.0
1940	540.0
1941	710.0
1942	474.0
1943	508.0
1944	534.0
1945	480.0
1946	568.0
1947	530.0
1948	554.0
1949	522.0
1950	492.0
1951	608.0
1952	472.0
1953	440.0
1954	474.0
1955	648.0
1956	600.0
1957	578.0
1958	576.0
1959	520.0
1960	558.0
1961	564.0
1962	548.0
1963	464.0
1964	528.0
1965	542.0
1966	646.0
1967	436.0
1968	614.0
1969	500.0
1970	600.0
1971	606.0
1972	496.0
1973	624.0
1974	620.0
1975	562.0
1976	536.0
1977	612.0
1978	594.0
1979	646.0
1980	674.0
1981	522.0
1982	550.0
1983	550.0
1984	610.0
1985	650.0
1986	454.0
1987	632.0
1988	608.0
1989	438.0
1990	530.0
1991	472.0
1992	550.0
1993	626.0
1994	564.0
1995	632.0
1996	518.0
1997	580.0
1998	610.0
1999	568.0
2000	644.0
2001	430.0
2002	678.0
2003	594.0
2004	562.0
2005	354.0
2006	456.0
2007	688.0
2008	476.0
2009	528.0
2010	602.0
2011	574.0
2012	626.0
2013	566.0
2014	614.0
2015	518.0
2016	588.0
2017	624.0
2018	582.0
2019	464.0
2020	660.0
2021	646.0
2022	610.0
2023	570.0
2024	510.0
2025	588.0
2026	580.0
2027	494.0
2028	472.0
2029	388.0
2030	564.0
2031	532.0
2032	680.0
2033	626.0
2034	640.0
2035	530.0
2036	464.0
2037	436.0
2038	530.0
2039	624.0
2040	584.0
2041	474.0
2042	620.0
2043	450.0
2044	562.0
2045	610.0
2046	498.0
2047	644.0
2048	636.0
2049	566.0
2050	666.0
2051	410.0
2052	480.0
2053	548.0
2054	602.0
2055	586.0
2056	598.0
2057	542.0
2058	692.0
2059	720.0
2060	530.0
2061	596.0
2062	580.0
2063	638.0
2064	536.0
2065	596.0
2066	704.0
2067	504.0
2068	510.0
2069	688.0
2070	624.0
2071	686.0
2072	536.0
2073	542.0
2074	592.0
2075	470.0
2076	564.0
2077	508.0
2078	588.0
2079	606.0
2080	548.0
2081	438.0
2082	664.0
2083	546.0
2084	518.0
2085	538.0
2086	452.0
2087	572.0
2088	594.0
2089	582.0
2090	618.0
2091	566.0
2092	574.0
2093	600.0
2094	578.0
2095	472.0
2096	466.0
2097	604.0
2098	528.0
2099	574.0
2100	576.0
2101	574.0
2102	566.0
2103	530.0
2104	488.0
2105	568.0
2106	500.0
2107	704.0
2108	540.0
2109	516.0
2110	436.0
2111	598.0
2112	528.0
2113	516.0
2114	602.0
2115	518.0
2116	618.0
2117	470.0
2118	574.0
2119	628.0
2120	596.0
2121	536.0
2122	576.0
2123	584.0
2124	604.0
2125	572.0
2126	544.0
2127	648.0
2128	584.0
2129	570.0
2130	688.0
2131	622.0
2132	466.0
2133	588.0
2134	460.0
2135	632.0
2136	636.0
2137	514.0
2138	600.0
2139	540.0
2140	564.0
2141	596.0
2142	600.0
2143	670.0
2144	534.0
2145	516.0
2146	494.0
2147	594.0
2148	534.0
2149	544.0
2150	618.0
2151	556.0
2152	580.0
2153	488.0
2154	654.0
2155	628.0
2156	564.0
2157	596.0
2158	578.0
2159	592.0
2160	600.0
2161	562.0
2162	648.0
2163	484.0
2164	604.0
2165	640.0
2166	486.0
2167	650.0
2168	592.0
2169	646.0
2170	692.0
2171	608.0
2172	616.0
2173	496.0
2174	518.0
2175	568.0
2176	548.0
2177	626.0
2178	584.0
2179	594.0
2180	686.0
2181	530.0
2182	512.0
2183	478.0
2184	596.0
2185	568.0
2186	518.0
2187	506.0
2188	612.0
2189	542.0
2190	586.0
2191	652.0
2192	658.0
2193	470.0
2194	456.0
2195	540.0
2196	606.0
2197	580.0
2198	520.0
2199	550.0
2200	552.0
2201	504.0
2202	538.0
2203	444.0
2204	562.0
2205	604.0
2206	500.0
2207	572.0
2208	564.0
2209	670.0
2210	596.0
2211	630.0
2212	572.0
2213	504.0
2214	604.0
2215	632.0
2216	530.0
2217	572.0
2218	568.0
2219	642.0
2220	584.0
2221	598.0
2222	554.0
2223	654.0
2224	520.0
2225	642.0
2226	608.0
2227	534.0
2228	474.0
2229	532.0
2230	652.0
2231	586.0
2232	554.0
2233	666.0
2234	588.0
2235	646.0
2236	570.0
2237	632.0
2238	566.0
2239	618.0
2240	682.0
2241	584.0
2242	548.0
2243	632.0
2244	560.0
2245	560.0
2246	522.0
2247	612.0
2248	572.0
2249	510.0
2250	640.0
2251	554.0
2252	504.0
2253	512.0
2254	558.0
2255	586.0
2256	552.0
2257	636.0
2258	546.0
2259	590.0
2260	698.0
2261	618.0
2262	584.0
2263	664.0
2264	542.0
2265	604.0
2266	696.0
2267	654.0
2268	552.0
2269	538.0
2270	576.0
2271	670.0
2272	624.0
2273	652.0
2274	426.0
2275	660.0
2276	590.0
2277	680.0
2278	692.0
2279	534.0
2280	642.0
2281	656.0
2282	604.0
2283	524.0
2284	682.0
2285	604.0
2286	528.0
2287	658.0
2288	564.0
2289	574.0
2290	500.0
2291	596.0
2292	466.0
2293	624.0
2294	526.0
2295	514.0
2296	522.0
2297	528.0
2298	586.0
2299	686.0
2300	688.0
2301	410.0
2302	612.0
2303	628.0
2304	600.0
2305	644.0
2306	556.0
2307	590.0
2308	598.0
2309	556.0
2310	548.0
2311	676.0
2312	556.0
2313	638.0
2314	580.0
2315	696.0
2316	592.0
2317	532.0
2318	480.0
2319	738.0
2320	502.0
2321	538.0
2322	610.0
2323	546.0
2324	584.0
2325	594.0
2326	426.0
2327	652.0
2328	742.0
2329	472.0
2330	514.0
2331	454.0
2332	506.0
2333	672.0
2334	576.0
2335	638.0
2336	564.0
2337	676.0
2338	550.0
2339	474.0
2340	526.0
2341	606.0
2342	644.0
2343	618.0
2344	580.0
2345	644.0
2346	638.0
2347	574.0
2348	512.0
2349	662.0
2350	594.0
2351	616.0
2352	428.0
2353	600.0
2354	700.0
2355	610.0
2356	566.0
2357	628.0
2358	614.0
2359	638.0
2360	550.0
2361	670.0
2362	540.0
2363	554.0
2364	606.0
2365	472.0
2366	590.0
2367	604.0
2368	642.0
2369	612.0
2370	632.0
2371	542.0
2372	678.0
2373	520.0
2374	530.0
2375	646.0
2376	560.0
2377	524.0
2378	610.0
2379	532.0
2380	548.0
2381	562.0
2382	530.0
2383	592.0
2384	626.0
2385	570.0
2386	606.0
2387	564.0
2388	590.0
2389	574.0
2390	576.0
2391	476.0
2392	588.0
2393	592.0
2394	654.0
2395	604.0
2396	442.0
2397	562.0
2398	630.0
2399	622.0
2400	480.0
2401	602.0
2402	524.0
2403	546.0
2404	598.0
2405	598.0
2406	504.0
2407	556.0
2408	582.0
2409	522.0
2410	636.0
2411	620.0
2412	582.0
2413	504.0
2414	622.0
2415	570.0
2416	580.0
2417	690.0
2418	524.0
2419	518.0
2420	504.0
2421	508.0
2422	500.0
2423	650.0
2424	682.0
2425	610.0
2426	612.0
2427	642.0
2428	608.0
2429	562.0
2430	586.0
2431	650.0
2432	504.0
2433	566.0
2434	666.0
2435	498.0
2436	596.0
2437	560.0
2438	606.0
2439	664.0
2440	650.0
2441	540.0
2442	494.0
2443	598.0
2444	700.0
2445	516.0
2446	510.0
2447	674.0
2448	672.0
2449	556.0
2450	662.0
2451	676.0
2452	582.0
2453	544.0
2454	542.0
2455	472.0
2456	544.0
2457	422.0
2458	526.0
2459	622.0
2460	574.0
2461	572.0
2462	636.0
2463	632.0
2464	620.0
2465	546.0
2466	626.0
2467	582.0
2468	590.0
2469	672.0
2470	542.0
2471	630.0
2472	578.0
2473	554.0
2474	484.0
2475	580.0
2476	552.0
2477	618.0
2478	598.0
2479	598.0
2480	702.0
2481	552.0
2482	688.0
2483	626.0
2484	516.0
2485	666.0
2486	624.0
2487	508.0
2488	622.0
2489	542.0
2490	616.0
2491	574.0
2492	614.0
2493	558.0
2494	674.0
2495	694.0
2496	716.0
2497	684.0
2498	530.0
2499	580.0
2500	618.0
2501	670.0
2502	658.0
2503	572.0
2504	472.0
2505	676.0
2506	590.0
2507	640.0
2508	552.0
2509	660.0
2510	630.0
2511	492.0
2512	638.0
2513	612.0
2514	570.0
2515	590.0
2516	582.0
2517	668.0
2518	542.0
2519	620.0
2520	598.0
2521	646.0
2522	640.0
2523	594.0
2524	668.0
2525	540.0
2526	550.0
2527	684.0
2528	582.0
2529	666.0
2530	570.0
2531	472.0
2532	630.0
2533	460.0
2534	618.0
2535	586.0
2536	670.0
2537	680.0
2538	628.0
2539	692.0
2540	672.0
2541	586.0
2542	454.0
2543	684.0
2544	480.0
2545	572.0
2546	610.0
2547	622.0
2548	718.0
2549	562.0
2550	470.0
2551	562.0
2552	542.0
2553	520.0
2554	562.0
2555	556.0
2556	582.0
2557	680.0
2558	512.0
2559	484.0
2560	636.0
2561	566.0
2562	626.0
2563	612.0
2564	618.0
2565	496.0
2566	636.0
2567	548.0
2568	562.0
2569	638.0
2570	616.0
2571	700.0
2572	558.0
2573	678.0
2574	420.0
2575	558.0
2576	622.0
2577	640.0
2578	586.0
2579	602.0
2580	566.0
2581	666.0
2582	630.0
2583	540.0
2584	538.0
2585	528.0
2586	598.0
2587	542.0
2588	594.0
2589	626.0
2590	574.0
2591	568.0
2592	598.0
2593	398.0
2594	534.0
2595	618.0
2596	562.0
2597	626.0
2598	608.0
2599	702.0
2600	576.0
2601	594.0
2602	660.0
2603	666.0
2604	654.0
2605	690.0
2606	576.0
2607	456.0
2608	594.0
2609	504.0
2610	554.0
2611	614.0
2612	618.0
2613	604.0
2614	528.0
2615	672.0
2616	554.0
2617	614.0
2618	716.0
2619	662.0
2620	616.0
2621	610.0
2622	642.0
2623	526.0
2624	594.0
2625	578.0
2626	554.0
2627	464.0
2628	608.0
2629	664.0
2630	616.0
2631	536.0
2632	660.0
2633	612.0
2634	632.0
2635	692.0
2636	562.0
2637	630.0
2638	684.0
2639	684.0
2640	600.0
2641	530.0
2642	678.0
2643	672.0
2644	676.0
2645	666.0
2646	660.0
2647	682.0
2648	574.0
2649	596.0
2650	540.0
2651	742.0
2652	556.0
2653	594.0
2654	548.0
2655	538.0
2656	560.0
2657	470.0
2658	730.0
2659	624.0
2660	628.0
2661	526.0
2662	656.0
2663	548.0
2664	536.0
2665	606.0
2666	592.0
2667	618.0
2668	620.0
2669	562.0
2670	690.0
2671	612.0
2672	686.0
2673	638.0
2674	600.0
2675	550.0
2676	692.0
2677	642.0
2678	622.0
2679	690.0
2680	624.0
2681	548.0
2682	676.0
2683	646.0
2684	576.0
2685	600.0
2686	622.0
2687	642.0
2688	672.0
2689	588.0
2690	562.0
2691	566.0
2692	622.0
2693	628.0
2694	666.0
2695	600.0
2696	596.0
2697	672.0
2698	484.0
2699	606.0
2700	566.0
2701	594.0
2702	612.0
2703	500.0
2704	614.0
2705	616.0
2706	646.0
2707	648.0
2708	590.0
2709	614.0
2710	614.0
2711	702.0
2712	632.0
2713	682.0
2714	650.0
2715	536.0
2716	568.0
2717	670.0
2718	606.0
2719	570.0
2720	534.0
2721	582.0
2722	626.0
2723	626.0
2724	672.0
2725	614.0
2726	626.0
2727	572.0
2728	560.0
2729	570.0
2730	628.0
2731	702.0
2732	514.0
2733	626.0
2734	584.0
2735	618.0
2736	692.0
2737	638.0
2738	592.0
2739	594.0
2740	604.0
2741	570.0
2742	730.0
2743	606.0
2744	652.0
2745	622.0
2746	476.0
2747	718.0
