0	976.0
1	1198.0
2	1032.0
3	968.0
4	1084.0
5	980.0
6	876.0
7	850.0
8	1008.0
9	1176.0
10	976.0
11	1320.0
12	1000.0
13	1072.0
14	1260.0
15	1068.0
16	1056.0
17	1032.0
18	1212.0
19	1044.0
20	990.0
21	820.0
22	1060.0
23	944.0
24	832.0
25	1196.0
26	1156.0
27	1060.0
28	1044.0
29	1098.0
30	1228.0
31	1020.0
32	1080.0
33	1234.0
34	1096.0
35	936.0
36	1244.0
37	1092.0
38	972.0
39	1200.0
40	1070.0
41	1184.0
42	1272.0
43	992.0
44	1056.0
45	952.0
46	1100.0
47	1034.0
48	1100.0
49	1142.0
50	1112.0
51	1120.0
52	1272.0
53	1228.0
54	1076.0
55	1404.0
56	1184.0
57	1152.0
58	1032.0
59	1136.0
60	1280.0
61	1146.0
62	1284.0
63	1282.0
64	1228.0
65	1076.0
66	1186.0
67	1232.0
68	1440.0
69	1116.0
70	1580.0
71	1464.0
72	1284.0
73	1300.0
74	1500.0
75	1320.0
76	1056.0
77	1552.0
78	1284.0
79	1236.0
80	1112.0
81	1500.0
82	1272.0
83	1264.0
84	1312.0
85	1532.0
86	1254.0
87	1224.0
88	1216.0
89	1228.0
90	1128.0
91	1232.0
92	1412.0
93	1236.0
94	1488.0
95	1728.0
96	1188.0
97	1216.0
98	1148.0
99	1328.0
100	1232.0
101	1132.0
102	1048.0
103	976.0
104	1052.0
105	1140.0
106	1016.0
107	1364.0
108	1058.0
109	1216.0
110	1042.0
111	1060.0
112	1294.0
113	1148.0
114	1372.0
115	1290.0
116	1200.0
117	1276.0
118	1240.0
119	1136.0
120	1096.0
121	928.0
122	1036.0
123	1152.0
124	940.0
125	794.0
126	868.0
127	830.0
128	940.0
129	1114.0
130	986.0
131	1404.0
132	1172.0
133	1136.0
134	988.0
135	1120.0
136	1006.0
137	1224.0
138	1080.0
139	1116.0
140	1400.0
141	1172.0
142	1580.0
143	1334.0
144	1268.0
145	1252.0
146	1174.0
147	960.0
148	1146.0
149	1460.0
150	1188.0
151	1432.0
152	1312.0
153	1274.0
154	1532.0
155	1424.0
156	1568.0
157	1384.0
158	1102.0
159	1452.0
160	1444.0
161	1464.0
162	1368.0
163	1340.0
164	1280.0
165	1334.0
166	1308.0
167	1198.0
168	1180.0
169	1292.0
170	1208.0
171	1258.0
172	1154.0
173	1256.0
174	1244.0
175	1258.0
176	1186.0
177	1292.0
178	1164.0
179	1380.0
180	1376.0
181	1540.0
182	1344.0
183	1272.0
184	1448.0
185	1484.0
186	1190.0
187	1284.0
188	1284.0
189	1308.0
190	908.0
191	1200.0
192	1016.0
193	1204.0
194	1120.0
195	880.0
196	988.0
197	996.0
198	1220.0
199	1240.0
200	1204.0
201	1460.0
202	1428.0
203	1374.0
204	1684.0
205	1420.0
206	1352.0
207	1508.0
208	1366.0
209	1436.0
210	1484.0
211	1748.0
212	1608.0
213	1332.0
214	1508.0
215	1632.0
216	1660.0
217	1496.0
218	1484.0
219	1636.0
220	1548.0
221	1452.0
222	1732.0
223	1688.0
224	1484.0
225	1824.0
226	1328.0
227	1588.0
228	1540.0
229	1788.0
230	1868.0
231	1740.0
232	1728.0
233	1636.0
234	1872.0
235	1638.0
236	1368.0
237	1700.0
238	1660.0
239	1596.0
240	1728.0
241	1460.0
242	1540.0
243	1688.0
244	1588.0
245	1324.0
246	1494.0
247	1518.0
248	1592.0
249	1852.0
250	1468.0
251	1646.0
252	1376.0
253	1624.0
254	1580.0
255	1556.0
256	1562.0
257	1580.0
258	1680.0
259	1484.0
260	1428.0
261	1512.0
262	1612.0
263	1588.0
264	1452.0
265	1486.0
266	1556.0
267	1472.0
268	1604.0
269	1748.0
270	1584.0
271	1464.0
272	1772.0
273	1596.0
274	1414.0
275	1748.0
276	1592.0
277	1656.0
278	1588.0
279	1572.0
280	1604.0
281	1648.0
282	1368.0
283	1704.0
284	1452.0
285	1340.0
286	1600.0
287	1520.0
288	1248.0
289	1264.0
290	1188.0
291	1372.0
292	1480.0
293	1392.0
294	1232.0
295	1548.0
296	1632.0
297	1748.0
298	1616.0
299	1716.0
300	1652.0
301	1384.0
302	1600.0
303	1420.0
304	1640.0
305	1388.0
306	1204.0
307	1124.0
308	1210.0
309	1328.0
310	1236.0
311	1384.0
312	1472.0
313	1548.0
314	1592.0
315	1564.0
316	1764.0
317	1548.0
318	1704.0
319	1776.0
320	1808.0
321	1748.0
322	1764.0
323	1724.0
324	1778.0
325	1728.0
326	1428.0
327	1524.0
328	1172.0
329	1216.0
330	1004.0
331	1246.0
332	1116.0
333	1048.0
334	1208.0
335	1218.0
336	1248.0
337	1356.0
338	1412.0
339	1160.0
340	1564.0
341	1476.0
342	1636.0
343	1688.0
344	1828.0
345	1452.0
346	1780.0
347	1520.0
348	1672.0
349	1820.0
350	1668.0
351	1756.0
352	1764.0
353	1588.0
354	1660.0
355	1348.0
356	1340.0
357	1100.0
358	1376.0
359	1300.0
360	1432.0
361	1256.0
362	1516.0
363	1592.0
364	1544.0
365	1892.0
366	1784.0
367	1872.0
368	1692.0
369	1668.0
370	1616.0
371	1784.0
372	1644.0
373	1656.0
374	1564.0
375	1316.0
376	1484.0
377	1720.0
378	1538.0
379	1596.0
380	1676.0
381	1586.0
382	1672.0
383	1548.0
384	1668.0
385	1780.0
386	1712.0
387	1692.0
388	1584.0
389	1832.0
390	1656.0
391	1776.0
392	1584.0
393	1804.0
394	1416.0
395	1304.0
396	1488.0
397	1276.0
398	1502.0
399	1180.0
400	1572.0
401	1552.0
402	1602.0
403	1564.0
404	1576.0
405	1644.0
406	1772.0
407	1812.0
408	1580.0
409	1864.0
410	1716.0
411	1800.0
412	1700.0
413	1608.0
414	1748.0
415	1692.0
416	1438.0
417	1608.0
418	1708.0
419	1840.0
420	1648.0
421	1528.0
422	1600.0
423	1752.0
424	1796.0
425	1640.0
426	1660.0
427	1788.0
428	2004.0
429	1644.0
430	1608.0
431	1680.0
432	1828.0
433	1764.0
434	1700.0
435	1588.0
436	1740.0
437	1732.0
438	1412.0
439	1570.0
440	1316.0
441	1762.0
442	1500.0
443	1392.0
444	1436.0
445	1756.0
446	1656.0
447	1532.0
448	1932.0
449	1752.0
450	1820.0
451	1760.0
452	1632.0
453	1868.0
454	1704.0
455	1844.0
456	1668.0
457	2048.0
458	1856.0
459	1920.0
460	1816.0
461	2056.0
462	2116.0
463	1692.0
464	1808.0
465	1876.0
466	1856.0
467	2024.0
468	1566.0
469	1580.0
470	1980.0
471	1936.0
472	1704.0
473	1828.0
474	1872.0
475	1756.0
476	1878.0
477	1912.0
478	1958.0
479	2060.0
480	1820.0
481	1912.0
482	1944.0
483	1996.0
484	1964.0
485	1696.0
486	2124.0
487	1904.0
488	2048.0
489	1908.0
490	1860.0
491	1904.0
492	2012.0
493	1892.0
494	2060.0
495	1980.0
496	2004.0
497	1708.0
498	1936.0
499	2096.0
500	1868.0
501	1976.0
502	1816.0
503	2256.0
504	2196.0
505	2184.0
506	2020.0
507	2364.0
508	1760.0
509	2128.0
510	2048.0
511	2136.0
512	1972.0
513	1764.0
514	1924.0
515	2008.0
516	1860.0
517	1960.0
518	1936.0
519	1892.0
520	1940.0
521	1856.0
522	2000.0
523	1940.0
524	1912.0
525	2032.0
526	2244.0
527	2028.0
528	2156.0
529	1812.0
530	1932.0
531	1656.0
532	1744.0
533	1808.0
534	1676.0
535	1672.0
536	1728.0
537	1776.0
538	1752.0
539	1816.0
540	1792.0
541	1444.0
542	2116.0
543	1976.0
544	2058.0
545	1612.0
546	1900.0
547	2052.0
548	2068.0
549	2012.0
550	1988.0
551	1856.0
552	1720.0
553	1712.0
554	1716.0
555	1732.0
556	1804.0
557	1840.0
558	1884.0
559	1796.0
560	1696.0
561	1892.0
562	1712.0
563	1840.0
564	1824.0
565	1584.0
566	1736.0
567	1572.0
568	1436.0
569	1624.0
570	1544.0
571	1546.0
572	1328.0
573	1540.0
574	1484.0
575	1680.0
576	1552.0
577	1596.0
578	1644.0
579	1708.0
580	1676.0
581	1732.0
582	1680.0
583	1640.0
584	1560.0
585	1424.0
586	1440.0
587	1468.0
588	1636.0
589	1304.0
590	1276.0
591	1252.0
592	1208.0
593	1174.0
594	1124.0
595	1052.0
596	1424.0
597	1404.0
598	1308.0
599	1356.0
600	1344.0
601	1740.0
602	1408.0
603	1508.0
604	1508.0
605	1716.0
606	1748.0
607	1440.0
608	1768.0
609	1688.0
610	1824.0
611	1604.0
612	1346.0
613	1556.0
614	1672.0
615	1588.0
616	1088.0
617	1432.0
618	1540.0
619	1652.0
620	1464.0
621	1792.0
622	1790.0
623	1844.0
624	1668.0
625	2036.0
626	1712.0
627	1884.0
628	1684.0
629	1480.0
630	1772.0
631	1848.0
632	2012.0
633	1984.0
634	1884.0
635	1824.0
636	1724.0
637	1860.0
638	2032.0
639	1824.0
640	1912.0
641	1788.0
642	2020.0
643	2028.0
644	1860.0
645	2044.0
646	2012.0
647	2008.0
648	2024.0
649	1816.0
650	2024.0
651	2104.0
652	1920.0
653	2012.0
654	2060.0
655	2056.0
656	1888.0
657	2020.0
658	2132.0
659	1774.0
660	1652.0
661	2048.0
662	1644.0
663	1848.0
664	1944.0
665	1916.0
666	1816.0
667	2148.0
668	1884.0
669	2000.0
670	1936.0
671	2060.0
672	2100.0
673	1960.0
674	1764.0
675	1800.0
676	1928.0
677	1860.0
678	1924.0
679	1952.0
680	2064.0
681	1816.0
682	2084.0
683	1932.0
684	1972.0
685	2172.0
686	1748.0
687	2084.0
688	2092.0
689	1892.0
690	2048.0
691	2176.0
692	1960.0
693	1844.0
694	1996.0
695	2096.0
696	2052.0
697	2008.0
698	1744.0
699	1732.0
700	1660.0
701	1660.0
702	1772.0
703	1972.0
704	1776.0
705	1796.0
706	1960.0
707	1968.0
708	1872.0
709	2160.0
710	2232.0
711	2032.0
712	2012.0
713	1964.0
714	2220.0
715	2336.0
716	1896.0
717	1948.0
718	2060.0
719	2016.0
720	1792.0
721	1756.0
722	1416.0
723	1580.0
724	1632.0
725	1420.0
726	1772.0
727	1608.0
728	1552.0
729	1820.0
730	2088.0
731	1948.0
732	1836.0
733	1648.0
734	1756.0
735	1700.0
736	1728.0
737	1560.0
738	1816.0
739	1984.0
740	1684.0
741	1848.0
742	1988.0
743	1632.0
744	1520.0
745	1812.0
746	1576.0
747	1796.0
748	1596.0
749	1416.0
750	1840.0
751	1680.0
752	1576.0
753	1512.0
754	1636.0
755	1324.0
756	1548.0
757	1364.0
758	1180.0
759	1364.0
760	1256.0
761	1664.0
762	1616.0
763	1840.0
764	1828.0
765	1652.0
766	1864.0
767	1728.0
768	1564.0
769	1640.0
770	1580.0
771	1780.0
772	1612.0
773	1772.0
774	1816.0
775	1672.0
776	1728.0
777	1716.0
778	1604.0
779	1320.0
780	1256.0
781	1612.0
782	1564.0
783	1616.0
784	1784.0
785	1604.0
786	1516.0
787	1712.0
788	1700.0
789	1592.0
790	1736.0
791	1548.0
792	1564.0
793	1868.0
794	1648.0
795	1468.0
796	1444.0
797	1280.0
798	1120.0
799	1428.0
800	1368.0
801	1640.0
802	1620.0
803	1532.0
804	1720.0
805	1748.0
806	1680.0
807	1676.0
808	1804.0
809	1900.0
810	1748.0
811	1624.0
812	1608.0
813	1652.0
814	1792.0
815	1628.0
816	1536.0
817	1812.0
818	1508.0
819	1412.0
820	1492.0
821	1584.0
822	1520.0
823	1548.0
824	1744.0
825	1860.0
826	1464.0
827	1518.0
828	1666.0
829	1760.0
830	1680.0
831	1776.0
832	1944.0
833	1744.0
834	1796.0
835	1748.0
836	1612.0
837	1828.0
838	1500.0
839	1676.0
840	1800.0
841	1944.0
842	1840.0
843	1740.0
844	1844.0
845	1980.0
846	1820.0
847	1804.0
848	1868.0
849	1560.0
850	1752.0
851	1676.0
852	1712.0
853	1824.0
854	1956.0
855	1912.0
856	1834.0
857	1664.0
858	1744.0
859	1788.0
860	1706.0
861	1824.0
862	1836.0
863	1752.0
864	1660.0
865	1916.0
866	1724.0
867	1896.0
868	1996.0
869	1864.0
870	1788.0
871	1836.0
872	1868.0
873	1860.0
874	2068.0
875	2112.0
876	2128.0
877	2088.0
878	1720.0
879	2072.0
880	1808.0
881	2020.0
882	1884.0
883	1920.0
884	1968.0
885	1728.0
886	1896.0
887	1940.0
888	2068.0
889	1736.0
890	1704.0
891	1848.0
892	1836.0
893	1804.0
894	1688.0
895	1888.0
896	1780.0
897	1744.0
898	1872.0
899	1680.0
900	1852.0
901	2076.0
902	1860.0
903	2112.0
904	1868.0
905	1808.0
906	1648.0
907	1916.0
908	1764.0
909	1808.0
910	1584.0
911	1752.0
912	1540.0
913	1444.0
914	1728.0
915	1724.0
916	1768.0
917	1612.0
918	1788.0
919	1720.0
920	1812.0
921	1788.0
922	1904.0
923	1760.0
924	1840.0
925	2036.0
926	1586.0
927	1848.0
928	1620.0
929	1968.0
930	1692.0
931	1844.0
932	1848.0
933	1988.0
934	1644.0
935	1524.0
936	1512.0
937	1496.0
938	1592.0
939	1780.0
940	2092.0
941	1884.0
942	1824.0
943	1684.0
944	2040.0
945	1908.0
946	2100.0
947	1916.0
948	1912.0
949	1700.0
950	2112.0
951	1900.0
952	1952.0
953	1772.0
954	1964.0
955	1916.0
956	1872.0
957	1832.0
958	2184.0
959	1872.0
960	1816.0
961	1848.0
962	1694.0
963	1832.0
964	1820.0
965	1852.0
966	1820.0
967	2040.0
968	1692.0
969	1604.0
970	1768.0
971	1408.0
972	1900.0
973	2012.0
974	1928.0
975	2056.0
976	1864.0
977	2308.0
978	1740.0
979	1868.0
980	2012.0
981	1936.0
982	1800.0
983	1868.0
984	1800.0
985	2006.0
986	1984.0
987	1996.0
988	1680.0
989	1788.0
990	1748.0
991	1524.0
992	1864.0
993	1664.0
994	1664.0
995	1776.0
996	1888.0
997	1692.0
998	2120.0
999	2088.0
1000	1524.0
1001	1776.0
1002	1668.0
1003	1900.0
1004	1880.0
1005	1940.0
1006	1868.0
1007	2036.0
1008	1900.0
1009	1820.0
1010	1912.0
1011	1860.0
1012	1988.0
1013	1836.0
1014	1736.0
1015	1856.0
1016	1304.0
1017	1808.0
1018	1744.0
1019	2020.0
1020	1540.0
1021	1486.0
1022	1640.0
1023	1752.0
1024	1712.0
1025	1764.0
1026	1600.0
1027	1568.0
1028	1544.0
1029	1516.0
1030	1888.0
1031	1618.0
1032	1628.0
1033	1780.0
1034	1668.0
1035	1356.0
1036	2008.0
1037	2012.0
1038	1448.0
1039	1408.0
1040	1616.0
1041	1496.0
1042	1414.0
1043	1768.0
1044	1612.0
1045	1596.0
1046	1476.0
1047	1732.0
1048	1516.0
1049	1732.0
1050	1312.0
1051	1144.0
1052	1048.0
1053	1416.0
1054	1336.0
1055	1660.0
1056	1656.0
1057	1664.0
1058	1808.0
1059	1908.0
1060	2200.0
1061	1752.0
1062	1828.0
1063	1620.0
1064	1688.0
1065	1380.0
1066	1692.0
1067	1524.0
1068	1596.0
1069	1588.0
1070	1500.0
1071	1732.0
1072	1436.0
1073	1524.0
1074	1868.0
1075	1476.0
1076	1828.0
1077	1724.0
1078	1856.0
1079	1604.0
1080	1766.0
1081	1592.0
1082	1728.0
1083	1792.0
1084	1532.0
1085	1568.0
1086	1572.0
1087	1448.0
1088	1584.0
1089	1608.0
1090	1768.0
1091	1708.0
1092	1964.0
1093	1820.0
1094	1644.0
1095	1616.0
1096	1768.0
1097	1876.0
1098	1820.0
1099	1728.0
1100	1624.0
1101	1636.0
1102	1796.0
1103	1732.0
1104	1608.0
1105	1432.0
1106	1496.0
1107	1488.0
1108	1432.0
1109	1688.0
1110	1606.0
1111	1880.0
1112	1564.0
1113	1628.0
1114	1696.0
1115	1612.0
1116	1580.0
1117	1648.0
1118	1712.0
1119	1464.0
1120	1852.0
1121	1836.0
1122	1540.0
1123	1816.0
1124	1732.0
1125	1624.0
1126	1622.0
1127	1612.0
1128	1748.0
1129	1712.0
1130	1844.0
1131	1920.0
1132	1832.0
1133	1884.0
1134	1744.0
1135	1588.0
1136	1600.0
1137	1756.0
1138	1572.0
1139	1572.0
1140	1416.0
1141	1548.0
1142	1684.0
1143	1476.0
1144	1644.0
1145	1590.0
1146	1504.0
1147	1788.0
1148	1948.0
1149	1628.0
1150	1816.0
1151	1688.0
1152	1804.0
1153	1588.0
1154	1680.0
1155	1736.0
1156	1544.0
1157	1812.0
1158	1824.0
1159	1832.0
1160	1748.0
1161	1626.0
1162	1944.0
1163	1788.0
1164	1584.0
1165	1916.0
1166	2004.0
1167	1924.0
1168	1776.0
1169	1896.0
1170	1996.0
1171	1812.0
1172	1848.0
1173	1760.0
1174	1716.0
1175	1808.0
1176	1756.0
1177	1836.0
1178	1596.0
1179	1752.0
1180	1692.0
1181	1724.0
1182	1532.0
1183	1638.0
1184	1700.0
1185	1740.0
1186	1684.0
1187	1684.0
1188	1724.0
1189	1508.0
1190	1956.0
1191	1612.0
1192	1884.0
1193	1788.0
1194	1620.0
1195	1716.0
1196	1716.0
1197	1560.0
1198	1800.0
1199	1780.0
1200	1608.0
1201	1612.0
1202	1504.0
1203	1696.0
1204	1640.0
1205	1684.0
1206	1744.0
1207	1488.0
1208	1608.0
1209	1444.0
1210	1636.0
1211	1680.0
1212	1488.0
1213	1652.0
1214	1592.0
1215	1504.0
1216	1496.0
1217	1732.0
1218	1508.0
1219	1652.0
1220	1620.0
1221	1736.0
1222	1692.0
1223	1596.0
1224	1640.0
1225	1540.0
1226	1536.0
1227	1848.0
1228	1488.0
1229	1480.0
1230	1376.0
1231	1356.0
1232	1336.0
1233	1396.0
1234	1552.0
1235	1500.0
1236	1426.0
1237	1604.0
1238	1688.0
1239	1624.0
1240	1516.0
1241	1408.0
1242	1604.0
1243	1654.0
1244	1960.0
1245	1736.0
1246	1728.0
1247	1540.0
1248	1832.0
1249	1964.0
1250	1540.0
1251	1680.0
1252	1616.0
1253	1478.0
1254	1728.0
1255	1588.0
1256	1708.0
1257	1632.0
1258	1784.0
1259	1788.0
1260	1680.0
1261	1692.0
1262	1444.0
1263	1696.0
1264	1704.0
1265	1592.0
1266	1708.0
1267	1544.0
1268	1676.0
1269	1772.0
1270	1572.0
1271	1904.0
1272	1912.0
1273	1704.0
1274	1514.0
1275	1580.0
1276	1772.0
1277	1736.0
1278	1788.0
1279	1456.0
1280	1628.0
1281	1804.0
1282	1616.0
1283	1568.0
1284	1612.0
1285	1464.0
1286	1492.0
1287	1504.0
1288	1540.0
1289	1328.0
1290	1340.0
1291	1456.0
1292	1596.0
1293	1516.0
1294	1776.0
1295	1672.0
1296	1416.0
1297	1522.0
1298	1622.0
1299	1416.0
1300	1404.0
1301	1320.0
1302	1470.0
1303	1760.0
1304	1624.0
1305	1848.0
1306	1644.0
1307	1534.0
1308	1400.0
1309	1524.0
1310	1548.0
1311	1488.0
1312	1436.0
1313	1488.0
1314	1344.0
1315	1416.0
1316	1600.0
1317	1624.0
1318	1028.0
1319	1216.0
1320	1112.0
1321	1256.0
1322	1212.0
1323	1400.0
1324	1316.0
1325	1248.0
1326	1344.0
1327	1384.0
1328	1600.0
1329	1468.0
1330	1760.0
1331	1616.0
1332	1472.0
1333	1700.0
1334	1656.0
1335	1680.0
1336	1632.0
1337	1496.0
1338	1668.0
1339	1728.0
1340	1700.0
1341	1412.0
1342	1418.0
1343	1504.0
1344	1472.0
1345	1344.0
1346	1236.0
1347	1296.0
1348	1078.0
1349	1104.0
1350	1232.0
1351	1452.0
1352	1344.0
1353	1384.0
1354	1592.0
1355	1528.0
1356	1586.0
1357	1496.0
1358	1572.0
1359	1528.0
1360	1744.0
1361	1604.0
1362	1648.0
1363	1636.0
1364	1612.0
1365	1828.0
1366	1760.0
1367	1476.0
1368	1576.0
1369	1442.0
1370	1384.0
1371	1464.0
1372	1372.0
1373	1356.0
1374	1384.0
1375	1612.0
1376	1508.0
1377	1424.0
1378	1652.0
1379	1656.0
1380	1820.0
1381	1848.0
1382	1492.0
1383	1992.0
1384	1652.0
1385	1476.0
1386	1568.0
1387	1864.0
1388	1726.0
1389	1396.0
1390	1648.0
1391	1732.0
1392	1606.0
1393	1636.0
1394	1448.0
1395	1712.0
1396	1520.0
1397	1460.0
1398	1440.0
1399	1804.0
1400	1624.0
1401	1616.0
1402	1300.0
1403	1808.0
1404	1464.0
1405	1364.0
1406	1426.0
1407	1532.0
1408	1532.0
1409	1438.0
1410	1596.0
1411	1500.0
1412	1776.0
1413	1478.0
1414	1356.0
1415	1308.0
1416	1028.0
1417	1390.0
1418	1416.0
1419	1240.0
1420	1276.0
1421	1412.0
1422	1668.0
1423	1304.0
1424	1460.0
1425	1460.0
1426	1804.0
1427	1492.0
1428	1488.0
1429	1550.0
1430	1596.0
1431	1408.0
1432	1458.0
1433	1344.0
1434	1836.0
1435	1584.0
1436	1680.0
1437	1508.0
1438	1464.0
1439	1320.0
1440	1268.0
1441	1462.0
1442	1304.0
1443	1408.0
1444	1212.0
1445	1400.0
1446	1540.0
1447	1478.0
1448	1480.0
1449	1672.0
1450	1662.0
1451	1502.0
1452	1400.0
1453	1568.0
1454	1508.0
1455	1380.0
1456	1580.0
1457	1648.0
1458	1420.0
1459	1460.0
1460	1436.0
1461	1732.0
1462	1472.0
1463	1540.0
1464	1636.0
1465	1606.0
1466	1528.0
1467	1420.0
1468	1320.0
1469	1280.0
1470	1500.0
1471	1176.0
1472	1328.0
1473	1504.0
1474	1452.0
1475	1420.0
1476	1588.0
1477	1292.0
1478	1592.0
1479	1420.0
1480	1528.0
1481	1456.0
1482	1620.0
1483	1824.0
1484	1476.0
1485	1352.0
1486	1580.0
1487	1552.0
1488	1532.0
1489	1772.0
1490	1288.0
1491	1596.0
1492	1420.0
1493	1520.0
1494	1392.0
1495	1600.0
1496	1764.0
1497	1452.0
1498	1416.0
1499	1396.0
1500	1476.0
1501	1424.0
1502	1312.0
1503	1456.0
1504	1492.0
1505	1292.0
1506	1424.0
1507	1392.0
1508	1380.0
1509	1432.0
1510	1496.0
1511	1456.0
1512	1696.0
1513	1440.0
1514	1528.0
1515	1440.0
1516	1332.0
1517	1372.0
1518	1568.0
1519	1452.0
1520	1660.0
1521	1418.0
1522	1632.0
1523	1488.0
1524	1544.0
1525	1384.0
1526	1388.0
1527	1428.0
1528	1552.0
1529	1590.0
1530	1484.0
1531	1480.0
1532	1604.0
1533	1524.0
1534	1660.0
1535	1440.0
1536	1596.0
1537	1264.0
1538	1544.0
1539	1552.0
1540	1400.0
1541	1592.0
1542	1656.0
1543	1412.0
1544	1340.0
1545	1600.0
1546	1604.0
1547	1440.0
1548	1628.0
1549	1480.0
1550	1428.0
1551	1560.0
1552	1102.0
1553	1464.0
1554	1456.0
1555	1708.0
1556	1704.0
1557	1496.0
1558	1432.0
1559	1476.0
1560	1372.0
1561	1444.0
1562	1664.0
1563	1528.0
1564	1424.0
1565	1752.0
1566	1500.0
1567	1612.0
1568	1404.0
1569	1364.0
1570	1792.0
1571	1396.0
1572	1514.0
1573	1576.0
1574	1684.0
1575	1420.0
1576	1592.0
1577	1472.0
1578	1384.0
1579	1316.0
1580	1660.0
1581	1500.0
1582	1328.0
1583	1428.0
1584	1524.0
1585	1596.0
1586	1484.0
1587	1524.0
1588	1500.0
1589	1368.0
1590	1128.0
1591	1396.0
1592	1456.0
1593	1544.0
1594	1208.0
1595	1480.0
1596	1496.0
1597	1292.0
1598	1316.0
1599	1244.0
1600	1176.0
1601	1280.0
1602	1370.0
1603	1334.0
1604	1380.0
1605	1496.0
1606	1464.0
1607	1576.0
1608	1456.0
1609	1312.0
1610	1456.0
1611	1610.0
1612	1396.0
1613	1462.0
1614	1480.0
1615	1528.0
1616	1408.0
1617	1396.0
1618	1220.0
1619	1428.0
1620	1124.0
1621	1208.0
1622	1174.0
1623	936.0
1624	1088.0
1625	1268.0
1626	1048.0
1627	1134.0
1628	1360.0
1629	1280.0
1630	1060.0
1631	1228.0
1632	1360.0
1633	1480.0
1634	1340.0
1635	1394.0
1636	1384.0
1637	1596.0
1638	1340.0
1639	1432.0
1640	1548.0
1641	1312.0
1642	1472.0
1643	1414.0
1644	1272.0
1645	1344.0
1646	1332.0
1647	1176.0
1648	1132.0
1649	948.0
1650	1254.0
1651	1236.0
1652	1140.0
1653	1116.0
1654	1084.0
1655	1180.0
1656	1152.0
1657	1512.0
1658	1424.0
1659	1416.0
1660	1388.0
1661	1544.0
1662	1380.0
1663	1700.0
1664	1276.0
1665	1448.0
1666	1130.0
1667	1150.0
1668	1360.0
1669	1392.0
1670	1520.0
1671	1516.0
1672	1514.0
1673	1428.0
1674	1492.0
1675	1292.0
1676	1404.0
1677	1424.0
1678	1520.0
1679	1392.0
1680	1248.0
1681	1342.0
1682	1216.0
1683	1116.0
1684	1376.0
1685	1204.0
1686	1460.0
1687	1450.0
1688	1368.0
1689	1578.0
1690	1554.0
1691	1612.0
1692	1512.0
1693	1326.0
1694	1516.0
1695	1580.0
1696	1424.0
1697	1360.0
1698	1496.0
1699	1308.0
1700	1300.0
1701	1656.0
1702	1360.0
1703	1300.0
1704	1420.0
1705	1380.0
1706	1360.0
1707	1396.0
1708	1274.0
1709	1468.0
1710	1400.0
1711	1492.0
1712	1404.0
1713	1336.0
1714	1344.0
1715	1380.0
1716	1298.0
1717	1236.0
1718	1536.0
1719	1380.0
1720	1312.0
1721	1616.0
1722	1280.0
1723	1448.0
1724	1604.0
1725	1348.0
1726	1456.0
1727	1468.0
1728	1316.0
1729	1168.0
1730	1448.0
1731	1704.0
1732	1380.0
1733	1532.0
1734	1496.0
1735	1696.0
1736	1328.0
1737	1436.0
1738	1488.0
1739	1464.0
1740	1336.0
1741	1528.0
1742	1156.0
1743	1572.0
1744	1248.0
1745	1326.0
1746	1476.0
1747	1376.0
1748	1484.0
1749	1392.0
1750	1630.0
1751	1360.0
1752	1296.0
1753	1620.0
1754	1740.0
1755	1604.0
1756	1376.0
1757	1336.0
1758	1448.0
1759	1544.0
1760	1312.0
1761	1340.0
1762	1480.0
1763	1620.0
1764	1284.0
1765	1396.0
1766	1324.0
1767	1620.0
1768	1320.0
1769	1104.0
1770	1324.0
1771	1456.0
1772	1200.0
1773	1164.0
1774	1292.0
1775	1200.0
1776	1272.0
1777	1220.0
1778	1192.0
1779	1244.0
1780	1208.0
1781	1480.0
1782	1336.0
1783	1244.0
1784	1150.0
1785	1504.0
1786	1340.0
1787	1496.0
1788	1232.0
1789	1306.0
1790	1092.0
1791	1400.0
1792	1136.0
1793	1160.0
1794	1352.0
1795	928.0
1796	1106.0
1797	1176.0
1798	1208.0
1799	1384.0
1800	1120.0
1801	1276.0
1802	1276.0
1803	1208.0
1804	1180.0
1805	1100.0
1806	1084.0
1807	1180.0
1808	1436.0
1809	1176.0
1810	1264.0
1811	1312.0
1812	1284.0
1813	1242.0
1814	1208.0
1815	1504.0
1816	1388.0
1817	1420.0
1818	1208.0
1819	1500.0
1820	1156.0
1821	1182.0
1822	1440.0
1823	1176.0
1824	1256.0
1825	1276.0
1826	1236.0
1827	1188.0
1828	1352.0
1829	1338.0
1830	1230.0
1831	1588.0
1832	1208.0
1833	1426.0
1834	1184.0
1835	1236.0
1836	1188.0
1837	1120.0
1838	1196.0
1839	1280.0
1840	1212.0
1841	1240.0
1842	1474.0
1843	1204.0
1844	1282.0
1845	1432.0
1846	1228.0
1847	1132.0
1848	1376.0
1849	1280.0
1850	1348.0
1851	1340.0
1852	1332.0
1853	1280.0
1854	1396.0
1855	1392.0
1856	1164.0
1857	1056.0
1858	1348.0
1859	1412.0
1860	1172.0
1861	1388.0
1862	1416.0
1863	1196.0
1864	1562.0
1865	1136.0
1866	1256.0
1867	1396.0
1868	1344.0
1869	1180.0
1870	1428.0
1871	1472.0
1872	1164.0
1873	1136.0
1874	1556.0
1875	1408.0
1876	1116.0
1877	1404.0
1878	1412.0
1879	1592.0
1880	1348.0
1881	1328.0
1882	1404.0
1883	1472.0
1884	1372.0
1885	1368.0
1886	1532.0
1887	1216.0
1888	1472.0
1889	1052.0
1890	1232.0
1891	1332.0
1892	1392.0
1893	1348.0
1894	1324.0
1895	1324.0
1896	1356.0
1897	1272.0
1898	1142.0
1899	1136.0
1900	1336.0
1901	1304.0
1902	1368.0
1903	1292.0
1904	1144.0
1905	1332.0
1906	1302.0
1907	1280.0
1908	1040.0
1909	1508.0
1910	1596.0
1911	1432.0
1912	1172.0
1913	1344.0
1914	1228.0
1915	1356.0
1916	1376.0
1917	1092.0
1918	1428.0
1919	1116.0
1920	1640.0
1921	1248.0
1922	1276.0
1923	1224.0
1924	1322.0
1925	1312.0
1926	1276.0
1927	1388.0
1928	1180.0
1929	1148.0
1930	1300.0
1931	1332.0
1932	1324.0
1933	1170.0
1934	1384.0
1935	1252.0
1936	1404.0
1937	1348.0
1938	1160.0
1939	1368.0
1940	1020.0
1941	1192.0
1942	1228.0
1943	1122.0
1944	1092.0
1945	1288.0
1946	1208.0
1947	964.0
1948	1140.0
1949	1382.0
1950	1280.0
1951	1220.0
1952	1236.0
1953	1152.0
1954	1288.0
1955	1404.0
1956	1252.0
1957	1312.0
1958	1120.0
1959	1356.0
1960	1308.0
1961	1420.0
1962	1416.0
1963	1360.0
1964	1096.0
1965	1514.0
1966	1308.0
1967	1246.0
1968	1048.0
1969	1448.0
1970	1608.0
1971	1352.0
1972	1280.0
1973	1396.0
1974	1220.0
1975	1444.0
1976	1276.0
1977	1388.0
1978	1208.0
1979	954.0
1980	1356.0
1981	1308.0
1982	1448.0
1983	1176.0
1984	1584.0
1985	1396.0
1986	1364.0
1987	1364.0
1988	1296.0
1989	1368.0
1990	1176.0
1991	1340.0
1992	1468.0
1993	1480.0
1994	1160.0
1995	1260.0
1996	1424.0
1997	1236.0
1998	1248.0
1999	1112.0
2000	1484.0
2001	1024.0
2002	1176.0
2003	1160.0
2004	1292.0
2005	1444.0
2006	1228.0
2007	1080.0
2008	1112.0
2009	1416.0
2010	1456.0
2011	1362.0
2012	1348.0
2013	1182.0
2014	1316.0
2015	1252.0
2016	1308.0
2017	1104.0
2018	1188.0
2019	1388.0
2020	956.0
2021	1080.0
2022	970.0
2023	1032.0
2024	1196.0
2025	1084.0
2026	1148.0
2027	1280.0
2028	1288.0
2029	1186.0
2030	1352.0
2031	1312.0
2032	1116.0
2033	1064.0
2034	1356.0
2035	928.0
2036	1072.0
2037	1288.0
2038	1390.0
2039	1138.0
2040	1300.0
2041	1334.0
2042	1412.0
2043	1188.0
2044	1340.0
2045	1320.0
2046	1384.0
2047	1244.0
2048	1176.0
2049	1258.0
2050	1332.0
2051	1190.0
2052	1242.0
2053	1348.0
2054	1240.0
2055	1192.0
2056	1256.0
2057	1308.0
2058	1168.0
2059	1056.0
2060	1200.0
2061	1348.0
2062	1224.0
2063	1292.0
2064	1404.0
2065	1424.0
2066	1464.0
2067	1544.0
2068	1284.0
2069	1102.0
2070	1376.0
2071	1196.0
2072	1204.0
2073	1200.0
2074	1296.0
2075	1260.0
2076	1144.0
2077	1484.0
2078	1188.0
2079	1232.0
2080	1066.0
2081	1322.0
2082	1372.0
2083	1300.0
2084	1304.0
2085	1288.0
2086	1260.0
2087	1484.0
2088	1488.0
2089	1178.0
2090	1336.0
2091	1340.0
2092	1448.0
2093	1340.0
2094	1456.0
2095	1048.0
2096	1312.0
2097	848.0
2098	1068.0
2099	1016.0
2100	1068.0
2101	1068.0
2102	1036.0
2103	1324.0
2104	1224.0
2105	1372.0
2106	1100.0
2107	1284.0
2108	1436.0
2109	1428.0
2110	1260.0
2111	1374.0
2112	1380.0
2113	1188.0
2114	1260.0
2115	1164.0
2116	1068.0
2117	1252.0
2118	1222.0
2119	1404.0
2120	1384.0
2121	1284.0
2122	980.0
2123	1278.0
2124	1092.0
2125	992.0
2126	1014.0
2127	1036.0
2128	1054.0
2129	1212.0
2130	1176.0
2131	1324.0
2132	1052.0
2133	1128.0
2134	1236.0
2135	1116.0
2136	1334.0
2137	1176.0
2138	1208.0
2139	1380.0
2140	1236.0
2141	960.0
2142	1264.0
2143	1364.0
2144	1152.0
2145	1328.0
2146	1208.0
2147	1396.0
2148	1256.0
2149	1104.0
2150	1444.0
2151	1308.0
2152	1152.0
2153	1372.0
2154	1244.0
2155	1288.0
2156	1368.0
2157	1320.0
2158	1216.0
2159	1312.0
2160	1384.0
2161	1216.0
2162	1140.0
2163	1180.0
2164	1144.0
2165	1148.0
2166	1260.0
2167	1372.0
2168	1416.0
2169	1090.0
2170	1244.0
2171	1164.0
2172	1258.0
2173	1100.0
2174	1328.0
2175	1228.0
2176	1252.0
2177	1316.0
2178	1072.0
2179	1364.0
2180	1280.0
2181	1084.0
2182	1272.0
2183	1160.0
2184	1120.0
2185	1236.0
2186	1308.0
2187	964.0
2188	1244.0
2189	1466.0
2190	1328.0
2191	1216.0
2192	1344.0
2193	1404.0
2194	1452.0
2195	1352.0
2196	1308.0
2197	1076.0
2198	1124.0
2199	1316.0
2200	1320.0
2201	1268.0
2202	1248.0
2203	1352.0
2204	1168.0
2205	1066.0
2206	1180.0
2207	1292.0
2208	1188.0
2209	1092.0
2210	1124.0
2211	1176.0
2212	1382.0
2213	1192.0
2214	1232.0
2215	1092.0
2216	1164.0
2217	1160.0
2218	1212.0
2219	1120.0
2220	1380.0
2221	1076.0
2222	1100.0
2223	1124.0
2224	1132.0
2225	1362.0
2226	1376.0
2227	1240.0
2228	1292.0
2229	1340.0
2230	1352.0
2231	1524.0
2232	1276.0
2233	1308.0
2234	1252.0
2235	1292.0
2236	1244.0
2237	1136.0
2238	1160.0
2239	1092.0
2240	1232.0
2241	1234.0
2242	1320.0
2243	1276.0
2244	1092.0
2245	1288.0
2246	1176.0
2247	1288.0
2248	1220.0
2249	1484.0
2250	1278.0
2251	1328.0
2252	1352.0
2253	1216.0
2254	1392.0
2255	1216.0
2256	1092.0
2257	1144.0
2258	1304.0
2259	976.0
2260	1220.0
2261	1304.0
2262	1274.0
2263	1176.0
2264	1236.0
2265	1206.0
2266	1348.0
2267	1082.0
2268	1160.0
2269	1152.0
2270	1048.0
2271	1536.0
2272	1360.0
2273	1240.0
2274	1040.0
2275	910.0
2276	1316.0
2277	1280.0
2278	1292.0
2279	1284.0
2280	1078.0
2281	1108.0
2282	1064.0
2283	1108.0
2284	1116.0
2285	1012.0
2286	1156.0
2287	1344.0
2288	1008.0
2289	1070.0
2290	1260.0
2291	1330.0
2292	1320.0
2293	1204.0
2294	1336.0
2295	1264.0
2296	1392.0
2297	1472.0
2298	1280.0
2299	1196.0
2300	1132.0
2301	1296.0
2302	1300.0
2303	1080.0
2304	1036.0
2305	1328.0
2306	1200.0
2307	1056.0
2308	1304.0
2309	1296.0
2310	1026.0
2311	1184.0
2312	1288.0
2313	1004.0
2314	1012.0
2315	1420.0
2316	1212.0
2317	1228.0
2318	1292.0
2319	1236.0
2320	1184.0
2321	1240.0
2322	1124.0
2323	1100.0
2324	1328.0
2325	1212.0
2326	1612.0
2327	1270.0
2328	1172.0
2329	1668.0
2330	1524.0
2331	1300.0
2332	1244.0
2333	1092.0
2334	1528.0
2335	1234.0
2336	1444.0
2337	1384.0
2338	1188.0
2339	1152.0
2340	1180.0
2341	1196.0
2342	1456.0
2343	1160.0
2344	1300.0
2345	1360.0
2346	1532.0
2347	1252.0
2348	1232.0
2349	1504.0
2350	1598.0
2351	1432.0
2352	1376.0
2353	1404.0
2354	1322.0
2355	1356.0
2356	1258.0
2357	1416.0
2358	1460.0
2359	1314.0
2360	1428.0
2361	1400.0
2362	1496.0
2363	1334.0
2364	1308.0
2365	1408.0
2366	1392.0
2367	1140.0
2368	1336.0
2369	1356.0
2370	1460.0
2371	1340.0
2372	1400.0
2373	1144.0
2374	1336.0
2375	1328.0
2376	916.0
2377	1368.0
2378	1412.0
2379	1256.0
2380	1360.0
2381	1232.0
2382	1356.0
2383	1476.0
2384	1248.0
2385	1524.0
2386	1358.0
2387	1536.0
2388	1360.0
2389	1300.0
2390	1564.0
2391	1138.0
2392	1548.0
2393	1480.0
2394	1412.0
2395	1572.0
2396	1212.0
2397	1428.0
2398	1056.0
2399	1352.0
2400	1380.0
2401	1472.0
2402	1264.0
2403	1380.0
2404	1472.0
2405	1260.0
2406	1056.0
2407	1388.0
2408	1572.0
2409	1444.0
2410	1240.0
2411	1174.0
2412	1564.0
2413	1676.0
2414	1232.0
2415	1516.0
2416	1510.0
2417	1296.0
2418	1404.0
2419	1448.0
2420	1408.0
2421	1348.0
2422	1242.0
2423	1242.0
2424	1320.0
2425	1408.0
2426	1180.0
2427	1388.0
2428	1372.0
2429	1376.0
2430	1564.0
2431	1676.0
2432	1224.0
2433	1580.0
2434	1680.0
2435	1404.0
2436	1164.0
2437	1272.0
2438	1208.0
2439	1288.0
2440	1564.0
2441	1528.0
2442	1354.0
2443	1236.0
2444	1324.0
2445	1296.0
2446	1264.0
2447	1288.0
2448	1564.0
2449	1432.0
2450	1420.0
2451	1408.0
2452	1392.0
2453	1388.0
2454	1058.0
2455	1296.0
2456	1328.0
2457	1362.0
2458	1440.0
2459	1380.0
2460	1792.0
2461	1400.0
2462	1126.0
2463	1568.0
2464	1388.0
2465	1230.0
2466	1204.0
2467	1318.0
2468	1284.0
2469	1400.0
2470	1208.0
2471	1228.0
2472	1408.0
2473	1184.0
2474	1558.0
2475	1140.0
2476	1236.0
2477	1532.0
2478	972.0
2479	1440.0
2480	1304.0
2481	1492.0
2482	1256.0
2483	1240.0
2484	1512.0
2485	1392.0
2486	1380.0
2487	1500.0
2488	1308.0
2489	1290.0
2490	1712.0
2491	1504.0
2492	1696.0
2493	1588.0
2494	1648.0
2495	1632.0
2496	1438.0
2497	1456.0
2498	1484.0
2499	1622.0
2500	1540.0
2501	1712.0
2502	1636.0
2503	1472.0
2504	1664.0
2505	1380.0
2506	1524.0
2507	1480.0
2508	1412.0
2509	1708.0
2510	1324.0
2511	1836.0
2512	1428.0
2513	1656.0
2514	1272.0
2515	1684.0
2516	1676.0
2517	1456.0
2518	1456.0
2519	1648.0
2520	1500.0
2521	1456.0
2522	1164.0
2523	1304.0
2524	1604.0
2525	1668.0
2526	1632.0
2527	1764.0
2528	1508.0
2529	1628.0
2530	1644.0
2531	1264.0
2532	1490.0
2533	1256.0
2534	1744.0
2535	1608.0
2536	1544.0
2537	1608.0
2538	1480.0
2539	1480.0
2540	1540.0
2541	1688.0
2542	1596.0
2543	1612.0
2544	1628.0
2545	1644.0
2546	1680.0
2547	1592.0
2548	1760.0
2549	1584.0
2550	1876.0
2551	1542.0
2552	1688.0
2553	1468.0
2554	1420.0
2555	1792.0
2556	1408.0
2557	1548.0
2558	1676.0
2559	1536.0
2560	1456.0
2561	1516.0
2562	1612.0
2563	1880.0
2564	1692.0
2565	1780.0
2566	1368.0
2567	1380.0
2568	1636.0
2569	1596.0
2570	1672.0
2571	1712.0
2572	1660.0
2573	1724.0
2574	1582.0
2575	1776.0
2576	1444.0
2577	1596.0
2578	1584.0
2579	1708.0
2580	1716.0
2581	1884.0
2582	1792.0
2583	1852.0
2584	1420.0
2585	1754.0
2586	1800.0
2587	1620.0
2588	1960.0
2589	2020.0
2590	1924.0
2591	1648.0
2592	1932.0
2593	1668.0
2594	1972.0
2595	1928.0
2596	2052.0
2597	1628.0
2598	1588.0
2599	1880.0
2600	1644.0
2601	1704.0
2602	1856.0
2603	1844.0
2604	1762.0
2605	1944.0
2606	1804.0
2607	2236.0
2608	2064.0
2609	1872.0
2610	2248.0
2611	1716.0
2612	2156.0
2613	1786.0
2614	1980.0
2615	1796.0
2616	2008.0
2617	1740.0
2618	1680.0
2619	2164.0
2620	1908.0
2621	1828.0
2622	1924.0
2623	1508.0
2624	1772.0
2625	1844.0
2626	2288.0
2627	1664.0
2628	1932.0
2629	1868.0
2630	1796.0
2631	1876.0
2632	1912.0
2633	2012.0
2634	1876.0
2635	1796.0
2636	1984.0
2637	2144.0
2638	2200.0
2639	1784.0
2640	2060.0
2641	1988.0
2642	1880.0
2643	1692.0
2644	1844.0
2645	1768.0
2646	2056.0
2647	1574.0
2648	2024.0
2649	2056.0
2650	2066.0
2651	2188.0
2652	1860.0
2653	1936.0
2654	1896.0
2655	2364.0
2656	1976.0
2657	1940.0
2658	2152.0
2659	1820.0
2660	1584.0
2661	2136.0
2662	1776.0
2663	2076.0
2664	1996.0
2665	1748.0
2666	1908.0
2667	2428.0
2668	1804.0
2669	2176.0
2670	2004.0
2671	2172.0
2672	1588.0
2673	2232.0
2674	1900.0
2675	2044.0
2676	2280.0
2677	2256.0
2678	2316.0
2679	2304.0
2680	2104.0
2681	1876.0
2682	2344.0
2683	2000.0
2684	2200.0
2685	2060.0
2686	2308.0
2687	2212.0
2688	2324.0
2689	2332.0
2690	2284.0
2691	2040.0
2692	2184.0
2693	2416.0
2694	2068.0
2695	2176.0
2696	1828.0
2697	1840.0
2698	2000.0
2699	2540.0
2700	2616.0
2701	2644.0
2702	2188.0
2703	2436.0
2704	2176.0
2705	2468.0
2706	2312.0
2707	2160.0
2708	2280.0
2709	2324.0
2710	2392.0
2711	2308.0
2712	2364.0
2713	2392.0
2714	2164.0
2715	2644.0
2716	2048.0
2717	2924.0
2718	2596.0
2719	2492.0
2720	2688.0
2721	2344.0
2722	2304.0
2723	2404.0
2724	2628.0
2725	2700.0
2726	2524.0
2727	2552.0
2728	2264.0
2729	2908.0
2730	2400.0
2731	2520.0
2732	2720.0
2733	2668.0
2734	2804.0
2735	3132.0
2736	3124.0
2737	2808.0
2738	2752.0
2739	2484.0
2740	2936.0
2741	2904.0
2742	2636.0
2743	2228.0
2744	2768.0
2745	2820.0
2746	3272.0
2747	2960.0
