0	386.0
1	630.0
2	546.0
3	454.0
4	608.0
5	548.0
6	508.0
7	528.0
8	620.0
9	488.0
10	520.0
11	578.0
12	518.0
13	620.0
14	600.0
15	620.0
16	564.0
17	516.0
18	642.0
19	704.0
20	538.0
21	374.0
22	612.0
23	474.0
24	684.0
25	628.0
26	582.0
27	548.0
28	516.0
29	770.0
30	596.0
31	546.0
32	538.0
33	490.0
34	488.0
35	568.0
36	582.0
37	456.0
38	400.0
39	588.0
40	510.0
41	672.0
42	448.0
43	476.0
44	614.0
45	502.0
46	384.0
47	644.0
48	516.0
49	666.0
50	604.0
51	692.0
52	630.0
53	652.0
54	758.0
55	552.0
56	502.0
57	526.0
58	708.0
59	564.0
60	584.0
61	704.0
62	548.0
63	596.0
64	660.0
65	660.0
66	564.0
67	602.0
68	554.0
69	534.0
70	548.0
71	476.0
72	578.0
73	384.0
74	408.0
75	546.0
76	590.0
77	518.0
78	674.0
79	504.0
80	596.0
81	552.0
82	558.0
83	536.0
84	572.0
85	658.0
86	632.0
87	746.0
88	508.0
89	596.0
90	652.0
91	686.0
92	572.0
93	458.0
94	540.0
95	426.0
96	590.0
97	564.0
98	624.0
99	540.0
100	550.0
101	604.0
102	536.0
103	512.0
104	478.0
105	650.0
106	522.0
107	584.0
108	434.0
109	598.0
110	536.0
111	494.0
112	630.0
113	702.0
114	472.0
115	570.0
116	740.0
117	674.0
118	716.0
119	522.0
120	776.0
121	572.0
122	546.0
123	624.0
124	542.0
125	730.0
126	456.0
127	688.0
128	474.0
129	568.0
130	634.0
131	624.0
132	510.0
133	388.0
134	402.0
135	570.0
136	452.0
137	478.0
138	614.0
139	626.0
140	606.0
141	446.0
142	610.0
143	622.0
144	512.0
145	436.0
146	628.0
147	558.0
148	490.0
149	634.0
150	714.0
151	608.0
152	410.0
153	468.0
154	490.0
155	508.0
156	694.0
157	614.0
158	564.0
159	614.0
160	598.0
161	572.0
162	584.0
163	478.0
164	582.0
165	524.0
166	754.0
167	388.0
168	716.0
169	570.0
170	648.0
171	406.0
172	558.0
173	572.0
174	396.0
175	598.0
176	632.0
177	636.0
178	546.0
179	456.0
180	466.0
181	534.0
182	526.0
183	660.0
184	656.0
185	558.0
186	664.0
187	682.0
188	584.0
189	568.0
190	640.0
191	658.0
192	672.0
193	542.0
194	448.0
195	618.0
196	556.0
197	514.0
198	488.0
199	644.0
200	698.0
201	544.0
202	656.0
203	430.0
204	496.0
205	492.0
206	500.0
207	460.0
208	688.0
209	462.0
210	592.0
211	698.0
212	612.0
213	632.0
214	544.0
215	450.0
216	558.0
217	628.0
218	572.0
219	496.0
220	618.0
221	514.0
222	634.0
223	580.0
224	604.0
225	470.0
226	592.0
227	588.0
228	548.0
229	690.0
230	558.0
231	536.0
232	540.0
233	440.0
234	444.0
235	624.0
236	478.0
237	606.0
238	596.0
239	544.0
240	534.0
241	610.0
242	650.0
243	650.0
244	572.0
245	538.0
246	502.0
247	660.0
248	560.0
249	652.0
250	564.0
251	558.0
252	466.0
253	658.0
254	446.0
255	426.0
256	508.0
257	686.0
258	536.0
259	628.0
260	612.0
261	712.0
262	648.0
263	516.0
264	502.0
265	582.0
266	430.0
267	628.0
268	744.0
269	618.0
270	414.0
271	404.0
272	508.0
273	596.0
274	494.0
275	392.0
276	788.0
277	580.0
278	612.0
279	516.0
280	580.0
281	622.0
282	748.0
283	508.0
284	604.0
285	670.0
286	590.0
287	458.0
288	564.0
289	622.0
290	520.0
291	622.0
292	508.0
293	766.0
294	522.0
295	530.0
296	534.0
297	584.0
298	664.0
299	680.0
300	668.0
301	442.0
302	744.0
303	480.0
304	566.0
305	804.0
306	614.0
307	494.0
308	556.0
309	472.0
310	706.0
311	644.0
312	500.0
313	508.0
314	784.0
315	504.0
316	620.0
317	542.0
318	512.0
319	524.0
320	620.0
321	484.0
322	574.0
323	656.0
324	700.0
325	638.0
326	680.0
327	540.0
328	666.0
329	598.0
330	560.0
331	620.0
332	596.0
333	482.0
334	592.0
335	610.0
336	528.0
337	572.0
338	612.0
339	512.0
340	596.0
341	672.0
342	570.0
343	664.0
344	544.0
345	638.0
346	610.0
347	528.0
348	548.0
349	468.0
350	596.0
351	684.0
352	638.0
353	480.0
354	584.0
355	518.0
356	530.0
357	430.0
358	532.0
359	734.0
360	714.0
361	570.0
362	564.0
363	772.0
364	538.0
365	614.0
366	602.0
367	722.0
368	552.0
369	724.0
370	692.0
371	532.0
372	442.0
373	558.0
374	522.0
375	580.0
376	560.0
377	758.0
378	530.0
379	472.0
380	466.0
381	604.0
382	552.0
383	628.0
384	638.0
385	582.0
386	608.0
387	652.0
388	710.0
389	612.0
390	630.0
391	532.0
392	530.0
393	648.0
394	476.0
395	576.0
396	612.0
397	586.0
398	566.0
399	616.0
400	608.0
401	628.0
402	658.0
403	712.0
404	618.0
405	616.0
406	760.0
407	532.0
408	650.0
409	590.0
410	488.0
411	620.0
412	694.0
413	660.0
414	654.0
415	618.0
416	496.0
417	488.0
418	484.0
419	524.0
420	390.0
421	756.0
422	654.0
423	610.0
424	608.0
425	572.0
426	494.0
427	560.0
428	538.0
429	558.0
430	634.0
431	614.0
432	460.0
433	470.0
434	520.0
435	624.0
436	468.0
437	496.0
438	664.0
439	592.0
440	670.0
441	656.0
442	488.0
443	654.0
444	682.0
445	680.0
446	596.0
447	424.0
448	568.0
449	504.0
450	508.0
451	420.0
452	600.0
453	802.0
454	820.0
455	622.0
456	552.0
457	696.0
458	554.0
459	552.0
460	590.0
461	530.0
462	506.0
463	498.0
464	776.0
465	742.0
466	570.0
467	628.0
468	682.0
469	596.0
470	774.0
471	502.0
472	534.0
473	664.0
474	766.0
475	634.0
476	586.0
477	692.0
478	574.0
479	620.0
480	540.0
481	618.0
482	656.0
483	594.0
484	566.0
485	618.0
486	548.0
487	664.0
488	480.0
489	538.0
490	472.0
491	544.0
492	596.0
493	576.0
494	600.0
495	756.0
496	524.0
497	614.0
498	594.0
499	572.0
500	566.0
501	562.0
502	720.0
503	464.0
504	396.0
505	558.0
506	536.0
507	548.0
508	482.0
509	476.0
510	742.0
511	652.0
512	642.0
513	440.0
514	754.0
515	692.0
516	632.0
517	460.0
518	682.0
519	496.0
520	634.0
521	558.0
522	446.0
523	546.0
524	500.0
525	606.0
526	514.0
527	678.0
528	506.0
529	652.0
530	484.0
531	510.0
532	558.0
533	560.0
534	604.0
535	614.0
536	518.0
537	576.0
538	380.0
539	472.0
540	638.0
541	748.0
542	566.0
543	596.0
544	648.0
545	510.0
546	360.0
547	606.0
548	582.0
549	656.0
550	608.0
551	680.0
552	582.0
553	552.0
554	556.0
555	598.0
556	602.0
557	634.0
558	606.0
559	548.0
560	532.0
561	684.0
562	776.0
563	686.0
564	632.0
565	840.0
566	606.0
567	554.0
568	700.0
569	592.0
570	642.0
571	624.0
572	634.0
573	546.0
574	418.0
575	532.0
576	528.0
577	638.0
578	586.0
579	616.0
580	814.0
581	654.0
582	718.0
583	454.0
584	564.0
585	636.0
586	524.0
587	684.0
588	580.0
589	744.0
590	750.0
591	550.0
592	510.0
593	688.0
594	688.0
595	456.0
596	664.0
597	572.0
598	446.0
599	570.0
600	500.0
601	576.0
602	424.0
603	594.0
604	536.0
605	590.0
606	412.0
607	522.0
608	566.0
609	566.0
610	534.0
611	630.0
612	522.0
613	642.0
614	608.0
615	690.0
616	512.0
617	666.0
618	716.0
619	510.0
620	558.0
621	560.0
622	586.0
623	634.0
624	614.0
625	560.0
626	704.0
627	492.0
628	690.0
629	436.0
630	520.0
631	564.0
632	556.0
633	690.0
634	558.0
635	706.0
636	664.0
637	574.0
638	552.0
639	504.0
640	758.0
641	662.0
642	654.0
643	580.0
644	628.0
645	438.0
646	810.0
647	548.0
648	704.0
649	630.0
650	568.0
651	656.0
652	580.0
653	536.0
654	512.0
655	366.0
656	612.0
657	566.0
658	516.0
659	698.0
660	542.0
661	670.0
662	664.0
663	712.0
664	600.0
665	632.0
666	676.0
667	784.0
668	462.0
669	504.0
670	560.0
671	648.0
672	588.0
673	794.0
674	696.0
675	530.0
676	494.0
677	618.0
678	794.0
679	700.0
680	686.0
681	592.0
682	558.0
683	650.0
684	548.0
685	502.0
686	632.0
687	536.0
688	758.0
689	560.0
690	650.0
691	752.0
692	780.0
693	682.0
694	598.0
695	618.0
696	558.0
697	650.0
698	622.0
699	636.0
700	726.0
701	578.0
702	656.0
703	626.0
704	650.0
705	646.0
706	494.0
707	494.0
708	704.0
709	546.0
710	524.0
711	632.0
712	648.0
713	816.0
714	624.0
715	616.0
716	714.0
717	742.0
718	676.0
719	530.0
720	640.0
721	716.0
722	576.0
723	572.0
724	720.0
725	570.0
726	558.0
727	682.0
728	574.0
729	664.0
730	602.0
731	500.0
732	816.0
733	590.0
734	750.0
735	614.0
736	698.0
737	648.0
738	604.0
739	396.0
740	702.0
741	456.0
742	442.0
743	618.0
744	570.0
745	542.0
746	492.0
747	632.0
748	572.0
749	504.0
750	604.0
751	688.0
752	638.0
753	620.0
754	652.0
755	674.0
756	430.0
757	622.0
758	676.0
759	676.0
760	584.0
761	800.0
762	736.0
763	724.0
764	598.0
765	778.0
766	718.0
767	680.0
768	714.0
769	786.0
770	694.0
771	562.0
772	566.0
773	576.0
774	486.0
775	662.0
776	602.0
777	394.0
778	606.0
779	574.0
780	478.0
781	432.0
782	592.0
783	708.0
784	568.0
785	638.0
786	622.0
787	508.0
788	552.0
789	684.0
790	668.0
791	672.0
792	646.0
793	654.0
794	536.0
795	574.0
796	752.0
797	504.0
798	732.0
799	648.0
800	688.0
801	608.0
802	644.0
803	610.0
804	648.0
805	612.0
806	626.0
807	612.0
808	650.0
809	690.0
810	482.0
811	600.0
812	642.0
813	710.0
814	610.0
815	670.0
816	564.0
817	592.0
818	580.0
819	684.0
820	734.0
821	504.0
822	714.0
823	714.0
824	540.0
825	698.0
826	576.0
827	548.0
828	704.0
829	646.0
830	532.0
831	646.0
832	680.0
833	610.0
834	688.0
835	642.0
836	666.0
837	484.0
838	620.0
839	620.0
840	650.0
841	814.0
842	570.0
843	552.0
844	528.0
845	680.0
846	510.0
847	612.0
848	580.0
849	584.0
850	604.0
851	660.0
852	450.0
853	568.0
854	554.0
855	696.0
856	650.0
857	690.0
858	604.0
859	596.0
860	804.0
861	632.0
862	522.0
863	768.0
864	686.0
865	672.0
866	676.0
867	652.0
868	448.0
869	628.0
870	546.0
871	540.0
872	592.0
873	632.0
874	812.0
875	592.0
876	622.0
877	836.0
878	618.0
879	632.0
880	664.0
881	678.0
882	704.0
883	806.0
884	518.0
885	584.0
886	578.0
887	686.0
888	644.0
889	694.0
890	624.0
891	572.0
892	512.0
893	588.0
894	516.0
895	722.0
896	528.0
897	772.0
898	574.0
899	688.0
900	572.0
901	720.0
902	628.0
903	682.0
904	634.0
905	602.0
906	540.0
907	538.0
908	550.0
909	612.0
910	642.0
911	546.0
912	640.0
913	522.0
914	640.0
915	532.0
916	652.0
917	552.0
918	624.0
919	640.0
920	720.0
921	692.0
922	678.0
923	424.0
924	674.0
925	766.0
926	500.0
927	516.0
928	494.0
929	610.0
930	632.0
931	576.0
932	544.0
933	576.0
934	620.0
935	624.0
936	736.0
937	588.0
938	598.0
939	460.0
940	650.0
941	626.0
942	506.0
943	666.0
944	534.0
945	794.0
946	654.0
947	432.0
948	500.0
949	598.0
950	702.0
951	588.0
952	640.0
953	580.0
954	472.0
955	658.0
956	666.0
957	604.0
958	740.0
959	570.0
960	742.0
961	744.0
962	676.0
963	658.0
964	692.0
965	756.0
966	748.0
967	682.0
968	638.0
969	656.0
970	654.0
971	592.0
972	744.0
973	614.0
974	540.0
975	598.0
976	464.0
977	638.0
978	592.0
979	646.0
980	592.0
981	714.0
982	686.0
983	630.0
984	730.0
985	562.0
986	608.0
987	786.0
988	818.0
989	652.0
990	572.0
991	674.0
992	680.0
993	508.0
994	562.0
995	660.0
996	696.0
997	524.0
998	582.0
999	702.0
1000	730.0
1001	604.0
1002	560.0
1003	638.0
1004	686.0
1005	726.0
1006	642.0
1007	700.0
1008	704.0
1009	660.0
1010	624.0
1011	634.0
1012	580.0
1013	736.0
1014	706.0
1015	648.0
1016	700.0
1017	900.0
1018	624.0
1019	528.0
1020	556.0
1021	592.0
1022	550.0
1023	568.0
1024	538.0
1025	608.0
1026	552.0
1027	568.0
1028	624.0
1029	748.0
1030	792.0
1031	578.0
1032	476.0
1033	552.0
1034	780.0
1035	692.0
1036	576.0
1037	558.0
1038	582.0
1039	740.0
1040	674.0
1041	604.0
1042	696.0
1043	674.0
1044	632.0
1045	736.0
1046	736.0
1047	646.0
1048	474.0
1049	534.0
1050	732.0
1051	680.0
1052	824.0
1053	788.0
1054	752.0
1055	556.0
1056	650.0
1057	654.0
1058	646.0
1059	640.0
1060	642.0
1061	444.0
1062	656.0
1063	476.0
1064	578.0
1065	682.0
1066	504.0
1067	596.0
1068	752.0
1069	638.0
1070	504.0
1071	536.0
1072	478.0
1073	710.0
1074	702.0
1075	524.0
1076	642.0
1077	536.0
1078	492.0
1079	850.0
1080	804.0
1081	630.0
1082	648.0
1083	812.0
1084	648.0
1085	722.0
1086	526.0
1087	622.0
1088	460.0
1089	582.0
1090	610.0
1091	826.0
1092	696.0
1093	844.0
1094	530.0
1095	654.0
1096	754.0
1097	586.0
1098	714.0
1099	628.0
1100	506.0
1101	516.0
1102	534.0
1103	710.0
1104	580.0
1105	562.0
1106	588.0
1107	538.0
1108	640.0
1109	574.0
1110	484.0
1111	646.0
1112	538.0
1113	544.0
1114	606.0
1115	620.0
1116	804.0
1117	684.0
1118	620.0
1119	796.0
1120	752.0
1121	650.0
1122	702.0
1123	736.0
1124	654.0
1125	644.0
1126	712.0
1127	614.0
1128	672.0
1129	434.0
1130	650.0
1131	526.0
1132	618.0
1133	634.0
1134	528.0
1135	614.0
1136	622.0
1137	606.0
1138	624.0
1139	718.0
1140	604.0
1141	746.0
1142	502.0
1143	768.0
1144	722.0
1145	542.0
1146	582.0
1147	800.0
1148	712.0
1149	524.0
1150	576.0
1151	684.0
1152	586.0
1153	712.0
1154	610.0
1155	654.0
1156	590.0
1157	600.0
1158	622.0
1159	594.0
1160	674.0
1161	652.0
1162	636.0
1163	514.0
1164	458.0
1165	596.0
1166	632.0
1167	548.0
1168	378.0
1169	492.0
1170	600.0
1171	554.0
1172	628.0
1173	618.0
1174	670.0
1175	630.0
1176	644.0
1177	670.0
1178	620.0
1179	648.0
1180	696.0
1181	630.0
1182	832.0
1183	610.0
1184	526.0
1185	822.0
1186	780.0
1187	612.0
1188	520.0
1189	746.0
1190	486.0
1191	702.0
1192	668.0
1193	454.0
1194	590.0
1195	714.0
1196	690.0
1197	614.0
1198	570.0
1199	624.0
1200	588.0
1201	642.0
1202	584.0
1203	734.0
1204	548.0
1205	682.0
1206	768.0
1207	656.0
1208	622.0
1209	506.0
1210	666.0
1211	588.0
1212	704.0
1213	740.0
1214	552.0
1215	608.0
1216	736.0
1217	764.0
1218	620.0
1219	468.0
1220	532.0
1221	476.0
1222	566.0
1223	638.0
1224	650.0
1225	492.0
1226	790.0
1227	796.0
1228	574.0
1229	644.0
1230	480.0
1231	554.0
1232	612.0
1233	538.0
1234	772.0
1235	530.0
1236	500.0
1237	524.0
1238	580.0
1239	740.0
1240	664.0
1241	604.0
1242	676.0
1243	510.0
1244	562.0
1245	688.0
1246	528.0
1247	748.0
1248	708.0
1249	612.0
1250	604.0
1251	776.0
1252	600.0
1253	586.0
1254	588.0
1255	658.0
1256	712.0
1257	684.0
1258	628.0
1259	704.0
1260	636.0
1261	640.0
1262	640.0
1263	522.0
1264	630.0
1265	620.0
1266	730.0
1267	616.0
1268	680.0
1269	692.0
1270	824.0
1271	722.0
1272	626.0
1273	622.0
1274	630.0
1275	628.0
1276	522.0
1277	514.0
1278	594.0
1279	600.0
1280	674.0
1281	714.0
1282	726.0
1283	666.0
1284	688.0
1285	604.0
1286	556.0
1287	566.0
1288	628.0
1289	726.0
1290	592.0
1291	452.0
1292	616.0
1293	714.0
1294	586.0
1295	594.0
1296	596.0
1297	474.0
1298	726.0
1299	492.0
1300	532.0
1301	576.0
1302	586.0
1303	536.0
1304	676.0
1305	666.0
1306	598.0
1307	578.0
1308	506.0
1309	604.0
1310	650.0
1311	650.0
1312	760.0
1313	528.0
1314	588.0
1315	464.0
1316	526.0
1317	514.0
1318	612.0
1319	630.0
1320	548.0
1321	772.0
1322	592.0
1323	876.0
1324	438.0
1325	588.0
1326	636.0
1327	478.0
1328	712.0
1329	706.0
1330	650.0
1331	620.0
1332	746.0
1333	576.0
1334	578.0
1335	452.0
1336	470.0
1337	700.0
1338	554.0
1339	734.0
1340	696.0
1341	774.0
1342	562.0
1343	596.0
1344	664.0
1345	786.0
1346	510.0
1347	560.0
1348	656.0
1349	624.0
1350	662.0
1351	576.0
1352	628.0
1353	580.0
1354	680.0
1355	480.0
1356	520.0
1357	760.0
1358	676.0
1359	484.0
1360	756.0
1361	798.0
1362	746.0
1363	620.0
1364	564.0
1365	496.0
1366	670.0
1367	636.0
1368	674.0
1369	516.0
1370	510.0
1371	598.0
1372	552.0
1373	624.0
1374	606.0
1375	580.0
1376	550.0
1377	732.0
1378	656.0
1379	744.0
1380	506.0
1381	558.0
1382	448.0
1383	666.0
1384	620.0
1385	586.0
1386	570.0
1387	716.0
1388	572.0
1389	472.0
1390	652.0
1391	582.0
1392	602.0
1393	760.0
1394	672.0
1395	638.0
1396	584.0
1397	464.0
1398	630.0
1399	750.0
1400	562.0
1401	806.0
1402	674.0
1403	478.0
1404	582.0
1405	464.0
1406	614.0
1407	502.0
1408	558.0
1409	562.0
1410	800.0
1411	610.0
1412	544.0
1413	676.0
1414	548.0
1415	632.0
1416	494.0
1417	660.0
1418	562.0
1419	624.0
1420	636.0
1421	588.0
1422	560.0
1423	576.0
1424	564.0
1425	538.0
1426	632.0
1427	590.0
1428	522.0
1429	656.0
1430	542.0
1431	644.0
1432	652.0
1433	626.0
1434	452.0
1435	536.0
1436	602.0
1437	650.0
1438	792.0
1439	722.0
1440	562.0
1441	676.0
1442	634.0
1443	568.0
1444	666.0
1445	706.0
1446	732.0
1447	640.0
1448	580.0
1449	656.0
1450	724.0
1451	750.0
1452	590.0
1453	420.0
1454	404.0
1455	614.0
1456	852.0
1457	526.0
1458	730.0
1459	654.0
1460	582.0
1461	606.0
1462	630.0
1463	694.0
1464	496.0
1465	608.0
1466	534.0
1467	660.0
1468	614.0
1469	592.0
1470	640.0
1471	680.0
1472	704.0
1473	674.0
1474	696.0
1475	650.0
1476	712.0
1477	700.0
1478	516.0
1479	592.0
1480	638.0
1481	602.0
1482	524.0
1483	768.0
1484	536.0
1485	412.0
1486	532.0
1487	584.0
1488	564.0
1489	396.0
1490	596.0
1491	760.0
1492	696.0
1493	620.0
1494	420.0
1495	516.0
1496	702.0
1497	760.0
1498	622.0
1499	710.0
1500	658.0
1501	646.0
1502	656.0
1503	756.0
1504	732.0
1505	610.0
1506	472.0
1507	686.0
1508	584.0
1509	804.0
1510	684.0
1511	574.0
1512	612.0
1513	668.0
1514	648.0
1515	548.0
1516	552.0
1517	434.0
1518	558.0
1519	520.0
1520	584.0
1521	660.0
1522	568.0
1523	836.0
1524	706.0
1525	562.0
1526	748.0
1527	876.0
1528	682.0
1529	620.0
1530	796.0
1531	732.0
1532	786.0
1533	778.0
1534	750.0
1535	622.0
1536	664.0
1537	736.0
1538	636.0
1539	770.0
1540	756.0
1541	724.0
1542	574.0
1543	618.0
1544	712.0
1545	608.0
1546	660.0
1547	912.0
1548	772.0
1549	680.0
1550	752.0
1551	742.0
1552	710.0
1553	836.0
1554	680.0
1555	754.0
1556	540.0
1557	864.0
1558	634.0
1559	518.0
1560	678.0
1561	582.0
1562	458.0
1563	668.0
1564	654.0
1565	750.0
1566	682.0
1567	608.0
1568	666.0
1569	616.0
1570	652.0
1571	714.0
1572	660.0
1573	618.0
1574	702.0
1575	896.0
1576	724.0
1577	676.0
1578	580.0
1579	622.0
1580	606.0
1581	750.0
1582	500.0
1583	656.0
1584	784.0
1585	744.0
1586	738.0
1587	738.0
1588	922.0
1589	852.0
1590	694.0
1591	732.0
1592	690.0
1593	646.0
1594	672.0
1595	848.0
1596	620.0
1597	656.0
1598	530.0
1599	654.0
1600	714.0
1601	456.0
1602	600.0
1603	660.0
1604	684.0
1605	520.0
1606	632.0
1607	550.0
1608	536.0
1609	552.0
1610	638.0
1611	638.0
1612	566.0
1613	642.0
1614	628.0
1615	568.0
1616	726.0
1617	590.0
1618	576.0
1619	740.0
1620	824.0
1621	740.0
1622	626.0
1623	762.0
1624	704.0
1625	680.0
1626	824.0
1627	498.0
1628	720.0
1629	678.0
1630	780.0
1631	784.0
1632	658.0
1633	926.0
1634	716.0
1635	740.0
1636	754.0
1637	688.0
1638	788.0
1639	778.0
1640	746.0
1641	612.0
1642	860.0
1643	812.0
1644	842.0
1645	684.0
1646	800.0
1647	736.0
1648	704.0
1649	708.0
1650	768.0
1651	780.0
1652	736.0
1653	738.0
1654	676.0
1655	720.0
1656	890.0
1657	590.0
1658	830.0
1659	714.0
1660	756.0
1661	776.0
1662	766.0
1663	672.0
1664	782.0
1665	668.0
1666	764.0
1667	768.0
1668	692.0
1669	592.0
1670	782.0
1671	692.0
1672	660.0
1673	600.0
1674	616.0
1675	732.0
1676	734.0
1677	716.0
1678	682.0
1679	680.0
1680	772.0
1681	762.0
1682	840.0
1683	712.0
1684	624.0
1685	776.0
1686	772.0
1687	816.0
1688	706.0
1689	768.0
1690	788.0
1691	708.0
1692	764.0
1693	832.0
1694	620.0
1695	656.0
1696	764.0
1697	628.0
1698	720.0
1699	748.0
1700	632.0
1701	756.0
1702	872.0
1703	872.0
1704	676.0
1705	748.0
1706	750.0
1707	768.0
1708	808.0
1709	740.0
1710	876.0
1711	598.0
1712	972.0
1713	996.0
1714	812.0
1715	772.0
1716	656.0
1717	870.0
1718	608.0
1719	716.0
1720	574.0
1721	666.0
1722	742.0
1723	692.0
1724	664.0
1725	668.0
1726	1020.0
1727	638.0
1728	710.0
1729	850.0
1730	580.0
1731	516.0
1732	688.0
1733	776.0
1734	754.0
1735	744.0
1736	756.0
1737	644.0
1738	752.0
1739	752.0
1740	728.0
1741	634.0
1742	944.0
1743	592.0
1744	694.0
1745	776.0
1746	776.0
1747	556.0
1748	808.0
1749	740.0
1750	940.0
1751	672.0
1752	640.0
1753	716.0
1754	756.0
1755	720.0
1756	846.0
1757	672.0
1758	686.0
1759	636.0
1760	702.0
1761	894.0
1762	840.0
1763	812.0
1764	696.0
1765	768.0
1766	864.0
1767	1028.0
1768	812.0
1769	646.0
1770	812.0
1771	872.0
1772	852.0
1773	770.0
1774	752.0
1775	814.0
1776	608.0
1777	848.0
1778	730.0
1779	632.0
1780	680.0
1781	676.0
1782	648.0
1783	560.0
1784	688.0
1785	640.0
1786	758.0
1787	804.0
1788	806.0
1789	788.0
1790	664.0
1791	816.0
1792	756.0
1793	618.0
1794	820.0
1795	732.0
1796	904.0
1797	790.0
1798	820.0
1799	764.0
1800	948.0
1801	936.0
1802	886.0
1803	792.0
1804	1008.0
1805	610.0
1806	708.0
1807	1068.0
1808	718.0
1809	812.0
1810	738.0
1811	748.0
1812	756.0
1813	804.0
1814	952.0
1815	660.0
1816	828.0
1817	808.0
1818	790.0
1819	772.0
1820	800.0
1821	774.0
1822	780.0
1823	828.0
1824	1032.0
1825	824.0
1826	830.0
1827	614.0
1828	676.0
1829	820.0
1830	800.0
1831	868.0
1832	900.0
1833	750.0
1834	812.0
1835	712.0
1836	784.0
1837	748.0
1838	884.0
1839	920.0
1840	884.0
1841	924.0
1842	828.0
1843	810.0
1844	924.0
1845	768.0
1846	736.0
1847	756.0
1848	756.0
1849	764.0
1850	706.0
1851	688.0
1852	712.0
1853	872.0
1854	662.0
1855	860.0
1856	640.0
1857	844.0
1858	548.0
1859	744.0
1860	744.0
1861	716.0
1862	734.0
1863	908.0
1864	772.0
1865	856.0
1866	764.0
1867	678.0
1868	886.0
1869	882.0
1870	574.0
1871	742.0
1872	778.0
1873	568.0
1874	1002.0
1875	792.0
1876	784.0
1877	520.0
1878	744.0
1879	742.0
1880	684.0
1881	704.0
1882	816.0
1883	744.0
1884	802.0
1885	650.0
1886	676.0
1887	868.0
1888	892.0
1889	768.0
1890	796.0
1891	702.0
1892	898.0
1893	718.0
1894	872.0
1895	828.0
1896	916.0
1897	636.0
1898	760.0
1899	830.0
1900	914.0
1901	652.0
1902	876.0
1903	924.0
1904	728.0
1905	898.0
1906	736.0
1907	784.0
1908	648.0
1909	876.0
1910	792.0
1911	882.0
1912	740.0
1913	1050.0
1914	866.0
1915	900.0
1916	908.0
1917	748.0
1918	808.0
1919	746.0
1920	932.0
1921	948.0
1922	1072.0
1923	996.0
1924	1048.0
1925	934.0
1926	1264.0
1927	834.0
1928	914.0
1929	928.0
1930	850.0
1931	992.0
1932	928.0
1933	796.0
1934	704.0
1935	884.0
1936	832.0
1937	930.0
1938	952.0
1939	812.0
1940	728.0
1941	644.0
1942	736.0
1943	848.0
1944	694.0
1945	928.0
1946	912.0
1947	710.0
1948	724.0
1949	916.0
1950	1006.0
1951	1072.0
1952	746.0
1953	866.0
1954	996.0
1955	788.0
1956	858.0
1957	840.0
1958	922.0
1959	856.0
1960	986.0
1961	808.0
1962	878.0
1963	966.0
1964	908.0
1965	920.0
1966	940.0
1967	842.0
1968	868.0
1969	888.0
1970	968.0
1971	750.0
1972	970.0
1973	822.0
1974	694.0
1975	758.0
1976	834.0
1977	904.0
1978	794.0
1979	1000.0
1980	1016.0
1981	1136.0
1982	856.0
1983	1008.0
1984	874.0
1985	696.0
1986	918.0
1987	914.0
1988	1040.0
1989	932.0
1990	784.0
1991	864.0
1992	818.0
1993	1012.0
1994	796.0
1995	724.0
1996	932.0
1997	784.0
1998	904.0
1999	878.0
2000	752.0
2001	780.0
2002	890.0
2003	958.0
2004	820.0
2005	1024.0
2006	930.0
2007	792.0
2008	926.0
2009	788.0
2010	852.0
2011	916.0
2012	1004.0
2013	894.0
2014	788.0
2015	916.0
2016	936.0
2017	790.0
2018	868.0
2019	782.0
2020	704.0
2021	1022.0
2022	914.0
2023	652.0
2024	808.0
2025	678.0
2026	1012.0
2027	932.0
2028	688.0
2029	816.0
2030	908.0
2031	968.0
2032	1144.0
2033	794.0
2034	818.0
2035	880.0
2036	928.0
2037	812.0
2038	980.0
2039	1152.0
2040	1020.0
2041	948.0
2042	782.0
2043	926.0
2044	774.0
2045	892.0
2046	1022.0
2047	1032.0
2048	990.0
2049	936.0
2050	942.0
2051	1040.0
2052	1012.0
2053	984.0
2054	930.0
2055	1012.0
2056	812.0
2057	768.0
2058	1020.0
2059	1128.0
2060	912.0
2061	998.0
2062	920.0
2063	720.0
2064	1094.0
2065	1092.0
2066	824.0
2067	848.0
2068	814.0
2069	984.0
2070	836.0
2071	1132.0
2072	820.0
2073	958.0
2074	930.0
2075	1088.0
2076	944.0
2077	752.0
2078	920.0
2079	988.0
2080	916.0
2081	958.0
2082	966.0
2083	720.0
2084	858.0
2085	918.0
2086	818.0
2087	1048.0
2088	982.0
2089	972.0
2090	768.0
2091	794.0
2092	924.0
2093	956.0
2094	824.0
2095	956.0
2096	1162.0
2097	868.0
2098	948.0
2099	876.0
2100	1168.0
2101	1042.0
2102	972.0
2103	846.0
2104	1100.0
2105	944.0
2106	852.0
2107	964.0
2108	1032.0
2109	830.0
2110	1044.0
2111	816.0
2112	884.0
2113	892.0
2114	956.0
2115	860.0
2116	764.0
2117	944.0
2118	900.0
2119	988.0
2120	1176.0
2121	944.0
2122	1048.0
2123	924.0
2124	802.0
2125	936.0
2126	932.0
2127	756.0
2128	920.0
2129	1160.0
2130	736.0
2131	982.0
2132	956.0
2133	708.0
2134	836.0
2135	838.0
2136	870.0
2137	920.0
