0	38.0
1	38.0
2	38.0
3	34.0
4	38.0
5	38.0
6	38.0
7	37.0
8	38.0
9	38.0
10	38.0
11	38.0
12	38.0
13	38.0
14	38.0
15	38.0
16	38.0
17	38.0
18	38.0
19	38.0
20	38.0
21	38.0
22	35.0
23	38.0
24	38.0
25	33.0
26	38.0
27	37.0
28	38.0
29	38.0
30	38.0
31	38.0
32	24.0
33	38.0
34	38.0
35	38.0
36	38.0
37	38.0
38	38.0
39	38.0
40	16.0
41	38.0
42	38.0
43	30.0
44	38.0
45	38.0
46	35.0
47	31.0
48	38.0
49	38.0
50	38.0
51	38.0
52	38.0
53	33.0
54	38.0
55	38.0
56	38.0
57	32.0
58	38.0
59	26.0
60	38.0
61	20.0
62	38.0
63	18.0
64	38.0
65	38.0
66	38.0
67	38.0
68	38.0
69	38.0
70	38.0
71	38.0
72	38.0
73	38.0
74	38.0
75	38.0
76	38.0
77	38.0
78	38.0
79	38.0
80	34.0
81	38.0
82	38.0
83	38.0
84	36.0
85	38.0
86	37.0
87	34.0
88	30.0
89	28.0
90	38.0
91	30.0
92	29.0
93	38.0
94	38.0
95	37.0
96	38.0
97	38.0
98	38.0
99	24.0
100	38.0
101	38.0
102	38.0
103	38.0
104	35.0
105	38.0
106	37.0
107	38.0
108	38.0
109	38.0
110	38.0
111	29.0
112	38.0
113	38.0
114	38.0
115	34.0
116	38.0
117	38.0
118	33.0
119	38.0
120	38.0
121	30.0
122	38.0
123	25.0
124	38.0
125	38.0
126	30.0
127	38.0
128	38.0
129	12.0
130	38.0
131	38.0
132	38.0
133	38.0
134	38.0
135	38.0
136	38.0
137	38.0
138	22.0
139	38.0
140	28.0
141	22.0
142	38.0
143	20.0
144	20.0
145	38.0
146	37.0
147	38.0
148	38.0
149	38.0
150	35.0
151	37.0
152	38.0
153	33.0
154	35.0
155	16.0
156	38.0
157	38.0
158	36.0
159	38.0
160	38.0
161	26.0
162	31.0
163	38.0
164	29.0
165	38.0
166	38.0
167	38.0
168	34.0
169	38.0
170	38.0
171	37.0
172	24.0
173	35.0
174	38.0
175	38.0
176	33.0
177	28.0
178	37.0
179	38.0
180	38.0
181	38.0
182	38.0
183	30.0
184	38.0
185	16.0
186	38.0
187	38.0
188	38.0
189	38.0
190	28.0
191	38.0
192	31.0
193	38.0
194	23.0
195	38.0
196	38.0
197	38.0
198	38.0
199	38.0
200	38.0
201	38.0
202	38.0
203	31.0
204	38.0
205	24.0
206	38.0
207	32.0
208	38.0
209	22.0
210	38.0
211	38.0
212	38.0
213	38.0
214	38.0
215	31.0
216	38.0
217	38.0
218	32.0
219	38.0
220	24.0
221	38.0
222	38.0
223	38.0
224	26.0
225	38.0
226	38.0
227	38.0
228	38.0
229	38.0
230	38.0
231	38.0
232	38.0
233	38.0
234	38.0
235	38.0
236	32.0
237	38.0
238	38.0
239	30.0
240	22.0
241	38.0
242	38.0
243	38.0
244	12.0
245	38.0
246	31.0
247	37.0
248	32.0
249	35.0
250	38.0
251	35.0
252	28.0
253	38.0
254	24.0
255	38.0
256	22.0
257	38.0
258	38.0
259	38.0
260	35.0
261	33.0
262	28.0
263	38.0
264	32.0
265	24.0
266	22.0
267	38.0
268	38.0
269	38.0
270	38.0
271	38.0
272	38.0
273	38.0
274	38.0
275	38.0
276	20.0
277	22.0
278	26.0
279	20.0
280	38.0
281	38.0
282	35.0
283	38.0
284	31.0
285	38.0
286	38.0
287	38.0
288	37.0
289	37.0
290	38.0
291	38.0
292	38.0
293	38.0
294	30.0
295	33.0
296	38.0
297	38.0
298	38.0
299	38.0
300	26.0
301	25.0
302	37.0
303	38.0
304	38.0
305	38.0
306	26.0
307	38.0
308	37.0
309	28.0
310	38.0
311	38.0
312	37.0
313	38.0
314	33.0
315	37.0
316	38.0
317	38.0
318	38.0
319	38.0
320	32.0
321	16.0
322	38.0
323	38.0
324	18.0
325	38.0
326	38.0
327	37.0
328	36.0
329	38.0
330	31.0
331	38.0
332	38.0
333	38.0
334	38.0
335	38.0
336	20.0
337	38.0
338	32.0
339	31.0
340	32.0
341	38.0
342	38.0
343	38.0
344	28.0
345	38.0
346	38.0
347	38.0
348	30.0
349	38.0
350	38.0
351	38.0
352	20.0
353	35.0
354	35.0
355	4.0
356	38.0
357	38.0
358	38.0
359	38.0
360	38.0
361	38.0
362	16.0
363	38.0
364	38.0
365	38.0
366	38.0
367	37.0
368	38.0
369	38.0
370	38.0
371	38.0
372	26.0
373	32.0
374	22.0
375	10.0
376	38.0
377	38.0
378	38.0
379	38.0
380	31.0
381	16.0
382	38.0
383	38.0
384	37.0
385	38.0
386	35.0
387	18.0
388	38.0
389	38.0
390	38.0
391	33.0
392	38.0
393	38.0
394	38.0
395	38.0
396	24.0
397	38.0
398	27.0
399	38.0
400	38.0
401	38.0
402	38.0
403	38.0
404	38.0
405	37.0
406	38.0
407	38.0
408	38.0
409	38.0
410	23.0
411	38.0
412	38.0
413	38.0
414	38.0
415	38.0
416	38.0
417	38.0
418	35.0
419	32.0
420	32.0
421	38.0
422	38.0
423	18.0
424	37.0
425	35.0
426	38.0
427	38.0
428	38.0
429	33.0
430	38.0
431	38.0
432	38.0
433	26.0
434	30.0
435	38.0
436	20.0
437	38.0
438	31.0
439	38.0
440	31.0
441	38.0
442	32.0
443	38.0
444	38.0
445	18.0
446	38.0
447	38.0
448	38.0
449	33.0
450	38.0
451	38.0
452	34.0
453	38.0
454	33.0
455	38.0
456	38.0
457	38.0
458	18.0
459	26.0
460	38.0
461	35.0
462	38.0
463	31.0
464	38.0
465	33.0
466	38.0
467	20.0
468	38.0
469	33.0
470	37.0
471	38.0
472	38.0
473	38.0
474	32.0
475	38.0
476	38.0
477	20.0
478	16.0
479	38.0
480	34.0
481	38.0
482	20.0
483	38.0
484	31.0
485	38.0
486	38.0
487	24.0
488	35.0
489	26.0
490	31.0
491	36.0
492	14.0
493	29.0
494	38.0
495	38.0
496	22.0
497	37.0
498	38.0
499	38.0
500	38.0
501	38.0
502	18.0
503	38.0
504	38.0
505	38.0
506	16.0
507	38.0
508	33.0
509	38.0
510	38.0
511	14.0
512	38.0
513	38.0
514	38.0
515	38.0
516	38.0
517	38.0
518	38.0
519	38.0
520	38.0
521	37.0
522	38.0
523	38.0
524	38.0
525	29.0
526	38.0
527	38.0
528	37.0
529	16.0
530	18.0
531	38.0
532	38.0
533	37.0
534	38.0
535	26.0
536	38.0
537	38.0
538	38.0
539	38.0
540	38.0
541	38.0
542	38.0
543	38.0
544	29.0
545	27.0
546	22.0
547	38.0
548	38.0
549	37.0
550	38.0
551	14.0
552	38.0
553	38.0
554	38.0
555	38.0
556	32.0
557	38.0
558	38.0
559	38.0
560	26.0
561	37.0
562	38.0
563	38.0
564	29.0
565	38.0
566	38.0
567	38.0
568	35.0
569	38.0
570	24.0
571	31.0
572	38.0
573	38.0
574	38.0
575	38.0
576	38.0
577	38.0
578	38.0
579	38.0
580	38.0
581	20.0
582	38.0
583	38.0
584	22.0
585	38.0
586	24.0
587	38.0
588	38.0
589	26.0
590	38.0
591	38.0
592	24.0
593	16.0
594	38.0
595	38.0
596	20.0
597	38.0
598	38.0
599	38.0
600	38.0
601	38.0
602	27.0
603	38.0
604	28.0
605	32.0
606	37.0
607	38.0
608	29.0
609	38.0
610	38.0
611	22.0
612	38.0
613	30.0
614	38.0
615	18.0
616	38.0
617	38.0
618	38.0
619	38.0
620	38.0
621	36.0
622	27.0
623	38.0
624	38.0
625	38.0
626	38.0
627	38.0
628	38.0
629	38.0
630	38.0
631	29.0
632	26.0
633	38.0
634	38.0
635	38.0
636	22.0
637	38.0
638	38.0
639	38.0
640	38.0
641	12.0
642	33.0
643	38.0
644	38.0
645	18.0
646	33.0
647	33.0
648	38.0
649	38.0
650	12.0
651	24.0
652	38.0
653	38.0
654	25.0
655	38.0
656	38.0
657	38.0
658	38.0
659	38.0
660	38.0
661	33.0
662	38.0
663	38.0
664	31.0
665	31.0
666	38.0
667	38.0
668	38.0
669	38.0
670	38.0
671	38.0
672	29.0
673	38.0
674	38.0
675	31.0
676	38.0
677	38.0
678	33.0
679	38.0
680	38.0
681	33.0
682	29.0
683	18.0
684	31.0
685	38.0
686	38.0
687	20.0
688	38.0
689	38.0
690	38.0
691	38.0
692	35.0
693	38.0
694	24.0
695	38.0
696	38.0
697	38.0
698	38.0
699	38.0
700	38.0
701	38.0
702	18.0
703	14.0
704	38.0
705	38.0
706	24.0
707	38.0
708	38.0
709	38.0
710	38.0
711	38.0
712	38.0
713	38.0
714	38.0
715	38.0
716	24.0
717	38.0
718	38.0
719	20.0
720	38.0
721	38.0
722	31.0
723	38.0
724	16.0
725	28.0
726	38.0
727	35.0
728	38.0
729	20.0
730	36.0
731	38.0
732	38.0
733	38.0
734	38.0
735	26.0
736	18.0
737	38.0
738	35.0
739	38.0
740	29.0
741	32.0
742	38.0
743	38.0
744	38.0
745	30.0
746	24.0
747	22.0
748	37.0
749	38.0
750	38.0
751	16.0
752	18.0
753	38.0
754	33.0
755	38.0
756	38.0
757	38.0
758	38.0
759	38.0
760	37.0
761	38.0
762	38.0
763	38.0
764	38.0
765	38.0
766	38.0
767	38.0
768	38.0
769	38.0
770	38.0
771	38.0
772	38.0
773	32.0
774	20.0
775	30.0
776	38.0
777	38.0
778	38.0
779	25.0
780	35.0
781	24.0
782	35.0
783	20.0
784	38.0
785	38.0
786	10.0
787	38.0
788	22.0
789	38.0
790	38.0
791	38.0
792	30.0
793	38.0
794	34.0
795	38.0
796	22.0
797	31.0
798	33.0
799	37.0
800	38.0
801	31.0
802	38.0
803	38.0
804	38.0
805	31.0
806	38.0
807	38.0
808	33.0
809	38.0
810	38.0
811	20.0
812	37.0
813	26.0
814	29.0
815	38.0
816	24.0
817	38.0
818	38.0
819	38.0
820	35.0
821	38.0
822	38.0
823	38.0
824	38.0
825	38.0
826	32.0
827	38.0
828	38.0
829	38.0
830	38.0
831	35.0
832	38.0
833	38.0
834	20.0
835	38.0
836	31.0
837	38.0
838	38.0
839	30.0
840	37.0
841	24.0
842	38.0
843	38.0
844	38.0
845	33.0
846	38.0
847	35.0
848	38.0
849	35.0
850	31.0
851	38.0
852	28.0
853	38.0
854	38.0
855	38.0
856	38.0
857	35.0
858	38.0
859	38.0
860	37.0
861	38.0
862	38.0
863	38.0
864	18.0
865	38.0
866	35.0
867	16.0
868	38.0
869	24.0
870	37.0
871	35.0
872	38.0
873	38.0
874	38.0
875	38.0
876	29.0
877	38.0
878	31.0
879	18.0
880	38.0
881	38.0
882	38.0
883	38.0
884	38.0
885	38.0
886	35.0
887	38.0
888	38.0
889	38.0
890	31.0
891	38.0
892	35.0
893	28.0
894	38.0
895	38.0
896	26.0
897	38.0
898	22.0
899	38.0
900	38.0
901	33.0
902	38.0
903	38.0
904	33.0
905	38.0
906	26.0
907	38.0
908	37.0
909	38.0
910	34.0
911	20.0
912	38.0
913	18.0
914	37.0
915	37.0
916	28.0
917	38.0
918	10.0
919	20.0
920	14.0
921	38.0
922	37.0
923	38.0
924	38.0
925	33.0
926	24.0
927	38.0
928	38.0
929	38.0
930	38.0
931	38.0
932	38.0
933	38.0
934	38.0
935	29.0
936	38.0
937	38.0
938	38.0
939	32.0
940	38.0
941	38.0
942	31.0
943	38.0
944	38.0
945	33.0
946	38.0
947	30.0
948	38.0
949	38.0
950	30.0
951	38.0
952	38.0
953	35.0
954	22.0
955	38.0
956	38.0
957	38.0
958	38.0
959	38.0
960	38.0
961	35.0
962	37.0
963	38.0
964	38.0
965	38.0
966	26.0
967	28.0
968	38.0
969	38.0
970	37.0
971	38.0
972	36.0
973	38.0
974	38.0
975	35.0
976	38.0
977	38.0
978	38.0
979	35.0
980	38.0
981	37.0
982	33.0
983	38.0
984	38.0
985	38.0
986	35.0
987	38.0
988	16.0
989	37.0
990	38.0
991	38.0
992	38.0
993	18.0
994	35.0
995	38.0
996	38.0
997	38.0
998	38.0
999	26.0
1000	38.0
1001	38.0
1002	38.0
1003	38.0
1004	31.0
1005	24.0
1006	38.0
1007	38.0
1008	37.0
1009	38.0
1010	38.0
1011	38.0
1012	38.0
1013	38.0
1014	38.0
1015	38.0
1016	33.0
1017	38.0
1018	30.0
1019	38.0
1020	38.0
1021	38.0
1022	38.0
1023	38.0
1024	18.0
1025	35.0
1026	31.0
1027	37.0
1028	38.0
1029	38.0
1030	33.0
1031	18.0
1032	22.0
1033	38.0
1034	35.0
1035	38.0
1036	38.0
1037	32.0
1038	38.0
1039	38.0
1040	38.0
1041	38.0
1042	38.0
1043	38.0
1044	38.0
1045	22.0
1046	38.0
1047	38.0
1048	35.0
1049	20.0
1050	38.0
1051	38.0
1052	38.0
1053	26.0
1054	31.0
1055	28.0
1056	38.0
1057	38.0
1058	38.0
1059	38.0
1060	38.0
1061	38.0
1062	38.0
1063	38.0
1064	38.0
1065	38.0
1066	20.0
1067	38.0
1068	38.0
1069	38.0
1070	38.0
1071	31.0
1072	37.0
1073	38.0
1074	22.0
1075	33.0
1076	33.0
1077	33.0
1078	27.0
1079	38.0
1080	38.0
1081	35.0
1082	38.0
1083	38.0
1084	37.0
1085	38.0
1086	22.0
1087	35.0
1088	27.0
1089	38.0
1090	24.0
1091	38.0
1092	38.0
1093	38.0
1094	26.0
1095	33.0
1096	26.0
1097	24.0
1098	38.0
1099	38.0
1100	38.0
1101	38.0
1102	38.0
1103	38.0
1104	38.0
1105	24.0
1106	35.0
1107	18.0
1108	34.0
1109	38.0
1110	38.0
1111	38.0
1112	38.0
1113	38.0
1114	38.0
1115	38.0
1116	38.0
1117	27.0
1118	38.0
1119	18.0
1120	38.0
1121	28.0
1122	38.0
1123	38.0
1124	38.0
1125	38.0
1126	38.0
1127	38.0
1128	38.0
1129	24.0
1130	38.0
1131	38.0
1132	38.0
1133	18.0
1134	35.0
1135	38.0
1136	38.0
1137	38.0
1138	38.0
1139	38.0
1140	38.0
1141	16.0
1142	38.0
1143	29.0
1144	38.0
1145	24.0
1146	38.0
1147	38.0
1148	38.0
1149	38.0
1150	38.0
1151	38.0
1152	37.0
1153	37.0
1154	38.0
1155	38.0
1156	38.0
1157	38.0
1158	38.0
1159	20.0
1160	38.0
1161	38.0
1162	38.0
1163	38.0
1164	38.0
1165	26.0
1166	38.0
1167	38.0
1168	38.0
1169	38.0
1170	38.0
1171	30.0
1172	38.0
1173	38.0
1174	32.0
1175	14.0
1176	38.0
1177	38.0
1178	38.0
1179	38.0
1180	37.0
1181	38.0
1182	38.0
1183	38.0
1184	38.0
1185	38.0
1186	38.0
1187	38.0
1188	38.0
1189	31.0
1190	26.0
1191	38.0
1192	38.0
1193	38.0
1194	38.0
1195	38.0
1196	34.0
1197	38.0
1198	38.0
1199	38.0
1200	38.0
1201	38.0
1202	38.0
1203	38.0
1204	24.0
1205	38.0
1206	38.0
1207	28.0
1208	38.0
1209	38.0
1210	38.0
1211	38.0
1212	38.0
1213	31.0
1214	38.0
1215	38.0
1216	28.0
1217	38.0
1218	35.0
1219	26.0
1220	18.0
1221	38.0
1222	38.0
1223	28.0
1224	38.0
1225	38.0
1226	38.0
1227	22.0
1228	38.0
1229	38.0
1230	38.0
1231	24.0
1232	38.0
1233	38.0
1234	38.0
1235	38.0
1236	38.0
1237	18.0
1238	38.0
1239	38.0
1240	38.0
1241	37.0
1242	33.0
1243	38.0
1244	29.0
1245	32.0
1246	38.0
1247	37.0
1248	38.0
1249	20.0
1250	38.0
1251	38.0
1252	38.0
1253	38.0
1254	20.0
1255	38.0
1256	38.0
1257	38.0
1258	38.0
1259	38.0
1260	38.0
1261	23.0
1262	38.0
1263	31.0
1264	20.0
1265	38.0
1266	38.0
1267	38.0
1268	33.0
1269	38.0
1270	38.0
1271	28.0
1272	35.0
1273	38.0
1274	38.0
1275	38.0
1276	31.0
1277	28.0
1278	38.0
1279	31.0
1280	38.0
1281	38.0
1282	38.0
1283	38.0
1284	38.0
1285	38.0
1286	33.0
1287	38.0
1288	28.0
1289	28.0
1290	38.0
1291	38.0
1292	38.0
1293	38.0
1294	38.0
1295	38.0
1296	28.0
1297	38.0
1298	38.0
1299	38.0
1300	33.0
1301	38.0
1302	18.0
1303	38.0
1304	38.0
1305	37.0
1306	38.0
1307	38.0
1308	38.0
1309	38.0
1310	38.0
1311	31.0
1312	38.0
1313	28.0
1314	38.0
1315	38.0
1316	38.0
1317	38.0
1318	38.0
1319	38.0
1320	38.0
1321	38.0
1322	38.0
1323	38.0
1324	38.0
1325	26.0
1326	38.0
1327	38.0
1328	38.0
1329	38.0
1330	26.0
1331	29.0
1332	27.0
1333	38.0
1334	38.0
1335	38.0
1336	33.0
1337	30.0
1338	26.0
1339	38.0
1340	38.0
1341	33.0
1342	38.0
1343	38.0
1344	29.0
1345	38.0
1346	37.0
1347	33.0
1348	38.0
1349	38.0
1350	35.0
1351	38.0
1352	38.0
1353	20.0
1354	22.0
1355	37.0
1356	38.0
1357	38.0
1358	38.0
1359	38.0
1360	33.0
1361	38.0
1362	38.0
1363	38.0
1364	38.0
1365	38.0
1366	38.0
1367	38.0
1368	38.0
1369	38.0
1370	38.0
1371	38.0
1372	26.0
1373	38.0
1374	38.0
1375	38.0
1376	38.0
1377	38.0
1378	35.0
1379	38.0
1380	38.0
1381	33.0
1382	31.0
1383	33.0
1384	38.0
1385	38.0
1386	38.0
1387	38.0
1388	38.0
1389	37.0
1390	38.0
1391	38.0
1392	38.0
1393	31.0
1394	38.0
1395	27.0
1396	38.0
1397	38.0
1398	38.0
1399	38.0
1400	37.0
1401	38.0
1402	38.0
1403	38.0
1404	29.0
1405	38.0
1406	38.0
1407	35.0
1408	38.0
1409	38.0
1410	38.0
1411	38.0
1412	34.0
1413	38.0
1414	38.0
1415	37.0
1416	26.0
1417	33.0
1418	38.0
1419	38.0
1420	37.0
1421	38.0
1422	38.0
1423	38.0
1424	38.0
1425	38.0
1426	33.0
1427	38.0
1428	30.0
1429	38.0
1430	38.0
1431	38.0
1432	35.0
1433	38.0
1434	38.0
1435	29.0
1436	38.0
1437	38.0
1438	38.0
1439	38.0
1440	33.0
1441	34.0
1442	38.0
1443	28.0
1444	38.0
1445	38.0
1446	38.0
1447	34.0
1448	38.0
1449	38.0
1450	38.0
1451	38.0
1452	38.0
1453	38.0
1454	28.0
1455	38.0
1456	38.0
1457	38.0
1458	38.0
1459	38.0
1460	38.0
1461	38.0
1462	38.0
1463	38.0
1464	38.0
1465	22.0
1466	38.0
1467	38.0
1468	38.0
1469	31.0
1470	29.0
1471	38.0
1472	22.0
1473	38.0
1474	38.0
1475	24.0
1476	38.0
1477	35.0
1478	38.0
1479	35.0
1480	38.0
1481	38.0
1482	38.0
1483	37.0
1484	16.0
1485	38.0
1486	31.0
1487	20.0
1488	38.0
1489	38.0
1490	38.0
1491	38.0
1492	38.0
1493	30.0
1494	38.0
1495	38.0
1496	27.0
1497	38.0
1498	38.0
1499	37.0
1500	38.0
1501	38.0
1502	38.0
1503	38.0
1504	38.0
1505	38.0
1506	28.0
1507	24.0
1508	38.0
1509	38.0
1510	18.0
1511	38.0
1512	38.0
1513	38.0
1514	38.0
1515	38.0
1516	22.0
1517	38.0
1518	38.0
1519	38.0
1520	33.0
1521	38.0
1522	20.0
1523	38.0
1524	38.0
1525	37.0
1526	38.0
1527	38.0
1528	38.0
1529	22.0
1530	38.0
1531	31.0
1532	37.0
1533	38.0
1534	38.0
1535	38.0
1536	38.0
1537	38.0
1538	38.0
1539	38.0
1540	38.0
1541	38.0
1542	38.0
1543	29.0
1544	33.0
1545	38.0
1546	38.0
1547	38.0
1548	37.0
1549	38.0
1550	38.0
1551	38.0
1552	38.0
1553	20.0
1554	38.0
1555	38.0
1556	25.0
1557	38.0
1558	38.0
1559	22.0
1560	38.0
1561	38.0
1562	38.0
1563	36.0
1564	16.0
1565	38.0
1566	38.0
1567	29.0
1568	38.0
1569	22.0
1570	38.0
1571	35.0
1572	38.0
1573	38.0
1574	38.0
1575	33.0
1576	38.0
1577	38.0
1578	38.0
1579	29.0
1580	38.0
1581	38.0
1582	38.0
1583	28.0
1584	38.0
1585	38.0
1586	18.0
1587	38.0
1588	38.0
1589	38.0
1590	38.0
1591	38.0
1592	28.0
1593	38.0
1594	38.0
1595	38.0
1596	29.0
1597	20.0
1598	38.0
1599	38.0
1600	38.0
1601	38.0
1602	38.0
1603	35.0
1604	38.0
1605	37.0
1606	38.0
1607	33.0
1608	38.0
1609	38.0
1610	38.0
1611	38.0
1612	33.0
1613	24.0
1614	18.0
1615	38.0
1616	38.0
1617	38.0
1618	22.0
1619	38.0
1620	38.0
1621	38.0
1622	38.0
1623	38.0
1624	38.0
1625	31.0
1626	29.0
1627	38.0
1628	14.0
1629	38.0
1630	38.0
1631	38.0
1632	22.0
1633	38.0
1634	38.0
1635	38.0
1636	38.0
1637	38.0
1638	37.0
1639	38.0
1640	38.0
1641	38.0
1642	38.0
1643	38.0
1644	38.0
1645	38.0
1646	38.0
1647	38.0
1648	33.0
1649	38.0
1650	38.0
1651	38.0
1652	38.0
1653	38.0
1654	38.0
1655	38.0
1656	24.0
1657	30.0
1658	29.0
1659	38.0
1660	38.0
1661	26.0
1662	38.0
1663	38.0
1664	37.0
1665	22.0
1666	38.0
1667	24.0
1668	38.0
1669	38.0
1670	38.0
1671	38.0
1672	38.0
1673	36.0
1674	38.0
1675	20.0
1676	38.0
1677	22.0
1678	31.0
1679	38.0
1680	38.0
1681	38.0
1682	35.0
1683	38.0
1684	38.0
1685	38.0
1686	16.0
1687	35.0
1688	28.0
1689	20.0
1690	38.0
1691	22.0
1692	35.0
1693	38.0
1694	38.0
1695	35.0
1696	38.0
1697	38.0
1698	38.0
1699	38.0
1700	29.0
1701	38.0
1702	38.0
1703	38.0
1704	26.0
1705	38.0
1706	37.0
1707	38.0
1708	35.0
1709	38.0
1710	22.0
1711	38.0
1712	24.0
1713	38.0
1714	38.0
1715	38.0
1716	38.0
1717	38.0
1718	38.0
1719	38.0
1720	38.0
1721	38.0
1722	38.0
1723	38.0
1724	35.0
1725	31.0
1726	27.0
1727	27.0
1728	38.0
1729	38.0
1730	37.0
1731	36.0
1732	27.0
1733	38.0
1734	38.0
1735	38.0
1736	38.0
1737	38.0
1738	18.0
1739	38.0
1740	38.0
1741	38.0
1742	12.0
1743	38.0
1744	37.0
1745	31.0
1746	38.0
1747	38.0
1748	12.0
1749	38.0
1750	38.0
1751	24.0
1752	20.0
1753	32.0
1754	38.0
1755	35.0
1756	29.0
1757	35.0
1758	38.0
1759	38.0
1760	38.0
1761	38.0
1762	38.0
1763	38.0
1764	38.0
1765	22.0
1766	24.0
1767	28.0
1768	35.0
1769	38.0
1770	38.0
1771	31.0
1772	38.0
1773	33.0
1774	33.0
1775	38.0
1776	38.0
1777	38.0
1778	30.0
1779	38.0
1780	38.0
1781	38.0
1782	30.0
1783	38.0
1784	38.0
1785	38.0
1786	38.0
1787	38.0
1788	20.0
1789	38.0
1790	38.0
1791	38.0
1792	38.0
1793	38.0
1794	38.0
1795	38.0
1796	38.0
1797	33.0
1798	37.0
1799	16.0
1800	38.0
1801	38.0
1802	38.0
1803	38.0
1804	38.0
1805	31.0
1806	33.0
1807	38.0
1808	38.0
1809	32.0
1810	38.0
1811	38.0
1812	38.0
1813	37.0
1814	38.0
1815	22.0
1816	38.0
1817	18.0
1818	31.0
1819	38.0
1820	33.0
1821	38.0
1822	38.0
1823	38.0
1824	38.0
1825	38.0
1826	33.0
1827	38.0
1828	38.0
1829	38.0
1830	38.0
1831	30.0
1832	30.0
1833	28.0
1834	38.0
1835	38.0
1836	12.0
1837	38.0
1838	33.0
1839	37.0
1840	38.0
1841	38.0
1842	35.0
1843	38.0
1844	26.0
1845	18.0
1846	38.0
1847	38.0
1848	38.0
1849	38.0
1850	14.0
1851	38.0
1852	38.0
1853	26.0
1854	35.0
1855	38.0
1856	38.0
1857	31.0
1858	38.0
1859	38.0
1860	33.0
1861	38.0
1862	24.0
1863	38.0
1864	38.0
1865	38.0
1866	38.0
1867	38.0
1868	38.0
1869	38.0
1870	18.0
1871	38.0
1872	38.0
1873	38.0
1874	38.0
1875	33.0
1876	38.0
1877	38.0
1878	38.0
1879	38.0
1880	38.0
1881	38.0
1882	38.0
1883	38.0
1884	35.0
1885	38.0
1886	38.0
1887	38.0
1888	38.0
1889	38.0
1890	20.0
1891	38.0
1892	38.0
1893	37.0
1894	26.0
1895	20.0
1896	38.0
1897	38.0
1898	38.0
1899	38.0
1900	34.0
1901	38.0
1902	28.0
1903	33.0
1904	38.0
1905	24.0
1906	38.0
1907	38.0
1908	38.0
1909	38.0
1910	28.0
1911	37.0
1912	38.0
1913	38.0
1914	38.0
1915	38.0
1916	31.0
1917	38.0
1918	38.0
1919	38.0
1920	24.0
1921	38.0
1922	38.0
1923	24.0
1924	38.0
1925	30.0
1926	38.0
1927	38.0
1928	30.0
1929	38.0
1930	38.0
1931	38.0
1932	38.0
1933	38.0
1934	38.0
1935	38.0
1936	38.0
1937	38.0
1938	38.0
1939	38.0
1940	38.0
1941	38.0
1942	38.0
1943	38.0
1944	37.0
1945	38.0
1946	30.0
1947	38.0
1948	35.0
1949	38.0
1950	38.0
1951	38.0
1952	24.0
1953	35.0
1954	37.0
1955	38.0
1956	38.0
1957	28.0
1958	38.0
1959	24.0
1960	38.0
1961	38.0
1962	38.0
1963	37.0
1964	33.0
1965	28.0
1966	38.0
1967	38.0
1968	38.0
1969	38.0
1970	38.0
1971	20.0
1972	38.0
1973	38.0
1974	14.0
1975	38.0
1976	38.0
1977	38.0
1978	38.0
1979	38.0
1980	38.0
1981	38.0
1982	32.0
1983	38.0
1984	38.0
1985	38.0
1986	26.0
1987	24.0
1988	38.0
1989	38.0
1990	38.0
1991	38.0
1992	38.0
1993	38.0
1994	37.0
1995	38.0
1996	26.0
1997	38.0
1998	38.0
1999	26.0
2000	38.0
2001	38.0
2002	38.0
2003	38.0
2004	38.0
2005	37.0
2006	38.0
2007	38.0
2008	38.0
2009	38.0
2010	26.0
2011	38.0
2012	38.0
2013	38.0
2014	35.0
2015	38.0
2016	37.0
2017	38.0
2018	38.0
2019	20.0
2020	38.0
2021	38.0
2022	38.0
2023	38.0
2024	38.0
2025	38.0
2026	38.0
2027	16.0
2028	31.0
2029	38.0
2030	38.0
2031	14.0
2032	38.0
2033	38.0
2034	33.0
2035	28.0
2036	38.0
2037	38.0
2038	38.0
2039	24.0
2040	20.0
2041	38.0
2042	38.0
2043	38.0
2044	38.0
2045	38.0
2046	38.0
2047	38.0
2048	38.0
2049	38.0
2050	38.0
2051	35.0
2052	35.0
2053	38.0
2054	23.0
2055	38.0
2056	38.0
2057	38.0
2058	24.0
2059	32.0
2060	27.0
2061	24.0
2062	38.0
2063	35.0
2064	38.0
2065	38.0
2066	38.0
2067	38.0
2068	38.0
2069	35.0
2070	33.0
2071	38.0
2072	24.0
2073	38.0
2074	38.0
2075	27.0
2076	38.0
2077	38.0
2078	38.0
2079	24.0
2080	38.0
2081	38.0
2082	38.0
2083	38.0
2084	31.0
2085	38.0
2086	38.0
2087	38.0
2088	38.0
2089	38.0
2090	38.0
2091	38.0
2092	38.0
2093	28.0
2094	38.0
2095	38.0
2096	29.0
2097	38.0
2098	34.0
2099	30.0
2100	22.0
2101	38.0
2102	38.0
2103	33.0
2104	38.0
2105	38.0
2106	38.0
2107	38.0
2108	38.0
2109	38.0
2110	38.0
2111	38.0
2112	38.0
2113	38.0
2114	38.0
2115	38.0
2116	38.0
2117	38.0
2118	33.0
2119	33.0
2120	38.0
2121	38.0
2122	38.0
2123	38.0
2124	30.0
2125	38.0
2126	22.0
2127	29.0
2128	22.0
2129	38.0
2130	28.0
2131	38.0
2132	38.0
2133	38.0
2134	38.0
2135	38.0
2136	20.0
2137	38.0
2138	38.0
2139	27.0
2140	38.0
2141	35.0
2142	38.0
2143	38.0
2144	38.0
2145	16.0
2146	38.0
2147	38.0
2148	38.0
2149	38.0
2150	35.0
2151	38.0
2152	38.0
2153	35.0
2154	38.0
2155	38.0
2156	38.0
2157	38.0
2158	38.0
2159	35.0
2160	37.0
2161	31.0
2162	38.0
2163	38.0
2164	38.0
2165	38.0
2166	18.0
2167	38.0
2168	38.0
2169	26.0
2170	38.0
2171	30.0
2172	38.0
2173	38.0
2174	31.0
2175	38.0
2176	38.0
2177	38.0
2178	38.0
2179	38.0
2180	38.0
2181	27.0
2182	38.0
2183	38.0
2184	38.0
2185	38.0
2186	38.0
2187	38.0
2188	38.0
2189	38.0
2190	38.0
2191	20.0
2192	33.0
2193	38.0
2194	26.0
2195	38.0
2196	38.0
2197	38.0
2198	20.0
2199	38.0
2200	38.0
2201	38.0
2202	38.0
2203	38.0
2204	38.0
2205	35.0
2206	38.0
2207	28.0
2208	24.0
2209	38.0
2210	38.0
2211	38.0
2212	38.0
2213	38.0
2214	38.0
2215	37.0
2216	38.0
2217	38.0
2218	38.0
2219	38.0
2220	38.0
2221	18.0
2222	38.0
2223	38.0
2224	38.0
2225	37.0
2226	38.0
2227	38.0
2228	37.0
2229	38.0
2230	29.0
2231	35.0
2232	38.0
2233	38.0
2234	38.0
2235	27.0
2236	38.0
2237	38.0
2238	38.0
2239	38.0
2240	24.0
2241	38.0
2242	38.0
2243	38.0
2244	38.0
2245	20.0
2246	38.0
2247	38.0
2248	38.0
2249	38.0
2250	22.0
2251	38.0
2252	38.0
2253	38.0
2254	38.0
2255	38.0
2256	38.0
2257	38.0
2258	38.0
2259	38.0
2260	12.0
2261	38.0
2262	38.0
2263	38.0
2264	38.0
2265	38.0
2266	38.0
2267	38.0
2268	38.0
2269	35.0
2270	38.0
2271	38.0
2272	38.0
2273	37.0
2274	38.0
2275	38.0
2276	38.0
2277	38.0
2278	38.0
2279	38.0
2280	38.0
2281	38.0
2282	38.0
2283	38.0
2284	38.0
2285	38.0
2286	38.0
2287	38.0
2288	26.0
2289	38.0
2290	38.0
2291	38.0
2292	38.0
2293	38.0
2294	38.0
2295	38.0
2296	38.0
2297	38.0
2298	29.0
2299	38.0
2300	38.0
2301	38.0
2302	35.0
2303	37.0
2304	38.0
2305	38.0
2306	38.0
2307	38.0
2308	38.0
2309	38.0
2310	30.0
2311	26.0
2312	38.0
2313	38.0
2314	38.0
2315	38.0
2316	38.0
2317	38.0
2318	38.0
2319	38.0
2320	38.0
2321	38.0
2322	38.0
2323	38.0
2324	37.0
2325	38.0
2326	22.0
2327	31.0
2328	38.0
2329	38.0
2330	38.0
2331	38.0
2332	38.0
2333	38.0
2334	38.0
2335	38.0
2336	18.0
2337	38.0
2338	38.0
2339	38.0
2340	38.0
2341	38.0
2342	38.0
2343	38.0
2344	38.0
2345	38.0
2346	38.0
2347	38.0
2348	38.0
2349	38.0
2350	38.0
2351	38.0
2352	38.0
2353	38.0
2354	38.0
2355	38.0
2356	38.0
2357	38.0
2358	38.0
2359	38.0
2360	38.0
2361	38.0
2362	38.0
2363	28.0
2364	38.0
2365	38.0
2366	38.0
2367	38.0
2368	38.0
2369	34.0
2370	38.0
2371	27.0
2372	37.0
2373	38.0
2374	38.0
2375	38.0
2376	38.0
2377	33.0
2378	38.0
2379	38.0
2380	38.0
2381	38.0
2382	38.0
2383	38.0
2384	38.0
2385	38.0
2386	16.0
2387	37.0
2388	38.0
2389	31.0
2390	38.0
2391	38.0
2392	35.0
2393	38.0
2394	38.0
2395	31.0
2396	38.0
2397	38.0
2398	37.0
2399	38.0
2400	38.0
2401	38.0
2402	38.0
2403	37.0
2404	38.0
2405	38.0
2406	38.0
2407	38.0
2408	38.0
2409	38.0
2410	38.0
2411	38.0
2412	38.0
2413	38.0
2414	38.0
2415	38.0
2416	38.0
2417	37.0
2418	38.0
2419	38.0
2420	38.0
2421	38.0
2422	38.0
2423	38.0
2424	33.0
2425	38.0
2426	38.0
2427	38.0
2428	38.0
2429	38.0
2430	38.0
2431	38.0
2432	29.0
2433	38.0
2434	38.0
2435	33.0
2436	38.0
2437	38.0
2438	38.0
2439	38.0
2440	38.0
2441	37.0
2442	38.0
2443	38.0
2444	30.0
2445	38.0
2446	38.0
2447	38.0
2448	38.0
2449	38.0
2450	38.0
2451	38.0
2452	38.0
2453	38.0
2454	38.0
2455	38.0
2456	38.0
2457	38.0
2458	38.0
2459	38.0
2460	38.0
2461	38.0
2462	29.0
2463	38.0
2464	38.0
2465	38.0
2466	38.0
2467	38.0
2468	38.0
2469	38.0
2470	38.0
2471	38.0
2472	38.0
2473	38.0
2474	38.0
2475	38.0
2476	38.0
2477	38.0
2478	38.0
2479	38.0
2480	38.0
2481	38.0
2482	38.0
2483	38.0
2484	38.0
2485	38.0
2486	38.0
2487	38.0
2488	38.0
2489	38.0
2490	38.0
2491	38.0
2492	38.0
2493	38.0
2494	38.0
2495	38.0
2496	38.0
2497	38.0
2498	38.0
2499	38.0
2500	38.0
2501	38.0
2502	38.0
2503	33.0
2504	38.0
2505	38.0
2506	38.0
2507	27.0
2508	38.0
2509	38.0
2510	38.0
2511	38.0
2512	38.0
2513	38.0
2514	38.0
2515	38.0
2516	38.0
2517	38.0
2518	38.0
2519	38.0
2520	38.0
2521	38.0
2522	38.0
2523	38.0
2524	38.0
2525	38.0
2526	27.0
2527	38.0
2528	38.0
2529	27.0
2530	33.0
2531	38.0
2532	38.0
2533	38.0
2534	38.0
2535	38.0
2536	38.0
2537	38.0
2538	38.0
2539	38.0
2540	38.0
2541	38.0
2542	38.0
2543	38.0
2544	38.0
2545	38.0
2546	38.0
2547	38.0
2548	38.0
2549	38.0
2550	38.0
2551	38.0
2552	38.0
2553	38.0
2554	38.0
2555	38.0
2556	38.0
2557	38.0
2558	38.0
2559	38.0
2560	38.0
2561	38.0
2562	38.0
2563	38.0
2564	38.0
2565	38.0
2566	38.0
2567	38.0
2568	31.0
2569	38.0
2570	38.0
2571	38.0
2572	38.0
2573	38.0
2574	38.0
2575	38.0
2576	38.0
2577	38.0
2578	38.0
2579	38.0
2580	38.0
2581	38.0
2582	38.0
2583	38.0
2584	38.0
2585	38.0
2586	38.0
2587	38.0
2588	38.0
2589	38.0
2590	38.0
2591	38.0
2592	38.0
2593	38.0
2594	38.0
2595	38.0
2596	38.0
2597	38.0
2598	38.0
2599	38.0
2600	38.0
2601	38.0
2602	38.0
2603	38.0
2604	38.0
2605	38.0
2606	38.0
2607	38.0
2608	38.0
2609	38.0
2610	38.0
2611	20.0
2612	38.0
2613	29.0
2614	38.0
2615	38.0
2616	38.0
2617	38.0
2618	38.0
2619	38.0
2620	38.0
2621	38.0
2622	38.0
2623	38.0
2624	37.0
2625	38.0
2626	38.0
2627	38.0
2628	38.0
2629	38.0
2630	38.0
2631	38.0
2632	38.0
2633	38.0
2634	38.0
2635	38.0
2636	38.0
2637	38.0
2638	38.0
2639	38.0
2640	38.0
2641	38.0
2642	38.0
2643	38.0
2644	38.0
2645	38.0
2646	38.0
2647	38.0
2648	38.0
2649	38.0
2650	38.0
2651	38.0
2652	38.0
2653	38.0
2654	38.0
2655	38.0
2656	38.0
2657	38.0
2658	38.0
2659	38.0
2660	38.0
2661	38.0
2662	38.0
2663	38.0
2664	38.0
2665	38.0
2666	38.0
2667	38.0
2668	38.0
2669	38.0
2670	38.0
2671	38.0
2672	38.0
2673	38.0
2674	38.0
2675	38.0
2676	38.0
2677	38.0
2678	38.0
2679	38.0
2680	38.0
2681	38.0
2682	38.0
2683	38.0
2684	38.0
2685	38.0
2686	38.0
2687	38.0
2688	38.0
2689	38.0
2690	38.0
2691	38.0
2692	38.0
2693	38.0
2694	38.0
2695	38.0
2696	38.0
2697	38.0
2698	38.0
2699	38.0
2700	38.0
2701	38.0
2702	38.0
2703	38.0
2704	38.0
2705	38.0
2706	38.0
2707	38.0
2708	38.0
2709	38.0
2710	38.0
2711	38.0
2712	38.0
2713	38.0
2714	38.0
2715	38.0
2716	38.0
2717	38.0
2718	38.0
2719	38.0
2720	38.0
2721	38.0
2722	38.0
2723	38.0
2724	38.0
2725	38.0
2726	38.0
2727	38.0
2728	38.0
2729	38.0
2730	38.0
2731	38.0
2732	38.0
2733	38.0
2734	38.0
2735	38.0
2736	38.0
2737	38.0
2738	38.0
2739	38.0
2740	38.0
2741	38.0
2742	38.0
2743	38.0
2744	38.0
2745	38.0
2746	38.0
2747	38.0
