0	70.0
1	46.0
2	90.0
3	94.0
4	110.0
5	78.0
6	82.0
7	100.0
8	70.0
9	96.0
10	76.0
11	88.0
12	104.0
13	88.0
14	74.0
15	90.0
16	94.0
17	96.0
18	94.0
19	86.0
20	62.0
21	92.0
22	82.0
23	86.0
24	84.0
25	74.0
26	90.0
27	90.0
28	102.0
29	66.0
30	94.0
31	84.0
32	94.0
33	80.0
34	74.0
35	88.0
36	66.0
37	80.0
38	76.0
39	92.0
40	100.0
41	72.0
42	68.0
43	78.0
44	86.0
45	54.0
46	58.0
47	48.0
48	52.0
49	54.0
50	56.0
51	41.0
52	50.0
53	80.0
54	74.0
55	86.0
56	84.0
57	64.0
58	84.0
59	70.0
60	88.0
61	78.0
62	96.0
63	86.0
64	84.0
65	78.0
66	80.0
67	110.0
68	80.0
69	100.0
70	98.0
71	74.0
72	90.0
73	88.0
74	122.0
75	64.0
76	94.0
77	80.0
78	110.0
79	114.0
80	58.0
81	74.0
82	94.0
83	92.0
84	90.0
85	106.0
86	74.0
87	98.0
88	98.0
89	88.0
90	108.0
91	78.0
92	72.0
93	92.0
94	100.0
95	98.0
96	82.0
97	90.0
98	98.0
99	74.0
100	86.0
101	86.0
102	88.0
103	88.0
104	80.0
105	96.0
106	78.0
107	78.0
108	76.0
109	74.0
110	118.0
111	88.0
112	106.0
113	98.0
114	72.0
115	124.0
116	78.0
117	66.0
118	86.0
119	86.0
120	86.0
121	142.0
122	84.0
123	92.0
124	100.0
125	106.0
126	78.0
127	96.0
128	90.0
129	86.0
130	82.0
131	68.0
132	44.0
133	110.0
134	132.0
135	88.0
136	86.0
137	112.0
138	78.0
139	98.0
140	66.0
141	96.0
142	88.0
143	74.0
144	98.0
145	60.0
146	88.0
147	70.0
148	98.0
149	82.0
150	88.0
151	110.0
152	96.0
153	90.0
154	90.0
155	104.0
156	72.0
157	86.0
158	98.0
159	72.0
160	80.0
161	120.0
162	100.0
163	74.0
164	64.0
165	96.0
166	72.0
167	58.0
168	86.0
169	52.0
170	48.0
171	74.0
172	94.0
173	96.0
174	68.0
175	82.0
176	86.0
177	100.0
178	104.0
179	86.0
180	90.0
181	92.0
182	88.0
183	96.0
184	84.0
185	104.0
186	106.0
187	54.0
188	90.0
189	66.0
190	90.0
191	98.0
192	90.0
193	110.0
194	84.0
195	84.0
196	80.0
197	74.0
198	68.0
199	94.0
200	84.0
201	80.0
202	62.0
203	98.0
204	108.0
205	98.0
206	102.0
207	94.0
208	88.0
209	136.0
210	110.0
211	92.0
212	116.0
213	86.0
214	90.0
215	90.0
216	98.0
217	108.0
218	102.0
219	100.0
220	112.0
221	106.0
222	106.0
223	116.0
224	112.0
225	64.0
226	90.0
227	116.0
228	106.0
229	90.0
230	114.0
231	104.0
232	92.0
233	98.0
234	80.0
235	94.0
236	62.0
237	86.0
238	90.0
239	90.0
240	76.0
241	94.0
242	86.0
243	112.0
244	108.0
245	114.0
246	112.0
247	90.0
248	146.0
249	124.0
250	68.0
251	106.0
252	88.0
253	110.0
254	122.0
255	118.0
256	98.0
257	106.0
258	96.0
259	102.0
260	96.0
261	88.0
262	104.0
263	118.0
264	108.0
265	82.0
266	74.0
267	82.0
268	86.0
269	102.0
270	118.0
271	76.0
272	88.0
273	90.0
274	82.0
275	86.0
276	118.0
277	76.0
278	82.0
279	88.0
280	57.0
281	74.0
282	68.0
283	84.0
284	96.0
285	92.0
286	92.0
287	110.0
288	100.0
289	88.0
290	84.0
291	90.0
292	104.0
293	108.0
294	70.0
295	68.0
296	88.0
297	94.0
298	106.0
299	106.0
300	74.0
301	94.0
302	88.0
303	108.0
304	106.0
305	112.0
306	98.0
307	82.0
308	68.0
309	134.0
310	102.0
311	88.0
312	116.0
313	100.0
314	92.0
315	86.0
316	118.0
317	90.0
318	120.0
319	106.0
320	90.0
321	106.0
322	106.0
323	92.0
324	108.0
325	86.0
326	102.0
327	130.0
328	104.0
329	100.0
330	100.0
331	108.0
332	110.0
333	102.0
334	88.0
335	100.0
336	146.0
337	78.0
338	86.0
339	122.0
340	110.0
341	84.0
342	70.0
343	124.0
344	100.0
345	136.0
346	92.0
347	86.0
348	100.0
349	118.0
350	92.0
351	104.0
352	98.0
353	92.0
354	124.0
355	78.0
356	98.0
357	100.0
358	118.0
359	110.0
360	104.0
361	78.0
362	100.0
363	114.0
364	114.0
365	86.0
366	92.0
367	98.0
368	100.0
369	92.0
370	110.0
371	104.0
372	128.0
373	92.0
374	86.0
375	108.0
376	108.0
377	116.0
378	114.0
379	76.0
380	122.0
381	104.0
382	100.0
383	90.0
384	80.0
385	116.0
386	102.0
387	100.0
388	88.0
389	70.0
390	84.0
391	92.0
392	126.0
393	120.0
394	110.0
395	100.0
396	134.0
397	96.0
398	110.0
399	84.0
400	114.0
401	104.0
402	76.0
403	134.0
404	106.0
405	92.0
406	98.0
407	108.0
408	122.0
409	102.0
410	98.0
411	94.0
412	120.0
413	92.0
414	112.0
415	82.0
416	118.0
417	108.0
418	88.0
419	100.0
420	100.0
421	92.0
422	118.0
423	96.0
424	94.0
425	102.0
426	92.0
427	100.0
428	98.0
429	138.0
430	70.0
431	96.0
432	134.0
433	92.0
434	98.0
435	106.0
436	66.0
437	92.0
438	100.0
439	84.0
440	82.0
441	128.0
442	80.0
443	102.0
444	80.0
445	100.0
446	104.0
447	106.0
448	88.0
449	112.0
450	102.0
451	112.0
452	102.0
453	98.0
454	100.0
455	128.0
456	112.0
457	114.0
458	108.0
459	118.0
460	122.0
461	100.0
462	104.0
463	106.0
464	118.0
465	100.0
466	78.0
467	110.0
468	102.0
469	138.0
470	122.0
471	120.0
472	106.0
473	102.0
474	100.0
475	70.0
476	100.0
477	78.0
478	120.0
479	92.0
480	84.0
481	108.0
482	100.0
483	86.0
484	80.0
485	82.0
486	100.0
487	70.0
488	90.0
489	94.0
490	94.0
491	100.0
492	108.0
493	82.0
494	92.0
495	130.0
496	106.0
497	86.0
498	112.0
499	90.0
500	104.0
501	92.0
502	94.0
503	108.0
504	128.0
505	112.0
506	96.0
507	70.0
508	74.0
509	80.0
510	90.0
511	126.0
512	88.0
513	86.0
514	110.0
515	102.0
516	116.0
517	120.0
518	98.0
519	88.0
520	98.0
521	100.0
522	86.0
523	78.0
524	112.0
525	90.0
526	108.0
527	82.0
528	102.0
529	106.0
530	88.0
531	122.0
532	112.0
533	128.0
534	102.0
535	116.0
536	86.0
537	88.0
538	100.0
539	98.0
540	108.0
541	92.0
542	96.0
543	94.0
544	112.0
545	100.0
546	96.0
547	98.0
548	106.0
549	88.0
550	108.0
551	130.0
552	94.0
553	84.0
554	110.0
555	96.0
556	86.0
557	76.0
558	112.0
559	116.0
560	104.0
561	116.0
562	108.0
563	128.0
564	134.0
565	142.0
566	86.0
567	92.0
568	112.0
569	114.0
570	82.0
571	96.0
572	104.0
573	98.0
574	104.0
575	102.0
576	108.0
577	78.0
578	110.0
579	96.0
580	112.0
581	96.0
582	104.0
583	90.0
584	114.0
585	98.0
586	104.0
587	90.0
588	78.0
589	110.0
590	84.0
591	92.0
592	118.0
593	92.0
594	82.0
595	102.0
596	100.0
597	112.0
598	96.0
599	94.0
600	88.0
601	110.0
602	128.0
603	80.0
604	104.0
605	82.0
606	86.0
607	100.0
608	78.0
609	78.0
610	128.0
611	108.0
612	88.0
613	114.0
614	94.0
615	102.0
616	100.0
617	92.0
618	78.0
619	116.0
620	102.0
621	118.0
622	96.0
623	86.0
624	92.0
625	100.0
626	122.0
627	110.0
628	118.0
629	100.0
630	92.0
631	136.0
632	104.0
633	80.0
634	96.0
635	112.0
636	80.0
637	52.0
638	52.0
639	62.0
640	90.0
641	82.0
642	86.0
643	88.0
644	90.0
645	94.0
646	88.0
647	92.0
648	110.0
649	88.0
650	96.0
651	114.0
652	102.0
653	84.0
654	98.0
655	136.0
656	92.0
657	78.0
658	96.0
659	82.0
660	92.0
661	112.0
662	96.0
663	82.0
664	98.0
665	144.0
666	106.0
667	110.0
668	106.0
669	128.0
670	114.0
671	94.0
672	126.0
673	110.0
674	120.0
675	84.0
676	124.0
677	104.0
678	118.0
679	120.0
680	126.0
681	116.0
682	102.0
683	94.0
684	96.0
685	142.0
686	150.0
687	124.0
688	94.0
689	124.0
690	104.0
691	122.0
692	86.0
693	110.0
694	102.0
695	88.0
696	130.0
697	102.0
698	138.0
699	106.0
700	122.0
701	138.0
702	90.0
703	108.0
704	134.0
705	122.0
706	96.0
707	102.0
708	144.0
709	106.0
710	120.0
711	88.0
712	122.0
713	140.0
714	140.0
715	104.0
716	134.0
717	100.0
718	82.0
719	74.0
720	108.0
721	120.0
722	126.0
723	112.0
724	114.0
725	98.0
726	104.0
727	122.0
728	122.0
729	102.0
730	110.0
731	110.0
732	80.0
733	120.0
734	118.0
735	104.0
736	94.0
737	118.0
738	142.0
739	126.0
740	152.0
741	148.0
742	112.0
743	132.0
744	92.0
745	124.0
746	108.0
747	104.0
748	84.0
749	98.0
750	94.0
751	104.0
752	86.0
753	80.0
754	148.0
755	126.0
756	104.0
757	106.0
758	116.0
759	102.0
760	92.0
761	94.0
762	122.0
763	84.0
764	116.0
765	118.0
766	124.0
767	118.0
768	106.0
769	104.0
770	148.0
771	106.0
772	126.0
773	80.0
774	98.0
775	104.0
776	90.0
777	120.0
778	102.0
779	136.0
780	92.0
781	124.0
782	116.0
783	104.0
784	108.0
785	120.0
786	100.0
787	134.0
788	124.0
789	108.0
790	100.0
791	106.0
792	98.0
793	102.0
794	110.0
795	102.0
796	94.0
797	108.0
798	92.0
799	102.0
800	92.0
801	122.0
802	104.0
803	124.0
804	106.0
805	104.0
806	98.0
807	142.0
808	88.0
809	116.0
810	110.0
811	122.0
812	82.0
813	78.0
814	134.0
815	106.0
816	122.0
817	128.0
818	106.0
819	128.0
820	100.0
821	94.0
822	116.0
823	116.0
824	86.0
825	96.0
826	100.0
827	88.0
828	108.0
829	136.0
830	114.0
831	128.0
832	118.0
833	144.0
834	88.0
835	152.0
836	122.0
837	112.0
838	118.0
839	118.0
840	98.0
841	118.0
842	106.0
843	110.0
844	122.0
845	118.0
846	120.0
847	112.0
848	110.0
849	102.0
850	108.0
851	86.0
852	86.0
853	110.0
854	128.0
855	120.0
856	116.0
857	110.0
858	126.0
859	80.0
860	88.0
861	92.0
862	82.0
863	100.0
864	78.0
865	112.0
866	120.0
867	110.0
868	112.0
869	90.0
870	110.0
871	116.0
872	114.0
873	140.0
874	112.0
875	162.0
876	90.0
877	120.0
878	104.0
879	146.0
880	138.0
881	118.0
882	102.0
883	120.0
884	110.0
885	130.0
886	112.0
887	138.0
888	116.0
889	152.0
890	114.0
891	128.0
892	134.0
893	118.0
894	122.0
895	130.0
896	146.0
897	142.0
898	100.0
899	126.0
900	140.0
901	120.0
902	104.0
903	128.0
904	132.0
905	120.0
906	124.0
907	136.0
908	116.0
909	136.0
910	132.0
911	130.0
912	130.0
913	140.0
914	122.0
915	120.0
916	88.0
917	130.0
918	112.0
919	128.0
920	122.0
921	152.0
922	114.0
923	140.0
924	108.0
925	124.0
926	112.0
927	120.0
928	134.0
929	132.0
930	102.0
931	114.0
932	112.0
933	94.0
934	146.0
935	148.0
936	108.0
937	138.0
938	102.0
939	124.0
940	104.0
941	164.0
942	128.0
943	146.0
944	106.0
945	102.0
946	134.0
947	104.0
948	116.0
949	114.0
950	102.0
951	124.0
952	150.0
953	100.0
954	110.0
955	136.0
956	124.0
957	88.0
958	98.0
959	140.0
960	102.0
961	90.0
962	130.0
963	118.0
964	110.0
965	118.0
966	124.0
967	102.0
968	122.0
969	120.0
970	104.0
971	104.0
972	86.0
973	122.0
974	92.0
975	100.0
976	100.0
977	86.0
978	72.0
979	98.0
980	80.0
981	96.0
982	140.0
983	120.0
984	138.0
985	114.0
986	128.0
987	110.0
988	96.0
989	102.0
990	132.0
991	94.0
992	110.0
993	130.0
994	134.0
995	106.0
996	144.0
997	146.0
998	140.0
999	126.0
1000	112.0
1001	122.0
1002	128.0
1003	114.0
1004	118.0
1005	94.0
1006	116.0
1007	128.0
1008	132.0
1009	152.0
1010	96.0
1011	106.0
1012	126.0
1013	122.0
1014	162.0
1015	118.0
1016	160.0
1017	140.0
1018	134.0
1019	128.0
1020	112.0
1021	170.0
1022	134.0
1023	128.0
1024	118.0
1025	120.0
1026	156.0
1027	138.0
1028	150.0
1029	140.0
1030	156.0
1031	138.0
1032	138.0
1033	128.0
1034	108.0
1035	136.0
1036	146.0
1037	138.0
1038	128.0
1039	138.0
1040	122.0
1041	130.0
1042	126.0
1043	130.0
1044	120.0
1045	152.0
1046	120.0
1047	136.0
1048	124.0
1049	132.0
1050	126.0
1051	144.0
1052	130.0
1053	148.0
1054	112.0
1055	128.0
1056	114.0
1057	122.0
1058	136.0
1059	112.0
1060	104.0
1061	100.0
1062	142.0
1063	102.0
1064	100.0
1065	104.0
1066	112.0
1067	140.0
1068	138.0
1069	150.0
1070	156.0
1071	140.0
1072	152.0
1073	134.0
1074	140.0
1075	132.0
1076	142.0
1077	142.0
1078	130.0
1079	112.0
1080	140.0
1081	158.0
1082	136.0
1083	146.0
1084	154.0
1085	158.0
1086	140.0
1087	122.0
1088	132.0
1089	108.0
1090	134.0
1091	146.0
1092	148.0
1093	128.0
1094	120.0
1095	156.0
1096	166.0
1097	130.0
1098	150.0
1099	126.0
1100	158.0
1101	146.0
1102	130.0
1103	170.0
1104	162.0
1105	100.0
1106	152.0
1107	108.0
1108	122.0
1109	132.0
1110	124.0
1111	120.0
1112	144.0
1113	134.0
1114	150.0
1115	132.0
1116	102.0
1117	150.0
1118	114.0
1119	100.0
1120	114.0
1121	120.0
1122	110.0
1123	118.0
1124	140.0
1125	124.0
1126	134.0
1127	148.0
1128	100.0
1129	120.0
1130	104.0
1131	148.0
1132	138.0
1133	128.0
1134	146.0
1135	156.0
1136	150.0
1137	126.0
1138	140.0
1139	150.0
1140	146.0
1141	124.0
1142	112.0
1143	164.0
1144	128.0
1145	142.0
1146	130.0
1147	130.0
1148	116.0
1149	130.0
1150	114.0
1151	146.0
1152	104.0
1153	138.0
1154	146.0
1155	150.0
1156	138.0
1157	88.0
1158	126.0
1159	134.0
1160	156.0
1161	134.0
1162	134.0
1163	138.0
1164	118.0
1165	174.0
1166	110.0
1167	122.0
1168	132.0
1169	142.0
1170	118.0
1171	130.0
1172	110.0
1173	154.0
1174	138.0
1175	134.0
1176	116.0
1177	120.0
1178	102.0
1179	144.0
1180	122.0
1181	108.0
1182	140.0
1183	134.0
1184	130.0
1185	126.0
1186	114.0
1187	178.0
1188	112.0
1189	120.0
1190	144.0
1191	104.0
1192	132.0
1193	144.0
1194	128.0
1195	118.0
1196	148.0
1197	122.0
1198	110.0
1199	130.0
1200	116.0
1201	120.0
1202	160.0
1203	154.0
1204	150.0
1205	142.0
1206	142.0
1207	142.0
1208	140.0
1209	138.0
1210	114.0
1211	128.0
1212	122.0
1213	160.0
1214	112.0
1215	138.0
1216	136.0
1217	150.0
1218	156.0
1219	122.0
1220	144.0
1221	162.0
1222	148.0
1223	134.0
1224	132.0
1225	156.0
1226	100.0
1227	162.0
1228	132.0
1229	134.0
1230	134.0
1231	166.0
1232	144.0
1233	120.0
1234	132.0
1235	142.0
1236	128.0
1237	122.0
1238	150.0
1239	118.0
1240	142.0
1241	122.0
1242	160.0
1243	110.0
1244	124.0
1245	170.0
1246	134.0
1247	150.0
1248	152.0
1249	110.0
1250	138.0
1251	150.0
1252	106.0
1253	194.0
1254	130.0
1255	182.0
1256	118.0
1257	138.0
1258	186.0
1259	158.0
1260	126.0
1261	176.0
1262	138.0
1263	128.0
1264	112.0
1265	104.0
1266	134.0
1267	134.0
1268	136.0
1269	144.0
1270	176.0
1271	122.0
1272	154.0
1273	124.0
1274	142.0
1275	84.0
1276	156.0
1277	98.0
1278	138.0
1279	130.0
1280	132.0
1281	124.0
1282	134.0
1283	136.0
1284	108.0
1285	118.0
1286	124.0
1287	146.0
1288	120.0
1289	156.0
1290	138.0
1291	128.0
1292	122.0
1293	144.0
1294	114.0
1295	102.0
1296	140.0
1297	120.0
1298	130.0
1299	158.0
1300	140.0
1301	130.0
1302	142.0
1303	148.0
1304	170.0
1305	136.0
1306	154.0
1307	114.0
1308	154.0
1309	174.0
1310	156.0
1311	142.0
1312	154.0
1313	134.0
1314	156.0
1315	144.0
1316	142.0
1317	166.0
1318	160.0
1319	186.0
1320	150.0
1321	164.0
1322	144.0
1323	116.0
1324	122.0
1325	148.0
1326	146.0
1327	144.0
1328	130.0
1329	118.0
1330	124.0
1331	148.0
1332	196.0
1333	120.0
1334	138.0
1335	118.0
1336	148.0
1337	152.0
1338	148.0
1339	134.0
1340	98.0
1341	94.0
1342	88.0
1343	98.0
1344	80.0
1345	98.0
1346	60.0
1347	122.0
1348	102.0
1349	120.0
1350	116.0
1351	80.0
1352	124.0
1353	106.0
1354	150.0
1355	122.0
1356	120.0
1357	140.0
1358	146.0
1359	122.0
1360	112.0
1361	138.0
1362	138.0
1363	128.0
1364	144.0
1365	166.0
1366	126.0
1367	146.0
1368	128.0
1369	110.0
1370	152.0
1371	138.0
1372	136.0
1373	146.0
1374	124.0
1375	162.0
1376	152.0
1377	106.0
1378	128.0
1379	182.0
1380	120.0
1381	152.0
1382	132.0
1383	158.0
1384	140.0
1385	156.0
1386	120.0
1387	170.0
1388	156.0
1389	160.0
1390	132.0
1391	148.0
1392	148.0
1393	132.0
1394	148.0
1395	142.0
1396	138.0
1397	128.0
1398	130.0
1399	134.0
1400	134.0
1401	178.0
1402	132.0
1403	154.0
1404	152.0
1405	144.0
1406	194.0
1407	166.0
1408	158.0
1409	136.0
1410	156.0
1411	150.0
1412	148.0
1413	142.0
1414	152.0
1415	112.0
1416	160.0
1417	156.0
1418	144.0
1419	178.0
1420	162.0
1421	154.0
1422	150.0
1423	114.0
1424	134.0
1425	122.0
1426	152.0
1427	130.0
1428	144.0
1429	152.0
1430	158.0
1431	112.0
1432	126.0
1433	108.0
1434	144.0
1435	162.0
1436	126.0
1437	116.0
1438	122.0
1439	122.0
1440	134.0
1441	162.0
1442	102.0
1443	160.0
1444	152.0
1445	134.0
1446	118.0
1447	122.0
1448	112.0
1449	164.0
1450	134.0
1451	172.0
1452	144.0
1453	166.0
1454	114.0
1455	90.0
1456	148.0
1457	160.0
1458	122.0
1459	170.0
1460	134.0
1461	140.0
1462	92.0
1463	134.0
1464	122.0
1465	164.0
1466	152.0
1467	152.0
1468	178.0
1469	172.0
1470	166.0
1471	128.0
1472	132.0
1473	154.0
1474	158.0
1475	154.0
1476	166.0
1477	160.0
1478	182.0
1479	122.0
1480	126.0
1481	168.0
1482	128.0
1483	140.0
1484	138.0
1485	126.0
1486	150.0
1487	148.0
1488	166.0
1489	126.0
1490	170.0
1491	142.0
1492	136.0
1493	150.0
1494	196.0
1495	130.0
1496	138.0
1497	138.0
1498	190.0
1499	120.0
1500	168.0
1501	112.0
1502	150.0
1503	152.0
1504	152.0
1505	138.0
1506	154.0
1507	168.0
1508	162.0
1509	176.0
1510	126.0
1511	114.0
1512	122.0
1513	140.0
1514	128.0
1515	182.0
1516	156.0
1517	160.0
1518	148.0
1519	160.0
1520	144.0
1521	150.0
1522	166.0
1523	148.0
1524	162.0
1525	148.0
1526	154.0
1527	138.0
1528	140.0
1529	146.0
1530	130.0
1531	148.0
1532	146.0
1533	148.0
1534	146.0
1535	152.0
1536	150.0
1537	148.0
1538	154.0
1539	168.0
1540	166.0
1541	124.0
1542	136.0
1543	148.0
1544	146.0
1545	138.0
1546	150.0
1547	138.0
1548	130.0
1549	158.0
1550	158.0
1551	144.0
1552	166.0
1553	168.0
1554	154.0
1555	124.0
1556	130.0
1557	142.0
1558	118.0
1559	144.0
1560	128.0
1561	146.0
1562	172.0
1563	196.0
1564	150.0
1565	136.0
1566	150.0
1567	152.0
1568	156.0
1569	144.0
1570	154.0
1571	124.0
1572	118.0
1573	142.0
1574	188.0
1575	142.0
1576	186.0
1577	118.0
1578	138.0
1579	152.0
1580	154.0
1581	138.0
1582	150.0
1583	116.0
1584	130.0
1585	144.0
1586	130.0
1587	122.0
1588	156.0
1589	122.0
1590	134.0
1591	136.0
1592	158.0
1593	120.0
1594	110.0
1595	118.0
1596	142.0
1597	122.0
1598	160.0
1599	138.0
1600	130.0
1601	124.0
1602	128.0
1603	148.0
1604	130.0
1605	146.0
1606	156.0
1607	88.0
1608	140.0
1609	144.0
1610	172.0
1611	152.0
1612	146.0
1613	138.0
1614	150.0
1615	106.0
1616	110.0
1617	110.0
1618	96.0
1619	140.0
1620	128.0
1621	156.0
1622	162.0
1623	176.0
1624	126.0
1625	136.0
1626	156.0
1627	126.0
1628	130.0
1629	132.0
1630	148.0
1631	136.0
1632	128.0
1633	140.0
1634	120.0
1635	126.0
1636	148.0
1637	112.0
1638	134.0
1639	130.0
1640	152.0
1641	146.0
1642	126.0
1643	124.0
1644	130.0
1645	146.0
1646	136.0
1647	134.0
1648	122.0
1649	126.0
1650	166.0
1651	134.0
1652	116.0
1653	128.0
1654	154.0
1655	156.0
1656	160.0
1657	118.0
1658	156.0
1659	130.0
1660	132.0
1661	150.0
1662	156.0
1663	142.0
1664	108.0
1665	180.0
1666	160.0
1667	156.0
1668	152.0
1669	130.0
1670	160.0
1671	152.0
1672	130.0
1673	128.0
1674	150.0
1675	124.0
1676	120.0
1677	140.0
1678	100.0
1679	138.0
1680	126.0
1681	126.0
1682	126.0
1683	120.0
1684	120.0
1685	120.0
1686	150.0
1687	136.0
1688	110.0
1689	140.0
1690	100.0
1691	152.0
1692	160.0
1693	134.0
1694	150.0
1695	146.0
1696	166.0
1697	142.0
1698	154.0
1699	146.0
1700	144.0
1701	164.0
1702	118.0
1703	122.0
1704	98.0
1705	98.0
1706	126.0
1707	126.0
1708	120.0
1709	94.0
1710	94.0
1711	96.0
1712	82.0
1713	128.0
1714	104.0
1715	138.0
1716	104.0
1717	170.0
1718	112.0
1719	118.0
1720	112.0
1721	132.0
1722	154.0
1723	148.0
1724	90.0
1725	110.0
1726	94.0
1727	154.0
1728	168.0
1729	116.0
1730	138.0
1731	110.0
1732	100.0
1733	120.0
1734	124.0
1735	142.0
1736	154.0
1737	154.0
1738	160.0
1739	146.0
1740	144.0
1741	120.0
1742	124.0
1743	156.0
1744	168.0
1745	148.0
1746	126.0
1747	134.0
1748	138.0
1749	154.0
1750	154.0
1751	110.0
1752	158.0
1753	148.0
1754	158.0
1755	98.0
1756	146.0
1757	150.0
1758	134.0
1759	122.0
1760	124.0
1761	126.0
1762	134.0
1763	104.0
1764	126.0
1765	108.0
1766	142.0
1767	140.0
1768	120.0
1769	96.0
1770	126.0
1771	136.0
1772	138.0
1773	136.0
1774	166.0
1775	162.0
1776	128.0
1777	164.0
1778	142.0
1779	142.0
1780	148.0
1781	144.0
1782	174.0
1783	164.0
1784	188.0
1785	162.0
1786	140.0
1787	154.0
1788	114.0
1789	152.0
1790	150.0
1791	148.0
1792	154.0
1793	118.0
1794	164.0
1795	128.0
1796	172.0
1797	134.0
1798	134.0
1799	142.0
1800	146.0
1801	122.0
1802	122.0
1803	130.0
1804	144.0
1805	210.0
1806	128.0
1807	144.0
1808	146.0
1809	176.0
1810	162.0
1811	116.0
1812	134.0
1813	132.0
1814	136.0
1815	170.0
1816	120.0
1817	120.0
1818	130.0
1819	130.0
1820	148.0
1821	158.0
1822	136.0
1823	116.0
1824	128.0
1825	166.0
1826	128.0
1827	134.0
1828	154.0
1829	156.0
1830	122.0
1831	140.0
1832	146.0
1833	134.0
1834	134.0
1835	152.0
1836	142.0
1837	138.0
1838	166.0
1839	140.0
1840	130.0
1841	148.0
1842	138.0
1843	166.0
1844	126.0
1845	126.0
1846	144.0
1847	134.0
1848	154.0
1849	138.0
1850	152.0
1851	124.0
1852	158.0
1853	172.0
1854	112.0
1855	146.0
1856	140.0
1857	144.0
1858	142.0
1859	132.0
1860	164.0
1861	114.0
1862	148.0
1863	146.0
1864	176.0
1865	124.0
1866	160.0
1867	144.0
1868	110.0
1869	122.0
1870	166.0
1871	134.0
1872	156.0
1873	126.0
1874	178.0
1875	160.0
1876	172.0
1877	140.0
1878	144.0
1879	174.0
1880	120.0
1881	138.0
1882	158.0
1883	142.0
1884	148.0
1885	154.0
1886	176.0
1887	152.0
1888	132.0
1889	158.0
1890	164.0
1891	176.0
1892	168.0
1893	124.0
1894	118.0
1895	122.0
1896	160.0
1897	94.0
1898	132.0
1899	152.0
1900	132.0
1901	160.0
1902	140.0
1903	164.0
1904	152.0
1905	164.0
1906	136.0
1907	106.0
1908	166.0
1909	160.0
1910	160.0
1911	142.0
1912	124.0
1913	130.0
1914	96.0
1915	126.0
1916	164.0
1917	110.0
1918	102.0
1919	122.0
1920	116.0
1921	112.0
1922	98.0
1923	170.0
1924	152.0
1925	148.0
1926	96.0
1927	108.0
1928	122.0
1929	154.0
1930	88.0
1931	134.0
1932	110.0
1933	118.0
1934	110.0
1935	130.0
1936	138.0
1937	136.0
1938	132.0
1939	160.0
1940	158.0
1941	152.0
1942	122.0
1943	140.0
1944	154.0
1945	152.0
1946	128.0
1947	162.0
1948	122.0
1949	122.0
1950	120.0
1951	108.0
1952	118.0
1953	136.0
1954	134.0
1955	162.0
1956	126.0
1957	156.0
1958	132.0
1959	124.0
1960	138.0
1961	150.0
1962	126.0
1963	146.0
1964	146.0
1965	148.0
1966	174.0
1967	144.0
1968	166.0
1969	130.0
1970	132.0
1971	128.0
1972	146.0
1973	154.0
1974	138.0
1975	102.0
1976	116.0
1977	138.0
1978	154.0
1979	146.0
1980	138.0
1981	160.0
1982	170.0
1983	128.0
1984	162.0
1985	138.0
1986	126.0
1987	170.0
1988	142.0
1989	158.0
1990	156.0
1991	168.0
1992	128.0
1993	118.0
1994	134.0
1995	110.0
1996	160.0
1997	170.0
1998	154.0
1999	148.0
2000	150.0
2001	132.0
2002	130.0
2003	188.0
2004	136.0
2005	112.0
2006	128.0
2007	150.0
2008	146.0
2009	178.0
2010	134.0
2011	132.0
2012	196.0
2013	124.0
2014	132.0
2015	128.0
2016	140.0
2017	148.0
2018	144.0
2019	180.0
2020	136.0
2021	114.0
2022	162.0
2023	138.0
2024	176.0
2025	148.0
2026	134.0
2027	138.0
2028	132.0
2029	98.0
2030	116.0
2031	96.0
2032	116.0
2033	118.0
2034	124.0
2035	134.0
2036	142.0
2037	124.0
2038	182.0
2039	146.0
2040	156.0
2041	142.0
2042	170.0
2043	158.0
2044	126.0
2045	164.0
2046	142.0
2047	118.0
2048	162.0
2049	126.0
2050	124.0
2051	110.0
2052	116.0
2053	116.0
2054	142.0
2055	122.0
2056	118.0
2057	160.0
2058	122.0
2059	120.0
2060	124.0
2061	140.0
2062	122.0
2063	114.0
2064	118.0
2065	176.0
2066	124.0
2067	152.0
2068	128.0
2069	118.0
2070	138.0
2071	134.0
2072	104.0
2073	118.0
2074	148.0
2075	152.0
2076	118.0
2077	82.0
2078	114.0
2079	138.0
2080	108.0
2081	130.0
2082	150.0
2083	118.0
2084	122.0
2085	120.0
2086	122.0
2087	148.0
2088	134.0
2089	114.0
2090	112.0
2091	120.0
2092	160.0
2093	142.0
2094	92.0
2095	168.0
2096	164.0
2097	126.0
2098	144.0
2099	170.0
2100	166.0
2101	122.0
2102	134.0
2103	178.0
2104	144.0
2105	104.0
2106	116.0
2107	128.0
2108	124.0
2109	142.0
2110	146.0
2111	112.0
2112	130.0
2113	122.0
2114	154.0
2115	130.0
2116	142.0
2117	140.0
2118	130.0
2119	134.0
2120	134.0
2121	136.0
2122	148.0
2123	134.0
2124	126.0
2125	142.0
2126	154.0
2127	106.0
2128	124.0
2129	110.0
2130	148.0
2131	106.0
2132	142.0
2133	100.0
2134	98.0
2135	112.0
2136	104.0
2137	98.0
2138	106.0
2139	100.0
2140	100.0
2141	164.0
2142	142.0
2143	112.0
2144	148.0
2145	100.0
2146	130.0
2147	150.0
2148	144.0
2149	116.0
2150	146.0
2151	110.0
2152	130.0
2153	144.0
2154	116.0
2155	114.0
2156	146.0
2157	116.0
2158	128.0
2159	160.0
2160	116.0
2161	114.0
2162	132.0
2163	106.0
2164	154.0
2165	124.0
2166	134.0
2167	114.0
2168	104.0
2169	148.0
2170	120.0
2171	116.0
2172	128.0
2173	132.0
2174	132.0
2175	114.0
2176	106.0
2177	110.0
2178	138.0
2179	144.0
2180	112.0
2181	122.0
2182	104.0
2183	134.0
