0	1732.0
1	1668.0
2	1720.0
3	1636.0
4	1856.0
5	2392.0
6	2132.0
7	2480.0
8	2532.0
9	2432.0
10	2292.0
11	2536.0
12	2356.0
13	2412.0
14	2172.0
15	2224.0
16	2108.0
17	2196.0
18	2228.0
19	2008.0
20	2036.0
21	2100.0
22	2292.0
23	2380.0
24	2152.0
25	2484.0
26	2144.0
27	2016.0
28	2040.0
29	2280.0
30	2112.0
31	2432.0
32	2296.0
33	2108.0
34	2108.0
35	2028.0
36	2192.0
37	2048.0
38	2120.0
39	1968.0
40	2200.0
41	2048.0
42	1952.0
43	2012.0
44	1916.0
45	2208.0
46	2096.0
47	1942.0
48	1760.0
49	1920.0
50	1814.0
51	1964.0
52	2036.0
53	1960.0
54	2096.0
55	2200.0
56	2188.0
57	2156.0
58	2116.0
59	2292.0
60	1944.0
61	1900.0
62	2084.0
63	2300.0
64	1976.0
65	2224.0
66	2024.0
67	2048.0
68	1984.0
69	2148.0
70	2160.0
71	2008.0
72	1816.0
73	1828.0
74	1880.0
75	1756.0
76	2020.0
77	1936.0
78	2024.0
79	2168.0
80	2108.0
81	2208.0
82	2064.0
83	2200.0
84	2132.0
85	2252.0
86	2206.0
87	1992.0
88	2300.0
89	2244.0
90	2404.0
91	2168.0
92	2128.0
93	2332.0
94	2300.0
95	2192.0
96	2520.0
97	2140.0
98	1768.0
99	1956.0
100	2344.0
101	2192.0
102	2336.0
103	2356.0
104	2376.0
105	2536.0
106	2372.0
107	2240.0
108	2152.0
109	2364.0
110	2256.0
111	2388.0
112	2464.0
113	2236.0
114	2474.0
115	2296.0
116	2416.0
117	2644.0
118	2412.0
119	1916.0
120	1832.0
121	2132.0
122	2360.0
123	1704.0
124	1876.0
125	2048.0
126	1956.0
127	1752.0
128	1872.0
129	1804.0
130	1644.0
131	2064.0
132	2020.0
133	1980.0
134	2220.0
135	2080.0
136	2072.0
137	2008.0
138	2144.0
139	2008.0
140	1980.0
141	2204.0
142	2184.0
143	2064.0
144	2124.0
145	2136.0
146	2048.0
147	2156.0
148	1928.0
149	1904.0
150	1900.0
151	2112.0
152	1824.0
153	1820.0
154	1772.0
155	2004.0
156	1944.0
157	1932.0
158	1908.0
159	2094.0
160	2072.0
161	1900.0
162	2460.0
163	2132.0
164	2108.0
165	1982.0
166	1912.0
167	2052.0
168	2136.0
169	2024.0
170	1976.0
171	1976.0
172	2224.0
173	1884.0
174	2020.0
175	1928.0
176	1680.0
177	2032.0
178	1928.0
179	1832.0
180	1708.0
181	1760.0
182	1860.0
183	1932.0
184	1780.0
185	1924.0
186	1992.0
187	2072.0
188	2336.0
189	1948.0
190	2084.0
191	2072.0
192	2008.0
193	2056.0
194	1972.0
195	1784.0
196	1808.0
197	1494.0
198	1584.0
199	1720.0
200	1528.0
201	1440.0
202	1356.0
203	1596.0
204	1424.0
205	1548.0
206	1596.0
207	1632.0
208	2000.0
209	1996.0
210	1856.0
211	2172.0
212	2240.0
213	2152.0
214	2060.0
215	2140.0
216	2016.0
217	1820.0
218	1876.0
219	1720.0
220	1880.0
221	1940.0
222	1614.0
223	1600.0
224	1884.0
225	1660.0
226	2092.0
227	2012.0
228	2006.0
229	2340.0
230	2004.0
231	2020.0
232	1932.0
233	1638.0
234	2136.0
235	2176.0
236	2392.0
237	2200.0
238	2228.0
239	2084.0
240	1960.0
241	2200.0
242	2088.0
243	2216.0
244	1908.0
245	1944.0
246	2004.0
247	1992.0
248	1508.0
249	1636.0
250	1400.0
251	1604.0
252	1616.0
253	1624.0
254	1764.0
255	2084.0
256	2200.0
257	2180.0
258	2080.0
259	1860.0
260	1748.0
261	2160.0
262	1944.0
263	1796.0
264	1958.0
265	1772.0
266	1804.0
267	1956.0
268	1964.0
269	2072.0
270	1724.0
271	1838.0
272	1972.0
273	1904.0
274	2020.0
275	1824.0
276	1596.0
277	1648.0
278	1680.0
279	1632.0
280	1844.0
281	1840.0
282	1584.0
283	1708.0
284	1852.0
285	1884.0
286	1676.0
287	1684.0
288	1556.0
289	1964.0
290	2064.0
291	1824.0
292	1788.0
293	1856.0
294	1732.0
295	1616.0
296	1796.0
297	1806.0
298	1572.0
299	1840.0
300	1440.0
301	1528.0
302	1596.0
303	1552.0
304	1668.0
305	1560.0
306	2916.0
307	1628.0
308	1840.0
309	1856.0
310	2040.0
311	1860.0
312	2016.0
313	1944.0
314	1936.0
315	1744.0
316	1940.0
317	2032.0
318	1920.0
319	1728.0
320	1830.0
321	1816.0
322	1728.0
323	1848.0
324	1944.0
325	1816.0
326	1964.0
327	1848.0
328	2060.0
329	1984.0
330	2016.0
331	2172.0
332	1988.0
333	2192.0
334	2064.0
335	1864.0
336	1804.0
337	1856.0
338	1924.0
339	1908.0
340	1768.0
341	2016.0
342	1876.0
343	1800.0
344	1804.0
345	2048.0
346	1976.0
347	1910.0
348	2116.0
349	1908.0
350	2040.0
351	2084.0
352	1936.0
353	1912.0
354	1836.0
355	2104.0
356	1812.0
357	1856.0
358	1780.0
359	1708.0
360	1968.0
361	1788.0
362	1860.0
363	2340.0
364	1984.0
365	2216.0
366	1956.0
367	2004.0
368	2164.0
369	2152.0
370	1760.0
371	1696.0
372	1712.0
373	1632.0
374	1520.0
375	1544.0
376	1752.0
377	1748.0
378	1648.0
379	1636.0
380	1646.0
381	1592.0
382	1064.0
383	1484.0
384	1156.0
385	1468.0
386	1356.0
387	1384.0
388	1640.0
389	1492.0
390	1888.0
391	1972.0
392	1536.0
393	1696.0
394	1856.0
395	1792.0
396	1648.0
397	1496.0
398	1526.0
399	1872.0
400	1760.0
401	1652.0
402	1664.0
403	1240.0
404	1260.0
405	968.0
406	1224.0
407	1488.0
408	1400.0
409	1220.0
410	1348.0
411	1200.0
412	1576.0
413	1644.0
414	1436.0
415	1656.0
416	1788.0
417	1752.0
418	1772.0
419	1732.0
420	1840.0
421	1758.0
422	1552.0
423	1840.0
424	1560.0
425	1804.0
426	1772.0
427	1676.0
428	1800.0
429	1700.0
430	1712.0
431	1880.0
432	1880.0
433	1800.0
434	1900.0
435	1548.0
436	1676.0
437	1752.0
438	1744.0
439	1608.0
440	1528.0
441	1796.0
442	2080.0
443	1888.0
444	1872.0
445	1604.0
446	1740.0
447	1728.0
448	1828.0
449	1652.0
450	1792.0
451	1820.0
452	1880.0
453	1972.0
454	1768.0
455	1892.0
456	1872.0
457	2024.0
458	1936.0
459	1692.0
460	1616.0
461	1776.0
462	1532.0
463	1768.0
464	1836.0
465	1680.0
466	1880.0
467	1736.0
468	1860.0
469	1932.0
470	1708.0
471	1776.0
472	2004.0
473	1964.0
474	2016.0
475	2168.0
476	1952.0
477	1924.0
478	1592.0
479	1836.0
480	1824.0
481	2016.0
482	2028.0
483	1972.0
484	1912.0
485	1892.0
486	1684.0
487	1984.0
488	1892.0
489	1892.0
490	2072.0
491	1896.0
492	1824.0
493	2136.0
494	1920.0
495	2208.0
496	2080.0
497	1808.0
498	1832.0
499	2000.0
500	1916.0
501	1848.0
502	1888.0
503	1972.0
504	1664.0
505	1948.0
506	1720.0
507	1900.0
508	1872.0
509	1680.0
510	1720.0
511	1662.0
512	1506.0
513	1376.0
514	1538.0
515	1492.0
516	1764.0
517	1820.0
518	1928.0
519	1552.0
520	1584.0
521	1684.0
522	1708.0
523	1488.0
524	2068.0
525	1896.0
526	1988.0
527	1936.0
528	2008.0
529	1796.0
530	1904.0
531	1412.0
532	1584.0
533	1636.0
534	1656.0
535	1420.0
536	1344.0
537	1252.0
538	1136.0
539	972.0
540	1060.0
541	1424.0
542	1456.0
543	1304.0
544	1328.0
545	1452.0
546	1740.0
547	1760.0
548	1788.0
549	2064.0
550	1632.0
551	1780.0
552	1676.0
553	2112.0
554	1804.0
555	1620.0
556	1780.0
557	1800.0
558	1716.0
559	1744.0
560	1736.0
561	1760.0
562	1844.0
563	1728.0
564	2204.0
565	1820.0
566	1888.0
567	1652.0
568	1912.0
569	1720.0
570	1764.0
571	1640.0
572	1784.0
573	1960.0
574	1748.0
575	1860.0
576	1640.0
577	1812.0
578	1808.0
579	1876.0
580	1932.0
581	1736.0
582	1764.0
583	1732.0
584	1896.0
585	1826.0
586	1632.0
587	1648.0
588	1396.0
589	1472.0
590	1364.0
591	1392.0
592	1444.0
593	1472.0
594	1732.0
595	1436.0
596	1720.0
597	1560.0
598	1940.0
599	1868.0
600	1916.0
601	1924.0
602	1888.0
603	1580.0
604	1528.0
605	1736.0
606	1704.0
607	1800.0
608	1688.0
609	1840.0
610	1776.0
611	1454.0
612	1352.0
613	1504.0
614	1312.0
615	1356.0
616	1440.0
617	1550.0
618	1996.0
619	1680.0
620	1936.0
621	1872.0
622	1732.0
623	1860.0
624	1928.0
625	1660.0
626	1788.0
627	1904.0
628	2196.0
629	1740.0
630	1726.0
631	1832.0
632	1896.0
633	2112.0
634	1944.0
635	1870.0
636	1856.0
637	1948.0
638	1916.0
639	1860.0
640	2008.0
641	1856.0
642	1772.0
643	1880.0
644	1836.0
645	1948.0
646	1908.0
647	1764.0
648	1816.0
649	1964.0
650	1768.0
651	1704.0
652	1972.0
653	1972.0
654	1808.0
655	1740.0
656	2012.0
657	2152.0
658	1976.0
659	1952.0
660	1860.0
661	1752.0
662	2028.0
663	1848.0
664	1920.0
665	1904.0
666	2232.0
667	1828.0
668	1724.0
669	1816.0
670	1704.0
671	1930.0
672	1908.0
673	1896.0
674	1828.0
675	1582.0
676	1560.0
677	1520.0
678	1412.0
679	1408.0
680	1548.0
681	1408.0
682	1128.0
683	1408.0
684	1264.0
685	1604.0
686	1716.0
687	1536.0
688	1520.0
689	1700.0
690	1580.0
691	1772.0
692	1740.0
693	1888.0
694	1740.0
695	1712.0
696	1460.0
697	1320.0
698	1628.0
699	1258.0
700	1064.0
701	852.0
702	1016.0
703	734.0
704	606.0
705	700.0
706	724.0
707	604.0
708	654.0
709	856.0
710	904.0
711	982.0
712	1332.0
713	1264.0
714	1420.0
715	1488.0
716	1636.0
717	1444.0
718	1668.0
719	1324.0
720	1276.0
721	1584.0
722	1464.0
723	1308.0
724	1282.0
725	1308.0
726	1320.0
727	1134.0
728	920.0
729	1176.0
730	1392.0
731	1090.0
732	1132.0
733	1304.0
734	1024.0
735	1528.0
736	1112.0
737	1356.0
738	1504.0
739	1648.0
740	1632.0
741	1584.0
742	1740.0
743	1672.0
744	1592.0
745	1660.0
746	1396.0
747	1580.0
748	1508.0
749	1720.0
750	1488.0
751	1460.0
752	1520.0
753	1700.0
754	1480.0
755	1552.0
756	1592.0
757	1520.0
758	1728.0
759	1672.0
760	1578.0
761	1652.0
762	1556.0
763	1688.0
764	1628.0
765	1920.0
766	1676.0
767	1844.0
768	1628.0
769	1540.0
770	1462.0
771	1400.0
772	1212.0
773	1224.0
774	952.0
775	1116.0
776	1472.0
777	1408.0
778	1534.0
779	1496.0
780	1680.0
781	1672.0
782	1600.0
783	1748.0
784	2020.0
785	1664.0
786	2134.0
787	1728.0
788	1924.0
789	1852.0
790	1840.0
791	1708.0
792	1756.0
793	1852.0
794	1868.0
795	1764.0
796	1904.0
797	2060.0
798	1972.0
799	2128.0
800	2036.0
801	2068.0
802	1856.0
803	1768.0
804	1964.0
805	2084.0
806	1704.0
807	2032.0
808	1756.0
809	1972.0
810	2004.0
811	1916.0
812	1604.0
813	2136.0
814	1720.0
815	1916.0
816	1900.0
817	1948.0
818	2008.0
819	1896.0
820	2256.0
821	2144.0
822	1876.0
823	1780.0
824	1912.0
825	1820.0
826	2004.0
827	1776.0
828	2016.0
829	2096.0
830	1960.0
831	1832.0
832	2180.0
833	1780.0
834	1992.0
835	1828.0
836	2044.0
837	1852.0
838	2016.0
839	2112.0
840	1920.0
841	1976.0
842	2168.0
843	1752.0
844	1612.0
845	2144.0
846	1904.0
847	1932.0
848	1784.0
849	1896.0
850	1888.0
851	2072.0
852	1916.0
853	2036.0
854	2164.0
855	2028.0
856	1932.0
857	1856.0
858	2024.0
859	2096.0
860	2096.0
861	1912.0
862	2036.0
863	1856.0
864	2064.0
865	1856.0
866	1692.0
867	1924.0
868	1960.0
869	2044.0
870	2068.0
871	1692.0
872	1700.0
873	1800.0
874	1596.0
875	1616.0
876	1776.0
877	1676.0
878	1676.0
879	1440.0
880	1488.0
881	1548.0
882	1364.0
883	1548.0
884	1440.0
885	1536.0
886	1428.0
887	1620.0
888	1336.0
889	1408.0
890	1844.0
891	1884.0
892	1772.0
893	1692.0
894	1632.0
895	1664.0
896	1816.0
897	1600.0
898	1552.0
899	1532.0
900	1594.0
901	1396.0
902	1380.0
903	1508.0
904	1272.0
905	1336.0
906	1270.0
907	1272.0
908	1168.0
909	1256.0
910	1244.0
911	1100.0
912	1492.0
913	1388.0
914	1508.0
915	1860.0
916	1620.0
917	1916.0
918	1768.0
919	1732.0
920	1868.0
921	2136.0
922	1808.0
923	1932.0
924	1732.0
925	1868.0
926	1820.0
927	1664.0
928	1768.0
929	1628.0
930	1480.0
931	1744.0
932	1708.0
933	1292.0
934	1448.0
935	1420.0
936	1212.0
937	1248.0
938	1492.0
939	1376.0
940	1380.0
941	1410.0
942	1344.0
943	1292.0
944	1600.0
945	1476.0
946	1392.0
947	1368.0
948	1292.0
949	1594.0
950	1328.0
951	1420.0
952	1232.0
953	1128.0
954	1180.0
955	900.0
956	1084.0
957	1092.0
958	1040.0
959	1024.0
960	776.0
961	1216.0
962	738.0
963	978.0
964	796.0
965	778.0
966	824.0
967	732.0
968	924.0
969	888.0
970	1058.0
971	1148.0
972	1252.0
973	1432.0
974	1356.0
975	1400.0
976	1680.0
977	1580.0
978	1348.0
979	1650.0
980	1378.0
981	1428.0
982	1432.0
983	1268.0
984	1208.0
985	1572.0
986	1352.0
987	1604.0
988	1552.0
989	1428.0
990	1500.0
991	1634.0
992	1388.0
993	1648.0
994	1708.0
995	1536.0
996	1704.0
997	2136.0
998	2008.0
999	1924.0
1000	1908.0
1001	1536.0
1002	1334.0
1003	1520.0
1004	1368.0
1005	1348.0
1006	1148.0
1007	1044.0
1008	1154.0
1009	1384.0
1010	1348.0
1011	1332.0
1012	1372.0
1013	1556.0
1014	1664.0
1015	1560.0
1016	1422.0
1017	1818.0
1018	1686.0
1019	1768.0
1020	1732.0
1021	2020.0
1022	1880.0
1023	1612.0
1024	1928.0
1025	1768.0
1026	1608.0
1027	1428.0
1028	1628.0
1029	1664.0
1030	1700.0
1031	1460.0
1032	1596.0
1033	1188.0
1034	1612.0
1035	1524.0
1036	1644.0
1037	1628.0
1038	1868.0
1039	1908.0
1040	1768.0
1041	1744.0
1042	1580.0
1043	1844.0
1044	1956.0
1045	1956.0
1046	1900.0
1047	1724.0
1048	1992.0
1049	1864.0
1050	1908.0
1051	1928.0
1052	1892.0
1053	1712.0
1054	1588.0
1055	1578.0
1056	1496.0
1057	1500.0
1058	1536.0
1059	1408.0
1060	1576.0
1061	1500.0
1062	1648.0
1063	2148.0
1064	1800.0
1065	1744.0
1066	1764.0
1067	2008.0
1068	2020.0
1069	1936.0
1070	1856.0
1071	1880.0
1072	1980.0
1073	1988.0
1074	1836.0
1075	2116.0
1076	2156.0
1077	1872.0
1078	1640.0
1079	2112.0
1080	1940.0
1081	1984.0
1082	2092.0
1083	1916.0
1084	2104.0
1085	2024.0
1086	2188.0
1087	2024.0
1088	1884.0
1089	1904.0
1090	1932.0
1091	1892.0
1092	2056.0
1093	1732.0
1094	1868.0
1095	2040.0
1096	1956.0
1097	2004.0
1098	2032.0
1099	1980.0
1100	1954.0
1101	2160.0
1102	2296.0
1103	2148.0
1104	2228.0
1105	1940.0
1106	2132.0
1107	1824.0
1108	1844.0
1109	2016.0
1110	2076.0
1111	2204.0
1112	1708.0
1113	1732.0
1114	1736.0
1115	1544.0
1116	1700.0
1117	1532.0
1118	1784.0
1119	1828.0
1120	1936.0
1121	1900.0
1122	1968.0
1123	1952.0
1124	2228.0
1125	2204.0
1126	2196.0
1127	1976.0
1128	1768.0
1129	1796.0
1130	2412.0
1131	1976.0
1132	1924.0
1133	2116.0
1134	1760.0
1135	1752.0
1136	1844.0
1137	1928.0
1138	1676.0
1139	1760.0
1140	1654.0
1141	1756.0
1142	1804.0
1143	2048.0
1144	2012.0
1145	2128.0
1146	2136.0
1147	1944.0
1148	2032.0
1149	2188.0
1150	2020.0
1151	2212.0
1152	2408.0
1153	1788.0
1154	1944.0
1155	1958.0
1156	1804.0
1157	2100.0
1158	1936.0
1159	2024.0
1160	2048.0
1161	2088.0
1162	2208.0
1163	1996.0
1164	2072.0
1165	2196.0
1166	2040.0
1167	2312.0
1168	2092.0
1169	2076.0
1170	2172.0
1171	1864.0
1172	2224.0
1173	1948.0
1174	2072.0
1175	2356.0
1176	2052.0
1177	2236.0
1178	2020.0
1179	2216.0
1180	1976.0
1181	1916.0
1182	1852.0
1183	1696.0
1184	1812.0
1185	1712.0
1186	1888.0
1187	1904.0
1188	1672.0
1189	1836.0
1190	1708.0
1191	1904.0
1192	1800.0
1193	1772.0
1194	2072.0
1195	1888.0
1196	1652.0
1197	1732.0
1198	1756.0
1199	1664.0
1200	1888.0
1201	1968.0
1202	1692.0
1203	2024.0
1204	1836.0
1205	2004.0
1206	1924.0
1207	1584.0
1208	1604.0
1209	1224.0
1210	1312.0
1211	1620.0
1212	1504.0
1213	1320.0
1214	1576.0
1215	1368.0
1216	1516.0
1217	1320.0
1218	1380.0
1219	1376.0
1220	1324.0
1221	1244.0
1222	980.0
1223	1344.0
1224	1392.0
1225	1284.0
1226	1584.0
1227	1438.0
1228	1840.0
1229	1748.0
1230	1920.0
1231	1988.0
1232	1922.0
1233	1896.0
1234	2032.0
1235	2084.0
1236	1804.0
1237	2052.0
1238	1896.0
1239	2352.0
1240	1980.0
1241	1852.0
1242	1948.0
1243	2104.0
1244	1720.0
1245	1552.0
1246	1748.0
1247	1544.0
1248	1498.0
1249	1352.0
1250	1608.0
1251	1508.0
1252	1216.0
1253	1304.0
1254	1708.0
1255	1748.0
1256	1948.0
1257	1964.0
1258	1768.0
1259	1920.0
1260	1636.0
1261	1816.0
1262	1820.0
1263	1568.0
1264	1744.0
1265	1788.0
1266	1568.0
1267	1632.0
1268	2008.0
1269	2248.0
1270	1848.0
1271	1856.0
1272	2516.0
1273	2100.0
1274	2320.0
1275	2360.0
1276	2220.0
1277	1752.0
1278	1876.0
1279	1976.0
1280	1996.0
1281	1788.0
1282	1948.0
1283	1780.0
1284	2092.0
1285	2040.0
1286	2360.0
1287	1952.0
1288	1680.0
1289	1756.0
1290	1872.0
1291	1764.0
1292	1532.0
1293	1456.0
1294	1560.0
1295	1536.0
1296	1656.0
1297	1584.0
1298	1600.0
1299	1580.0
1300	1636.0
1301	1832.0
1302	1496.0
1303	1764.0
1304	2004.0
1305	1732.0
1306	1816.0
1307	1720.0
1308	1790.0
1309	1636.0
1310	1780.0
1311	1584.0
1312	1628.0
1313	1382.0
1314	1488.0
1315	1204.0
1316	1132.0
1317	1024.0
1318	1144.0
1319	756.0
1320	768.0
1321	742.0
1322	830.0
1323	760.0
1324	1104.0
1325	1368.0
1326	1356.0
1327	1676.0
1328	1344.0
1329	1482.0
1330	1848.0
1331	1828.0
1332	1804.0
1333	1620.0
1334	1464.0
1335	1648.0
1336	1636.0
1337	1548.0
1338	1692.0
1339	1708.0
1340	1564.0
1341	1220.0
1342	1432.0
1343	1092.0
1344	1252.0
1345	1248.0
1346	1294.0
1347	1156.0
1348	1364.0
1349	1296.0
1350	1404.0
1351	1640.0
1352	1888.0
1353	1876.0
1354	1916.0
1355	1794.0
1356	1792.0
1357	1948.0
1358	1984.0
1359	1724.0
1360	1956.0
1361	1640.0
1362	2120.0
1363	2092.0
1364	2016.0
1365	2004.0
1366	1704.0
1367	1980.0
1368	2396.0
1369	2388.0
1370	2004.0
1371	2052.0
1372	2012.0
1373	1736.0
1374	1764.0
1375	1912.0
1376	1892.0
1377	1948.0
1378	1716.0
1379	2136.0
1380	1952.0
1381	2012.0
1382	1988.0
1383	1944.0
1384	2024.0
1385	1964.0
1386	1932.0
1387	1728.0
1388	1832.0
1389	1808.0
1390	2088.0
1391	2000.0
1392	1972.0
1393	1856.0
1394	1748.0
1395	1820.0
1396	1784.0
1397	2044.0
1398	1656.0
1399	1916.0
1400	1844.0
1401	1980.0
1402	1892.0
1403	1816.0
1404	1852.0
1405	1936.0
1406	2016.0
1407	1916.0
1408	2008.0
1409	2048.0
1410	1904.0
1411	1844.0
1412	2036.0
1413	1888.0
1414	2032.0
1415	1912.0
1416	1908.0
1417	2068.0
1418	2188.0
1419	1800.0
1420	1776.0
1421	1984.0
1422	1672.0
1423	1904.0
1424	1728.0
1425	1664.0
1426	1712.0
1427	1612.0
1428	1896.0
1429	1808.0
1430	1864.0
1431	2092.0
1432	1874.0
1433	1932.0
1434	2040.0
1435	2192.0
1436	1972.0
1437	2080.0
1438	2028.0
1439	1832.0
1440	1960.0
1441	2056.0
1442	2020.0
1443	1864.0
1444	1980.0
1445	2160.0
1446	2096.0
1447	2164.0
1448	1940.0
1449	2192.0
1450	1972.0
1451	2056.0
1452	1984.0
1453	1960.0
1454	1888.0
1455	2048.0
1456	1860.0
1457	1684.0
1458	1758.0
1459	1848.0
1460	1916.0
1461	1956.0
1462	1884.0
1463	1564.0
1464	1772.0
1465	1832.0
1466	1684.0
1467	1696.0
1468	1560.0
1469	1812.0
1470	1732.0
1471	1584.0
1472	1736.0
1473	1716.0
1474	1768.0
1475	1440.0
1476	1754.0
1477	1968.0
1478	1888.0
1479	1836.0
1480	1944.0
1481	1588.0
1482	1576.0
1483	1548.0
1484	1740.0
1485	1832.0
1486	1542.0
1487	1696.0
1488	1954.0
1489	2108.0
1490	1864.0
1491	1968.0
1492	1720.0
1493	1636.0
1494	1400.0
1495	1496.0
1496	1440.0
1497	1358.0
1498	1464.0
1499	1340.0
1500	1444.0
1501	1448.0
1502	1692.0
1503	1772.0
1504	1712.0
1505	1820.0
1506	1876.0
1507	1988.0
1508	1992.0
1509	1944.0
1510	1944.0
1511	2364.0
1512	2012.0
1513	1992.0
1514	2064.0
1515	1920.0
1516	1948.0
1517	1992.0
1518	1820.0
1519	1748.0
1520	1836.0
1521	2104.0
1522	2296.0
1523	1828.0
1524	1952.0
1525	2128.0
1526	2172.0
1527	2072.0
1528	2340.0
1529	2152.0
1530	2148.0
1531	1832.0
1532	2120.0
1533	2160.0
1534	1940.0
1535	2160.0
1536	2132.0
1537	2132.0
1538	2036.0
1539	2276.0
1540	1876.0
1541	2088.0
1542	1940.0
1543	2212.0
1544	2140.0
1545	2172.0
1546	2068.0
1547	2172.0
1548	1696.0
1549	1872.0
1550	1964.0
1551	2060.0
1552	2044.0
1553	2144.0
1554	2012.0
1555	2124.0
1556	2046.0
1557	2044.0
1558	2096.0
1559	1976.0
1560	2096.0
1561	1964.0
1562	1924.0
1563	2036.0
1564	2016.0
1565	1704.0
1566	2100.0
1567	1892.0
1568	2020.0
1569	1824.0
1570	1944.0
1571	1688.0
1572	1860.0
1573	1650.0
1574	1884.0
1575	1956.0
1576	2272.0
1577	1968.0
1578	2020.0
1579	1696.0
1580	1968.0
1581	2100.0
1582	1912.0
1583	1964.0
1584	1876.0
1585	1764.0
1586	1848.0
1587	1856.0
1588	1676.0
1589	1684.0
1590	1540.0
1591	1992.0
1592	1580.0
1593	1796.0
1594	1592.0
1595	1342.0
1596	1304.0
1597	1512.0
1598	1332.0
1599	1468.0
1600	1616.0
1601	2020.0
1602	1768.0
1603	1560.0
1604	1628.0
1605	1744.0
1606	1604.0
1607	1748.0
1608	1616.0
1609	1792.0
1610	1880.0
1611	1676.0
1612	1508.0
1613	1688.0
1614	1868.0
1615	1900.0
1616	1788.0
1617	1860.0
1618	1892.0
1619	1872.0
1620	1836.0
1621	1752.0
1622	1844.0
1623	1770.0
1624	1568.0
1625	1772.0
1626	1888.0
1627	1900.0
1628	2056.0
1629	2112.0
1630	2344.0
1631	2148.0
1632	2008.0
1633	2084.0
1634	2184.0
1635	2024.0
1636	1946.0
1637	2088.0
1638	1892.0
1639	1952.0
1640	1932.0
1641	1652.0
1642	2028.0
1643	2092.0
1644	2140.0
1645	2372.0
1646	2204.0
1647	2120.0
1648	2240.0
1649	1994.0
1650	1956.0
1651	2248.0
1652	2036.0
1653	1860.0
1654	1984.0
1655	2060.0
1656	2060.0
1657	2152.0
1658	2100.0
1659	1928.0
1660	2084.0
1661	2296.0
1662	2032.0
1663	2012.0
1664	2324.0
1665	1872.0
1666	2020.0
1667	2284.0
1668	2068.0
1669	2096.0
1670	2364.0
1671	1958.0
1672	2128.0
1673	1728.0
1674	1696.0
1675	1934.0
1676	1796.0
1677	1804.0
1678	1716.0
1679	1660.0
1680	1640.0
1681	1720.0
1682	1676.0
1683	1764.0
1684	1792.0
1685	1590.0
1686	1732.0
1687	1872.0
1688	1952.0
1689	1612.0
1690	1912.0
1691	1904.0
1692	2240.0
1693	1836.0
1694	1872.0
1695	1708.0
1696	1896.0
1697	1592.0
1698	1728.0
1699	1364.0
1700	1624.0
1701	1508.0
1702	1316.0
1703	1080.0
1704	898.0
1705	1020.0
1706	700.0
1707	804.0
1708	982.0
1709	926.0
1710	940.0
1711	1210.0
1712	1356.0
1713	1340.0
1714	1584.0
1715	1532.0
1716	1564.0
1717	1632.0
1718	1816.0
1719	1796.0
1720	2024.0
1721	1508.0
1722	1580.0
1723	1468.0
1724	1388.0
1725	1408.0
1726	1340.0
1727	1464.0
1728	1202.0
1729	1406.0
1730	1076.0
1731	966.0
1732	942.0
1733	1166.0
1734	1126.0
1735	1244.0
1736	1386.0
1737	1378.0
1738	1304.0
1739	1308.0
1740	1552.0
1741	1480.0
1742	1604.0
1743	1796.0
1744	1596.0
1745	1620.0
1746	1564.0
1747	1648.0
1748	1616.0
1749	1568.0
1750	1872.0
1751	1816.0
1752	1628.0
1753	1760.0
1754	1988.0
1755	2020.0
1756	1852.0
1757	2044.0
1758	1980.0
1759	2080.0
1760	1956.0
1761	1984.0
1762	2060.0
1763	2014.0
1764	2136.0
1765	1956.0
1766	2048.0
1767	2000.0
1768	1956.0
1769	2148.0
1770	2168.0
1771	1948.0
1772	2040.0
1773	1940.0
1774	1904.0
1775	2108.0
1776	2004.0
1777	1812.0
1778	2020.0
1779	2308.0
1780	2036.0
1781	2144.0
1782	2176.0
1783	1996.0
1784	2104.0
1785	2104.0
1786	1980.0
1787	1952.0
1788	2372.0
1789	1896.0
1790	2036.0
1791	2252.0
1792	2176.0
1793	1978.0
1794	1856.0
1795	2108.0
1796	1712.0
1797	2080.0
1798	1744.0
1799	1932.0
1800	2048.0
1801	2144.0
1802	1908.0
1803	2016.0
1804	2048.0
1805	1956.0
1806	1628.0
1807	1884.0
1808	1836.0
1809	2084.0
1810	1700.0
1811	1568.0
1812	1944.0
1813	1872.0
1814	1788.0
1815	1940.0
1816	1732.0
1817	1740.0
1818	1912.0
1819	1736.0
1820	1536.0
1821	1836.0
1822	1948.0
1823	1892.0
1824	2112.0
1825	2028.0
1826	1980.0
1827	2118.0
1828	1856.0
1829	2218.0
1830	2180.0
1831	2064.0
1832	2048.0
1833	1944.0
1834	2204.0
1835	2108.0
1836	1864.0
1837	1844.0
1838	2140.0
1839	2108.0
1840	1980.0
1841	1972.0
1842	1728.0
1843	1644.0
1844	1860.0
1845	1896.0
1846	1976.0
1847	1876.0
1848	1628.0
1849	1968.0
1850	1904.0
1851	2132.0
1852	1920.0
1853	2020.0
1854	2052.0
1855	1988.0
1856	2000.0
1857	2108.0
1858	1816.0
1859	1912.0
1860	2136.0
1861	1764.0
1862	2120.0
1863	2164.0
1864	2016.0
1865	1884.0
1866	2048.0
1867	1988.0
1868	2000.0
1869	2156.0
1870	1936.0
1871	2172.0
1872	2008.0
1873	1900.0
1874	1864.0
1875	2316.0
1876	2000.0
1877	1984.0
1878	2160.0
1879	2064.0
1880	2276.0
1881	2096.0
1882	2032.0
1883	1864.0
1884	2088.0
1885	1772.0
1886	2208.0
1887	1682.0
1888	2044.0
1889	1952.0
1890	1844.0
1891	1904.0
1892	2064.0
1893	1920.0
1894	2024.0
1895	2120.0
1896	2008.0
1897	1852.0
1898	1716.0
1899	1832.0
1900	2048.0
1901	2024.0
1902	1972.0
1903	1964.0
1904	1964.0
1905	1924.0
1906	2292.0
1907	2038.0
1908	2072.0
1909	1944.0
1910	2180.0
1911	1940.0
1912	2012.0
1913	1984.0
1914	1928.0
1915	2048.0
1916	1720.0
1917	1996.0
1918	2104.0
1919	1932.0
1920	1928.0
1921	1812.0
1922	2036.0
1923	1864.0
1924	1692.0
1925	1736.0
1926	1952.0
1927	1936.0
1928	1764.0
1929	1904.0
1930	1592.0
1931	1748.0
1932	2008.0
1933	1756.0
1934	1704.0
1935	1744.0
1936	1616.0
1937	1760.0
1938	1738.0
1939	1472.0
1940	1640.0
1941	1872.0
1942	1760.0
1943	1508.0
1944	1756.0
1945	1556.0
1946	1612.0
1947	1808.0
1948	1548.0
1949	1576.0
1950	1392.0
1951	1320.0
1952	1436.0
1953	1416.0
1954	1210.0
1955	1440.0
1956	1350.0
1957	1112.0
1958	1432.0
1959	1224.0
1960	1116.0
1961	1120.0
1962	1232.0
1963	1540.0
1964	1560.0
1965	1228.0
1966	1364.0
1967	1128.0
1968	1624.0
1969	1348.0
1970	1626.0
1971	1384.0
1972	1420.0
1973	1514.0
1974	1292.0
1975	1352.0
1976	948.0
1977	1120.0
1978	824.0
1979	1264.0
1980	1032.0
1981	1144.0
1982	1176.0
1983	1176.0
1984	1302.0
1985	1484.0
1986	1432.0
1987	1556.0
1988	1704.0
1989	1540.0
1990	1684.0
1991	1592.0
1992	1868.0
1993	1532.0
1994	2276.0
1995	2072.0
1996	1912.0
1997	1624.0
1998	1660.0
1999	1960.0
2000	1648.0
2001	1804.0
2002	1836.0
2003	1856.0
2004	1832.0
2005	1888.0
2006	1828.0
2007	1620.0
2008	1716.0
2009	1644.0
2010	1840.0
2011	1532.0
2012	1656.0
2013	1576.0
2014	1424.0
2015	1340.0
2016	1568.0
2017	1586.0
2018	1504.0
2019	1568.0
2020	1420.0
2021	1772.0
2022	1656.0
2023	1772.0
2024	1848.0
2025	1908.0
2026	1668.0
2027	1548.0
2028	2272.0
2029	1876.0
2030	1976.0
2031	1988.0
2032	1924.0
2033	1868.0
2034	1912.0
2035	1548.0
2036	1336.0
2037	1112.0
2038	1116.0
2039	1282.0
2040	1220.0
2041	1272.0
2042	1236.0
2043	1320.0
2044	1524.0
2045	1828.0
2046	1436.0
2047	2056.0
2048	1768.0
2049	1728.0
2050	1640.0
2051	1576.0
2052	1752.0
2053	1672.0
2054	1672.0
2055	1548.0
2056	1672.0
2057	1592.0
2058	2108.0
2059	1694.0
2060	1784.0
2061	2070.0
2062	1840.0
2063	1720.0
2064	1444.0
2065	1812.0
2066	1416.0
2067	1504.0
2068	1644.0
2069	1732.0
2070	1490.0
2071	1516.0
2072	2024.0
2073	1832.0
2074	1464.0
2075	1244.0
2076	1408.0
2077	1408.0
2078	1352.0
2079	1354.0
2080	1292.0
2081	1324.0
2082	1374.0
2083	1200.0
2084	1248.0
2085	1072.0
2086	1200.0
2087	1272.0
2088	1472.0
2089	1472.0
2090	1846.0
2091	1812.0
2092	1736.0
2093	1716.0
2094	1624.0
2095	1524.0
2096	1548.0
2097	1412.0
2098	1228.0
2099	1156.0
2100	1210.0
2101	1156.0
2102	1384.0
2103	1244.0
2104	1060.0
2105	882.0
2106	1124.0
2107	1356.0
2108	1002.0
2109	934.0
2110	1026.0
2111	956.0
2112	938.0
2113	1248.0
2114	1388.0
2115	1636.0
2116	1544.0
2117	1624.0
2118	1688.0
2119	1796.0
2120	1578.0
2121	1424.0
2122	1456.0
2123	1296.0
2124	1196.0
2125	1712.0
2126	1712.0
2127	1504.0
2128	1784.0
2129	1708.0
2130	1888.0
2131	1956.0
2132	1872.0
2133	1976.0
2134	1764.0
2135	1644.0
2136	1764.0
2137	1772.0
2138	1968.0
2139	1948.0
2140	2028.0
2141	2156.0
2142	2092.0
2143	2036.0
2144	2020.0
2145	2004.0
2146	2060.0
2147	2076.0
2148	2148.0
2149	1836.0
2150	2080.0
2151	1788.0
2152	2048.0
2153	1844.0
2154	2114.0
2155	2060.0
2156	2088.0
2157	2204.0
2158	2096.0
2159	2140.0
2160	2160.0
2161	2192.0
2162	2240.0
2163	1844.0
2164	2180.0
2165	1948.0
2166	2056.0
2167	2080.0
2168	2312.0
2169	2140.0
2170	2252.0
2171	1888.0
2172	2060.0
2173	1908.0
2174	2004.0
2175	2184.0
2176	2004.0
2177	2088.0
2178	2128.0
2179	2120.0
2180	2024.0
2181	1956.0
2182	2068.0
2183	2058.0
2184	1960.0
2185	2080.0
2186	2172.0
2187	2012.0
2188	2228.0
2189	1726.0
2190	1856.0
2191	1908.0
2192	2088.0
2193	2172.0
2194	2140.0
2195	2136.0
2196	2028.0
2197	1864.0
2198	1890.0
2199	1864.0
2200	2052.0
2201	1912.0
2202	1748.0
2203	1904.0
2204	2000.0
2205	1980.0
2206	2148.0
2207	1868.0
2208	1816.0
2209	1788.0
2210	1896.0
2211	1804.0
2212	2036.0
2213	1936.0
2214	2100.0
2215	2204.0
2216	1984.0
2217	2148.0
2218	2032.0
2219	2084.0
2220	2192.0
2221	2044.0
2222	2164.0
2223	1824.0
2224	2088.0
2225	1972.0
2226	1688.0
2227	1712.0
2228	1948.0
2229	1908.0
2230	1796.0
2231	1940.0
2232	2144.0
2233	1992.0
2234	2116.0
2235	1960.0
2236	1992.0
2237	2176.0
2238	1856.0
2239	1874.0
2240	1636.0
2241	1908.0
2242	1876.0
2243	2164.0
2244	1876.0
2245	2008.0
2246	1720.0
2247	1680.0
2248	2072.0
2249	1804.0
2250	1756.0
2251	2052.0
2252	1920.0
2253	1972.0
2254	1928.0
2255	1800.0
2256	2124.0
2257	1640.0
2258	2020.0
2259	1884.0
2260	1940.0
2261	1820.0
2262	2024.0
2263	2088.0
2264	2112.0
2265	1960.0
2266	1724.0
2267	1800.0
2268	1848.0
2269	2032.0
2270	2060.0
2271	1928.0
2272	1948.0
2273	1772.0
2274	1964.0
2275	1856.0
2276	1768.0
2277	1756.0
2278	1800.0
2279	1892.0
2280	2008.0
2281	2032.0
2282	1824.0
2283	1944.0
2284	1700.0
2285	1888.0
2286	1916.0
2287	1808.0
2288	1748.0
2289	2000.0
2290	1976.0
2291	1704.0
2292	1988.0
2293	1940.0
2294	1848.0
2295	1776.0
2296	1828.0
2297	1660.0
2298	1720.0
2299	1884.0
2300	1680.0
2301	1716.0
2302	1936.0
2303	1660.0
2304	1744.0
2305	2060.0
2306	1928.0
2307	1796.0
2308	1788.0
2309	1958.0
2310	1656.0
2311	1732.0
2312	1716.0
2313	2008.0
2314	1628.0
2315	1432.0
2316	1696.0
2317	2040.0
2318	1924.0
2319	1796.0
2320	1644.0
2321	1808.0
2322	1792.0
2323	1532.0
2324	1916.0
2325	1640.0
2326	2128.0
2327	1832.0
2328	1752.0
2329	1816.0
2330	1688.0
2331	1652.0
2332	1884.0
2333	1908.0
2334	1776.0
2335	1764.0
2336	1748.0
2337	1728.0
2338	1808.0
2339	1538.0
2340	1728.0
2341	1604.0
2342	1776.0
2343	1828.0
2344	1732.0
2345	1708.0
2346	1712.0
2347	1536.0
2348	1724.0
2349	1624.0
2350	1788.0
2351	1660.0
2352	1840.0
2353	1716.0
2354	1860.0
2355	1620.0
2356	1844.0
2357	1878.0
2358	1920.0
2359	1956.0
2360	1624.0
2361	1728.0
2362	1836.0
2363	1700.0
2364	1692.0
2365	1696.0
2366	1720.0
2367	1856.0
2368	1916.0
2369	1804.0
2370	1648.0
2371	1824.0
2372	1776.0
2373	1868.0
2374	1732.0
2375	1664.0
2376	1656.0
2377	1628.0
2378	1496.0
2379	2076.0
2380	1992.0
2381	2324.0
2382	2012.0
2383	1808.0
2384	1980.0
2385	1692.0
2386	1824.0
2387	2000.0
2388	2160.0
2389	1872.0
2390	1700.0
2391	1816.0
2392	1736.0
2393	1576.0
2394	1868.0
2395	1656.0
2396	1728.0
2397	1744.0
2398	1544.0
2399	1744.0
2400	1380.0
2401	1250.0
2402	1590.0
2403	1660.0
2404	1668.0
2405	1580.0
2406	1676.0
2407	1408.0
2408	1612.0
2409	1768.0
2410	1706.0
2411	1760.0
2412	1612.0
2413	1688.0
2414	1816.0
2415	1884.0
2416	2072.0
2417	1396.0
2418	1936.0
2419	1912.0
2420	1784.0
2421	1488.0
2422	1560.0
2423	1484.0
2424	1406.0
2425	1560.0
2426	1328.0
2427	1384.0
2428	1392.0
2429	1224.0
2430	1364.0
2431	1568.0
2432	1596.0
2433	1720.0
2434	1840.0
2435	1528.0
2436	1704.0
2437	1780.0
2438	1652.0
2439	1732.0
2440	1796.0
2441	1764.0
2442	1980.0
2443	1764.0
2444	1804.0
2445	1576.0
2446	1600.0
2447	1520.0
2448	1456.0
2449	1346.0
2450	1728.0
2451	1660.0
2452	1600.0
2453	1588.0
2454	1924.0
2455	1912.0
2456	2088.0
2457	2076.0
2458	1816.0
2459	1612.0
2460	1912.0
2461	1900.0
2462	1972.0
2463	1920.0
2464	1856.0
2465	1884.0
2466	1700.0
2467	1792.0
2468	1740.0
2469	1936.0
2470	1456.0
2471	1616.0
2472	1556.0
2473	1340.0
2474	1376.0
2475	1294.0
2476	1320.0
2477	1708.0
2478	1600.0
2479	1614.0
2480	1608.0
2481	1612.0
2482	1852.0
2483	1494.0
2484	1648.0
2485	1596.0
2486	1492.0
2487	1788.0
2488	1740.0
2489	1676.0
2490	1824.0
2491	1744.0
2492	1880.0
2493	1932.0
2494	1588.0
2495	1556.0
2496	1752.0
2497	1620.0
2498	1616.0
2499	1908.0
2500	1536.0
2501	1524.0
2502	1566.0
2503	1340.0
2504	1598.0
2505	1214.0
2506	1178.0
2507	1596.0
2508	1690.0
2509	1428.0
2510	1532.0
2511	1748.0
2512	1676.0
2513	1620.0
2514	1716.0
2515	1552.0
2516	1500.0
2517	1688.0
2518	1564.0
2519	1852.0
2520	1768.0
2521	1620.0
2522	1556.0
2523	1744.0
2524	1548.0
2525	1638.0
2526	1376.0
2527	1432.0
2528	1376.0
2529	1280.0
2530	1252.0
2531	910.0
2532	1324.0
2533	1176.0
2534	1210.0
2535	1064.0
2536	1132.0
2537	1128.0
2538	1396.0
2539	1632.0
2540	1158.0
2541	1260.0
2542	1812.0
2543	1744.0
2544	1348.0
2545	1620.0
2546	1696.0
2547	1420.0
2548	1532.0
2549	1484.0
2550	1656.0
2551	1662.0
2552	1732.0
2553	1624.0
2554	1824.0
2555	1524.0
2556	1688.0
2557	1544.0
2558	1556.0
2559	1700.0
2560	1604.0
2561	1568.0
2562	1288.0
2563	1704.0
2564	1468.0
2565	1612.0
2566	1676.0
2567	1620.0
2568	1656.0
2569	1752.0
2570	1520.0
2571	1504.0
2572	1900.0
2573	1608.0
2574	1760.0
2575	1796.0
2576	1412.0
2577	1892.0
2578	1358.0
2579	1600.0
2580	1396.0
2581	1718.0
2582	1584.0
2583	1732.0
2584	1428.0
2585	1626.0
2586	1296.0
2587	1200.0
2588	1592.0
2589	1492.0
2590	1532.0
2591	1664.0
2592	1456.0
2593	1624.0
2594	1300.0
2595	1524.0
2596	1552.0
2597	1668.0
2598	1598.0
2599	1760.0
2600	1852.0
2601	1392.0
2602	1624.0
2603	1776.0
2604	1412.0
2605	1612.0
2606	1508.0
2607	1888.0
2608	1680.0
2609	1400.0
2610	1724.0
2611	1584.0
2612	1676.0
2613	1908.0
2614	1640.0
2615	1784.0
2616	1636.0
2617	1548.0
2618	1976.0
2619	1934.0
2620	1772.0
2621	1512.0
2622	1960.0
2623	1928.0
2624	1548.0
2625	1604.0
2626	1784.0
2627	1796.0
2628	1460.0
2629	1492.0
2630	1732.0
2631	1624.0
2632	1708.0
2633	1390.0
2634	1772.0
2635	1824.0
2636	1820.0
2637	1656.0
2638	1872.0
2639	1540.0
2640	1772.0
2641	1580.0
2642	1668.0
2643	1816.0
2644	1524.0
2645	1824.0
2646	1812.0
2647	1740.0
2648	1880.0
2649	1876.0
2650	1566.0
2651	1936.0
2652	1748.0
2653	1548.0
2654	1740.0
2655	1824.0
2656	1752.0
2657	1644.0
2658	1424.0
2659	1532.0
2660	1610.0
2661	1472.0
2662	1520.0
2663	1204.0
2664	1756.0
2665	1592.0
2666	1612.0
2667	1780.0
2668	1692.0
2669	1684.0
2670	1548.0
2671	1868.0
2672	1914.0
2673	1712.0
2674	1444.0
2675	1838.0
2676	1736.0
2677	1612.0
2678	1532.0
2679	1532.0
2680	1720.0
2681	1748.0
2682	1612.0
2683	1900.0
2684	1780.0
2685	1468.0
2686	1824.0
2687	2076.0
2688	1992.0
2689	1626.0
2690	1796.0
2691	1780.0
2692	1712.0
2693	2032.0
2694	1936.0
2695	2020.0
2696	1448.0
2697	1856.0
2698	1628.0
2699	1624.0
2700	1816.0
2701	1628.0
2702	1932.0
2703	1688.0
2704	2032.0
2705	1632.0
2706	1780.0
2707	1776.0
2708	1716.0
2709	1680.0
2710	2016.0
2711	1928.0
2712	1820.0
2713	1608.0
2714	1764.0
2715	1720.0
2716	2036.0
2717	1692.0
2718	2068.0
2719	1828.0
2720	1564.0
2721	1348.0
2722	1516.0
2723	1768.0
2724	1784.0
2725	1828.0
2726	1696.0
2727	1692.0
2728	1572.0
2729	1432.0
2730	1816.0
2731	1824.0
2732	1768.0
2733	1992.0
2734	1656.0
2735	1992.0
2736	2016.0
2737	1840.0
2738	1748.0
2739	2144.0
2740	1924.0
2741	2224.0
2742	1504.0
2743	1972.0
2744	1952.0
2745	1816.0
2746	2052.0
2747	1748.0
