0	38.0
1	35.0
2	24.0
3	38.0
4	12.0
5	38.0
6	38.0
7	37.0
8	38.0
9	29.0
10	38.0
11	31.0
12	38.0
13	38.0
14	18.0
15	38.0
16	38.0
17	38.0
18	38.0
19	38.0
20	38.0
21	38.0
22	38.0
23	28.0
24	38.0
25	38.0
26	29.0
27	38.0
28	38.0
29	38.0
30	38.0
31	12.0
32	35.0
33	38.0
34	38.0
35	38.0
36	38.0
37	38.0
38	38.0
39	38.0
40	24.0
41	24.0
42	38.0
43	38.0
44	35.0
45	38.0
46	31.0
47	38.0
48	38.0
49	38.0
50	38.0
51	38.0
52	38.0
53	31.0
54	35.0
55	32.0
56	38.0
57	37.0
58	38.0
59	33.0
60	38.0
61	38.0
62	38.0
63	38.0
64	29.0
65	38.0
66	32.0
67	38.0
68	38.0
69	29.0
70	26.0
71	38.0
72	38.0
73	38.0
74	37.0
75	26.0
76	38.0
77	38.0
78	38.0
79	38.0
80	38.0
81	38.0
82	29.0
83	38.0
84	18.0
85	37.0
86	38.0
87	38.0
88	32.0
89	20.0
90	20.0
91	38.0
92	37.0
93	20.0
94	26.0
95	38.0
96	30.0
97	38.0
98	38.0
99	38.0
100	38.0
101	38.0
102	37.0
103	38.0
104	38.0
105	38.0
106	12.0
107	16.0
108	38.0
109	38.0
110	14.0
111	38.0
112	38.0
113	27.0
114	38.0
115	36.0
116	36.0
117	38.0
118	38.0
119	38.0
120	26.0
121	38.0
122	38.0
123	24.0
124	38.0
125	38.0
126	12.0
127	37.0
128	24.0
129	38.0
130	18.0
131	30.0
132	31.0
133	38.0
134	38.0
135	38.0
136	38.0
137	38.0
138	38.0
139	38.0
140	38.0
141	24.0
142	35.0
143	18.0
144	20.0
145	31.0
146	24.0
147	38.0
148	33.0
149	27.0
150	31.0
151	38.0
152	38.0
153	28.0
154	38.0
155	38.0
156	38.0
157	35.0
158	38.0
159	38.0
160	38.0
161	38.0
162	38.0
163	38.0
164	32.0
165	37.0
166	26.0
167	33.0
168	31.0
169	38.0
170	38.0
171	35.0
172	38.0
173	32.0
174	38.0
175	38.0
176	38.0
177	38.0
178	38.0
179	34.0
180	33.0
181	38.0
182	38.0
183	31.0
184	38.0
185	31.0
186	38.0
187	38.0
188	38.0
189	38.0
190	38.0
191	35.0
192	38.0
193	38.0
194	38.0
195	35.0
196	38.0
197	33.0
198	38.0
199	37.0
200	26.0
201	38.0
202	38.0
203	38.0
204	34.0
205	32.0
206	37.0
207	18.0
208	38.0
209	20.0
210	38.0
211	38.0
212	38.0
213	32.0
214	38.0
215	38.0
216	38.0
217	38.0
218	38.0
219	33.0
220	33.0
221	38.0
222	38.0
223	29.0
224	38.0
225	37.0
226	38.0
227	35.0
228	34.0
229	38.0
230	38.0
231	38.0
232	38.0
233	38.0
234	38.0
235	38.0
236	38.0
237	38.0
238	38.0
239	38.0
240	38.0
241	38.0
242	33.0
243	27.0
244	38.0
245	38.0
246	14.0
247	26.0
248	30.0
249	38.0
250	38.0
251	38.0
252	38.0
253	38.0
254	38.0
255	38.0
256	38.0
257	38.0
258	34.0
259	28.0
260	38.0
261	24.0
262	38.0
263	38.0
264	38.0
265	35.0
266	38.0
267	32.0
268	38.0
269	38.0
270	38.0
271	24.0
272	33.0
273	38.0
274	38.0
275	33.0
276	38.0
277	38.0
278	26.0
279	33.0
280	38.0
281	22.0
282	38.0
283	38.0
284	26.0
285	35.0
286	37.0
287	38.0
288	37.0
289	38.0
290	38.0
291	38.0
292	38.0
293	12.0
294	38.0
295	22.0
296	38.0
297	30.0
298	38.0
299	34.0
300	38.0
301	20.0
302	38.0
303	38.0
304	38.0
305	38.0
306	38.0
307	24.0
308	38.0
309	38.0
310	38.0
311	38.0
312	38.0
313	38.0
314	35.0
315	38.0
316	38.0
317	37.0
318	37.0
319	38.0
320	38.0
321	38.0
322	38.0
323	38.0
324	38.0
325	38.0
326	38.0
327	38.0
328	26.0
329	37.0
330	38.0
331	30.0
332	33.0
333	38.0
334	38.0
335	38.0
336	16.0
337	38.0
338	36.0
339	38.0
340	22.0
341	34.0
342	37.0
343	38.0
344	38.0
345	38.0
346	38.0
347	38.0
348	38.0
349	38.0
350	37.0
351	38.0
352	38.0
353	16.0
354	37.0
355	26.0
356	37.0
357	26.0
358	38.0
359	32.0
360	38.0
361	38.0
362	38.0
363	38.0
364	38.0
365	38.0
366	38.0
367	20.0
368	28.0
369	24.0
370	38.0
371	22.0
372	38.0
373	38.0
374	38.0
375	38.0
376	38.0
377	37.0
378	37.0
379	38.0
380	38.0
381	38.0
382	38.0
383	38.0
384	38.0
385	28.0
386	38.0
387	38.0
388	30.0
389	38.0
390	35.0
391	38.0
392	38.0
393	37.0
394	38.0
395	38.0
396	36.0
397	38.0
398	38.0
399	38.0
400	29.0
401	38.0
402	38.0
403	38.0
404	38.0
405	38.0
406	12.0
407	38.0
408	31.0
409	38.0
410	38.0
411	33.0
412	38.0
413	18.0
414	38.0
415	38.0
416	30.0
417	27.0
418	38.0
419	30.0
420	38.0
421	38.0
422	38.0
423	38.0
424	38.0
425	38.0
426	38.0
427	38.0
428	33.0
429	38.0
430	38.0
431	38.0
432	20.0
433	38.0
434	38.0
435	35.0
436	35.0
437	26.0
438	38.0
439	37.0
440	38.0
441	38.0
442	38.0
443	38.0
444	38.0
445	38.0
446	38.0
447	38.0
448	38.0
449	38.0
450	30.0
451	38.0
452	33.0
453	38.0
454	37.0
455	22.0
456	37.0
457	38.0
458	26.0
459	38.0
460	38.0
461	38.0
462	37.0
463	38.0
464	38.0
465	38.0
466	38.0
467	24.0
468	38.0
469	38.0
470	24.0
471	36.0
472	38.0
473	38.0
474	38.0
475	38.0
476	38.0
477	38.0
478	38.0
479	38.0
480	36.0
481	38.0
482	24.0
483	30.0
484	38.0
485	38.0
486	14.0
487	38.0
488	26.0
489	38.0
490	38.0
491	38.0
492	30.0
493	34.0
494	38.0
495	38.0
496	38.0
497	26.0
498	18.0
499	38.0
500	38.0
501	38.0
502	29.0
503	30.0
504	24.0
505	38.0
506	22.0
507	38.0
508	22.0
509	38.0
510	38.0
511	38.0
512	38.0
513	38.0
514	38.0
515	38.0
516	38.0
517	38.0
518	38.0
519	38.0
520	35.0
521	38.0
522	22.0
523	38.0
524	24.0
525	38.0
526	38.0
527	38.0
528	38.0
529	34.0
530	38.0
531	38.0
532	38.0
533	38.0
534	38.0
535	37.0
536	38.0
537	38.0
538	35.0
539	38.0
540	38.0
541	38.0
542	38.0
543	26.0
544	38.0
545	33.0
546	12.0
547	38.0
548	38.0
549	20.0
550	38.0
551	14.0
552	38.0
553	38.0
554	24.0
555	38.0
556	38.0
557	38.0
558	38.0
559	36.0
560	38.0
561	37.0
562	33.0
563	32.0
564	27.0
565	35.0
566	38.0
567	12.0
568	38.0
569	37.0
570	22.0
571	38.0
572	33.0
573	38.0
574	26.0
575	38.0
576	16.0
577	33.0
578	38.0
579	38.0
580	37.0
581	35.0
582	38.0
583	18.0
584	38.0
585	28.0
586	38.0
587	38.0
588	38.0
589	35.0
590	38.0
591	38.0
592	38.0
593	38.0
594	38.0
595	29.0
596	38.0
597	24.0
598	28.0
599	37.0
600	38.0
601	38.0
602	38.0
603	26.0
604	38.0
605	38.0
606	27.0
607	38.0
608	38.0
609	38.0
610	24.0
611	38.0
612	38.0
613	38.0
614	38.0
615	33.0
616	38.0
617	38.0
618	38.0
619	38.0
620	38.0
621	35.0
622	38.0
623	33.0
624	38.0
625	38.0
626	38.0
627	38.0
628	16.0
629	38.0
630	38.0
631	29.0
632	26.0
633	38.0
634	38.0
635	38.0
636	38.0
637	32.0
638	37.0
639	38.0
640	31.0
641	35.0
642	38.0
643	35.0
644	28.0
645	38.0
646	38.0
647	38.0
648	33.0
649	35.0
650	38.0
651	38.0
652	38.0
653	38.0
654	29.0
655	27.0
656	38.0
657	38.0
658	35.0
659	38.0
660	38.0
661	38.0
662	26.0
663	24.0
664	31.0
665	33.0
666	38.0
667	35.0
668	38.0
669	38.0
670	38.0
671	38.0
672	38.0
673	14.0
674	38.0
675	38.0
676	38.0
677	37.0
678	29.0
679	22.0
680	38.0
681	38.0
682	38.0
683	38.0
684	33.0
685	38.0
686	38.0
687	18.0
688	38.0
689	38.0
690	28.0
691	37.0
692	38.0
693	38.0
694	38.0
695	38.0
696	30.0
697	38.0
698	38.0
699	12.0
700	38.0
701	38.0
702	38.0
703	38.0
704	28.0
705	16.0
706	38.0
707	38.0
708	18.0
709	38.0
710	35.0
711	38.0
712	30.0
713	22.0
714	26.0
715	12.0
716	22.0
717	24.0
718	38.0
719	38.0
720	38.0
721	24.0
722	38.0
723	38.0
724	38.0
725	38.0
726	28.0
727	38.0
728	38.0
729	29.0
730	33.0
731	30.0
732	38.0
733	38.0
734	38.0
735	14.0
736	24.0
737	38.0
738	31.0
739	16.0
740	18.0
741	38.0
742	38.0
743	38.0
744	38.0
745	38.0
746	22.0
747	38.0
748	38.0
749	38.0
750	38.0
751	38.0
752	37.0
753	38.0
754	26.0
755	23.0
756	38.0
757	30.0
758	38.0
759	38.0
760	20.0
761	38.0
762	38.0
763	38.0
764	38.0
765	38.0
766	30.0
767	24.0
768	37.0
769	38.0
770	38.0
771	31.0
772	38.0
773	38.0
774	38.0
775	32.0
776	38.0
777	38.0
778	24.0
779	16.0
780	38.0
781	38.0
782	38.0
783	38.0
784	38.0
785	26.0
786	38.0
787	38.0
788	38.0
789	24.0
790	12.0
791	38.0
792	38.0
793	34.0
794	38.0
795	38.0
796	24.0
797	24.0
798	38.0
799	38.0
800	38.0
801	26.0
802	38.0
803	26.0
804	18.0
805	38.0
806	38.0
807	32.0
808	38.0
809	30.0
810	37.0
811	38.0
812	38.0
813	38.0
814	38.0
815	38.0
816	38.0
817	35.0
818	22.0
819	38.0
820	22.0
821	38.0
822	38.0
823	22.0
824	38.0
825	32.0
826	30.0
827	38.0
828	38.0
829	37.0
830	38.0
831	38.0
832	20.0
833	38.0
834	38.0
835	38.0
836	38.0
837	38.0
838	29.0
839	27.0
840	14.0
841	26.0
842	37.0
843	38.0
844	38.0
845	38.0
846	29.0
847	37.0
848	38.0
849	38.0
850	22.0
851	38.0
852	38.0
853	37.0
854	32.0
855	38.0
856	38.0
857	31.0
858	37.0
859	38.0
860	26.0
861	27.0
862	35.0
863	38.0
864	38.0
865	38.0
866	38.0
867	38.0
868	28.0
869	38.0
870	8.0
871	38.0
872	31.0
873	38.0
874	38.0
875	38.0
876	38.0
877	33.0
878	20.0
879	38.0
880	38.0
881	38.0
882	38.0
883	38.0
884	38.0
885	38.0
886	33.0
887	38.0
888	38.0
889	14.0
890	38.0
891	38.0
892	38.0
893	38.0
894	38.0
895	38.0
896	38.0
897	38.0
898	38.0
899	38.0
900	33.0
901	33.0
902	38.0
903	22.0
904	35.0
905	38.0
906	20.0
907	33.0
908	38.0
909	38.0
910	22.0
911	14.0
912	38.0
913	37.0
914	24.0
915	24.0
916	38.0
917	26.0
918	38.0
919	38.0
920	29.0
921	24.0
922	32.0
923	38.0
924	18.0
925	38.0
926	38.0
927	38.0
928	18.0
929	37.0
930	24.0
931	24.0
932	38.0
933	38.0
934	38.0
935	38.0
936	38.0
937	20.0
938	37.0
939	18.0
940	22.0
941	38.0
942	20.0
943	38.0
944	37.0
945	38.0
946	18.0
947	31.0
948	30.0
949	37.0
950	38.0
951	38.0
952	38.0
953	33.0
954	38.0
955	38.0
956	38.0
957	38.0
958	16.0
959	26.0
960	37.0
961	38.0
962	38.0
963	38.0
964	38.0
965	31.0
966	33.0
967	35.0
968	38.0
969	38.0
970	38.0
971	20.0
972	38.0
973	38.0
974	22.0
975	38.0
976	38.0
977	20.0
978	38.0
979	38.0
980	38.0
981	38.0
982	32.0
983	38.0
984	38.0
985	35.0
986	38.0
987	30.0
988	38.0
989	35.0
990	38.0
991	38.0
992	38.0
993	38.0
994	38.0
995	33.0
996	38.0
997	38.0
998	38.0
999	31.0
1000	38.0
1001	33.0
1002	38.0
1003	38.0
1004	38.0
1005	24.0
1006	38.0
1007	38.0
1008	38.0
1009	35.0
1010	38.0
1011	28.0
1012	33.0
1013	18.0
1014	38.0
1015	38.0
1016	38.0
1017	27.0
1018	37.0
1019	38.0
1020	38.0
1021	38.0
1022	29.0
1023	38.0
1024	33.0
1025	38.0
1026	20.0
1027	38.0
1028	35.0
1029	38.0
1030	38.0
1031	38.0
1032	24.0
1033	38.0
1034	38.0
1035	38.0
1036	38.0
1037	38.0
1038	33.0
1039	38.0
1040	38.0
1041	38.0
1042	38.0
1043	38.0
1044	38.0
1045	38.0
1046	38.0
1047	26.0
1048	38.0
1049	38.0
1050	38.0
1051	38.0
1052	38.0
1053	26.0
1054	35.0
1055	38.0
1056	38.0
1057	38.0
1058	38.0
1059	38.0
1060	16.0
1061	35.0
1062	31.0
1063	38.0
1064	26.0
1065	38.0
1066	28.0
1067	38.0
1068	29.0
1069	38.0
1070	26.0
1071	38.0
1072	33.0
1073	38.0
1074	37.0
1075	38.0
1076	38.0
1077	38.0
1078	38.0
1079	33.0
1080	38.0
1081	38.0
1082	33.0
1083	38.0
1084	18.0
1085	18.0
1086	35.0
1087	38.0
1088	38.0
1089	28.0
1090	38.0
1091	31.0
1092	29.0
1093	12.0
1094	38.0
1095	38.0
1096	38.0
1097	35.0
1098	38.0
1099	28.0
1100	38.0
1101	38.0
1102	31.0
1103	38.0
1104	20.0
1105	38.0
1106	38.0
1107	38.0
1108	38.0
1109	38.0
1110	38.0
1111	24.0
1112	30.0
1113	37.0
1114	38.0
1115	38.0
1116	31.0
1117	38.0
1118	38.0
1119	38.0
1120	38.0
1121	38.0
1122	38.0
1123	29.0
1124	38.0
1125	38.0
1126	38.0
1127	38.0
1128	38.0
1129	38.0
1130	38.0
1131	38.0
1132	38.0
1133	38.0
1134	38.0
1135	29.0
1136	38.0
1137	20.0
1138	38.0
1139	16.0
1140	38.0
1141	37.0
1142	28.0
1143	38.0
1144	38.0
1145	38.0
1146	33.0
1147	16.0
1148	38.0
1149	38.0
1150	27.0
1151	38.0
1152	18.0
1153	31.0
1154	38.0
1155	38.0
1156	38.0
1157	38.0
1158	38.0
1159	38.0
1160	38.0
1161	38.0
1162	38.0
1163	38.0
1164	38.0
1165	38.0
1166	38.0
1167	38.0
1168	18.0
1169	38.0
1170	38.0
1171	38.0
1172	38.0
1173	38.0
1174	38.0
1175	37.0
1176	29.0
1177	38.0
1178	38.0
1179	38.0
1180	38.0
1181	38.0
1182	26.0
1183	38.0
1184	38.0
1185	38.0
1186	38.0
1187	38.0
1188	37.0
1189	24.0
1190	31.0
1191	38.0
1192	38.0
1193	38.0
1194	38.0
1195	38.0
1196	38.0
1197	38.0
1198	38.0
1199	38.0
1200	38.0
1201	38.0
1202	31.0
1203	16.0
1204	33.0
1205	38.0
1206	38.0
1207	38.0
1208	38.0
1209	18.0
1210	38.0
1211	38.0
1212	38.0
1213	38.0
1214	35.0
1215	38.0
1216	38.0
1217	38.0
1218	38.0
1219	12.0
1220	38.0
1221	38.0
1222	38.0
1223	38.0
1224	38.0
1225	31.0
1226	38.0
1227	38.0
1228	38.0
1229	38.0
1230	38.0
1231	14.0
1232	38.0
1233	34.0
1234	38.0
1235	38.0
1236	31.0
1237	38.0
1238	30.0
1239	38.0
1240	29.0
1241	35.0
1242	14.0
1243	38.0
1244	38.0
1245	38.0
1246	34.0
1247	38.0
1248	16.0
1249	37.0
1250	37.0
1251	38.0
1252	38.0
1253	38.0
1254	18.0
1255	14.0
1256	38.0
1257	30.0
1258	38.0
1259	38.0
1260	34.0
1261	30.0
1262	38.0
1263	38.0
1264	38.0
1265	38.0
1266	38.0
1267	38.0
1268	22.0
1269	38.0
1270	33.0
1271	20.0
1272	38.0
1273	38.0
1274	38.0
1275	38.0
1276	38.0
1277	38.0
1278	24.0
1279	38.0
1280	38.0
1281	38.0
1282	38.0
1283	38.0
1284	38.0
1285	38.0
1286	25.0
1287	38.0
1288	24.0
1289	38.0
1290	30.0
1291	38.0
1292	38.0
1293	38.0
1294	38.0
1295	35.0
1296	38.0
1297	38.0
1298	38.0
1299	30.0
1300	38.0
1301	38.0
1302	18.0
1303	38.0
1304	38.0
1305	35.0
1306	38.0
1307	38.0
1308	16.0
1309	38.0
1310	38.0
1311	38.0
1312	38.0
1313	29.0
1314	32.0
1315	28.0
1316	38.0
1317	38.0
1318	38.0
1319	28.0
1320	38.0
1321	38.0
1322	38.0
1323	38.0
1324	26.0
1325	16.0
1326	33.0
1327	38.0
1328	38.0
1329	27.0
1330	18.0
1331	38.0
1332	33.0
1333	38.0
1334	38.0
1335	38.0
1336	38.0
1337	38.0
1338	29.0
1339	38.0
1340	32.0
1341	38.0
1342	38.0
1343	24.0
1344	32.0
1345	33.0
1346	38.0
1347	38.0
1348	38.0
1349	38.0
1350	38.0
1351	35.0
1352	38.0
1353	20.0
1354	18.0
1355	37.0
1356	35.0
1357	38.0
1358	26.0
1359	38.0
1360	38.0
1361	38.0
1362	30.0
1363	38.0
1364	38.0
1365	38.0
1366	22.0
1367	38.0
1368	38.0
1369	38.0
1370	38.0
1371	28.0
1372	30.0
1373	35.0
1374	38.0
1375	38.0
1376	38.0
1377	38.0
1378	38.0
1379	26.0
1380	38.0
1381	32.0
1382	25.0
1383	22.0
1384	38.0
1385	24.0
1386	35.0
1387	38.0
1388	26.0
1389	38.0
1390	38.0
1391	38.0
1392	38.0
1393	28.0
1394	38.0
1395	38.0
1396	38.0
1397	38.0
1398	38.0
1399	38.0
1400	38.0
1401	28.0
1402	12.0
1403	38.0
1404	20.0
1405	38.0
1406	38.0
1407	38.0
1408	38.0
1409	31.0
1410	38.0
1411	38.0
1412	38.0
1413	38.0
1414	22.0
1415	38.0
1416	38.0
1417	22.0
1418	38.0
1419	14.0
1420	31.0
1421	38.0
1422	38.0
1423	38.0
1424	35.0
1425	38.0
1426	38.0
1427	38.0
1428	38.0
1429	38.0
1430	38.0
1431	24.0
1432	38.0
1433	38.0
1434	38.0
1435	38.0
1436	38.0
1437	38.0
1438	32.0
1439	38.0
1440	35.0
1441	38.0
1442	22.0
1443	38.0
1444	38.0
1445	38.0
1446	38.0
1447	29.0
1448	30.0
1449	38.0
1450	24.0
1451	35.0
1452	38.0
1453	38.0
1454	33.0
1455	38.0
1456	38.0
1457	38.0
1458	38.0
1459	38.0
1460	38.0
1461	38.0
1462	26.0
1463	28.0
1464	38.0
1465	38.0
1466	38.0
1467	38.0
1468	27.0
1469	20.0
1470	26.0
1471	14.0
1472	34.0
1473	29.0
1474	37.0
1475	30.0
1476	36.0
1477	52.0
1478	60.0
1479	84.0
1480	98.0
1481	146.0
1482	176.0
1483	148.0
1484	122.0
1485	82.0
1486	70.0
1487	60.0
1488	46.0
1489	37.0
1490	34.0
1491	36.0
1492	37.0
1493	16.0
1494	32.0
1495	38.0
1496	37.0
1497	30.0
1498	28.0
1499	36.0
1500	38.0
1501	38.0
1502	22.0
1503	33.0
1504	32.0
1505	38.0
1506	38.0
1507	18.0
1508	14.0
1509	38.0
1510	35.0
1511	20.0
1512	33.0
1513	22.0
1514	35.0
1515	28.0
1516	38.0
1517	38.0
1518	16.0
1519	26.0
1520	38.0
1521	38.0
1522	14.0
1523	34.0
1524	38.0
1525	10.0
1526	38.0
1527	38.0
1528	24.0
1529	35.0
1530	38.0
1531	31.0
1532	38.0
1533	38.0
1534	35.0
1535	38.0
1536	38.0
1537	38.0
1538	38.0
1539	26.0
1540	38.0
1541	38.0
1542	38.0
1543	37.0
1544	35.0
1545	38.0
1546	38.0
1547	38.0
1548	38.0
1549	33.0
1550	38.0
1551	38.0
1552	38.0
1553	32.0
1554	38.0
1555	38.0
1556	35.0
1557	38.0
1558	38.0
1559	38.0
1560	28.0
1561	38.0
1562	38.0
1563	38.0
1564	30.0
1565	32.0
1566	38.0
1567	38.0
1568	38.0
1569	26.0
1570	38.0
1571	31.0
1572	38.0
1573	31.0
1574	16.0
1575	38.0
1576	26.0
1577	38.0
1578	24.0
1579	38.0
1580	38.0
1581	38.0
1582	28.0
1583	22.0
1584	38.0
1585	38.0
1586	22.0
1587	35.0
1588	35.0
1589	38.0
1590	16.0
1591	38.0
1592	38.0
1593	38.0
1594	31.0
1595	38.0
1596	38.0
1597	38.0
1598	38.0
1599	38.0
1600	38.0
1601	38.0
1602	38.0
1603	38.0
1604	24.0
1605	20.0
1606	38.0
1607	38.0
1608	31.0
1609	24.0
1610	38.0
1611	38.0
1612	38.0
1613	26.0
1614	31.0
1615	38.0
1616	38.0
1617	38.0
1618	38.0
1619	38.0
1620	30.0
1621	38.0
1622	38.0
1623	31.0
1624	38.0
1625	38.0
1626	38.0
1627	38.0
1628	26.0
1629	37.0
1630	38.0
1631	14.0
1632	38.0
1633	31.0
1634	38.0
1635	38.0
1636	28.0
1637	38.0
1638	38.0
1639	33.0
1640	20.0
1641	38.0
1642	38.0
1643	38.0
1644	38.0
1645	38.0
1646	38.0
1647	20.0
1648	14.0
1649	38.0
1650	38.0
1651	38.0
1652	38.0
1653	38.0
1654	38.0
1655	38.0
1656	31.0
1657	38.0
1658	38.0
1659	38.0
1660	38.0
1661	38.0
1662	38.0
1663	30.0
1664	37.0
1665	24.0
1666	28.0
1667	38.0
1668	38.0
1669	22.0
1670	29.0
1671	32.0
1672	22.0
1673	38.0
1674	33.0
1675	38.0
1676	38.0
1677	38.0
1678	38.0
1679	38.0
1680	38.0
1681	38.0
1682	30.0
1683	36.0
1684	38.0
1685	38.0
1686	38.0
1687	38.0
1688	28.0
1689	20.0
1690	38.0
1691	38.0
1692	38.0
1693	38.0
1694	38.0
1695	38.0
1696	28.0
1697	24.0
1698	38.0
1699	22.0
1700	38.0
1701	38.0
1702	22.0
1703	25.0
1704	38.0
1705	38.0
1706	38.0
1707	28.0
1708	38.0
1709	38.0
1710	14.0
1711	38.0
1712	38.0
1713	38.0
1714	38.0
1715	20.0
1716	30.0
1717	38.0
1718	38.0
1719	18.0
1720	38.0
1721	38.0
1722	16.0
1723	38.0
1724	38.0
1725	38.0
1726	32.0
1727	38.0
1728	33.0
1729	35.0
1730	33.0
1731	33.0
1732	38.0
1733	38.0
1734	38.0
1735	28.0
1736	38.0
1737	38.0
1738	38.0
1739	33.0
1740	38.0
1741	38.0
1742	38.0
1743	22.0
1744	35.0
1745	38.0
1746	38.0
1747	38.0
1748	38.0
1749	38.0
1750	35.0
1751	38.0
1752	31.0
1753	33.0
1754	38.0
1755	31.0
1756	38.0
1757	38.0
1758	34.0
1759	38.0
1760	38.0
1761	38.0
1762	37.0
1763	38.0
1764	28.0
1765	22.0
1766	38.0
1767	38.0
1768	38.0
1769	33.0
1770	27.0
1771	38.0
1772	31.0
1773	38.0
1774	37.0
1775	38.0
1776	38.0
1777	38.0
1778	38.0
1779	24.0
1780	38.0
1781	35.0
1782	38.0
1783	38.0
1784	38.0
1785	36.0
1786	38.0
1787	38.0
1788	31.0
1789	38.0
1790	38.0
1791	38.0
1792	38.0
1793	38.0
1794	38.0
1795	38.0
1796	38.0
1797	38.0
1798	27.0
1799	10.0
1800	38.0
1801	33.0
1802	38.0
1803	38.0
1804	38.0
1805	34.0
1806	35.0
1807	31.0
1808	38.0
1809	38.0
1810	38.0
1811	38.0
1812	26.0
1813	33.0
1814	38.0
1815	20.0
1816	38.0
1817	18.0
1818	38.0
1819	38.0
1820	38.0
1821	30.0
1822	38.0
1823	38.0
1824	38.0
1825	38.0
1826	38.0
1827	38.0
1828	32.0
1829	38.0
1830	38.0
1831	29.0
1832	38.0
1833	22.0
1834	38.0
1835	38.0
1836	38.0
1837	38.0
1838	27.0
1839	37.0
1840	38.0
1841	28.0
1842	20.0
1843	38.0
1844	38.0
1845	38.0
1846	31.0
1847	38.0
1848	33.0
1849	38.0
1850	31.0
1851	26.0
1852	38.0
1853	28.0
1854	35.0
1855	38.0
1856	38.0
1857	38.0
1858	32.0
1859	38.0
1860	30.0
1861	38.0
1862	33.0
1863	24.0
1864	38.0
1865	36.0
1866	37.0
1867	38.0
1868	38.0
1869	38.0
1870	38.0
1871	26.0
1872	38.0
1873	38.0
1874	38.0
1875	36.0
1876	38.0
1877	38.0
1878	31.0
1879	38.0
1880	38.0
1881	38.0
1882	38.0
1883	38.0
1884	38.0
1885	38.0
1886	38.0
1887	38.0
1888	38.0
1889	38.0
1890	37.0
1891	38.0
1892	38.0
1893	38.0
1894	38.0
1895	38.0
1896	36.0
1897	38.0
1898	38.0
1899	38.0
1900	38.0
1901	38.0
1902	37.0
1903	38.0
1904	38.0
1905	38.0
1906	38.0
1907	38.0
1908	38.0
1909	38.0
1910	38.0
1911	30.0
1912	38.0
1913	38.0
1914	35.0
1915	38.0
1916	38.0
1917	38.0
1918	37.0
1919	36.0
1920	24.0
1921	32.0
1922	33.0
1923	38.0
1924	33.0
1925	38.0
1926	38.0
1927	16.0
1928	30.0
1929	26.0
1930	38.0
1931	38.0
1932	24.0
1933	38.0
1934	38.0
1935	38.0
1936	35.0
1937	38.0
1938	38.0
1939	35.0
1940	38.0
1941	38.0
1942	38.0
1943	38.0
1944	38.0
1945	38.0
1946	38.0
1947	29.0
1948	38.0
1949	30.0
1950	38.0
1951	38.0
1952	38.0
1953	38.0
1954	37.0
1955	38.0
1956	38.0
1957	38.0
1958	27.0
1959	38.0
1960	31.0
1961	38.0
1962	38.0
1963	38.0
1964	38.0
1965	38.0
1966	38.0
1967	38.0
1968	38.0
1969	38.0
1970	22.0
1971	38.0
1972	38.0
1973	38.0
1974	38.0
1975	38.0
1976	38.0
1977	38.0
1978	38.0
1979	31.0
1980	38.0
1981	18.0
1982	38.0
1983	38.0
1984	38.0
1985	37.0
1986	38.0
1987	35.0
1988	38.0
1989	38.0
1990	38.0
1991	38.0
1992	38.0
1993	38.0
1994	38.0
1995	38.0
1996	38.0
1997	20.0
1998	22.0
1999	38.0
2000	38.0
2001	18.0
2002	38.0
2003	38.0
2004	38.0
2005	31.0
2006	38.0
2007	38.0
2008	38.0
2009	35.0
2010	38.0
2011	38.0
2012	38.0
2013	38.0
2014	33.0
2015	38.0
2016	38.0
2017	4.0
2018	38.0
2019	20.0
2020	38.0
2021	26.0
2022	38.0
2023	38.0
2024	38.0
2025	38.0
2026	38.0
2027	38.0
2028	38.0
2029	38.0
2030	38.0
2031	30.0
2032	38.0
2033	26.0
2034	18.0
2035	38.0
2036	38.0
2037	38.0
2038	37.0
2039	24.0
2040	38.0
2041	38.0
2042	38.0
2043	26.0
2044	24.0
2045	38.0
2046	24.0
2047	38.0
2048	38.0
2049	38.0
2050	29.0
2051	10.0
2052	38.0
2053	38.0
2054	28.0
2055	38.0
2056	38.0
2057	31.0
2058	38.0
2059	38.0
2060	38.0
2061	35.0
2062	38.0
2063	38.0
2064	38.0
2065	38.0
2066	38.0
2067	38.0
2068	38.0
2069	12.0
2070	20.0
2071	29.0
2072	38.0
2073	38.0
2074	38.0
2075	28.0
2076	38.0
2077	38.0
2078	37.0
2079	38.0
2080	33.0
2081	31.0
2082	38.0
2083	31.0
2084	38.0
2085	33.0
2086	38.0
2087	22.0
2088	38.0
2089	38.0
2090	38.0
2091	38.0
2092	38.0
2093	38.0
2094	32.0
2095	28.0
2096	38.0
2097	38.0
2098	38.0
2099	37.0
2100	38.0
2101	35.0
2102	38.0
2103	38.0
2104	31.0
2105	38.0
2106	38.0
2107	30.0
2108	38.0
2109	34.0
2110	38.0
2111	38.0
2112	38.0
2113	18.0
2114	35.0
2115	20.0
2116	37.0
2117	38.0
2118	38.0
2119	38.0
2120	38.0
2121	38.0
2122	38.0
2123	38.0
2124	38.0
2125	38.0
2126	38.0
2127	37.0
2128	38.0
2129	38.0
2130	30.0
2131	38.0
2132	33.0
2133	38.0
2134	38.0
2135	38.0
2136	38.0
2137	38.0
2138	38.0
2139	16.0
2140	38.0
2141	38.0
2142	38.0
2143	33.0
2144	38.0
2145	38.0
2146	24.0
2147	38.0
2148	38.0
2149	37.0
2150	38.0
2151	38.0
2152	35.0
2153	38.0
2154	38.0
2155	33.0
2156	38.0
2157	38.0
2158	38.0
2159	28.0
2160	38.0
2161	38.0
2162	38.0
2163	38.0
2164	38.0
2165	38.0
2166	38.0
2167	35.0
2168	38.0
2169	30.0
2170	38.0
2171	38.0
2172	38.0
2173	38.0
2174	38.0
2175	38.0
2176	38.0
2177	38.0
2178	38.0
2179	38.0
2180	38.0
2181	32.0
2182	38.0
2183	38.0
2184	38.0
2185	37.0
2186	31.0
2187	38.0
2188	38.0
2189	38.0
2190	38.0
2191	38.0
2192	38.0
2193	38.0
2194	38.0
2195	38.0
2196	38.0
2197	38.0
2198	38.0
2199	38.0
2200	38.0
2201	38.0
2202	38.0
2203	38.0
2204	18.0
2205	26.0
2206	20.0
2207	26.0
2208	38.0
2209	31.0
2210	38.0
2211	38.0
2212	38.0
2213	38.0
2214	36.0
2215	38.0
2216	38.0
2217	38.0
2218	38.0
2219	38.0
2220	38.0
2221	38.0
2222	38.0
2223	38.0
2224	36.0
2225	38.0
2226	38.0
2227	38.0
2228	38.0
2229	31.0
2230	38.0
2231	38.0
2232	38.0
2233	38.0
2234	16.0
2235	12.0
2236	38.0
2237	38.0
2238	22.0
2239	28.0
2240	38.0
2241	33.0
2242	38.0
2243	38.0
2244	38.0
2245	18.0
2246	38.0
2247	37.0
2248	38.0
2249	38.0
2250	38.0
2251	38.0
2252	38.0
2253	38.0
2254	38.0
2255	38.0
2256	38.0
2257	38.0
2258	38.0
2259	38.0
2260	38.0
2261	29.0
2262	38.0
2263	22.0
2264	34.0
2265	38.0
2266	38.0
2267	38.0
2268	38.0
2269	38.0
2270	26.0
2271	16.0
2272	38.0
2273	38.0
2274	38.0
2275	38.0
2276	38.0
2277	38.0
2278	38.0
2279	38.0
2280	38.0
2281	38.0
2282	38.0
2283	38.0
2284	38.0
2285	38.0
2286	38.0
2287	38.0
2288	38.0
2289	38.0
2290	29.0
2291	38.0
2292	12.0
2293	38.0
2294	38.0
2295	38.0
2296	38.0
2297	38.0
2298	38.0
2299	38.0
2300	31.0
2301	33.0
2302	38.0
2303	35.0
2304	38.0
2305	38.0
2306	24.0
2307	38.0
2308	38.0
2309	38.0
2310	33.0
2311	38.0
2312	38.0
2313	29.0
2314	38.0
2315	10.0
2316	38.0
2317	37.0
2318	38.0
2319	16.0
2320	38.0
2321	38.0
2322	38.0
2323	38.0
2324	38.0
2325	38.0
2326	38.0
2327	38.0
2328	38.0
2329	38.0
2330	38.0
2331	38.0
2332	35.0
2333	38.0
2334	38.0
2335	38.0
