0	130.0
1	122.0
2	110.0
3	90.0
4	90.0
5	88.0
6	56.0
7	58.0
8	42.0
9	52.0
10	52.0
11	78.0
12	68.0
13	64.0
14	98.0
15	104.0
16	76.0
17	122.0
18	86.0
19	106.0
20	112.0
21	132.0
22	166.0
23	160.0
24	126.0
25	158.0
26	116.0
27	100.0
28	136.0
29	134.0
30	144.0
31	118.0
32	146.0
33	162.0
34	134.0
35	146.0
36	160.0
37	152.0
38	166.0
39	140.0
40	192.0
41	160.0
42	182.0
43	154.0
44	206.0
45	212.0
46	162.0
47	166.0
48	136.0
49	126.0
50	150.0
51	186.0
52	146.0
53	170.0
54	152.0
55	192.0
56	196.0
57	164.0
58	134.0
59	160.0
60	150.0
61	178.0
62	174.0
63	122.0
64	150.0
65	192.0
66	178.0
67	182.0
68	128.0
69	172.0
70	216.0
71	124.0
72	152.0
73	116.0
74	190.0
75	204.0
76	152.0
77	206.0
78	182.0
79	160.0
80	160.0
81	150.0
82	130.0
83	190.0
84	160.0
85	152.0
86	162.0
87	216.0
88	154.0
89	118.0
90	154.0
91	156.0
92	116.0
93	122.0
94	202.0
95	106.0
96	118.0
97	106.0
98	136.0
99	110.0
100	118.0
101	140.0
102	92.0
103	162.0
104	136.0
105	144.0
106	154.0
107	116.0
108	166.0
109	162.0
110	154.0
111	144.0
112	156.0
113	100.0
114	172.0
115	172.0
116	146.0
117	150.0
118	160.0
119	146.0
120	168.0
121	156.0
122	194.0
123	132.0
124	160.0
125	152.0
126	172.0
127	142.0
128	164.0
129	182.0
130	156.0
131	150.0
132	160.0
133	170.0
134	164.0
135	132.0
136	114.0
137	142.0
138	146.0
139	190.0
140	176.0
141	160.0
142	152.0
143	128.0
144	132.0
145	136.0
146	170.0
147	160.0
148	156.0
149	158.0
150	138.0
151	194.0
152	204.0
153	138.0
154	138.0
155	136.0
156	116.0
157	140.0
158	146.0
159	156.0
160	124.0
161	116.0
162	152.0
163	152.0
164	202.0
165	146.0
166	132.0
167	160.0
168	146.0
169	128.0
170	128.0
171	116.0
172	174.0
173	118.0
174	122.0
175	174.0
176	124.0
177	144.0
178	118.0
179	120.0
180	146.0
181	168.0
182	152.0
183	128.0
184	178.0
185	136.0
186	150.0
187	144.0
188	156.0
189	142.0
190	116.0
191	172.0
192	160.0
193	142.0
194	142.0
195	128.0
196	140.0
197	152.0
198	162.0
199	134.0
200	154.0
201	128.0
202	134.0
203	174.0
204	136.0
205	178.0
206	132.0
207	170.0
208	172.0
209	140.0
210	134.0
211	170.0
212	140.0
213	168.0
214	144.0
215	152.0
216	94.0
217	180.0
218	142.0
219	130.0
220	138.0
221	134.0
222	154.0
223	106.0
224	122.0
225	80.0
226	92.0
227	92.0
228	70.0
229	66.0
230	100.0
231	98.0
232	108.0
233	122.0
234	118.0
235	118.0
236	108.0
237	124.0
238	152.0
239	152.0
240	122.0
241	124.0
242	174.0
243	132.0
244	94.0
245	120.0
246	150.0
247	122.0
248	134.0
249	128.0
250	100.0
251	120.0
252	152.0
253	130.0
254	126.0
255	138.0
256	128.0
257	136.0
258	142.0
259	140.0
260	166.0
261	124.0
262	140.0
263	142.0
264	146.0
265	148.0
266	164.0
267	148.0
268	140.0
269	150.0
270	108.0
271	110.0
272	102.0
273	132.0
274	94.0
275	108.0
276	126.0
277	116.0
278	122.0
279	126.0
280	140.0
281	162.0
282	136.0
283	134.0
284	144.0
285	142.0
286	156.0
287	132.0
288	160.0
289	154.0
290	132.0
291	126.0
292	122.0
293	148.0
294	120.0
295	144.0
296	154.0
297	108.0
298	122.0
299	166.0
300	112.0
301	138.0
302	148.0
303	144.0
304	140.0
305	156.0
306	166.0
307	128.0
308	146.0
309	138.0
310	106.0
311	146.0
312	130.0
313	136.0
314	144.0
315	100.0
316	160.0
317	150.0
318	120.0
319	124.0
320	138.0
321	132.0
322	102.0
323	130.0
324	152.0
325	78.0
326	110.0
327	96.0
328	114.0
329	114.0
330	84.0
331	88.0
332	106.0
333	142.0
334	140.0
335	162.0
336	156.0
337	146.0
338	132.0
339	124.0
340	120.0
341	150.0
342	134.0
343	120.0
344	122.0
345	138.0
346	114.0
347	114.0
348	160.0
349	98.0
350	142.0
351	128.0
352	96.0
353	152.0
354	152.0
355	134.0
356	118.0
357	162.0
358	136.0
359	112.0
360	148.0
361	142.0
362	158.0
363	140.0
364	134.0
365	110.0
366	126.0
367	130.0
368	102.0
369	120.0
370	118.0
371	108.0
372	154.0
373	126.0
374	122.0
375	154.0
376	128.0
377	132.0
378	140.0
379	154.0
380	130.0
381	154.0
382	130.0
383	134.0
384	142.0
385	138.0
386	160.0
387	162.0
388	134.0
389	130.0
390	118.0
391	110.0
392	154.0
393	144.0
394	104.0
395	152.0
396	152.0
397	150.0
398	152.0
399	154.0
400	132.0
401	136.0
402	146.0
403	174.0
404	136.0
405	128.0
406	124.0
407	106.0
408	108.0
409	120.0
410	112.0
411	120.0
412	108.0
413	96.0
414	112.0
415	110.0
416	152.0
417	146.0
418	108.0
419	152.0
420	176.0
421	118.0
422	112.0
423	116.0
424	128.0
425	110.0
426	116.0
427	104.0
428	76.0
429	96.0
430	80.0
431	62.0
432	88.0
433	86.0
434	72.0
435	86.0
436	98.0
437	94.0
438	98.0
439	156.0
440	98.0
441	118.0
442	114.0
443	146.0
444	136.0
445	132.0
446	104.0
447	112.0
448	128.0
449	114.0
450	118.0
451	76.0
452	86.0
453	112.0
454	104.0
455	96.0
456	112.0
457	118.0
458	128.0
459	124.0
460	128.0
461	116.0
462	136.0
463	116.0
464	152.0
465	134.0
466	126.0
467	130.0
468	132.0
469	152.0
470	124.0
471	134.0
472	90.0
473	152.0
474	138.0
475	110.0
476	112.0
477	148.0
478	106.0
479	116.0
480	114.0
481	116.0
482	152.0
483	156.0
484	128.0
485	160.0
486	132.0
487	96.0
488	134.0
489	140.0
490	116.0
491	150.0
492	140.0
493	158.0
494	102.0
495	144.0
496	136.0
497	118.0
498	112.0
499	132.0
500	114.0
501	116.0
502	152.0
503	144.0
504	112.0
505	138.0
506	150.0
507	136.0
508	142.0
509	150.0
510	106.0
511	130.0
512	144.0
513	160.0
514	172.0
515	174.0
516	140.0
517	104.0
518	144.0
519	164.0
520	140.0
521	120.0
522	136.0
523	178.0
524	134.0
525	100.0
526	158.0
527	126.0
528	152.0
529	92.0
530	124.0
531	98.0
532	132.0
533	148.0
534	138.0
535	112.0
536	138.0
537	126.0
538	104.0
539	126.0
540	104.0
541	150.0
542	136.0
543	126.0
544	158.0
545	136.0
546	116.0
547	144.0
548	108.0
549	134.0
550	130.0
551	142.0
552	128.0
553	142.0
554	146.0
555	146.0
556	88.0
557	124.0
558	126.0
559	80.0
560	74.0
561	86.0
562	72.0
563	74.0
564	54.0
565	62.0
566	70.0
567	64.0
568	80.0
569	72.0
570	114.0
571	134.0
572	94.0
573	112.0
574	138.0
575	114.0
576	160.0
577	160.0
578	154.0
579	126.0
580	134.0
581	118.0
582	128.0
583	164.0
584	138.0
585	126.0
586	130.0
587	136.0
588	104.0
589	158.0
590	158.0
591	98.0
592	144.0
593	142.0
594	140.0
595	170.0
596	142.0
597	108.0
598	156.0
599	138.0
600	112.0
601	134.0
602	122.0
603	132.0
604	162.0
605	116.0
606	144.0
607	140.0
608	124.0
609	146.0
610	124.0
611	166.0
612	136.0
613	136.0
614	148.0
615	104.0
616	76.0
617	104.0
618	138.0
619	128.0
620	106.0
621	128.0
622	110.0
623	116.0
624	142.0
625	126.0
626	152.0
627	138.0
628	136.0
629	140.0
630	86.0
631	124.0
632	132.0
633	140.0
634	92.0
635	92.0
636	100.0
637	98.0
638	120.0
639	100.0
640	60.0
641	76.0
642	100.0
643	102.0
644	92.0
645	84.0
646	90.0
647	136.0
648	86.0
649	124.0
650	112.0
651	140.0
652	124.0
653	132.0
654	146.0
655	138.0
656	132.0
657	102.0
658	154.0
659	102.0
660	140.0
661	158.0
662	150.0
663	118.0
664	130.0
665	132.0
666	122.0
667	148.0
668	146.0
669	106.0
670	114.0
671	144.0
672	100.0
673	124.0
674	150.0
675	126.0
676	120.0
677	150.0
678	110.0
679	146.0
680	116.0
681	116.0
682	140.0
683	102.0
684	122.0
685	112.0
686	160.0
687	154.0
688	122.0
689	130.0
690	122.0
691	144.0
692	130.0
693	122.0
694	142.0
695	154.0
696	128.0
697	172.0
698	100.0
699	124.0
700	156.0
701	122.0
702	146.0
703	134.0
704	150.0
705	162.0
706	172.0
707	142.0
708	152.0
709	110.0
710	138.0
711	154.0
712	140.0
713	162.0
714	134.0
715	108.0
716	134.0
717	140.0
718	138.0
719	100.0
720	120.0
721	108.0
722	108.0
723	126.0
724	106.0
725	84.0
726	104.0
727	98.0
728	52.0
729	64.0
730	68.0
731	50.0
732	35.0
733	40.0
734	42.0
735	64.0
736	56.0
737	78.0
738	84.0
739	72.0
740	70.0
741	72.0
742	82.0
743	136.0
744	88.0
745	100.0
746	108.0
747	100.0
748	80.0
749	94.0
750	86.0
751	68.0
752	78.0
753	68.0
754	74.0
755	28.0
756	54.0
757	62.0
758	37.0
759	48.0
760	64.0
761	58.0
762	86.0
763	78.0
764	82.0
765	80.0
766	94.0
767	150.0
768	94.0
769	136.0
770	130.0
771	90.0
772	98.0
773	142.0
774	148.0
775	122.0
776	116.0
777	102.0
778	104.0
779	118.0
780	132.0
781	146.0
782	140.0
783	122.0
784	142.0
785	138.0
786	122.0
787	110.0
788	146.0
789	122.0
790	136.0
791	114.0
792	136.0
793	126.0
794	134.0
795	96.0
796	94.0
797	94.0
798	102.0
799	74.0
800	70.0
801	74.0
802	66.0
803	94.0
804	62.0
805	106.0
806	120.0
807	134.0
808	94.0
809	144.0
810	84.0
811	142.0
812	138.0
813	150.0
814	144.0
815	102.0
816	154.0
817	120.0
818	136.0
819	146.0
820	134.0
821	158.0
822	126.0
823	128.0
824	132.0
825	142.0
826	102.0
827	170.0
828	164.0
829	140.0
830	156.0
831	114.0
832	106.0
833	128.0
834	166.0
835	108.0
836	170.0
837	150.0
838	128.0
839	184.0
840	154.0
841	130.0
842	130.0
843	110.0
844	140.0
845	126.0
846	112.0
847	132.0
848	128.0
849	116.0
850	164.0
851	166.0
852	176.0
853	120.0
854	156.0
855	136.0
856	144.0
857	188.0
858	132.0
859	190.0
860	170.0
861	158.0
862	142.0
863	146.0
864	122.0
865	126.0
866	138.0
867	198.0
868	126.0
869	116.0
870	162.0
871	152.0
872	136.0
873	130.0
874	136.0
875	118.0
876	138.0
877	160.0
878	136.0
879	152.0
880	124.0
881	142.0
882	122.0
883	132.0
884	144.0
885	120.0
886	150.0
887	130.0
888	142.0
889	150.0
890	148.0
891	130.0
892	146.0
893	148.0
894	118.0
895	160.0
896	146.0
897	138.0
898	138.0
899	124.0
900	124.0
901	146.0
902	172.0
903	148.0
904	148.0
905	122.0
906	128.0
907	184.0
908	156.0
909	160.0
910	170.0
911	124.0
912	140.0
913	166.0
914	146.0
915	112.0
916	146.0
917	154.0
918	100.0
919	100.0
920	124.0
921	114.0
922	136.0
923	122.0
924	124.0
925	126.0
926	84.0
927	74.0
928	74.0
929	54.0
930	62.0
931	58.0
932	66.0
933	60.0
934	48.0
935	70.0
936	68.0
937	82.0
938	86.0
939	108.0
940	86.0
941	128.0
942	144.0
943	114.0
944	122.0
945	120.0
946	98.0
947	158.0
948	120.0
949	164.0
950	130.0
951	114.0
952	94.0
953	148.0
954	164.0
955	128.0
956	114.0
957	146.0
958	190.0
959	118.0
960	132.0
961	122.0
962	152.0
963	118.0
964	148.0
965	100.0
966	162.0
967	132.0
968	158.0
969	148.0
970	100.0
971	124.0
972	114.0
973	94.0
974	148.0
975	152.0
976	126.0
977	114.0
978	122.0
979	114.0
980	94.0
981	82.0
982	80.0
983	72.0
984	52.0
985	58.0
986	42.0
987	36.0
988	40.0
989	50.0
990	48.0
991	50.0
992	33.0
993	46.0
994	44.0
995	37.0
996	60.0
997	64.0
998	62.0
999	114.0
1000	88.0
1001	104.0
1002	148.0
1003	120.0
1004	118.0
1005	146.0
1006	114.0
1007	140.0
1008	106.0
1009	114.0
1010	122.0
1011	172.0
1012	104.0
1013	162.0
1014	126.0
1015	86.0
1016	128.0
1017	126.0
1018	130.0
1019	116.0
1020	146.0
1021	130.0
1022	162.0
1023	106.0
1024	130.0
1025	138.0
1026	110.0
1027	116.0
1028	128.0
1029	126.0
1030	116.0
1031	112.0
1032	94.0
1033	82.0
1034	98.0
1035	86.0
1036	74.0
1037	68.0
1038	104.0
1039	84.0
1040	92.0
1041	108.0
1042	128.0
1043	98.0
1044	130.0
1045	148.0
1046	146.0
1047	98.0
1048	140.0
1049	162.0
1050	124.0
1051	134.0
1052	100.0
1053	130.0
1054	122.0
1055	124.0
1056	126.0
1057	96.0
1058	108.0
1059	144.0
1060	140.0
1061	112.0
1062	148.0
1063	152.0
1064	158.0
1065	142.0
1066	136.0
1067	166.0
1068	130.0
1069	152.0
1070	158.0
1071	166.0
1072	118.0
1073	124.0
1074	176.0
1075	150.0
1076	114.0
1077	156.0
1078	118.0
1079	160.0
1080	116.0
1081	110.0
1082	90.0
1083	140.0
1084	126.0
1085	98.0
1086	102.0
1087	110.0
1088	106.0
1089	122.0
1090	132.0
1091	122.0
1092	140.0
1093	118.0
1094	128.0
1095	130.0
1096	94.0
1097	160.0
1098	182.0
1099	142.0
1100	178.0
1101	160.0
1102	120.0
1103	182.0
1104	142.0
1105	122.0
1106	136.0
1107	182.0
1108	146.0
1109	164.0
1110	112.0
1111	164.0
1112	134.0
1113	126.0
1114	138.0
1115	160.0
1116	162.0
1117	144.0
1118	140.0
1119	180.0
1120	150.0
1121	136.0
1122	114.0
1123	158.0
1124	138.0
1125	178.0
1126	142.0
1127	182.0
1128	182.0
1129	174.0
1130	168.0
1131	146.0
1132	140.0
1133	110.0
1134	132.0
1135	144.0
1136	140.0
1137	148.0
1138	158.0
1139	144.0
1140	120.0
1141	118.0
1142	126.0
1143	142.0
1144	136.0
1145	130.0
1146	134.0
1147	128.0
1148	156.0
1149	134.0
1150	140.0
1151	156.0
1152	176.0
1153	104.0
1154	148.0
1155	128.0
1156	134.0
1157	174.0
1158	148.0
1159	134.0
1160	138.0
1161	148.0
1162	94.0
1163	104.0
1164	142.0
1165	112.0
1166	102.0
1167	128.0
1168	122.0
1169	118.0
1170	118.0
1171	170.0
1172	182.0
1173	146.0
1174	140.0
1175	130.0
1176	174.0
1177	188.0
1178	158.0
1179	140.0
1180	144.0
1181	114.0
1182	118.0
1183	132.0
1184	136.0
1185	188.0
1186	184.0
1187	140.0
1188	180.0
1189	110.0
1190	172.0
1191	168.0
1192	124.0
1193	166.0
1194	158.0
1195	152.0
1196	182.0
1197	146.0
1198	136.0
1199	116.0
1200	162.0
1201	148.0
1202	170.0
1203	146.0
1204	142.0
1205	114.0
1206	142.0
1207	192.0
1208	134.0
1209	144.0
1210	138.0
1211	124.0
1212	186.0
1213	128.0
1214	172.0
1215	132.0
1216	178.0
1217	132.0
1218	178.0
1219	160.0
1220	128.0
1221	134.0
1222	214.0
1223	156.0
1224	120.0
1225	204.0
1226	132.0
1227	180.0
1228	136.0
1229	124.0
1230	112.0
1231	170.0
1232	104.0
1233	128.0
1234	144.0
1235	100.0
1236	116.0
1237	108.0
1238	108.0
1239	128.0
1240	116.0
1241	108.0
1242	102.0
1243	110.0
1244	94.0
1245	76.0
1246	98.0
1247	92.0
1248	94.0
1249	90.0
1250	94.0
1251	108.0
1252	138.0
1253	112.0
1254	112.0
1255	166.0
1256	176.0
1257	122.0
1258	126.0
1259	148.0
1260	142.0
1261	168.0
1262	134.0
1263	154.0
1264	170.0
1265	134.0
1266	116.0
1267	132.0
1268	120.0
1269	88.0
1270	96.0
1271	88.0
1272	98.0
1273	108.0
1274	74.0
1275	50.0
1276	82.0
1277	84.0
1278	78.0
1279	106.0
1280	102.0
1281	118.0
1282	86.0
1283	134.0
1284	118.0
1285	134.0
1286	160.0
1287	160.0
1288	148.0
1289	126.0
1290	152.0
1291	122.0
1292	142.0
1293	128.0
1294	152.0
1295	160.0
1296	156.0
1297	148.0
1298	166.0
1299	124.0
1300	136.0
1301	144.0
1302	182.0
1303	118.0
1304	154.0
1305	134.0
1306	152.0
1307	130.0
1308	146.0
1309	158.0
1310	158.0
1311	190.0
1312	154.0
1313	170.0
1314	184.0
1315	176.0
1316	140.0
1317	200.0
1318	162.0
1319	160.0
1320	156.0
1321	182.0
1322	168.0
1323	142.0
1324	146.0
1325	194.0
1326	128.0
1327	152.0
1328	152.0
1329	160.0
1330	134.0
1331	140.0
1332	172.0
1333	124.0
1334	180.0
1335	144.0
1336	126.0
1337	138.0
1338	100.0
1339	124.0
1340	116.0
1341	114.0
1342	112.0
1343	94.0
1344	82.0
1345	74.0
1346	62.0
1347	62.0
1348	90.0
1349	68.0
1350	56.0
1351	76.0
1352	88.0
1353	88.0
1354	132.0
1355	98.0
1356	112.0
1357	132.0
1358	126.0
1359	168.0
1360	146.0
1361	94.0
1362	102.0
1363	122.0
1364	110.0
1365	118.0
1366	104.0
1367	96.0
1368	72.0
1369	76.0
1370	82.0
1371	72.0
1372	58.0
1373	46.0
1374	58.0
1375	80.0
1376	60.0
1377	114.0
1378	118.0
1379	102.0
1380	164.0
1381	160.0
1382	86.0
1383	112.0
1384	150.0
1385	168.0
1386	144.0
1387	122.0
1388	136.0
1389	164.0
1390	152.0
1391	140.0
1392	154.0
1393	138.0
1394	152.0
1395	130.0
1396	144.0
1397	170.0
1398	158.0
1399	164.0
1400	188.0
1401	150.0
1402	168.0
1403	144.0
1404	112.0
1405	152.0
1406	152.0
1407	160.0
1408	172.0
1409	210.0
1410	168.0
1411	166.0
1412	174.0
1413	118.0
1414	142.0
1415	160.0
1416	148.0
1417	168.0
1418	140.0
1419	132.0
1420	170.0
1421	156.0
1422	162.0
1423	132.0
1424	130.0
1425	148.0
1426	154.0
1427	172.0
1428	162.0
1429	160.0
1430	170.0
1431	172.0
1432	140.0
1433	130.0
1434	178.0
1435	150.0
1436	176.0
1437	160.0
1438	120.0
1439	146.0
1440	148.0
1441	152.0
1442	154.0
1443	162.0
1444	144.0
1445	168.0
1446	188.0
1447	128.0
1448	146.0
1449	98.0
1450	140.0
1451	164.0
1452	130.0
1453	130.0
1454	132.0
1455	124.0
1456	124.0
1457	198.0
1458	130.0
1459	130.0
1460	162.0
1461	148.0
1462	186.0
1463	172.0
1464	142.0
1465	138.0
1466	138.0
1467	168.0
1468	178.0
1469	192.0
1470	154.0
1471	148.0
1472	144.0
1473	192.0
1474	180.0
1475	148.0
1476	188.0
1477	148.0
1478	156.0
1479	156.0
1480	122.0
1481	158.0
1482	184.0
1483	146.0
1484	188.0
1485	160.0
1486	148.0
1487	162.0
1488	190.0
1489	142.0
1490	166.0
1491	178.0
1492	162.0
1493	164.0
1494	134.0
1495	134.0
1496	124.0
1497	180.0
1498	172.0
1499	158.0
1500	152.0
1501	168.0
1502	160.0
1503	106.0
1504	170.0
1505	176.0
1506	106.0
1507	166.0
1508	116.0
1509	126.0
1510	108.0
1511	92.0
1512	124.0
1513	132.0
1514	118.0
1515	132.0
1516	156.0
1517	104.0
1518	130.0
1519	142.0
1520	132.0
1521	118.0
1522	96.0
1523	84.0
1524	80.0
1525	100.0
1526	106.0
1527	92.0
1528	90.0
1529	128.0
1530	132.0
1531	120.0
1532	152.0
1533	128.0
1534	158.0
1535	152.0
1536	156.0
1537	142.0
1538	132.0
1539	184.0
1540	152.0
1541	124.0
1542	108.0
1543	114.0
1544	126.0
1545	134.0
1546	170.0
1547	102.0
1548	134.0
1549	132.0
1550	150.0
1551	142.0
1552	140.0
1553	158.0
1554	142.0
1555	170.0
1556	166.0
1557	178.0
1558	146.0
1559	138.0
1560	168.0
1561	146.0
1562	158.0
1563	178.0
1564	172.0
1565	142.0
1566	170.0
1567	186.0
1568	160.0
1569	140.0
1570	180.0
1571	154.0
1572	162.0
1573	110.0
1574	150.0
1575	144.0
1576	154.0
1577	140.0
1578	160.0
1579	182.0
1580	166.0
1581	152.0
1582	144.0
1583	182.0
1584	164.0
1585	150.0
1586	166.0
1587	160.0
1588	134.0
1589	156.0
1590	162.0
1591	156.0
1592	142.0
1593	174.0
1594	172.0
1595	162.0
1596	172.0
1597	154.0
1598	128.0
1599	162.0
1600	174.0
1601	138.0
1602	162.0
1603	130.0
1604	160.0
1605	160.0
1606	156.0
1607	198.0
1608	190.0
1609	158.0
1610	162.0
1611	158.0
1612	144.0
1613	164.0
1614	176.0
1615	144.0
1616	130.0
1617	156.0
1618	150.0
1619	118.0
1620	110.0
1621	100.0
1622	120.0
1623	114.0
1624	100.0
1625	124.0
1626	114.0
1627	146.0
1628	114.0
1629	98.0
1630	142.0
1631	126.0
1632	112.0
1633	138.0
1634	124.0
1635	148.0
1636	136.0
1637	118.0
1638	134.0
1639	130.0
1640	130.0
1641	124.0
1642	154.0
1643	116.0
1644	154.0
1645	170.0
1646	162.0
1647	150.0
1648	140.0
1649	116.0
1650	134.0
1651	122.0
1652	142.0
1653	126.0
1654	130.0
1655	140.0
1656	134.0
1657	118.0
1658	116.0
1659	162.0
1660	160.0
1661	126.0
1662	146.0
1663	126.0
1664	132.0
1665	124.0
1666	138.0
1667	192.0
1668	142.0
1669	176.0
1670	150.0
1671	172.0
1672	148.0
1673	164.0
1674	158.0
1675	156.0
1676	142.0
1677	186.0
1678	194.0
1679	158.0
1680	190.0
1681	156.0
1682	196.0
1683	156.0
1684	166.0
1685	160.0
1686	154.0
1687	178.0
1688	164.0
1689	200.0
1690	142.0
1691	174.0
1692	164.0
1693	162.0
1694	154.0
1695	156.0
1696	148.0
1697	132.0
1698	204.0
1699	136.0
1700	172.0
1701	196.0
1702	186.0
1703	146.0
1704	154.0
1705	156.0
1706	142.0
1707	160.0
1708	136.0
1709	144.0
1710	174.0
1711	158.0
1712	170.0
1713	176.0
1714	142.0
1715	178.0
1716	152.0
1717	174.0
1718	186.0
1719	156.0
1720	164.0
1721	116.0
1722	150.0
1723	132.0
1724	154.0
1725	114.0
1726	126.0
1727	100.0
1728	86.0
1729	114.0
1730	108.0
1731	118.0
1732	86.0
1733	76.0
1734	68.0
1735	106.0
1736	68.0
1737	104.0
1738	100.0
1739	96.0
1740	90.0
1741	108.0
1742	112.0
1743	122.0
1744	122.0
1745	128.0
1746	136.0
1747	126.0
1748	152.0
1749	144.0
1750	154.0
1751	126.0
1752	120.0
1753	104.0
1754	94.0
1755	94.0
1756	68.0
1757	92.0
1758	74.0
1759	74.0
1760	42.0
1761	46.0
1762	64.0
1763	60.0
1764	50.0
1765	74.0
1766	90.0
1767	98.0
1768	92.0
1769	94.0
1770	102.0
1771	96.0
1772	134.0
1773	136.0
1774	132.0
1775	138.0
1776	122.0
1777	118.0
1778	112.0
1779	112.0
1780	142.0
1781	134.0
1782	118.0
1783	146.0
1784	114.0
1785	172.0
1786	146.0
1787	120.0
1788	150.0
1789	168.0
1790	160.0
1791	140.0
1792	114.0
1793	136.0
1794	160.0
1795	182.0
1796	140.0
1797	132.0
1798	154.0
1799	160.0
1800	180.0
1801	142.0
1802	150.0
1803	152.0
1804	148.0
1805	188.0
1806	180.0
1807	174.0
1808	182.0
1809	166.0
1810	122.0
1811	158.0
1812	150.0
1813	170.0
1814	166.0
1815	152.0
1816	156.0
1817	204.0
1818	150.0
1819	190.0
1820	148.0
1821	138.0
1822	170.0
1823	192.0
1824	152.0
1825	140.0
1826	158.0
1827	196.0
1828	166.0
1829	154.0
1830	162.0
1831	148.0
1832	144.0
1833	160.0
1834	196.0
1835	150.0
1836	208.0
1837	170.0
1838	172.0
1839	164.0
1840	136.0
1841	130.0
1842	138.0
1843	132.0
1844	182.0
1845	172.0
1846	130.0
1847	172.0
1848	160.0
1849	154.0
1850	142.0
1851	144.0
1852	194.0
1853	182.0
1854	146.0
1855	182.0
1856	168.0
1857	144.0
1858	160.0
1859	116.0
1860	134.0
1861	130.0
1862	156.0
1863	150.0
1864	152.0
1865	160.0
1866	132.0
1867	126.0
1868	166.0
1869	138.0
1870	130.0
1871	126.0
1872	160.0
1873	140.0
1874	152.0
1875	128.0
1876	162.0
1877	118.0
1878	150.0
1879	166.0
1880	154.0
1881	158.0
1882	190.0
1883	186.0
1884	168.0
1885	178.0
1886	162.0
1887	154.0
1888	198.0
1889	142.0
1890	174.0
1891	144.0
1892	150.0
1893	164.0
1894	144.0
1895	154.0
1896	124.0
1897	174.0
1898	126.0
1899	150.0
1900	164.0
1901	158.0
1902	134.0
1903	160.0
1904	170.0
1905	198.0
1906	160.0
1907	152.0
1908	162.0
1909	156.0
1910	162.0
1911	186.0
1912	158.0
1913	150.0
1914	148.0
1915	192.0
1916	158.0
1917	162.0
1918	160.0
1919	148.0
1920	164.0
1921	130.0
1922	150.0
1923	170.0
1924	140.0
1925	150.0
1926	192.0
1927	154.0
1928	152.0
1929	182.0
1930	158.0
1931	202.0
1932	184.0
1933	178.0
1934	186.0
1935	152.0
1936	178.0
1937	162.0
1938	196.0
1939	132.0
1940	194.0
1941	188.0
1942	144.0
1943	140.0
1944	160.0
1945	184.0
1946	164.0
1947	162.0
1948	152.0
1949	166.0
1950	154.0
1951	154.0
1952	178.0
1953	150.0
1954	180.0
1955	138.0
1956	170.0
1957	144.0
1958	162.0
1959	174.0
1960	186.0
1961	158.0
1962	168.0
1963	168.0
1964	198.0
1965	140.0
1966	170.0
1967	180.0
1968	160.0
1969	172.0
1970	134.0
1971	144.0
1972	140.0
1973	154.0
1974	202.0
1975	162.0
1976	148.0
1977	120.0
1978	138.0
1979	162.0
1980	168.0
1981	168.0
1982	104.0
1983	180.0
1984	124.0
1985	148.0
1986	132.0
1987	136.0
1988	80.0
1989	80.0
1990	102.0
1991	116.0
1992	136.0
1993	140.0
1994	132.0
1995	122.0
1996	122.0
1997	120.0
1998	78.0
1999	106.0
2000	96.0
2001	92.0
2002	72.0
2003	78.0
2004	62.0
2005	72.0
2006	42.0
2007	56.0
2008	37.0
2009	48.0
2010	64.0
2011	74.0
2012	92.0
2013	108.0
2014	98.0
2015	148.0
2016	106.0
2017	146.0
2018	132.0
2019	144.0
2020	122.0
2021	144.0
2022	144.0
2023	124.0
2024	136.0
2025	116.0
2026	160.0
2027	142.0
2028	116.0
2029	178.0
2030	152.0
2031	152.0
2032	128.0
2033	152.0
2034	164.0
2035	152.0
2036	152.0
2037	188.0
2038	166.0
2039	150.0
2040	178.0
2041	114.0
2042	172.0
2043	166.0
2044	90.0
2045	142.0
2046	156.0
2047	152.0
2048	152.0
2049	146.0
2050	116.0
2051	158.0
2052	158.0
2053	158.0
2054	168.0
2055	166.0
2056	142.0
2057	132.0
2058	138.0
2059	164.0
2060	130.0
2061	104.0
2062	94.0
2063	136.0
2064	106.0
2065	84.0
2066	78.0
2067	80.0
2068	74.0
2069	74.0
2070	74.0
2071	104.0
2072	114.0
2073	108.0
2074	92.0
2075	148.0
2076	104.0
2077	140.0
2078	164.0
2079	178.0
2080	124.0
2081	184.0
2082	150.0
2083	158.0
2084	150.0
2085	136.0
2086	150.0
2087	146.0
2088	154.0
2089	140.0
2090	166.0
2091	136.0
2092	146.0
2093	112.0
2094	166.0
2095	152.0
2096	124.0
2097	132.0
2098	148.0
2099	190.0
2100	162.0
2101	142.0
2102	118.0
2103	132.0
2104	134.0
2105	146.0
2106	158.0
2107	108.0
2108	118.0
2109	100.0
2110	124.0
2111	114.0
2112	150.0
2113	138.0
2114	132.0
2115	108.0
2116	128.0
2117	102.0
2118	122.0
2119	144.0
2120	148.0
2121	158.0
2122	120.0
2123	114.0
2124	102.0
2125	108.0
2126	132.0
2127	108.0
2128	116.0
2129	118.0
2130	80.0
2131	92.0
2132	68.0
2133	72.0
2134	50.0
2135	60.0
2136	62.0
2137	60.0
2138	44.0
2139	72.0
2140	72.0
2141	68.0
2142	86.0
2143	82.0
2144	96.0
2145	104.0
2146	106.0
2147	142.0
2148	110.0
2149	88.0
2150	70.0
2151	68.0
2152	72.0
2153	82.0
2154	108.0
2155	96.0
2156	106.0
2157	88.0
2158	128.0
2159	140.0
2160	122.0
2161	132.0
2162	156.0
2163	158.0
2164	132.0
2165	170.0
2166	138.0
2167	152.0
2168	128.0
2169	150.0
2170	124.0
2171	132.0
2172	158.0
2173	160.0
2174	130.0
2175	176.0
2176	146.0
2177	156.0
2178	160.0
2179	148.0
2180	124.0
2181	184.0
2182	180.0
2183	160.0
2184	154.0
2185	150.0
2186	146.0
2187	164.0
2188	166.0
2189	140.0
2190	128.0
2191	182.0
2192	162.0
2193	168.0
2194	130.0
2195	168.0
2196	136.0
2197	160.0
2198	138.0
2199	158.0
2200	162.0
2201	164.0
2202	136.0
2203	160.0
2204	142.0
2205	138.0
2206	128.0
2207	152.0
2208	180.0
2209	164.0
2210	150.0
2211	114.0
2212	170.0
2213	152.0
2214	170.0
2215	158.0
2216	182.0
2217	172.0
2218	132.0
2219	160.0
2220	158.0
2221	124.0
2222	150.0
2223	156.0
2224	150.0
2225	144.0
2226	212.0
2227	166.0
2228	146.0
2229	144.0
2230	134.0
2231	144.0
2232	146.0
2233	158.0
2234	146.0
2235	136.0
2236	154.0
2237	160.0
2238	136.0
2239	122.0
2240	148.0
2241	166.0
2242	164.0
2243	132.0
2244	134.0
2245	114.0
2246	136.0
2247	136.0
2248	128.0
2249	138.0
2250	148.0
2251	114.0
2252	166.0
2253	178.0
2254	198.0
2255	138.0
2256	172.0
2257	166.0
2258	164.0
2259	142.0
2260	152.0
2261	148.0
2262	168.0
2263	140.0
2264	160.0
2265	140.0
2266	140.0
2267	170.0
2268	158.0
2269	166.0
2270	174.0
2271	142.0
2272	182.0
2273	124.0
2274	120.0
2275	142.0
2276	140.0
2277	116.0
2278	160.0
2279	170.0
2280	172.0
2281	142.0
2282	176.0
2283	166.0
2284	152.0
2285	148.0
2286	158.0
2287	168.0
2288	180.0
2289	146.0
2290	180.0
2291	128.0
2292	160.0
2293	134.0
2294	140.0
2295	146.0
2296	144.0
2297	146.0
2298	176.0
2299	140.0
2300	146.0
2301	156.0
2302	146.0
2303	156.0
2304	120.0
2305	154.0
2306	130.0
2307	132.0
2308	158.0
2309	124.0
2310	144.0
2311	156.0
2312	188.0
2313	148.0
2314	144.0
2315	168.0
2316	122.0
2317	210.0
2318	150.0
2319	154.0
2320	168.0
2321	166.0
2322	142.0
2323	180.0
2324	142.0
2325	188.0
2326	132.0
2327	126.0
2328	158.0
2329	122.0
2330	142.0
2331	150.0
2332	142.0
2333	158.0
2334	152.0
2335	148.0
2336	146.0
2337	134.0
2338	150.0
2339	158.0
2340	128.0
2341	104.0
2342	142.0
2343	144.0
2344	170.0
2345	166.0
2346	152.0
2347	172.0
2348	124.0
2349	130.0
2350	148.0
2351	152.0
2352	118.0
2353	150.0
2354	142.0
2355	166.0
2356	178.0
2357	138.0
2358	184.0
2359	164.0
2360	156.0
2361	116.0
2362	168.0
2363	130.0
2364	152.0
2365	118.0
2366	128.0
2367	150.0
2368	144.0
2369	152.0
2370	140.0
2371	140.0
2372	158.0
2373	118.0
2374	120.0
2375	148.0
2376	140.0
2377	174.0
2378	162.0
2379	136.0
2380	134.0
2381	130.0
2382	146.0
2383	184.0
2384	174.0
2385	162.0
2386	150.0
2387	138.0
2388	152.0
2389	158.0
2390	136.0
2391	162.0
2392	134.0
2393	154.0
2394	168.0
2395	128.0
2396	138.0
2397	156.0
2398	138.0
2399	168.0
2400	158.0
2401	132.0
2402	184.0
2403	142.0
2404	126.0
2405	126.0
2406	172.0
2407	156.0
2408	176.0
2409	110.0
2410	142.0
2411	128.0
2412	134.0
2413	126.0
2414	168.0
2415	156.0
2416	138.0
2417	164.0
2418	160.0
2419	180.0
2420	148.0
2421	144.0
2422	158.0
2423	160.0
2424	170.0
2425	162.0
2426	148.0
2427	150.0
2428	170.0
2429	154.0
2430	158.0
2431	210.0
2432	136.0
2433	168.0
2434	160.0
2435	150.0
2436	126.0
2437	182.0
2438	142.0
2439	148.0
2440	134.0
2441	132.0
2442	144.0
2443	164.0
2444	150.0
2445	154.0
2446	142.0
2447	130.0
2448	132.0
2449	136.0
2450	108.0
2451	100.0
2452	100.0
2453	92.0
2454	92.0
2455	88.0
2456	92.0
2457	80.0
2458	90.0
2459	104.0
2460	108.0
2461	104.0
2462	98.0
2463	128.0
2464	112.0
2465	118.0
2466	136.0
2467	122.0
2468	140.0
2469	138.0
2470	160.0
2471	116.0
2472	106.0
2473	174.0
2474	136.0
2475	126.0
2476	148.0
2477	112.0
2478	166.0
2479	146.0
2480	140.0
2481	84.0
2482	140.0
2483	128.0
2484	172.0
2485	126.0
2486	126.0
2487	162.0
2488	168.0
2489	144.0
2490	176.0
2491	144.0
2492	130.0
2493	108.0
2494	124.0
2495	144.0
2496	152.0
2497	122.0
2498	110.0
2499	128.0
2500	94.0
2501	92.0
2502	122.0
2503	82.0
2504	92.0
2505	138.0
2506	130.0
2507	114.0
2508	146.0
2509	106.0
2510	108.0
2511	132.0
2512	126.0
2513	122.0
2514	134.0
2515	134.0
2516	166.0
2517	130.0
2518	160.0
2519	128.0
2520	132.0
2521	142.0
2522	134.0
2523	154.0
2524	164.0
2525	170.0
2526	104.0
2527	134.0
2528	134.0
2529	172.0
2530	140.0
2531	144.0
2532	160.0
2533	116.0
2534	120.0
2535	154.0
2536	140.0
2537	172.0
2538	106.0
2539	154.0
2540	140.0
2541	118.0
2542	138.0
2543	134.0
2544	128.0
2545	134.0
2546	158.0
2547	156.0
2548	138.0
2549	130.0
2550	126.0
2551	138.0
2552	122.0
2553	128.0
2554	100.0
2555	94.0
2556	98.0
2557	82.0
2558	110.0
2559	78.0
2560	80.0
2561	54.0
2562	84.0
2563	56.0
2564	90.0
2565	88.0
2566	100.0
2567	74.0
2568	114.0
2569	110.0
2570	142.0
2571	104.0
2572	122.0
2573	120.0
2574	108.0
2575	136.0
2576	116.0
2577	128.0
2578	162.0
2579	150.0
2580	142.0
2581	148.0
2582	144.0
2583	136.0
2584	136.0
2585	130.0
2586	118.0
2587	128.0
2588	140.0
2589	132.0
2590	126.0
2591	120.0
2592	150.0
2593	158.0
2594	106.0
2595	134.0
2596	118.0
2597	144.0
2598	130.0
2599	180.0
2600	120.0
2601	140.0
2602	166.0
2603	98.0
2604	130.0
2605	136.0
2606	148.0
2607	134.0
2608	168.0
2609	150.0
2610	154.0
2611	154.0
2612	164.0
2613	140.0
2614	176.0
2615	142.0
2616	112.0
2617	106.0
2618	116.0
2619	94.0
2620	138.0
2621	114.0
2622	96.0
2623	156.0
2624	134.0
2625	116.0
2626	160.0
2627	108.0
2628	146.0
2629	124.0
2630	186.0
2631	142.0
2632	144.0
2633	148.0
2634	114.0
2635	144.0
2636	160.0
2637	116.0
2638	184.0
2639	174.0
2640	140.0
2641	162.0
2642	156.0
2643	184.0
2644	170.0
2645	140.0
2646	142.0
2647	156.0
2648	166.0
2649	168.0
2650	156.0
2651	162.0
2652	148.0
2653	136.0
2654	152.0
2655	120.0
2656	144.0
2657	126.0
2658	176.0
2659	130.0
2660	160.0
2661	144.0
2662	180.0
2663	188.0
2664	140.0
2665	130.0
2666	148.0
2667	130.0
2668	144.0
2669	134.0
2670	138.0
2671	124.0
2672	136.0
2673	150.0
2674	152.0
2675	162.0
2676	142.0
2677	156.0
2678	130.0
2679	150.0
2680	122.0
2681	114.0
2682	144.0
2683	158.0
2684	128.0
2685	172.0
2686	118.0
2687	118.0
2688	112.0
2689	110.0
2690	140.0
2691	128.0
2692	108.0
2693	144.0
2694	106.0
2695	162.0
2696	158.0
2697	144.0
2698	144.0
2699	124.0
2700	112.0
2701	178.0
2702	146.0
2703	164.0
2704	190.0
2705	96.0
2706	130.0
2707	162.0
2708	140.0
2709	152.0
2710	162.0
2711	134.0
2712	144.0
2713	162.0
2714	108.0
2715	184.0
2716	172.0
2717	108.0
2718	172.0
2719	136.0
2720	186.0
2721	186.0
2722	172.0
2723	120.0
2724	204.0
2725	144.0
2726	166.0
2727	172.0
2728	172.0
2729	150.0
2730	146.0
2731	180.0
2732	182.0
2733	166.0
2734	168.0
2735	166.0
2736	180.0
2737	180.0
2738	208.0
2739	192.0
2740	174.0
2741	214.0
2742	186.0
2743	186.0
2744	190.0
2745	198.0
2746	208.0
2747	146.0
