0	38.0
1	38.0
2	38.0
3	16.0
4	38.0
5	38.0
6	38.0
7	20.0
8	16.0
9	4.0
10	38.0
11	38.0
12	32.0
13	38.0
14	8.0
15	38.0
16	38.0
17	16.0
18	38.0
19	0.0
20	38.0
21	38.0
22	20.0
23	38.0
24	24.0
25	40.0
26	38.0
27	38.0
28	38.0
29	12.0
30	38.0
31	38.0
32	24.0
33	8.0
34	38.0
35	16.0
36	20.0
37	38.0
38	38.0
39	38.0
40	0.0
41	38.0
42	38.0
43	38.0
44	38.0
45	38.0
46	38.0
47	12.0
48	12.0
49	38.0
50	38.0
51	38.0
52	38.0
53	38.0
54	8.0
55	38.0
56	24.0
57	38.0
58	38.0
59	38.0
60	38.0
61	4.0
62	38.0
63	38.0
64	8.0
65	38.0
66	38.0
67	38.0
68	12.0
69	24.0
70	38.0
71	16.0
72	38.0
73	38.0
74	38.0
75	38.0
76	38.0
77	38.0
78	4.0
79	4.0
80	24.0
81	4.0
82	38.0
83	8.0
84	0.0
85	38.0
86	38.0
87	12.0
88	20.0
89	12.0
90	0.0
91	0.0
92	8.0
93	38.0
94	38.0
95	38.0
96	38.0
97	0.0
98	12.0
99	16.0
100	38.0
101	38.0
102	38.0
103	38.0
104	24.0
105	38.0
106	8.0
107	8.0
108	38.0
109	38.0
110	4.0
111	38.0
112	38.0
113	8.0
114	38.0
115	20.0
116	8.0
117	0.0
118	8.0
119	20.0
120	38.0
121	20.0
122	38.0
123	38.0
124	4.0
125	38.0
126	20.0
127	38.0
128	38.0
129	0.0
130	38.0
131	38.0
132	38.0
133	16.0
134	38.0
135	40.0
136	4.0
137	4.0
138	38.0
139	32.0
140	0.0
141	12.0
142	8.0
143	8.0
144	8.0
145	8.0
146	38.0
147	38.0
148	38.0
149	38.0
150	38.0
151	38.0
152	38.0
153	16.0
154	0.0
155	38.0
156	4.0
157	8.0
158	38.0
159	48.0
160	64.0
161	24.0
162	32.0
163	0.0
164	38.0
165	4.0
166	38.0
167	20.0
168	38.0
169	38.0
170	38.0
171	20.0
172	28.0
173	38.0
174	4.0
175	38.0
176	8.0
177	0.0
178	38.0
179	38.0
180	24.0
181	38.0
182	38.0
183	38.0
184	0.0
185	12.0
186	38.0
187	38.0
188	12.0
189	38.0
190	4.0
191	24.0
192	38.0
193	38.0
194	38.0
195	38.0
196	4.0
197	38.0
198	16.0
199	38.0
200	38.0
201	38.0
202	38.0
203	24.0
204	20.0
205	4.0
206	36.0
207	4.0
208	4.0
209	38.0
210	4.0
211	16.0
212	38.0
213	38.0
214	28.0
215	38.0
216	38.0
217	0.0
218	20.0
219	38.0
220	0.0
221	40.0
222	38.0
223	20.0
224	38.0
225	0.0
226	38.0
227	60.0
228	4.0
229	38.0
230	12.0
231	38.0
232	4.0
233	0.0
234	38.0
235	38.0
236	38.0
237	38.0
238	8.0
239	24.0
240	16.0
241	38.0
242	38.0
243	4.0
244	38.0
245	38.0
246	64.0
247	38.0
248	12.0
249	38.0
250	38.0
251	36.0
252	38.0
253	38.0
254	4.0
255	38.0
256	38.0
257	4.0
258	38.0
259	4.0
260	12.0
261	38.0
262	8.0
263	38.0
264	38.0
265	38.0
266	38.0
267	8.0
268	38.0
269	32.0
270	32.0
271	38.0
272	38.0
273	16.0
274	38.0
275	38.0
276	8.0
277	38.0
278	20.0
279	38.0
280	20.0
281	8.0
282	8.0
283	38.0
284	38.0
285	38.0
286	38.0
287	38.0
288	38.0
289	38.0
290	0.0
291	38.0
292	38.0
293	52.0
294	4.0
295	8.0
296	38.0
297	38.0
298	12.0
299	38.0
300	36.0
301	4.0
302	24.0
303	16.0
304	38.0
305	12.0
306	38.0
307	38.0
308	38.0
309	38.0
310	4.0
311	38.0
312	38.0
313	0.0
314	38.0
315	38.0
316	38.0
317	24.0
318	0.0
319	38.0
320	38.0
321	20.0
322	38.0
323	16.0
324	24.0
325	38.0
326	38.0
327	0.0
328	32.0
329	0.0
330	38.0
331	38.0
332	8.0
333	20.0
334	8.0
335	20.0
336	38.0
337	0.0
338	20.0
339	38.0
340	12.0
341	38.0
342	38.0
343	38.0
344	20.0
345	38.0
346	8.0
347	32.0
348	32.0
349	8.0
350	38.0
351	38.0
352	24.0
353	36.0
354	38.0
355	38.0
356	12.0
357	38.0
358	38.0
359	4.0
360	38.0
361	38.0
362	38.0
363	38.0
364	20.0
365	38.0
366	20.0
367	12.0
368	16.0
369	38.0
370	20.0
371	38.0
372	38.0
373	38.0
374	4.0
375	38.0
376	28.0
377	8.0
378	38.0
379	38.0
380	38.0
381	38.0
382	38.0
383	38.0
384	4.0
385	8.0
386	38.0
387	38.0
388	38.0
389	38.0
390	12.0
391	38.0
392	38.0
393	0.0
394	38.0
395	4.0
396	38.0
397	38.0
398	64.0
399	28.0
400	4.0
401	38.0
402	38.0
403	4.0
404	38.0
405	38.0
406	38.0
407	38.0
408	38.0
409	4.0
410	4.0
411	38.0
412	38.0
413	38.0
414	38.0
415	38.0
416	38.0
417	0.0
418	4.0
419	38.0
420	38.0
421	38.0
422	44.0
423	0.0
424	36.0
425	52.0
426	38.0
427	20.0
428	38.0
429	12.0
430	38.0
431	16.0
432	0.0
433	4.0
434	36.0
435	38.0
436	12.0
437	38.0
438	38.0
439	20.0
440	38.0
441	12.0
442	38.0
443	38.0
444	8.0
445	38.0
446	38.0
447	4.0
448	38.0
449	38.0
450	38.0
451	38.0
452	38.0
453	38.0
454	36.0
455	38.0
456	38.0
457	4.0
458	38.0
459	38.0
460	12.0
461	4.0
462	24.0
463	38.0
464	20.0
465	4.0
466	4.0
467	38.0
468	0.0
469	38.0
470	38.0
471	38.0
472	0.0
473	38.0
474	4.0
475	38.0
476	38.0
477	38.0
478	38.0
479	38.0
480	32.0
481	20.0
482	38.0
483	38.0
484	16.0
485	38.0
486	38.0
487	8.0
488	38.0
489	0.0
490	32.0
491	38.0
492	12.0
493	38.0
494	28.0
495	12.0
496	12.0
497	24.0
498	38.0
499	38.0
500	12.0
501	38.0
502	38.0
503	38.0
504	38.0
505	8.0
506	38.0
507	38.0
508	38.0
509	38.0
510	38.0
511	16.0
512	24.0
513	38.0
514	38.0
515	38.0
516	38.0
517	38.0
518	38.0
519	24.0
520	38.0
521	4.0
522	20.0
523	24.0
524	28.0
525	16.0
526	0.0
527	38.0
528	38.0
529	4.0
530	38.0
531	38.0
532	38.0
533	38.0
534	38.0
535	38.0
536	38.0
537	52.0
538	12.0
539	38.0
540	20.0
541	38.0
542	38.0
543	38.0
544	8.0
545	38.0
546	38.0
547	24.0
548	38.0
549	38.0
550	40.0
551	28.0
552	20.0
553	38.0
554	4.0
555	38.0
556	28.0
557	38.0
558	16.0
559	28.0
560	38.0
561	4.0
562	8.0
563	0.0
564	38.0
565	24.0
566	38.0
567	38.0
568	38.0
569	16.0
570	38.0
571	36.0
572	38.0
573	38.0
574	38.0
575	8.0
576	60.0
577	24.0
578	38.0
579	0.0
580	38.0
581	28.0
582	38.0
583	38.0
584	36.0
585	38.0
586	12.0
587	38.0
588	12.0
589	4.0
590	8.0
591	38.0
592	38.0
593	20.0
594	38.0
595	38.0
596	38.0
597	38.0
598	38.0
599	38.0
600	8.0
601	38.0
602	12.0
603	24.0
604	38.0
605	38.0
606	8.0
607	38.0
608	38.0
609	8.0
610	24.0
611	38.0
612	38.0
613	38.0
614	38.0
615	12.0
616	38.0
617	40.0
618	38.0
619	28.0
620	4.0
621	38.0
622	38.0
623	28.0
624	38.0
625	38.0
626	16.0
627	38.0
628	16.0
629	38.0
630	12.0
631	38.0
632	38.0
633	20.0
634	28.0
635	38.0
636	38.0
637	16.0
638	12.0
639	38.0
640	38.0
641	8.0
642	0.0
643	38.0
644	38.0
645	20.0
646	20.0
647	38.0
648	38.0
649	28.0
650	44.0
651	38.0
652	0.0
653	38.0
654	28.0
655	24.0
656	8.0
657	38.0
658	16.0
659	44.0
660	38.0
661	4.0
662	38.0
663	38.0
664	38.0
665	38.0
666	38.0
667	38.0
668	38.0
669	38.0
670	38.0
671	4.0
672	4.0
673	32.0
674	38.0
675	16.0
676	0.0
677	0.0
678	38.0
679	32.0
680	38.0
681	38.0
682	38.0
683	16.0
684	12.0
685	12.0
686	20.0
687	38.0
688	0.0
689	38.0
690	38.0
691	38.0
692	8.0
693	0.0
694	38.0
695	20.0
696	40.0
697	16.0
698	20.0
699	38.0
700	8.0
701	38.0
702	38.0
703	38.0
704	38.0
705	38.0
706	38.0
707	32.0
708	24.0
709	28.0
710	44.0
711	4.0
712	38.0
713	38.0
714	0.0
715	38.0
716	20.0
717	38.0
718	16.0
719	38.0
720	38.0
721	38.0
722	38.0
723	38.0
724	32.0
725	20.0
726	28.0
727	38.0
728	12.0
729	28.0
730	38.0
731	36.0
732	38.0
733	8.0
734	32.0
735	38.0
736	20.0
737	38.0
738	16.0
739	20.0
740	38.0
741	38.0
742	12.0
743	20.0
744	38.0
745	0.0
746	4.0
747	8.0
748	8.0
749	38.0
750	0.0
751	0.0
752	38.0
753	38.0
754	0.0
755	38.0
756	38.0
757	32.0
758	38.0
759	8.0
760	0.0
761	16.0
762	20.0
763	0.0
764	38.0
765	0.0
766	4.0
767	20.0
768	38.0
769	38.0
770	8.0
771	38.0
772	8.0
773	38.0
774	24.0
775	0.0
776	20.0
777	4.0
778	16.0
779	20.0
780	24.0
781	0.0
782	20.0
783	38.0
784	12.0
785	38.0
786	24.0
787	12.0
788	38.0
789	38.0
790	38.0
791	8.0
792	38.0
793	38.0
794	40.0
795	38.0
796	38.0
797	28.0
798	38.0
799	38.0
800	8.0
801	28.0
802	4.0
803	4.0
804	12.0
805	38.0
806	12.0
807	38.0
808	0.0
809	38.0
810	16.0
811	0.0
812	38.0
813	16.0
814	4.0
815	16.0
816	48.0
817	4.0
818	40.0
819	38.0
820	38.0
821	38.0
822	38.0
823	28.0
824	38.0
825	32.0
826	38.0
827	28.0
828	38.0
829	38.0
830	38.0
831	38.0
832	4.0
833	48.0
834	38.0
835	38.0
836	0.0
837	38.0
838	24.0
839	20.0
840	12.0
841	4.0
842	24.0
843	0.0
844	38.0
845	38.0
846	38.0
847	8.0
848	38.0
849	38.0
850	38.0
851	32.0
852	4.0
853	12.0
854	38.0
855	8.0
856	12.0
857	38.0
858	28.0
859	0.0
860	38.0
861	12.0
862	0.0
863	52.0
864	38.0
865	38.0
866	38.0
867	38.0
868	36.0
869	38.0
870	38.0
871	38.0
872	38.0
873	32.0
874	0.0
875	38.0
876	38.0
877	36.0
878	38.0
879	16.0
880	52.0
881	38.0
882	38.0
883	38.0
884	32.0
885	38.0
886	20.0
887	38.0
888	52.0
889	4.0
890	12.0
891	38.0
892	38.0
893	38.0
894	12.0
895	0.0
896	16.0
897	38.0
898	0.0
899	12.0
900	16.0
901	24.0
902	8.0
903	24.0
904	38.0
905	38.0
906	8.0
907	38.0
908	16.0
909	4.0
910	38.0
911	38.0
912	20.0
913	38.0
914	38.0
915	4.0
916	38.0
917	38.0
918	38.0
919	38.0
920	38.0
921	4.0
922	24.0
923	38.0
924	38.0
925	38.0
926	38.0
927	38.0
928	8.0
929	0.0
930	8.0
931	38.0
932	38.0
933	38.0
934	4.0
935	38.0
936	0.0
937	4.0
938	38.0
939	38.0
940	12.0
941	16.0
942	40.0
943	20.0
944	12.0
945	8.0
946	38.0
947	0.0
948	38.0
949	38.0
950	38.0
951	16.0
952	80.0
953	4.0
954	38.0
955	0.0
956	32.0
957	36.0
958	38.0
959	38.0
960	38.0
961	38.0
962	38.0
963	20.0
964	0.0
965	38.0
966	38.0
967	38.0
968	38.0
969	38.0
970	38.0
971	0.0
972	24.0
973	38.0
974	38.0
975	38.0
976	38.0
977	28.0
978	38.0
979	0.0
980	32.0
981	24.0
982	16.0
983	38.0
984	38.0
985	38.0
986	38.0
987	0.0
988	8.0
989	38.0
990	38.0
991	38.0
992	38.0
993	0.0
994	38.0
995	38.0
996	0.0
997	38.0
998	0.0
999	8.0
1000	38.0
1001	38.0
1002	4.0
1003	38.0
1004	24.0
1005	24.0
1006	52.0
1007	38.0
1008	16.0
1009	8.0
1010	38.0
1011	0.0
1012	38.0
1013	40.0
1014	20.0
1015	36.0
1016	20.0
1017	12.0
1018	38.0
1019	38.0
1020	38.0
1021	8.0
1022	38.0
1023	44.0
1024	38.0
1025	4.0
1026	38.0
1027	38.0
1028	38.0
1029	20.0
1030	38.0
1031	38.0
1032	12.0
1033	0.0
1034	38.0
1035	36.0
1036	4.0
1037	38.0
1038	38.0
1039	38.0
1040	38.0
1041	8.0
1042	16.0
1043	8.0
1044	56.0
1045	38.0
1046	38.0
1047	20.0
1048	38.0
1049	32.0
1050	20.0
1051	36.0
1052	38.0
1053	38.0
1054	24.0
1055	4.0
1056	38.0
1057	38.0
1058	38.0
1059	38.0
1060	38.0
1061	36.0
1062	38.0
1063	44.0
1064	32.0
1065	4.0
1066	38.0
1067	28.0
1068	12.0
1069	38.0
1070	38.0
1071	20.0
1072	24.0
1073	38.0
1074	0.0
1075	38.0
1076	16.0
1077	52.0
1078	38.0
1079	12.0
1080	38.0
1081	38.0
1082	20.0
1083	4.0
1084	38.0
1085	38.0
1086	38.0
1087	38.0
1088	20.0
1089	24.0
1090	38.0
1091	32.0
1092	38.0
1093	36.0
1094	0.0
1095	38.0
1096	64.0
1097	38.0
1098	38.0
1099	24.0
1100	38.0
1101	38.0
1102	72.0
1103	4.0
1104	20.0
1105	28.0
1106	52.0
1107	32.0
1108	38.0
1109	8.0
1110	0.0
1111	38.0
1112	38.0
1113	32.0
1114	38.0
1115	38.0
1116	28.0
1117	38.0
1118	38.0
1119	38.0
1120	16.0
1121	38.0
1122	12.0
1123	38.0
1124	38.0
1125	38.0
1126	0.0
1127	16.0
1128	38.0
1129	4.0
1130	64.0
1131	38.0
1132	0.0
1133	0.0
1134	38.0
1135	12.0
1136	38.0
1137	38.0
1138	38.0
1139	28.0
1140	38.0
1141	20.0
1142	12.0
1143	8.0
1144	38.0
1145	38.0
1146	38.0
1147	24.0
1148	38.0
1149	38.0
1150	38.0
1151	8.0
1152	38.0
1153	38.0
1154	38.0
1155	12.0
1156	0.0
1157	38.0
1158	38.0
1159	38.0
1160	38.0
1161	38.0
1162	24.0
1163	4.0
1164	8.0
1165	38.0
1166	28.0
1167	38.0
1168	38.0
1169	12.0
1170	38.0
1171	38.0
1172	4.0
1173	24.0
1174	38.0
1175	38.0
1176	20.0
1177	38.0
1178	38.0
1179	38.0
1180	38.0
1181	8.0
1182	38.0
1183	0.0
1184	12.0
1185	32.0
1186	4.0
1187	8.0
1188	20.0
1189	38.0
1190	38.0
1191	38.0
1192	20.0
1193	38.0
1194	0.0
1195	38.0
1196	38.0
1197	40.0
1198	38.0
1199	38.0
1200	38.0
1201	12.0
1202	8.0
1203	28.0
1204	12.0
1205	38.0
1206	20.0
1207	20.0
1208	38.0
1209	38.0
1210	8.0
1211	20.0
1212	44.0
1213	0.0
1214	38.0
1215	12.0
1216	16.0
1217	38.0
1218	16.0
1219	38.0
1220	38.0
1221	38.0
1222	38.0
1223	0.0
1224	38.0
1225	38.0
1226	38.0
1227	38.0
1228	12.0
1229	38.0
1230	20.0
1231	38.0
1232	16.0
1233	38.0
1234	36.0
1235	38.0
1236	38.0
1237	4.0
1238	38.0
1239	8.0
1240	28.0
1241	8.0
1242	8.0
1243	20.0
1244	38.0
1245	38.0
1246	38.0
1247	28.0
1248	38.0
1249	38.0
1250	38.0
1251	38.0
1252	38.0
1253	16.0
1254	12.0
1255	0.0
1256	38.0
1257	20.0
1258	38.0
1259	38.0
1260	4.0
1261	32.0
1262	12.0
1263	38.0
1264	38.0
1265	38.0
1266	38.0
1267	38.0
1268	38.0
1269	24.0
1270	38.0
1271	38.0
1272	48.0
1273	12.0
1274	44.0
1275	28.0
1276	36.0
1277	38.0
1278	24.0
1279	12.0
1280	0.0
1281	24.0
1282	38.0
1283	38.0
1284	38.0
1285	12.0
1286	8.0
1287	38.0
1288	38.0
1289	38.0
1290	38.0
1291	38.0
1292	8.0
1293	52.0
1294	8.0
1295	38.0
1296	38.0
1297	8.0
1298	38.0
1299	12.0
1300	4.0
1301	38.0
1302	38.0
1303	38.0
1304	0.0
1305	38.0
1306	4.0
1307	8.0
1308	38.0
1309	38.0
1310	24.0
1311	20.0
1312	38.0
1313	38.0
1314	38.0
1315	40.0
1316	8.0
1317	38.0
1318	12.0
1319	48.0
1320	4.0
1321	28.0
1322	38.0
1323	38.0
1324	38.0
1325	38.0
1326	38.0
1327	38.0
1328	38.0
1329	8.0
1330	0.0
1331	24.0
1332	38.0
1333	38.0
1334	28.0
1335	4.0
1336	38.0
1337	0.0
1338	38.0
1339	28.0
1340	38.0
1341	38.0
1342	38.0
1343	38.0
1344	38.0
1345	38.0
1346	12.0
1347	38.0
1348	38.0
1349	38.0
1350	0.0
1351	32.0
1352	38.0
1353	38.0
1354	38.0
1355	0.0
1356	24.0
1357	28.0
1358	8.0
1359	20.0
1360	38.0
1361	38.0
1362	38.0
1363	24.0
1364	20.0
1365	44.0
1366	38.0
1367	0.0
1368	38.0
1369	38.0
1370	38.0
1371	20.0
1372	38.0
1373	38.0
1374	38.0
1375	38.0
1376	38.0
1377	38.0
1378	20.0
1379	38.0
1380	4.0
1381	38.0
1382	12.0
1383	38.0
1384	38.0
1385	4.0
1386	0.0
1387	38.0
1388	38.0
1389	38.0
1390	48.0
1391	44.0
1392	38.0
1393	38.0
1394	38.0
1395	38.0
1396	38.0
1397	38.0
1398	32.0
1399	4.0
1400	8.0
1401	38.0
1402	12.0
1403	24.0
1404	38.0
1405	38.0
1406	0.0
1407	38.0
1408	38.0
1409	32.0
1410	38.0
1411	52.0
1412	38.0
1413	16.0
1414	4.0
1415	38.0
1416	38.0
1417	60.0
1418	4.0
1419	38.0
1420	0.0
1421	38.0
1422	8.0
1423	4.0
1424	8.0
1425	38.0
1426	40.0
1427	24.0
1428	28.0
1429	38.0
1430	38.0
1431	38.0
1432	0.0
1433	38.0
1434	8.0
1435	38.0
1436	16.0
1437	0.0
1438	8.0
1439	12.0
1440	38.0
1441	38.0
1442	38.0
1443	12.0
1444	38.0
1445	38.0
1446	16.0
1447	38.0
1448	16.0
1449	40.0
1450	4.0
1451	38.0
1452	38.0
1453	38.0
1454	4.0
1455	8.0
1456	38.0
1457	38.0
1458	38.0
1459	38.0
1460	38.0
1461	52.0
1462	4.0
1463	38.0
1464	38.0
1465	38.0
1466	38.0
1467	38.0
1468	38.0
1469	12.0
1470	12.0
1471	12.0
1472	38.0
1473	4.0
1474	38.0
1475	38.0
1476	28.0
1477	8.0
1478	38.0
1479	38.0
1480	16.0
1481	38.0
1482	38.0
1483	38.0
1484	38.0
1485	38.0
1486	38.0
1487	38.0
1488	44.0
1489	0.0
1490	38.0
1491	16.0
1492	38.0
1493	4.0
1494	38.0
1495	20.0
1496	8.0
1497	38.0
1498	0.0
1499	12.0
1500	38.0
1501	0.0
1502	0.0
1503	12.0
1504	38.0
1505	16.0
1506	38.0
1507	38.0
1508	4.0
1509	38.0
1510	40.0
1511	38.0
1512	40.0
1513	8.0
1514	38.0
1515	38.0
1516	38.0
1517	40.0
1518	0.0
1519	24.0
1520	12.0
1521	38.0
1522	38.0
1523	38.0
1524	76.0
1525	38.0
1526	4.0
1527	0.0
1528	40.0
1529	12.0
1530	4.0
1531	12.0
1532	12.0
1533	38.0
1534	38.0
1535	12.0
1536	38.0
1537	40.0
1538	38.0
1539	38.0
1540	38.0
1541	38.0
1542	38.0
1543	38.0
1544	38.0
1545	38.0
1546	16.0
1547	38.0
1548	38.0
1549	20.0
1550	38.0
1551	38.0
1552	38.0
1553	16.0
1554	38.0
1555	16.0
1556	38.0
1557	38.0
1558	20.0
1559	38.0
1560	38.0
1561	38.0
1562	38.0
1563	38.0
1564	40.0
1565	38.0
1566	38.0
1567	38.0
1568	4.0
1569	38.0
1570	38.0
1571	44.0
1572	38.0
1573	38.0
1574	4.0
1575	20.0
1576	38.0
1577	38.0
1578	20.0
1579	32.0
1580	38.0
1581	38.0
1582	38.0
1583	38.0
1584	38.0
1585	4.0
1586	52.0
1587	38.0
1588	0.0
1589	38.0
1590	32.0
1591	38.0
1592	38.0
1593	16.0
1594	38.0
1595	38.0
1596	38.0
1597	38.0
1598	60.0
1599	38.0
1600	38.0
1601	4.0
1602	38.0
1603	38.0
1604	48.0
1605	38.0
1606	36.0
1607	38.0
1608	32.0
1609	0.0
1610	38.0
1611	38.0
1612	28.0
1613	38.0
1614	38.0
1615	38.0
1616	38.0
1617	38.0
1618	38.0
1619	38.0
1620	28.0
1621	38.0
1622	20.0
1623	38.0
1624	38.0
1625	36.0
1626	38.0
1627	4.0
1628	44.0
1629	12.0
1630	28.0
1631	0.0
1632	38.0
1633	4.0
1634	38.0
1635	38.0
1636	38.0
1637	12.0
1638	36.0
1639	20.0
1640	38.0
1641	8.0
1642	20.0
1643	38.0
1644	38.0
1645	0.0
1646	8.0
1647	38.0
1648	38.0
1649	38.0
1650	12.0
1651	38.0
1652	12.0
1653	38.0
1654	20.0
1655	4.0
1656	8.0
1657	0.0
1658	8.0
1659	0.0
1660	28.0
1661	38.0
1662	0.0
1663	38.0
1664	38.0
1665	38.0
1666	16.0
1667	16.0
1668	12.0
1669	12.0
1670	38.0
1671	4.0
1672	32.0
1673	38.0
1674	38.0
1675	38.0
1676	36.0
1677	38.0
1678	40.0
1679	0.0
1680	38.0
1681	38.0
1682	24.0
1683	4.0
1684	38.0
1685	20.0
1686	38.0
1687	38.0
1688	38.0
1689	38.0
1690	0.0
1691	38.0
1692	0.0
1693	38.0
1694	38.0
1695	38.0
1696	38.0
1697	8.0
1698	38.0
1699	38.0
1700	8.0
1701	8.0
1702	38.0
1703	38.0
1704	38.0
1705	38.0
1706	38.0
1707	32.0
1708	12.0
1709	36.0
1710	38.0
1711	38.0
1712	12.0
1713	38.0
1714	32.0
1715	12.0
1716	52.0
1717	12.0
1718	8.0
1719	38.0
1720	32.0
1721	12.0
1722	4.0
1723	0.0
1724	40.0
1725	38.0
1726	8.0
1727	38.0
1728	12.0
1729	38.0
1730	38.0
1731	4.0
1732	38.0
1733	8.0
1734	0.0
1735	4.0
1736	4.0
1737	38.0
1738	38.0
1739	38.0
1740	28.0
1741	20.0
1742	8.0
1743	4.0
1744	38.0
1745	96.0
1746	8.0
1747	28.0
1748	24.0
1749	0.0
1750	38.0
1751	4.0
1752	38.0
1753	44.0
1754	38.0
1755	0.0
1756	28.0
1757	38.0
1758	20.0
1759	38.0
1760	38.0
1761	38.0
1762	12.0
1763	24.0
1764	38.0
1765	16.0
1766	38.0
1767	38.0
1768	38.0
1769	38.0
1770	38.0
1771	38.0
1772	4.0
1773	38.0
1774	38.0
1775	38.0
1776	20.0
1777	38.0
1778	20.0
1779	38.0
1780	38.0
1781	38.0
1782	38.0
1783	38.0
1784	28.0
1785	38.0
1786	12.0
1787	38.0
1788	12.0
1789	38.0
1790	36.0
1791	76.0
1792	0.0
1793	38.0
1794	38.0
1795	38.0
1796	0.0
1797	38.0
1798	0.0
1799	38.0
1800	4.0
1801	12.0
1802	38.0
1803	38.0
1804	4.0
1805	38.0
1806	38.0
1807	36.0
1808	56.0
1809	12.0
1810	38.0
1811	38.0
1812	16.0
1813	38.0
1814	0.0
1815	38.0
1816	0.0
1817	38.0
1818	12.0
1819	38.0
1820	38.0
1821	32.0
1822	12.0
1823	38.0
1824	38.0
1825	4.0
1826	28.0
1827	32.0
1828	24.0
1829	24.0
1830	38.0
1831	38.0
1832	20.0
1833	38.0
1834	38.0
1835	38.0
1836	12.0
1837	38.0
1838	24.0
1839	16.0
1840	16.0
1841	38.0
1842	4.0
1843	28.0
1844	38.0
1845	38.0
1846	16.0
1847	38.0
1848	38.0
1849	38.0
1850	12.0
1851	4.0
1852	0.0
1853	0.0
1854	36.0
1855	38.0
1856	28.0
1857	38.0
1858	38.0
1859	38.0
1860	38.0
1861	38.0
1862	38.0
1863	38.0
1864	38.0
1865	16.0
1866	20.0
1867	38.0
1868	40.0
1869	0.0
1870	4.0
1871	38.0
1872	40.0
1873	38.0
1874	28.0
1875	16.0
1876	12.0
1877	38.0
1878	0.0
1879	48.0
1880	38.0
1881	0.0
1882	16.0
1883	38.0
1884	38.0
1885	32.0
1886	38.0
1887	16.0
1888	38.0
1889	38.0
1890	28.0
1891	38.0
1892	38.0
1893	38.0
1894	32.0
1895	0.0
1896	0.0
1897	38.0
1898	0.0
1899	12.0
1900	24.0
1901	20.0
1902	48.0
1903	4.0
1904	38.0
1905	16.0
1906	38.0
1907	38.0
1908	38.0
1909	38.0
1910	38.0
1911	12.0
1912	4.0
1913	24.0
1914	32.0
1915	38.0
1916	16.0
1917	12.0
1918	38.0
1919	38.0
1920	38.0
1921	44.0
1922	38.0
1923	38.0
1924	38.0
1925	38.0
1926	38.0
1927	38.0
1928	38.0
1929	28.0
1930	38.0
1931	38.0
1932	20.0
1933	38.0
1934	8.0
1935	12.0
1936	48.0
1937	0.0
1938	38.0
1939	38.0
1940	20.0
1941	38.0
1942	32.0
1943	38.0
1944	38.0
1945	0.0
1946	38.0
1947	38.0
1948	38.0
1949	38.0
1950	38.0
1951	38.0
1952	40.0
1953	38.0
1954	12.0
1955	38.0
1956	38.0
1957	38.0
1958	38.0
1959	38.0
1960	12.0
1961	8.0
1962	38.0
1963	12.0
1964	38.0
1965	16.0
1966	16.0
1967	38.0
1968	38.0
1969	16.0
1970	38.0
1971	4.0
1972	0.0
1973	38.0
1974	38.0
1975	32.0
1976	4.0
1977	38.0
1978	4.0
1979	32.0
1980	4.0
1981	38.0
1982	4.0
1983	38.0
1984	38.0
1985	38.0
1986	12.0
1987	38.0
1988	38.0
1989	38.0
1990	38.0
1991	38.0
1992	8.0
1993	32.0
1994	12.0
1995	38.0
1996	28.0
1997	38.0
1998	38.0
1999	44.0
2000	38.0
2001	38.0
2002	12.0
2003	38.0
2004	38.0
2005	38.0
2006	12.0
2007	38.0
2008	0.0
2009	38.0
2010	38.0
2011	38.0
2012	38.0
2013	38.0
2014	38.0
2015	12.0
2016	38.0
2017	38.0
2018	38.0
2019	32.0
2020	38.0
2021	38.0
2022	16.0
2023	28.0
2024	38.0
2025	38.0
2026	38.0
2027	4.0
2028	38.0
2029	48.0
2030	38.0
2031	38.0
2032	24.0
2033	0.0
2034	38.0
2035	16.0
2036	38.0
2037	12.0
2038	12.0
2039	38.0
2040	16.0
2041	38.0
2042	38.0
2043	38.0
2044	38.0
2045	38.0
2046	38.0
2047	38.0
2048	20.0
2049	38.0
2050	38.0
2051	38.0
2052	32.0
2053	8.0
2054	12.0
2055	38.0
2056	38.0
2057	38.0
2058	38.0
2059	0.0
2060	20.0
2061	38.0
2062	24.0
2063	16.0
2064	4.0
2065	38.0
2066	24.0
2067	38.0
2068	38.0
2069	38.0
2070	38.0
2071	38.0
2072	38.0
2073	38.0
2074	24.0
2075	36.0
2076	38.0
2077	28.0
2078	4.0
2079	20.0
2080	8.0
2081	56.0
2082	8.0
2083	0.0
2084	38.0
2085	38.0
2086	38.0
2087	12.0
2088	4.0
2089	38.0
2090	12.0
2091	20.0
2092	38.0
2093	38.0
2094	38.0
2095	38.0
2096	16.0
2097	8.0
2098	12.0
2099	38.0
2100	38.0
2101	4.0
2102	20.0
2103	38.0
2104	24.0
2105	38.0
2106	38.0
2107	38.0
2108	48.0
2109	38.0
2110	38.0
2111	38.0
2112	38.0
2113	38.0
2114	38.0
2115	38.0
2116	20.0
2117	38.0
2118	38.0
2119	12.0
2120	4.0
2121	38.0
2122	38.0
2123	8.0
2124	38.0
2125	8.0
2126	16.0
2127	38.0
2128	38.0
2129	16.0
2130	38.0
2131	12.0
2132	38.0
2133	16.0
2134	16.0
2135	38.0
2136	38.0
2137	8.0
2138	38.0
2139	38.0
2140	38.0
2141	38.0
2142	8.0
2143	38.0
2144	38.0
2145	56.0
2146	24.0
2147	38.0
2148	38.0
2149	38.0
2150	38.0
2151	38.0
2152	38.0
2153	38.0
2154	12.0
2155	8.0
2156	38.0
2157	16.0
2158	38.0
2159	38.0
2160	28.0
2161	38.0
2162	12.0
2163	38.0
2164	38.0
2165	38.0
2166	38.0
2167	38.0
2168	38.0
2169	4.0
2170	12.0
2171	38.0
2172	38.0
2173	28.0
2174	12.0
2175	38.0
2176	20.0
2177	38.0
2178	12.0
2179	12.0
2180	28.0
2181	38.0
2182	36.0
2183	38.0
2184	38.0
2185	38.0
2186	12.0
2187	38.0
2188	38.0
2189	38.0
2190	38.0
2191	38.0
2192	38.0
2193	38.0
2194	28.0
2195	38.0
2196	38.0
2197	38.0
2198	38.0
2199	38.0
2200	16.0
2201	38.0
2202	38.0
2203	38.0
2204	0.0
2205	38.0
2206	4.0
2207	38.0
2208	38.0
2209	38.0
2210	8.0
2211	38.0
2212	38.0
2213	8.0
2214	38.0
2215	38.0
2216	38.0
2217	38.0
2218	36.0
2219	38.0
2220	4.0
2221	38.0
2222	38.0
2223	38.0
2224	44.0
2225	38.0
2226	0.0
2227	38.0
2228	38.0
2229	38.0
2230	38.0
2231	38.0
2232	38.0
2233	24.0
2234	38.0
2235	0.0
2236	38.0
2237	38.0
2238	4.0
2239	38.0
2240	0.0
2241	12.0
2242	4.0
2243	38.0
2244	0.0
2245	38.0
2246	12.0
2247	38.0
2248	8.0
2249	38.0
2250	4.0
2251	24.0
2252	38.0
2253	4.0
2254	0.0
2255	8.0
2256	38.0
2257	38.0
2258	0.0
2259	38.0
2260	38.0
2261	36.0
2262	38.0
2263	38.0
2264	38.0
2265	12.0
2266	0.0
2267	38.0
2268	38.0
2269	28.0
2270	38.0
2271	38.0
2272	68.0
2273	28.0
2274	38.0
2275	8.0
2276	38.0
2277	38.0
2278	38.0
2279	38.0
2280	38.0
2281	38.0
2282	38.0
2283	38.0
2284	38.0
2285	38.0
2286	38.0
2287	8.0
2288	38.0
2289	38.0
2290	38.0
2291	38.0
2292	38.0
2293	38.0
2294	38.0
2295	38.0
2296	38.0
2297	24.0
2298	38.0
2299	38.0
2300	48.0
2301	38.0
2302	38.0
2303	8.0
2304	38.0
2305	38.0
2306	38.0
2307	4.0
2308	0.0
2309	44.0
2310	24.0
2311	8.0
2312	38.0
2313	38.0
2314	38.0
2315	38.0
2316	0.0
2317	38.0
2318	38.0
2319	38.0
2320	32.0
2321	38.0
2322	38.0
2323	38.0
2324	38.0
2325	38.0
2326	32.0
2327	4.0
2328	38.0
2329	38.0
2330	38.0
2331	38.0
2332	38.0
2333	38.0
2334	0.0
2335	38.0
2336	4.0
2337	38.0
2338	24.0
2339	32.0
2340	38.0
2341	38.0
2342	38.0
2343	38.0
2344	38.0
2345	38.0
2346	38.0
2347	38.0
2348	12.0
2349	0.0
2350	24.0
2351	24.0
2352	38.0
2353	38.0
2354	38.0
2355	32.0
2356	38.0
2357	32.0
2358	38.0
2359	38.0
2360	38.0
2361	48.0
2362	38.0
2363	38.0
2364	4.0
2365	4.0
2366	12.0
2367	38.0
2368	64.0
2369	38.0
2370	38.0
2371	38.0
2372	4.0
2373	38.0
2374	56.0
2375	0.0
2376	38.0
2377	38.0
2378	48.0
2379	8.0
2380	0.0
2381	38.0
2382	38.0
2383	38.0
2384	20.0
2385	38.0
2386	0.0
2387	38.0
2388	28.0
2389	38.0
2390	38.0
2391	32.0
2392	0.0
2393	12.0
2394	38.0
2395	56.0
2396	38.0
2397	12.0
2398	24.0
2399	0.0
2400	38.0
2401	38.0
2402	16.0
2403	28.0
2404	12.0
2405	38.0
2406	4.0
2407	38.0
2408	38.0
2409	20.0
2410	38.0
2411	16.0
2412	32.0
2413	4.0
2414	38.0
2415	38.0
2416	16.0
2417	38.0
2418	8.0
2419	38.0
2420	32.0
2421	38.0
2422	38.0
2423	38.0
2424	38.0
2425	38.0
2426	38.0
2427	38.0
2428	38.0
2429	4.0
2430	8.0
2431	38.0
2432	20.0
2433	38.0
2434	38.0
2435	38.0
2436	24.0
2437	38.0
2438	38.0
2439	12.0
2440	12.0
2441	8.0
2442	38.0
2443	38.0
2444	0.0
2445	38.0
2446	38.0
2447	8.0
2448	38.0
2449	38.0
2450	24.0
2451	20.0
2452	38.0
2453	38.0
2454	38.0
2455	38.0
2456	20.0
2457	4.0
2458	38.0
2459	38.0
2460	38.0
2461	38.0
2462	38.0
2463	38.0
2464	38.0
2465	0.0
2466	12.0
2467	48.0
2468	38.0
2469	52.0
2470	38.0
2471	38.0
2472	20.0
2473	24.0
2474	38.0
2475	32.0
2476	38.0
2477	12.0
2478	4.0
2479	38.0
2480	38.0
2481	38.0
2482	0.0
2483	20.0
2484	8.0
2485	32.0
2486	38.0
2487	4.0
2488	38.0
2489	28.0
2490	0.0
2491	0.0
2492	38.0
2493	0.0
2494	38.0
2495	38.0
2496	38.0
2497	38.0
2498	40.0
2499	32.0
2500	38.0
2501	24.0
2502	38.0
2503	16.0
2504	38.0
2505	38.0
2506	38.0
2507	38.0
2508	38.0
2509	38.0
2510	36.0
2511	16.0
2512	38.0
2513	16.0
2514	38.0
2515	0.0
2516	0.0
2517	38.0
2518	38.0
2519	38.0
2520	38.0
2521	0.0
2522	4.0
2523	38.0
2524	38.0
2525	38.0
2526	38.0
2527	8.0
2528	38.0
2529	38.0
2530	38.0
2531	38.0
2532	28.0
2533	38.0
2534	16.0
2535	8.0
2536	38.0
2537	38.0
2538	8.0
2539	0.0
2540	38.0
2541	38.0
2542	38.0
2543	36.0
2544	38.0
2545	24.0
2546	56.0
2547	8.0
2548	24.0
2549	38.0
2550	4.0
2551	38.0
2552	38.0
2553	38.0
2554	38.0
2555	38.0
2556	38.0
2557	28.0
2558	16.0
2559	16.0
2560	38.0
2561	38.0
2562	38.0
2563	4.0
2564	38.0
2565	0.0
2566	38.0
2567	38.0
2568	28.0
2569	24.0
2570	38.0
2571	38.0
2572	38.0
2573	38.0
2574	32.0
2575	38.0
2576	38.0
2577	0.0
2578	24.0
2579	36.0
2580	24.0
2581	38.0
2582	38.0
2583	4.0
2584	38.0
2585	8.0
2586	38.0
2587	38.0
2588	38.0
2589	38.0
2590	38.0
2591	38.0
2592	4.0
2593	20.0
2594	38.0
2595	4.0
2596	38.0
2597	36.0
2598	38.0
2599	38.0
2600	8.0
2601	16.0
2602	0.0
2603	38.0
2604	38.0
2605	38.0
2606	40.0
2607	40.0
2608	38.0
2609	38.0
2610	40.0
2611	12.0
2612	16.0
2613	38.0
2614	8.0
2615	38.0
2616	38.0
2617	38.0
2618	38.0
2619	38.0
2620	38.0
2621	38.0
2622	4.0
2623	24.0
2624	38.0
2625	12.0
2626	12.0
2627	12.0
2628	4.0
2629	12.0
2630	38.0
2631	12.0
2632	4.0
2633	48.0
2634	32.0
2635	16.0
2636	38.0
2637	24.0
2638	38.0
2639	38.0
2640	12.0
2641	20.0
2642	144.0
2643	0.0
2644	12.0
2645	38.0
2646	0.0
2647	38.0
2648	12.0
2649	38.0
2650	16.0
2651	38.0
2652	38.0
2653	8.0
2654	16.0
2655	38.0
2656	38.0
2657	38.0
2658	38.0
2659	38.0
2660	0.0
2661	38.0
2662	38.0
2663	38.0
2664	38.0
2665	4.0
2666	32.0
2667	38.0
2668	8.0
2669	12.0
2670	16.0
2671	38.0
2672	32.0
2673	28.0
2674	4.0
2675	4.0
2676	38.0
2677	38.0
2678	38.0
2679	38.0
2680	4.0
2681	38.0
2682	38.0
2683	8.0
2684	38.0
2685	8.0
2686	38.0
2687	38.0
2688	38.0
2689	38.0
2690	38.0
2691	38.0
2692	38.0
2693	4.0
2694	4.0
2695	38.0
2696	38.0
2697	8.0
2698	38.0
2699	38.0
2700	38.0
2701	38.0
2702	38.0
2703	32.0
2704	4.0
2705	4.0
2706	38.0
2707	16.0
2708	16.0
2709	4.0
2710	8.0
2711	38.0
2712	38.0
2713	38.0
2714	38.0
2715	38.0
2716	38.0
2717	4.0
2718	8.0
2719	0.0
2720	16.0
2721	38.0
2722	38.0
2723	8.0
2724	60.0
2725	38.0
2726	4.0
2727	38.0
2728	38.0
2729	4.0
2730	38.0
2731	38.0
2732	16.0
2733	60.0
2734	38.0
2735	4.0
2736	38.0
2737	4.0
2738	38.0
2739	38.0
2740	38.0
2741	16.0
2742	38.0
2743	38.0
2744	4.0
2745	38.0
2746	38.0
2747	38.0
