0	28016.0
1	28472.0
2	28444.0
3	28376.0
4	28684.0
5	28216.0
6	27832.0
7	28572.0
8	28012.0
9	28296.0
10	28468.0
11	27948.0
12	27972.0
13	28944.0
14	28656.0
15	28572.0
16	28588.0
17	28348.0
18	28232.0
19	28556.0
20	28184.0
21	28616.0
22	27876.0
23	28312.0
24	28336.0
25	28488.0
26	28632.0
27	28408.0
28	28004.0
29	27876.0
30	28436.0
31	28776.0
32	28644.0
33	28900.0
34	28564.0
35	28476.0
36	30180.0
37	40596.0
38	28444.0
39	28856.0
40	29440.0
41	29268.0
42	28412.0
43	28032.0
44	28888.0
45	28736.0
46	28624.0
47	28568.0
48	27940.0
49	28680.0
50	28464.0
51	27976.0
52	28644.0
53	28632.0
54	28792.0
55	28768.0
56	29072.0
57	28568.0
58	29184.0
59	28932.0
60	28572.0
61	28920.0
62	28592.0
63	29600.0
64	29120.0
65	28828.0
66	29360.0
67	30228.0
68	29176.0
69	28864.0
70	30204.0
71	29120.0
72	29408.0
73	29400.0
74	29272.0
75	28732.0
76	28528.0
77	28824.0
78	28884.0
79	29192.0
80	28564.0
81	28488.0
82	29264.0
83	28480.0
84	28640.0
85	28324.0
86	28616.0
87	28432.0
88	29676.0
89	28860.0
90	29008.0
91	28692.0
92	29300.0
93	29116.0
94	29216.0
95	29256.0
96	30168.0
97	28968.0
98	29512.0
99	28860.0
100	28416.0
101	28208.0
102	28716.0
103	28480.0
104	28504.0
105	28168.0
106	28092.0
107	28340.0
108	28520.0
109	28656.0
110	28564.0
111	28524.0
112	28368.0
113	29076.0
114	29036.0
115	28368.0
116	28152.0
117	28600.0
118	28976.0
119	28720.0
120	28480.0
121	28760.0
122	28516.0
123	28900.0
124	28608.0
125	28308.0
126	28320.0
127	29460.0
128	28808.0
129	27736.0
130	28892.0
131	28760.0
132	28984.0
133	28944.0
134	28456.0
135	28156.0
136	28868.0
137	28580.0
138	28660.0
139	28916.0
140	28752.0
141	28764.0
142	29588.0
143	28852.0
144	29056.0
145	28848.0
146	28824.0
147	28920.0
148	28620.0
149	29172.0
150	29032.0
151	29060.0
152	28612.0
153	29156.0
154	28980.0
155	29220.0
156	29640.0
157	29252.0
158	29296.0
159	29352.0
160	29528.0
161	28776.0
162	29484.0
163	29140.0
164	29316.0
165	29628.0
166	29724.0
167	29628.0
168	29932.0
169	29668.0
170	29596.0
171	28856.0
172	28868.0
173	29312.0
174	29188.0
175	29672.0
176	28808.0
177	29752.0
178	29788.0
179	29728.0
180	29808.0
181	29864.0
182	29436.0
183	29544.0
184	29876.0
185	30104.0
186	29672.0
187	29000.0
188	29320.0
189	30004.0
190	29644.0
191	29552.0
192	29420.0
193	29788.0
194	28764.0
195	29832.0
196	29516.0
197	29616.0
198	29688.0
199	29404.0
200	29968.0
201	29900.0
202	29464.0
203	29780.0
204	30496.0
205	29824.0
206	29904.0
207	29872.0
208	29732.0
209	30676.0
210	29368.0
211	30004.0
212	29792.0
213	30112.0
214	29624.0
215	29460.0
216	29860.0
217	29636.0
218	29328.0
219	29824.0
220	28904.0
221	29476.0
222	30416.0
223	29396.0
224	29104.0
225	29452.0
226	30268.0
227	29772.0
228	30764.0
229	29620.0
230	29176.0
231	29108.0
232	29504.0
233	29744.0
234	30004.0
235	29112.0
236	29316.0
237	29532.0
238	29808.0
239	29988.0
240	29472.0
241	29628.0
242	30452.0
243	30112.0
244	29576.0
245	29084.0
246	29676.0
247	29728.0
248	29992.0
249	29676.0
250	29948.0
251	29340.0
252	30028.0
253	30176.0
254	29832.0
255	30504.0
256	29716.0
257	29656.0
258	31216.0
259	30260.0
260	29700.0
261	29620.0
262	29260.0
263	29972.0
264	29956.0
265	29972.0
266	29680.0
267	29944.0
268	30648.0
269	29524.0
270	29676.0
271	30428.0
272	29976.0
273	30492.0
274	30392.0
275	30832.0
276	30504.0
277	30544.0
278	30440.0
279	29808.0
280	30128.0
281	30260.0
282	29992.0
283	29992.0
284	29996.0
285	30168.0
286	30768.0
287	30400.0
288	31076.0
289	30860.0
290	30484.0
291	30724.0
292	30564.0
293	29892.0
294	30236.0
295	30856.0
296	30152.0
297	29996.0
298	31120.0
299	30132.0
300	30080.0
301	30364.0
302	30524.0
303	31556.0
304	29988.0
305	30548.0
306	30300.0
307	30668.0
308	30836.0
309	30508.0
310	30344.0
311	30624.0
312	30308.0
313	31052.0
314	30804.0
315	30496.0
316	30644.0
317	29896.0
318	30756.0
319	30192.0
320	30356.0
321	30068.0
322	30036.0
323	30224.0
324	29688.0
325	30636.0
326	30048.0
327	30296.0
328	30348.0
329	30828.0
330	31028.0
331	30192.0
332	30316.0
333	30888.0
334	30376.0
335	31436.0
336	30424.0
337	29752.0
338	30068.0
339	30156.0
340	30672.0
341	30352.0
342	29928.0
343	31944.0
344	30036.0
345	30336.0
346	30708.0
347	31496.0
348	30752.0
349	30608.0
350	30188.0
351	30844.0
352	30524.0
353	30220.0
354	30708.0
355	30884.0
356	30436.0
357	30512.0
358	30532.0
359	30480.0
360	29808.0
361	30632.0
362	30880.0
363	30492.0
364	30944.0
365	31044.0
366	31032.0
367	30988.0
368	30848.0
369	30632.0
370	31060.0
371	30988.0
372	31016.0
373	30184.0
374	30360.0
375	31520.0
376	31040.0
377	30564.0
378	30904.0
379	30536.0
380	30400.0
381	31024.0
382	31100.0
383	30564.0
384	30848.0
385	31448.0
386	31188.0
387	30180.0
388	31636.0
389	31192.0
390	30344.0
391	31496.0
392	31204.0
393	31244.0
394	31036.0
395	31120.0
396	31640.0
397	31672.0
398	31768.0
399	31748.0
400	31832.0
401	32416.0
402	31696.0
403	31788.0
404	30452.0
405	31560.0
406	31440.0
407	31740.0
408	31148.0
409	31860.0
410	31116.0
411	32128.0
412	30924.0
413	31244.0
414	30892.0
415	31612.0
416	31704.0
417	31108.0
418	31316.0
419	31480.0
420	31208.0
421	31392.0
422	30596.0
423	31456.0
424	30820.0
425	31152.0
426	31076.0
427	31932.0
428	31104.0
429	30876.0
430	31536.0
431	31400.0
432	31944.0
433	31140.0
434	32164.0
435	31932.0
436	31432.0
437	32044.0
438	31664.0
439	31668.0
440	31828.0
441	31244.0
442	32040.0
443	31460.0
444	30764.0
445	31364.0
446	31100.0
447	31448.0
448	30676.0
449	31012.0
450	31208.0
451	31284.0
452	31800.0
453	31644.0
454	31060.0
455	30608.0
456	30736.0
457	31632.0
458	30396.0
459	31840.0
460	31264.0
461	31692.0
462	30636.0
463	31248.0
464	31700.0
465	31024.0
466	31220.0
467	31460.0
468	30880.0
469	31368.0
470	31444.0
471	31908.0
472	31284.0
473	31644.0
474	32372.0
475	31772.0
476	31200.0
477	31812.0
478	31124.0
479	31904.0
480	31192.0
481	32448.0
482	31676.0
483	31704.0
484	32048.0
485	31300.0
486	31732.0
487	31748.0
488	31196.0
489	31856.0
490	32064.0
491	31764.0
492	31580.0
493	32324.0
494	31616.0
495	32688.0
496	31992.0
497	31596.0
498	32788.0
499	31668.0
500	31356.0
501	31864.0
502	31756.0
503	31892.0
504	31228.0
505	32136.0
506	32396.0
507	31932.0
508	32116.0
509	32616.0
510	33108.0
511	31296.0
512	31728.0
513	31616.0
514	33108.0
515	32300.0
516	32248.0
517	32660.0
518	32340.0
519	31848.0
520	32124.0
521	32420.0
522	32124.0
523	32368.0
524	31560.0
525	32080.0
526	32336.0
527	31844.0
528	31804.0
529	32060.0
530	32432.0
531	32280.0
532	31680.0
533	31248.0
534	32012.0
535	31272.0
536	31852.0
537	31672.0
538	31528.0
539	31964.0
540	32072.0
541	32424.0
542	31692.0
543	31984.0
544	32364.0
545	31708.0
546	32420.0
547	32092.0
548	31568.0
549	32440.0
550	32656.0
551	31296.0
552	31856.0
553	32024.0
554	31176.0
555	32236.0
556	32352.0
557	31808.0
558	31888.0
559	31628.0
560	31720.0
561	31548.0
562	31200.0
563	31336.0
564	32088.0
565	31904.0
566	32780.0
567	31992.0
568	31256.0
569	32104.0
570	31744.0
571	31760.0
572	31872.0
573	32068.0
574	31716.0
575	32072.0
576	32312.0
577	31736.0
578	31604.0
579	31640.0
580	31264.0
581	31804.0
582	32524.0
583	32412.0
584	32736.0
585	32672.0
586	31676.0
587	32332.0
588	31512.0
589	32172.0
590	31924.0
591	32076.0
592	31612.0
593	31792.0
594	31528.0
595	32652.0
596	32308.0
597	31868.0
598	31608.0
599	32408.0
600	32180.0
601	31640.0
602	32284.0
603	33084.0
604	32240.0
605	32620.0
606	32204.0
607	32200.0
608	32600.0
609	31880.0
610	33336.0
611	32544.0
612	32204.0
613	32428.0
614	31484.0
615	31908.0
616	32700.0
617	32648.0
618	31964.0
619	32080.0
620	32480.0
621	31584.0
622	32104.0
623	31844.0
624	32440.0
625	32632.0
626	31412.0
627	32208.0
628	32140.0
629	32592.0
630	31956.0
631	32208.0
632	32164.0
633	33068.0
634	31884.0
635	32028.0
636	32236.0
637	31924.0
638	31912.0
639	32080.0
640	32048.0
641	32448.0
642	32184.0
643	32168.0
644	32512.0
645	32480.0
646	31836.0
647	32612.0
648	31612.0
649	32724.0
650	32896.0
651	32508.0
652	32384.0
653	32900.0
654	32872.0
655	32788.0
656	32096.0
657	32412.0
658	32420.0
659	32296.0
660	31596.0
661	32088.0
662	32664.0
663	31748.0
664	32356.0
665	32740.0
666	32544.0
667	32080.0
668	32380.0
669	32112.0
670	32404.0
671	31568.0
672	32728.0
673	32328.0
674	32924.0
675	32760.0
676	32260.0
677	32508.0
678	32844.0
679	33324.0
680	32640.0
681	32192.0
682	33052.0
683	32412.0
684	32252.0
685	32564.0
686	32744.0
687	32548.0
688	32456.0
689	33072.0
690	32736.0
691	32228.0
692	32108.0
693	32248.0
694	31892.0
695	32800.0
696	32432.0
697	32524.0
698	33140.0
699	32468.0
700	32740.0
701	32816.0
702	33428.0
703	32608.0
704	32220.0
705	33048.0
706	32856.0
707	33376.0
708	32636.0
709	32088.0
710	32616.0
711	33216.0
712	32700.0
713	33268.0
714	33292.0
715	32872.0
716	32316.0
717	32892.0
718	32648.0
719	33072.0
720	32704.0
721	33164.0
722	32600.0
723	33252.0
724	33820.0
725	32680.0
726	33628.0
727	32668.0
728	32340.0
729	33108.0
730	33496.0
731	32752.0
732	33576.0
733	32760.0
734	33404.0
735	32968.0
736	32480.0
737	33732.0
738	33244.0
739	33480.0
740	33260.0
741	33816.0
742	32788.0
743	33404.0
744	33148.0
745	33732.0
746	32532.0
747	32764.0
748	32884.0
749	32848.0
750	32496.0
751	32168.0
752	32236.0
753	32860.0
754	32296.0
755	31872.0
756	32040.0
757	32460.0
758	32204.0
759	32052.0
760	32316.0
761	33060.0
762	33012.0
763	33076.0
764	32568.0
765	32764.0
766	33320.0
767	32768.0
768	32988.0
769	32804.0
770	33372.0
771	32604.0
772	33192.0
773	33224.0
774	32488.0
775	32912.0
776	32584.0
777	32864.0
778	32252.0
779	33076.0
780	32520.0
781	33236.0
782	32480.0
783	32612.0
784	32860.0
785	31836.0
786	32492.0
787	32864.0
788	32672.0
789	32608.0
790	32628.0
791	32640.0
792	32336.0
793	33004.0
794	32756.0
795	32688.0
796	31868.0
797	33208.0
798	32380.0
799	33284.0
800	31684.0
801	32960.0
802	33320.0
803	32580.0
804	33028.0
805	31708.0
806	33068.0
807	32836.0
808	32776.0
809	33592.0
810	32476.0
811	31852.0
812	32584.0
813	33320.0
814	32944.0
815	33040.0
816	33376.0
817	33600.0
818	32388.0
819	32808.0
820	33116.0
821	32892.0
822	33320.0
823	34104.0
824	32996.0
825	34068.0
826	33720.0
827	33472.0
828	33084.0
829	33348.0
830	33164.0
831	33156.0
832	33540.0
833	33368.0
834	32532.0
835	33408.0
836	33032.0
837	33616.0
838	34256.0
839	34080.0
840	33728.0
841	33516.0
842	33908.0
843	33852.0
844	33524.0
845	33816.0
846	33200.0
847	33852.0
848	33992.0
849	33848.0
850	33472.0
851	33692.0
852	33756.0
853	33924.0
854	34072.0
855	32644.0
856	33992.0
857	33700.0
858	34200.0
859	32920.0
860	33608.0
861	34084.0
862	33612.0
863	33680.0
864	33924.0
865	33740.0
866	33412.0
867	33684.0
868	33968.0
869	33680.0
870	33620.0
871	34024.0
872	34156.0
873	33508.0
874	33792.0
875	33736.0
876	33856.0
877	34000.0
878	33724.0
879	34000.0
880	34588.0
881	33748.0
882	33068.0
883	33660.0
884	33576.0
885	33584.0
886	32968.0
887	33664.0
888	34200.0
889	33992.0
890	33964.0
891	32852.0
892	32820.0
893	33720.0
894	33088.0
895	33092.0
896	33500.0
897	33840.0
898	33260.0
899	32972.0
900	33376.0
901	33644.0
902	33612.0
903	33724.0
904	32836.0
905	33744.0
906	33408.0
907	33824.0
908	34028.0
909	33768.0
910	33140.0
911	33464.0
912	33004.0
913	33420.0
914	32968.0
915	34076.0
916	34872.0
917	33492.0
918	33728.0
919	33656.0
920	33060.0
921	34144.0
922	33900.0
923	33512.0
924	33104.0
925	33188.0
926	33728.0
927	33132.0
928	33628.0
929	33584.0
930	33052.0
931	33580.0
932	33884.0
933	34160.0
934	34376.0
935	34436.0
936	33776.0
937	34008.0
938	34020.0
939	34124.0
940	34508.0
941	34612.0
942	33568.0
943	33576.0
944	34372.0
945	33484.0
946	32896.0
947	34636.0
948	34216.0
949	33692.0
950	33432.0
951	33940.0
952	33964.0
953	34224.0
954	34136.0
955	34232.0
956	34136.0
957	34760.0
958	33776.0
959	33724.0
960	34020.0
961	34628.0
962	33440.0
963	34048.0
964	34052.0
965	33912.0
966	34520.0
967	34208.0
968	34584.0
969	34800.0
970	33536.0
971	33600.0
972	33496.0
973	33348.0
974	33636.0
975	34328.0
976	33592.0
977	34580.0
978	33496.0
979	34228.0
980	34064.0
981	35016.0
982	34324.0
983	33976.0
984	34280.0
985	34108.0
986	34588.0
987	34184.0
988	34132.0
989	33040.0
990	34756.0
991	33168.0
992	33648.0
993	34244.0
994	34224.0
995	33660.0
996	34088.0
997	34160.0
998	33644.0
999	33120.0
1000	34336.0
1001	33476.0
1002	33592.0
1003	33956.0
1004	33488.0
1005	33100.0
1006	33968.0
1007	33060.0
1008	33532.0
1009	34076.0
1010	33120.0
1011	33260.0
1012	33008.0
1013	33288.0
1014	33936.0
1015	33896.0
1016	33496.0
1017	32640.0
1018	32480.0
1019	33144.0
1020	33620.0
1021	33344.0
1022	34020.0
1023	33148.0
1024	33788.0
1025	33320.0
1026	32676.0
1027	33552.0
1028	33184.0
1029	34408.0
1030	33512.0
1031	33040.0
1032	33716.0
1033	33452.0
1034	33260.0
1035	33988.0
1036	34316.0
1037	33828.0
1038	33748.0
1039	33652.0
1040	33156.0
1041	34160.0
1042	34528.0
1043	33652.0
1044	34108.0
1045	33756.0
1046	34248.0
1047	34068.0
1048	34848.0
1049	34164.0
1050	33808.0
1051	33924.0
1052	34488.0
1053	33972.0
1054	34276.0
1055	34344.0
1056	34612.0
1057	34020.0
1058	33608.0
1059	34496.0
1060	35068.0
1061	34244.0
1062	34904.0
1063	34208.0
1064	34288.0
1065	33888.0
1066	34092.0
1067	34796.0
1068	34596.0
1069	33624.0
1070	34408.0
1071	34808.0
1072	35440.0
1073	34140.0
1074	34144.0
1075	34316.0
1076	34460.0
1077	33980.0
1078	34020.0
1079	34560.0
1080	34572.0
1081	34196.0
1082	34328.0
1083	33392.0
1084	34008.0
1085	33828.0
1086	34660.0
1087	34712.0
1088	34684.0
1089	34964.0
1090	34760.0
1091	34976.0
1092	34344.0
1093	33628.0
1094	34296.0
1095	34404.0
1096	33840.0
1097	35012.0
1098	34304.0
1099	33440.0
1100	34652.0
1101	34356.0
1102	34224.0
1103	33364.0
1104	34656.0
1105	33732.0
1106	34684.0
1107	34164.0
1108	34476.0
1109	33920.0
1110	34128.0
1111	34764.0
1112	33928.0
1113	34376.0
1114	34388.0
1115	34164.0
1116	34384.0
1117	33968.0
1118	33884.0
1119	33868.0
1120	33784.0
1121	34484.0
1122	33784.0
1123	34632.0
1124	34080.0
1125	35224.0
1126	33716.0
1127	34340.0
1128	34420.0
1129	33660.0
1130	34144.0
1131	34020.0
1132	34788.0
1133	34788.0
1134	33840.0
1135	34620.0
1136	33968.0
1137	33788.0
1138	33696.0
1139	34188.0
1140	34676.0
1141	33248.0
1142	34344.0
1143	34248.0
1144	34840.0
1145	34052.0
1146	33752.0
1147	33812.0
1148	34440.0
1149	34384.0
1150	34324.0
1151	33800.0
1152	33820.0
1153	33708.0
1154	34444.0
1155	33800.0
1156	33820.0
1157	34892.0
1158	34588.0
1159	34172.0
1160	34216.0
1161	33924.0
1162	34572.0
1163	33812.0
1164	34604.0
1165	34004.0
1166	34164.0
1167	34856.0
1168	33820.0
1169	34372.0
1170	34204.0
1171	35076.0
1172	34376.0
1173	34252.0
1174	34412.0
1175	33728.0
1176	34616.0
1177	34192.0
1178	34268.0
1179	34124.0
1180	34488.0
1181	33600.0
1182	34508.0
1183	33764.0
1184	34296.0
1185	34884.0
1186	34284.0
1187	34576.0
1188	35156.0
1189	34180.0
1190	34448.0
1191	34528.0
1192	34832.0
1193	34160.0
1194	34396.0
1195	34432.0
1196	34124.0
1197	34692.0
1198	34352.0
1199	35192.0
1200	34384.0
1201	33872.0
1202	34096.0
1203	34900.0
1204	34328.0
1205	33880.0
1206	34656.0
1207	34592.0
1208	34468.0
1209	34960.0
1210	34232.0
1211	34792.0
1212	33960.0
1213	34096.0
1214	34712.0
1215	34664.0
1216	34076.0
1217	34084.0
1218	34472.0
1219	34292.0
1220	34236.0
1221	33864.0
1222	34748.0
1223	33988.0
1224	33716.0
1225	34180.0
1226	33628.0
1227	33620.0
1228	34516.0
1229	33684.0
1230	33976.0
1231	34108.0
1232	34840.0
1233	34012.0
1234	34808.0
1235	34540.0
1236	34424.0
1237	34304.0
1238	34320.0
1239	34200.0
1240	33896.0
1241	34384.0
1242	34908.0
1243	33956.0
1244	33932.0
1245	33852.0
1246	34120.0
1247	34104.0
1248	34812.0
1249	33472.0
1250	33936.0
1251	33800.0
1252	34208.0
1253	33964.0
1254	33888.0
1255	33512.0
1256	34176.0
1257	34424.0
1258	33620.0
1259	34308.0
1260	33884.0
1261	33980.0
1262	34376.0
1263	34476.0
1264	33696.0
1265	33708.0
1266	33788.0
1267	33032.0
1268	33848.0
1269	33304.0
1270	34752.0
1271	33900.0
1272	33704.0
1273	33800.0
1274	34044.0
1275	34056.0
1276	34900.0
1277	33856.0
1278	33760.0
1279	33788.0
1280	33680.0
1281	34144.0
1282	33740.0
1283	33504.0
1284	34124.0
1285	34060.0
1286	34012.0
1287	33352.0
1288	34124.0
1289	34764.0
1290	34080.0
1291	34660.0
1292	33968.0
1293	33696.0
1294	34008.0
1295	33664.0
1296	34760.0
1297	34112.0
1298	34332.0
1299	35092.0
1300	33628.0
1301	34272.0
1302	34268.0
1303	34668.0
1304	33548.0
1305	34260.0
1306	34208.0
1307	33508.0
1308	34064.0
1309	34156.0
1310	33744.0
1311	33876.0
1312	34532.0
1313	34216.0
1314	34400.0
1315	35216.0
1316	34364.0
1317	34632.0
1318	34228.0
1319	34764.0
1320	35040.0
1321	35260.0
1322	34484.0
1323	34328.0
1324	34752.0
1325	34692.0
1326	34464.0
1327	34680.0
1328	34488.0
1329	34516.0
1330	34964.0
1331	34280.0
1332	33936.0
1333	34520.0
1334	33932.0
1335	33656.0
1336	34916.0
1337	34468.0
1338	34632.0
1339	33816.0
1340	34092.0
1341	33768.0
1342	33812.0
1343	34128.0
1344	34460.0
1345	33984.0
1346	34716.0
1347	34732.0
1348	33444.0
1349	33728.0
1350	34104.0
1351	33544.0
1352	33424.0
1353	33880.0
1354	34700.0
1355	33976.0
1356	34520.0
1357	34184.0
1358	33808.0
1359	33924.0
1360	33588.0
1361	33880.0
1362	33440.0
1363	33924.0
1364	34564.0
1365	34000.0
1366	33784.0
1367	34592.0
1368	33904.0
1369	34412.0
1370	33712.0
1371	34404.0
1372	34552.0
1373	33556.0
1374	34356.0
1375	34204.0
1376	34464.0
1377	33740.0
1378	34492.0
1379	33436.0
1380	33812.0
1381	34112.0
1382	33312.0
1383	34108.0
1384	33472.0
1385	33564.0
1386	34520.0
1387	34356.0
1388	34000.0
1389	33996.0
1390	33988.0
1391	34172.0
1392	34428.0
1393	34484.0
1394	33704.0
1395	33988.0
1396	34504.0
1397	34652.0
1398	33744.0
1399	34748.0
1400	33904.0
1401	33976.0
1402	34272.0
1403	33812.0
1404	33652.0
1405	34496.0
1406	33784.0
1407	33728.0
1408	34048.0
1409	34652.0
1410	34064.0
1411	34912.0
1412	34308.0
1413	33704.0
1414	34968.0
1415	34440.0
1416	34100.0
1417	34208.0
1418	33728.0
1419	34000.0
1420	34068.0
1421	34460.0
1422	33956.0
1423	33800.0
1424	34632.0
1425	34072.0
1426	33656.0
1427	34940.0
1428	34188.0
1429	35192.0
1430	34756.0
1431	34644.0
1432	34064.0
1433	34328.0
1434	34216.0
1435	35048.0
1436	34392.0
1437	34376.0
1438	34168.0
1439	34976.0
1440	34300.0
1441	34532.0
1442	33580.0
1443	33684.0
1444	34244.0
1445	35252.0
1446	33704.0
1447	33868.0
1448	34096.0
1449	33940.0
1450	33756.0
1451	34212.0
1452	33360.0
1453	34012.0
1454	33796.0
1455	33784.0
1456	33444.0
1457	34480.0
1458	33656.0
1459	34080.0
1460	34392.0
1461	33280.0
1462	34644.0
1463	34216.0
1464	33416.0
1465	33656.0
1466	34212.0
1467	33716.0
1468	34196.0
1469	33876.0
1470	34436.0
1471	33620.0
1472	33668.0
1473	33168.0
1474	33616.0
1475	33136.0
1476	34096.0
1477	33528.0
1478	33140.0
1479	33908.0
1480	33124.0
1481	33428.0
1482	33044.0
1483	33608.0
1484	33208.0
1485	33900.0
1486	33184.0
1487	33284.0
1488	33728.0
1489	33080.0
1490	33820.0
1491	33468.0
1492	33880.0
1493	33968.0
1494	33812.0
1495	33764.0
1496	33264.0
1497	33820.0
1498	33176.0
1499	32528.0
1500	33572.0
1501	33300.0
1502	32876.0
1503	33004.0
1504	33448.0
1505	34104.0
1506	33356.0
1507	33208.0
1508	33552.0
1509	33600.0
1510	33664.0
1511	33648.0
1512	34072.0
1513	34236.0
1514	33924.0
1515	33116.0
1516	33396.0
1517	34248.0
1518	33384.0
1519	34712.0
1520	33284.0
1521	33372.0
1522	33916.0
1523	34012.0
1524	33176.0
1525	33224.0
1526	33188.0
1527	34260.0
1528	33484.0
1529	34236.0
1530	32988.0
1531	33124.0
1532	33156.0
1533	33648.0
1534	33916.0
1535	32892.0
1536	34012.0
1537	33444.0
1538	33592.0
1539	33944.0
1540	33484.0
1541	32944.0
1542	33900.0
1543	33344.0
1544	33244.0
1545	33876.0
1546	33904.0
1547	33924.0
1548	33368.0
1549	33328.0
1550	33436.0
1551	33096.0
1552	33800.0
1553	34080.0
1554	33860.0
1555	33544.0
1556	32976.0
1557	33296.0
1558	33332.0
1559	33352.0
1560	33060.0
1561	33176.0
1562	34044.0
1563	33012.0
1564	32680.0
1565	32740.0
1566	32884.0
1567	33324.0
1568	32892.0
1569	33980.0
1570	32644.0
1571	33100.0
1572	33196.0
1573	32836.0
1574	32548.0
1575	33108.0
1576	32876.0
1577	32156.0
1578	32816.0
1579	33184.0
1580	32680.0
1581	33192.0
1582	32896.0
1583	32500.0
1584	33344.0
1585	32816.0
1586	33032.0
1587	32352.0
1588	32988.0
1589	32748.0
1590	31980.0
1591	33128.0
1592	32320.0
1593	32448.0
1594	32340.0
1595	32172.0
1596	32912.0
1597	31528.0
1598	31772.0
1599	32052.0
1600	31756.0
1601	32836.0
1602	31824.0
1603	32036.0
1604	31980.0
1605	30932.0
1606	32024.0
1607	31872.0
1608	31940.0
1609	32200.0
1610	31756.0
1611	32316.0
1612	32040.0
1613	31544.0
1614	31816.0
1615	32472.0
1616	31864.0
1617	32184.0
1618	32468.0
1619	31952.0
1620	32184.0
1621	31812.0
1622	32552.0
1623	31564.0
1624	31520.0
1625	32776.0
1626	32724.0
1627	31460.0
1628	32392.0
1629	32316.0
1630	32596.0
1631	31868.0
1632	32216.0
1633	31740.0
1634	32732.0
1635	31836.0
1636	32208.0
1637	32684.0
1638	32712.0
1639	32392.0
1640	32888.0
1641	32360.0
1642	32960.0
1643	32080.0
1644	33160.0
1645	33444.0
1646	33292.0
1647	32500.0
1648	32664.0
1649	31952.0
1650	32352.0
1651	33360.0
1652	32788.0
1653	32464.0
1654	32524.0
1655	32044.0
1656	32080.0
1657	31912.0
1658	31876.0
1659	32020.0
1660	32528.0
1661	32644.0
1662	32556.0
1663	32936.0
1664	32264.0
1665	32544.0
1666	32344.0
1667	32440.0
1668	33356.0
1669	32376.0
1670	32928.0
1671	33172.0
1672	32868.0
1673	32336.0
1674	33088.0
1675	32196.0
1676	33692.0
1677	32004.0
1678	32440.0
1679	32216.0
1680	33668.0
1681	32480.0
1682	33052.0
1683	31792.0
1684	32572.0
1685	32760.0
1686	33060.0
1687	33432.0
1688	32444.0
1689	32416.0
1690	31860.0
1691	32060.0
1692	32932.0
1693	32464.0
1694	32560.0
1695	32052.0
1696	32856.0
1697	32940.0
1698	31688.0
1699	32400.0
1700	31964.0
1701	31828.0
1702	31944.0
1703	31628.0
1704	31832.0
1705	32324.0
1706	31776.0
1707	31924.0
1708	31328.0
1709	31956.0
1710	31684.0
1711	31580.0
1712	32136.0
1713	31832.0
1714	31916.0
1715	31280.0
1716	32676.0
1717	30732.0
1718	31656.0
1719	32064.0
1720	31572.0
1721	31792.0
1722	30992.0
1723	31344.0
1724	30800.0
1725	30976.0
1726	32496.0
1727	31344.0
1728	30856.0
1729	31660.0
1730	31200.0
1731	31388.0
1732	31596.0
1733	30880.0
1734	31316.0
1735	31248.0
1736	30712.0
1737	31464.0
1738	30548.0
1739	32656.0
1740	31248.0
1741	31172.0
1742	31216.0
1743	31660.0
1744	31192.0
1745	30820.0
1746	31180.0
1747	32084.0
1748	30964.0
1749	31496.0
1750	31984.0
1751	31464.0
1752	31872.0
1753	31364.0
1754	31200.0
1755	31532.0
1756	31532.0
1757	30872.0
1758	30876.0
1759	30880.0
1760	32316.0
1761	31624.0
1762	31804.0
1763	31736.0
1764	31328.0
1765	30744.0
1766	31676.0
1767	31576.0
1768	31420.0
1769	31868.0
1770	32300.0
1771	32064.0
1772	32044.0
1773	31820.0
1774	31708.0
1775	31824.0
1776	32120.0
1777	31132.0
1778	31920.0
1779	31512.0
1780	31108.0
1781	31456.0
1782	31076.0
1783	30972.0
1784	31224.0
1785	31456.0
1786	31660.0
1787	31104.0
1788	31064.0
1789	30972.0
1790	31928.0
1791	31736.0
1792	31208.0
1793	31096.0
1794	31252.0
1795	31572.0
1796	31816.0
1797	31588.0
1798	31316.0
1799	31032.0
1800	31456.0
1801	31372.0
1802	30996.0
1803	31140.0
1804	31608.0
1805	31840.0
1806	31244.0
1807	31492.0
1808	31280.0
1809	31464.0
1810	31612.0
1811	30624.0
1812	30748.0
1813	31136.0
1814	30832.0
1815	31052.0
1816	30676.0
1817	31320.0
1818	31728.0
1819	31288.0
1820	30972.0
1821	31128.0
1822	30384.0
1823	30764.0
1824	30872.0
1825	30752.0
1826	31160.0
1827	31048.0
1828	30124.0
1829	30444.0
1830	30656.0
1831	30356.0
1832	30876.0
1833	30376.0
1834	30140.0
1835	30860.0
1836	30624.0
1837	30964.0
1838	29836.0
1839	29876.0
1840	30440.0
1841	29500.0
1842	29340.0
1843	30352.0
1844	29896.0
1845	29400.0
1846	30000.0
1847	30724.0
1848	30040.0
1849	29616.0
1850	29988.0
1851	29604.0
1852	29616.0
1853	30116.0
1854	30232.0
1855	29784.0
1856	30100.0
1857	30040.0
1858	30124.0
1859	30240.0
1860	29508.0
1861	29288.0
1862	29752.0
1863	30660.0
1864	30080.0
1865	30132.0
1866	30728.0
1867	30660.0
1868	30648.0
1869	30532.0
1870	30360.0
1871	29956.0
1872	30508.0
1873	30000.0
1874	30224.0
1875	30188.0
1876	29428.0
1877	29804.0
1878	30908.0
1879	28968.0
1880	30336.0
1881	30588.0
1882	30052.0
1883	29648.0
1884	29944.0
1885	29624.0
1886	31084.0
1887	29536.0
1888	30152.0
1889	29756.0
1890	29336.0
1891	29716.0
1892	29580.0
1893	30336.0
1894	30488.0
1895	29876.0
1896	30316.0
1897	30424.0
1898	29828.0
1899	30400.0
1900	29904.0
1901	30128.0
1902	29956.0
1903	31580.0
1904	30140.0
1905	30484.0
1906	30952.0
1907	30648.0
1908	30228.0
1909	30320.0
1910	30160.0
1911	30844.0
1912	30492.0
1913	29504.0
1914	29232.0
1915	29632.0
1916	30012.0
1917	30216.0
1918	29608.0
1919	29552.0
1920	29180.0
1921	29440.0
1922	29696.0
1923	29648.0
1924	29048.0
1925	29392.0
1926	29664.0
1927	29504.0
1928	29380.0
1929	29516.0
1930	29808.0
1931	29636.0
1932	29736.0
1933	29000.0
1934	30272.0
1935	28780.0
1936	28740.0
1937	28960.0
1938	29068.0
1939	28764.0
1940	29224.0
1941	29248.0
1942	29584.0
1943	28892.0
1944	29340.0
1945	29044.0
1946	29104.0
1947	29300.0
1948	28440.0
1949	28764.0
1950	28932.0
1951	28908.0
1952	28784.0
1953	28404.0
1954	28828.0
1955	29752.0
1956	28752.0
1957	28884.0
1958	28636.0
1959	28804.0
1960	28900.0
1961	28776.0
1962	28712.0
1963	28596.0
1964	28764.0
1965	28860.0
1966	29112.0
1967	29844.0
1968	28860.0
1969	28924.0
1970	29224.0
1971	29064.0
1972	28392.0
1973	28820.0
1974	28304.0
1975	28744.0
1976	29316.0
1977	28624.0
1978	28396.0
1979	28500.0
1980	28812.0
1981	28732.0
1982	28556.0
1983	28560.0
1984	28556.0
1985	28736.0
1986	28384.0
1987	29172.0
1988	28336.0
1989	29016.0
1990	27964.0
1991	28904.0
1992	28200.0
1993	29692.0
1994	30076.0
1995	29140.0
1996	28200.0
1997	29216.0
1998	29480.0
1999	28232.0
2000	28532.0
2001	30200.0
2002	28492.0
2003	28388.0
2004	29060.0
2005	28632.0
2006	29832.0
2007	29040.0
2008	28672.0
2009	28508.0
2010	28324.0
2011	28500.0
2012	28608.0
2013	28792.0
2014	29260.0
2015	29204.0
2016	29348.0
2017	28936.0
2018	29112.0
2019	30100.0
2020	28760.0
2021	29528.0
2022	29108.0
2023	28348.0
2024	28464.0
2025	28888.0
2026	28872.0
2027	28904.0
2028	29172.0
2029	28508.0
2030	28980.0
2031	29544.0
2032	28676.0
2033	28400.0
2034	28432.0
2035	28284.0
2036	28332.0
2037	28548.0
2038	29184.0
2039	29228.0
2040	28612.0
2041	28420.0
2042	28728.0
2043	28864.0
2044	28736.0
2045	28952.0
2046	28800.0
2047	29096.0
2048	29292.0
2049	28116.0
2050	28124.0
2051	28504.0
2052	28248.0
2053	28336.0
2054	28960.0
2055	28800.0
2056	27692.0
2057	28464.0
2058	28516.0
2059	28260.0
2060	28528.0
2061	28132.0
2062	27272.0
2063	27956.0
2064	27900.0
2065	27908.0
2066	27872.0
2067	27544.0
2068	27360.0
2069	27272.0
2070	27732.0
2071	28172.0
2072	28612.0
2073	27960.0
2074	27516.0
2075	28136.0
2076	28144.0
2077	27228.0
2078	27988.0
2079	28028.0
2080	27276.0
2081	27064.0
2082	27232.0
2083	27560.0
2084	27684.0
2085	26628.0
2086	27532.0
2087	26860.0
2088	27872.0
2089	27580.0
2090	27308.0
2091	27044.0
2092	27780.0
2093	26800.0
2094	27304.0
2095	27276.0
2096	27480.0
2097	26664.0
2098	26844.0
2099	26936.0
2100	27620.0
2101	27208.0
2102	26604.0
2103	27084.0
2104	27116.0
2105	26972.0
2106	27664.0
2107	27700.0
2108	26676.0
2109	27540.0
2110	28040.0
2111	27828.0
2112	27356.0
2113	27484.0
2114	27188.0
2115	26480.0
2116	26624.0
2117	27088.0
2118	26872.0
2119	27508.0
2120	26864.0
2121	27116.0
2122	27036.0
2123	27240.0
2124	26636.0
2125	26572.0
2126	27300.0
2127	27084.0
2128	27824.0
2129	27660.0
2130	27252.0
2131	27248.0
2132	27020.0
2133	27908.0
2134	28048.0
2135	27304.0
2136	27696.0
2137	28020.0
2138	27824.0
2139	27572.0
2140	27560.0
2141	27680.0
2142	27644.0
2143	28264.0
2144	27512.0
2145	27848.0
2146	26800.0
2147	26732.0
2148	26924.0
2149	27160.0
2150	28392.0
2151	27808.0
2152	27724.0
2153	27108.0
2154	26832.0
2155	27220.0
2156	26240.0
2157	27516.0
2158	27416.0
2159	26996.0
2160	27316.0
2161	27272.0
2162	27348.0
2163	27760.0
2164	27252.0
2165	27216.0
2166	27436.0
2167	27432.0
2168	27456.0
2169	27060.0
2170	27204.0
2171	27124.0
2172	26984.0
2173	26536.0
2174	27076.0
2175	26656.0
2176	26488.0
2177	27160.0
2178	27288.0
2179	26384.0
2180	26516.0
2181	26420.0
2182	26332.0
2183	26400.0
2184	26536.0
2185	27144.0
2186	27012.0
2187	27016.0
2188	27024.0
2189	27640.0
2190	26196.0
2191	26012.0
2192	26672.0
2193	26304.0
2194	26872.0
2195	26072.0
2196	26752.0
2197	27300.0
2198	26980.0
2199	25580.0
2200	25936.0
2201	26836.0
2202	26780.0
2203	25792.0
2204	26524.0
2205	26804.0
2206	26856.0
2207	26672.0
2208	26036.0
2209	25984.0
2210	25708.0
2211	26116.0
2212	25720.0
2213	26336.0
2214	26592.0
2215	26360.0
2216	26732.0
2217	26052.0
2218	26588.0
2219	26184.0
2220	26260.0
2221	26136.0
2222	26552.0
2223	26240.0
2224	26536.0
2225	25956.0
2226	25776.0
2227	26076.0
2228	25368.0
2229	26832.0
2230	25820.0
2231	26756.0
2232	26392.0
2233	25584.0
2234	26204.0
2235	26236.0
2236	26408.0
2237	26284.0
2238	25828.0
2239	26452.0
2240	26104.0
2241	25900.0
2242	25484.0
2243	26148.0
2244	26196.0
2245	26124.0
2246	26924.0
2247	26056.0
2248	26200.0
2249	25528.0
2250	25968.0
2251	26388.0
2252	26672.0
2253	26068.0
2254	26176.0
2255	26028.0
2256	26932.0
2257	26372.0
2258	26776.0
2259	26860.0
2260	25976.0
2261	26672.0
2262	26812.0
2263	26572.0
2264	25732.0
2265	26296.0
2266	25852.0
2267	26484.0
2268	26032.0
2269	26072.0
2270	26224.0
2271	26488.0
2272	26360.0
2273	25880.0
2274	26048.0
2275	26352.0
2276	25948.0
2277	26000.0
2278	25508.0
2279	26120.0
2280	26420.0
2281	26384.0
2282	26404.0
2283	25880.0
2284	25988.0
2285	26916.0
2286	25972.0
2287	26840.0
2288	26112.0
2289	25888.0
2290	25744.0
2291	25684.0
2292	25924.0
2293	25344.0
2294	26004.0
2295	26328.0
2296	26380.0
2297	25508.0
2298	25856.0
2299	25724.0
2300	26192.0
2301	26656.0
2302	25616.0
2303	26028.0
2304	25604.0
2305	26280.0
2306	25416.0
2307	25884.0
2308	25544.0
2309	25512.0
2310	25112.0
2311	26096.0
2312	25900.0
2313	26180.0
2314	26180.0
2315	26320.0
2316	25564.0
2317	25924.0
2318	25556.0
2319	25056.0
2320	25408.0
2321	25280.0
2322	25696.0
2323	25060.0
2324	25012.0
2325	24796.0
2326	25440.0
2327	25060.0
2328	25832.0
2329	25152.0
2330	24812.0
2331	25056.0
2332	25024.0
2333	24736.0
2334	25648.0
2335	24560.0
2336	25200.0
2337	25068.0
2338	25788.0
2339	25824.0
2340	24864.0
2341	25288.0
2342	25316.0
2343	25376.0
2344	25724.0
2345	24608.0
2346	25484.0
2347	25552.0
2348	24860.0
2349	24396.0
2350	24580.0
2351	25116.0
2352	25652.0
2353	25328.0
2354	25352.0
2355	24708.0
2356	24892.0
2357	25156.0
2358	25144.0
2359	25032.0
2360	25248.0
2361	25136.0
2362	24748.0
2363	25364.0
2364	25256.0
2365	24868.0
2366	24700.0
2367	24964.0
2368	25344.0
2369	25424.0
2370	25156.0
2371	25536.0
2372	25800.0
2373	24656.0
2374	25304.0
2375	25828.0
2376	25608.0
2377	25648.0
2378	25892.0
2379	25696.0
2380	25996.0
2381	25948.0
2382	25428.0
2383	25588.0
2384	25264.0
2385	25868.0
2386	25756.0
2387	25776.0
2388	25920.0
2389	25492.0
2390	24960.0
2391	25384.0
2392	25728.0
2393	25780.0
2394	25968.0
2395	25740.0
2396	25084.0
2397	25364.0
2398	24992.0
2399	24340.0
2400	25588.0
2401	25728.0
2402	26244.0
2403	25056.0
2404	25108.0
2405	25472.0
2406	25656.0
2407	25868.0
2408	25452.0
2409	25140.0
2410	25584.0
2411	25744.0
2412	25084.0
2413	25904.0
2414	25400.0
2415	24724.0
2416	25020.0
2417	25384.0
2418	24948.0
2419	25904.0
2420	25008.0
2421	25252.0
2422	25792.0
2423	25120.0
2424	25324.0
2425	24936.0
2426	24448.0
2427	25120.0
2428	25116.0
2429	25392.0
2430	25784.0
2431	25704.0
2432	25032.0
2433	25224.0
2434	25012.0
2435	24896.0
2436	26056.0
2437	25064.0
2438	24584.0
2439	25004.0
2440	24952.0
2441	25284.0
2442	25644.0
2443	24952.0
2444	24780.0
2445	24664.0
2446	24168.0
2447	25076.0
2448	24296.0
2449	24880.0
2450	24132.0
2451	24496.0
2452	25024.0
2453	24568.0
2454	24864.0
2455	24156.0
2456	24248.0
2457	24908.0
2458	24668.0
2459	25024.0
2460	24472.0
2461	24612.0
2462	24232.0
2463	24712.0
2464	24348.0
2465	24612.0
2466	24500.0
2467	24500.0
2468	24864.0
2469	24600.0
2470	24388.0
2471	25068.0
2472	24304.0
2473	25500.0
2474	24560.0
2475	24504.0
2476	25152.0
2477	24568.0
2478	24028.0
2479	24444.0
2480	25044.0
2481	24072.0
2482	23992.0
2483	23876.0
2484	24276.0
2485	24156.0
2486	24700.0
2487	24448.0
2488	25316.0
2489	24584.0
2490	24140.0
2491	24240.0
2492	24512.0
2493	24532.0
2494	24128.0
2495	24316.0
2496	25296.0
2497	25424.0
2498	24580.0
2499	24596.0
2500	25544.0
2501	24956.0
2502	26256.0
2503	25044.0
2504	25012.0
2505	24696.0
2506	24228.0
2507	24664.0
2508	25340.0
2509	24772.0
2510	24820.0
2511	24900.0
2512	24704.0
2513	24488.0
2514	24692.0
2515	24820.0
2516	24680.0
2517	24780.0
2518	24404.0
2519	25316.0
2520	24836.0
2521	24760.0
2522	24152.0
2523	24312.0
2524	24608.0
2525	24752.0
2526	24564.0
2527	24464.0
2528	24736.0
2529	24796.0
2530	24816.0
2531	25012.0
2532	24576.0
2533	24728.0
2534	25060.0
2535	24708.0
2536	25436.0
2537	24740.0
2538	24636.0
2539	24852.0
2540	25016.0
2541	24904.0
2542	24824.0
2543	24352.0
2544	24804.0
2545	25140.0
2546	25060.0
2547	24600.0
2548	25360.0
2549	24728.0
2550	24556.0
2551	24856.0
2552	24780.0
2553	24612.0
2554	24544.0
2555	24464.0
2556	24656.0
2557	24440.0
2558	24452.0
2559	24384.0
2560	24324.0
2561	24232.0
2562	24124.0
2563	23856.0
2564	23436.0
2565	24356.0
2566	24056.0
2567	24296.0
2568	23700.0
2569	24104.0
2570	25140.0
2571	23492.0
2572	24448.0
2573	23980.0
2574	24724.0
2575	24080.0
2576	23980.0
2577	23656.0
2578	23776.0
2579	24064.0
2580	24872.0
2581	23756.0
2582	24268.0
2583	23564.0
2584	23356.0
2585	22976.0
2586	24612.0
2587	23896.0
2588	23956.0
2589	23356.0
2590	23700.0
2591	23996.0
2592	23632.0
2593	24060.0
2594	23872.0
2595	23392.0
2596	23568.0
2597	23740.0
2598	23736.0
2599	23896.0
2600	23580.0
2601	23520.0
2602	23504.0
2603	23724.0
2604	23548.0
2605	23264.0
2606	23752.0
2607	24328.0
2608	23244.0
2609	23824.0
2610	23108.0
2611	23488.0
2612	24824.0
2613	23368.0
2614	23260.0
2615	23756.0
2616	23556.0
2617	23860.0
2618	24728.0
2619	23472.0
2620	23492.0
2621	23928.0
2622	23944.0
2623	23992.0
2624	23424.0
2625	24184.0
2626	23916.0
2627	24552.0
2628	23800.0
2629	24296.0
2630	24084.0
2631	23868.0
2632	23808.0
2633	24184.0
2634	23864.0
2635	23484.0
2636	23844.0
2637	23504.0
2638	23936.0
2639	23892.0
2640	23828.0
2641	23684.0
2642	23804.0
2643	24580.0
2644	23988.0
2645	23888.0
2646	24396.0
2647	23776.0
2648	24420.0
2649	24836.0
2650	23928.0
2651	23908.0
2652	24744.0
2653	23804.0
2654	23764.0
2655	24528.0
2656	24228.0
2657	24036.0
2658	24044.0
2659	24152.0
2660	24508.0
2661	23740.0
2662	23456.0
2663	24012.0
2664	24620.0
2665	24368.0
2666	24212.0
2667	24432.0
2668	24400.0
2669	24536.0
2670	24804.0
2671	24636.0
2672	24432.0
2673	23956.0
2674	24404.0
2675	24356.0
2676	23872.0
2677	24332.0
2678	23632.0
2679	23880.0
2680	23676.0
2681	23728.0
2682	23924.0
2683	23292.0
2684	23248.0
2685	23560.0
2686	23752.0
2687	23888.0
2688	23412.0
2689	23288.0
2690	23436.0
2691	23552.0
2692	23492.0
2693	24136.0
2694	23548.0
2695	23656.0
2696	23144.0
2697	23376.0
2698	23060.0
2699	23260.0
2700	23728.0
2701	23388.0
2702	22988.0
2703	23440.0
2704	22968.0
2705	23344.0
2706	23008.0
2707	23296.0
2708	23428.0
2709	23600.0
2710	23044.0
2711	22664.0
2712	23068.0
2713	22964.0
2714	22632.0
2715	23176.0
2716	24124.0
2717	23744.0
2718	22680.0
2719	23436.0
2720	22328.0
2721	22876.0
2722	23048.0
2723	23228.0
2724	22932.0
2725	22956.0
2726	22664.0
2727	22956.0
2728	22752.0
2729	23104.0
2730	23092.0
2731	22732.0
2732	23084.0
2733	23056.0
2734	23696.0
2735	22892.0
2736	22908.0
2737	23064.0
2738	23532.0
2739	23204.0
2740	22776.0
2741	23348.0
2742	23008.0
2743	22756.0
2744	23152.0
2745	23428.0
2746	22904.0
2747	22828.0
