0	12500.0
1	11928.0
2	12744.0
3	12768.0
4	12148.0
5	12224.0
6	12436.0
7	12516.0
8	12376.0
9	12244.0
10	12260.0
11	12148.0
12	11956.0
13	12216.0
14	12040.0
15	11736.0
16	11968.0
17	12040.0
18	12148.0
19	12120.0
20	12264.0
21	12184.0
22	11848.0
23	12496.0
24	12020.0
25	12224.0
26	11868.0
27	12052.0
28	11668.0
29	12152.0
30	11908.0
31	12120.0
32	12100.0
33	12016.0
34	12232.0
35	12140.0
36	12076.0
37	12976.0
38	11908.0
39	11968.0
40	12196.0
41	12308.0
42	12168.0
43	12612.0
44	13036.0
45	11724.0
46	12136.0
47	12272.0
48	11928.0
49	12636.0
50	11932.0
51	11864.0
52	12260.0
53	12924.0
54	11848.0
55	12104.0
56	12224.0
57	11948.0
58	12628.0
59	11836.0
60	12016.0
61	12320.0
62	12384.0
63	12552.0
64	11916.0
65	12160.0
66	12644.0
67	12236.0
68	12560.0
69	12472.0
70	13532.0
71	12376.0
72	12428.0
73	12408.0
74	12272.0
75	12232.0
76	12256.0
77	12044.0
78	12300.0
79	12544.0
80	12576.0
81	12396.0
82	12340.0
83	12488.0
84	12532.0
85	13132.0
86	12360.0
87	12080.0
88	12592.0
89	12620.0
90	12672.0
91	12576.0
92	12660.0
93	11880.0
94	12508.0
95	12556.0
96	12620.0
97	12544.0
98	12552.0
99	13760.0
100	12880.0
101	12344.0
102	12160.0
103	12088.0
104	12688.0
105	12704.0
106	12524.0
107	13040.0
108	12972.0
109	12660.0
110	12576.0
111	12516.0
112	12804.0
113	13060.0
114	12972.0
115	12724.0
116	12484.0
117	12980.0
118	13160.0
119	12212.0
120	12904.0
121	12628.0
122	12736.0
123	12404.0
124	12924.0
125	12116.0
126	12928.0
127	12964.0
128	12368.0
129	12292.0
130	12124.0
131	12584.0
132	12232.0
133	12828.0
134	12908.0
135	12832.0
136	12488.0
137	12596.0
138	12704.0
139	12392.0
140	12636.0
141	12152.0
142	12780.0
143	11872.0
144	11960.0
145	12420.0
146	11988.0
147	12180.0
148	12404.0
149	12448.0
150	12168.0
151	12612.0
152	12588.0
153	12448.0
154	12420.0
155	12300.0
156	12448.0
157	12744.0
158	12188.0
159	12824.0
160	11956.0
161	12628.0
162	12224.0
163	12084.0
164	12464.0
165	11844.0
166	12708.0
167	12392.0
168	12712.0
169	12840.0
170	12152.0
171	12836.0
172	12244.0
173	12028.0
174	12500.0
175	12044.0
176	12148.0
177	12556.0
178	12868.0
179	12716.0
180	12304.0
181	12932.0
182	12876.0
183	12744.0
184	12892.0
185	12960.0
186	12468.0
187	12284.0
188	12496.0
189	12656.0
190	12968.0
191	12380.0
192	12356.0
193	12708.0
194	12556.0
195	12516.0
196	12228.0
197	12236.0
198	12360.0
199	12408.0
200	12760.0
201	12984.0
202	12816.0
203	12348.0
204	13044.0
205	12684.0
206	12664.0
207	13096.0
208	12984.0
209	13360.0
210	13132.0
211	12424.0
212	13028.0
213	13248.0
214	13124.0
215	13028.0
216	12908.0
217	12492.0
218	12580.0
219	12688.0
220	12528.0
221	13440.0
222	12728.0
223	12876.0
224	12828.0
225	13316.0
226	12976.0
227	12796.0
228	12868.0
229	12588.0
230	12792.0
231	13000.0
232	13172.0
233	13020.0
234	13248.0
235	12972.0
236	13156.0
237	13084.0
238	12624.0
239	12544.0
240	13080.0
241	12628.0
242	12240.0
243	12672.0
244	12760.0
245	12628.0
246	12604.0
247	12756.0
248	12548.0
249	12324.0
250	12724.0
251	12684.0
252	12952.0
253	12012.0
254	13140.0
255	12360.0
256	12496.0
257	12960.0
258	12516.0
259	12708.0
260	12456.0
261	12564.0
262	13576.0
263	12468.0
264	12724.0
265	12664.0
266	12408.0
267	12948.0
268	12532.0
269	13260.0
270	12736.0
271	12648.0
272	12764.0
273	12444.0
274	12748.0
275	12760.0
276	12808.0
277	12960.0
278	12820.0
279	12688.0
280	12776.0
281	12652.0
282	13076.0
283	12480.0
284	13372.0
285	12980.0
286	12488.0
287	13044.0
288	12600.0
289	12624.0
290	13136.0
291	12864.0
292	12852.0
293	12924.0
294	12900.0
295	12908.0
296	12800.0
297	12916.0
298	12884.0
299	13396.0
300	13276.0
301	13032.0
302	13164.0
303	12520.0
304	12592.0
305	12964.0
306	12952.0
307	12876.0
308	12740.0
309	12780.0
310	13392.0
311	13064.0
312	12904.0
313	13700.0
314	13264.0
315	13488.0
316	12972.0
317	12832.0
318	13044.0
319	13228.0
320	12736.0
321	12696.0
322	13624.0
323	13388.0
324	13164.0
325	12900.0
326	13280.0
327	13156.0
328	13272.0
329	13348.0
330	12836.0
331	13296.0
332	13576.0
333	13588.0
334	12628.0
335	12456.0
336	13468.0
337	13300.0
338	13628.0
339	13588.0
340	13012.0
341	13428.0
342	12904.0
343	13152.0
344	13884.0
345	12832.0
346	13420.0
347	13692.0
348	13388.0
349	13380.0
350	13504.0
351	12756.0
352	12976.0
353	13272.0
354	12948.0
355	13148.0
356	12948.0
357	13360.0
358	13056.0
359	13412.0
360	12936.0
361	13576.0
362	13552.0
363	13028.0
364	13240.0
365	13236.0
366	12660.0
367	12988.0
368	13336.0
369	13220.0
370	12872.0
371	12420.0
372	13312.0
373	12920.0
374	13044.0
375	13556.0
376	12876.0
377	13088.0
378	13584.0
379	12952.0
380	13488.0
381	13636.0
382	12916.0
383	12956.0
384	13268.0
385	13584.0
386	13168.0
387	13356.0
388	12952.0
389	12880.0
390	13364.0
391	12900.0
392	12900.0
393	12856.0
394	13400.0
395	13260.0
396	12676.0
397	12880.0
398	12780.0
399	12904.0
400	13216.0
401	13012.0
402	13180.0
403	13360.0
404	13100.0
405	13060.0
406	13348.0
407	14076.0
408	13240.0
409	13100.0
410	12768.0
411	12820.0
412	12992.0
413	13248.0
414	12972.0
415	13236.0
416	13552.0
417	13468.0
418	13516.0
419	13156.0
420	13160.0
421	13540.0
422	13236.0
423	13292.0
424	13464.0
425	13284.0
426	13388.0
427	13592.0
428	13068.0
429	13512.0
430	14136.0
431	13436.0
432	13512.0
433	13040.0
434	13264.0
435	13652.0
436	13192.0
437	13240.0
438	13556.0
439	13144.0
440	13568.0
441	13696.0
442	13244.0
443	12616.0
444	12504.0
445	12624.0
446	13260.0
447	13548.0
448	12580.0
449	13040.0
450	12776.0
451	13068.0
452	13796.0
453	13512.0
454	13964.0
455	13260.0
456	13076.0
457	13560.0
458	13508.0
459	13412.0
460	14924.0
461	13312.0
462	13992.0
463	13460.0
464	13472.0
465	13972.0
466	13604.0
467	13628.0
468	13404.0
469	13092.0
470	12836.0
471	13072.0
472	12952.0
473	13208.0
474	12844.0
475	13676.0
476	13148.0
477	12832.0
478	12784.0
479	13592.0
480	13232.0
481	13612.0
482	13760.0
483	13200.0
484	13652.0
485	13536.0
486	13536.0
487	13076.0
488	13284.0
489	13728.0
490	13636.0
491	13056.0
492	13396.0
493	13248.0
494	13452.0
495	13320.0
496	13888.0
497	13148.0
498	13224.0
499	13772.0
500	13316.0
501	13328.0
502	13096.0
503	13100.0
504	13392.0
505	13372.0
506	12792.0
507	13372.0
508	13336.0
509	12844.0
510	13648.0
511	13132.0
512	13672.0
513	13232.0
514	13252.0
515	12880.0
516	13060.0
517	12988.0
518	12760.0
519	13392.0
520	13492.0
521	12956.0
522	13820.0
523	13580.0
524	12956.0
525	13224.0
526	13456.0
527	12948.0
528	13076.0
529	13300.0
530	13464.0
531	13080.0
532	13384.0
533	13920.0
534	13280.0
535	13148.0
536	13636.0
537	13684.0
538	13568.0
539	14280.0
540	13468.0
541	12928.0
542	13048.0
543	13212.0
544	13228.0
545	12620.0
546	14228.0
547	13084.0
548	13368.0
549	13624.0
550	14032.0
551	13864.0
552	13660.0
553	13996.0
554	14112.0
555	13604.0
556	14248.0
557	13628.0
558	13588.0
559	14428.0
560	13636.0
561	14236.0
562	13556.0
563	13804.0
564	13488.0
565	13920.0
566	14432.0
567	13552.0
568	14340.0
569	13852.0
570	14252.0
571	14056.0
572	14032.0
573	14076.0
574	14252.0
575	14212.0
576	14072.0
577	13272.0
578	13940.0
579	13804.0
580	13640.0
581	13912.0
582	13928.0
583	13920.0
584	14040.0
585	14028.0
586	14420.0
587	13980.0
588	13828.0
589	14400.0
590	13984.0
591	14004.0
592	13380.0
593	13880.0
594	14120.0
595	14276.0
596	13980.0
597	13876.0
598	13556.0
599	13344.0
600	13576.0
601	13708.0
602	13712.0
603	13800.0
604	12860.0
605	13584.0
606	12652.0
607	13280.0
608	13344.0
609	12880.0
610	13492.0
611	13964.0
612	13656.0
613	13808.0
614	13920.0
615	13628.0
616	13708.0
617	13788.0
618	14040.0
619	13396.0
620	13624.0
621	13388.0
622	13800.0
623	13616.0
624	13640.0
625	13168.0
626	13988.0
627	14036.0
628	15116.0
629	14724.0
630	13228.0
631	13776.0
632	13268.0
633	13708.0
634	13700.0
635	13380.0
636	13528.0
637	13560.0
638	13868.0
639	12708.0
640	13864.0
641	13804.0
642	13532.0
643	13992.0
644	14012.0
645	12948.0
646	13536.0
647	14516.0
648	14032.0
649	14796.0
650	13904.0
651	14100.0
652	14004.0
653	13880.0
654	13888.0
655	13772.0
656	14284.0
657	14124.0
658	13976.0
659	14284.0
660	13792.0
661	14092.0
662	14472.0
663	13208.0
664	13704.0
665	13532.0
666	13316.0
667	13860.0
668	13892.0
669	13612.0
670	13552.0
671	13760.0
672	13804.0
673	13380.0
674	13548.0
675	13548.0
676	14336.0
677	13716.0
678	13984.0
679	14300.0
680	14332.0
681	14364.0
682	14456.0
683	14696.0
684	14416.0
685	14508.0
686	14364.0
687	14628.0
688	14932.0
689	14656.0
690	13860.0
691	14396.0
692	13840.0
693	13908.0
694	14508.0
695	14436.0
696	14424.0
697	14308.0
698	14084.0
699	14092.0
700	14220.0
701	13996.0
702	13716.0
703	14272.0
704	14296.0
705	14616.0
706	14352.0
707	14444.0
708	14060.0
709	14084.0
710	14232.0
711	13984.0
712	14536.0
713	14136.0
714	14164.0
715	13248.0
716	13756.0
717	14308.0
718	13904.0
719	13796.0
720	13960.0
721	13636.0
722	14516.0
723	14216.0
724	14192.0
725	14368.0
726	14152.0
727	14284.0
728	14292.0
729	13904.0
730	13932.0
731	13928.0
732	14240.0
733	14412.0
734	14420.0
735	14792.0
736	14680.0
737	14340.0
738	13288.0
739	14292.0
740	14004.0
741	14156.0
742	14340.0
743	14108.0
744	13816.0
745	14136.0
746	14968.0
747	14072.0
748	14372.0
749	14440.0
750	14188.0
751	13800.0
752	14144.0
753	13872.0
754	13880.0
755	13732.0
756	13976.0
757	14320.0
758	13816.0
759	14528.0
760	14132.0
761	13908.0
762	14604.0
763	14444.0
764	14544.0
765	14680.0
766	14816.0
767	14304.0
768	14160.0
769	14184.0
770	14432.0
771	14356.0
772	14168.0
773	13936.0
774	14332.0
775	14296.0
776	14292.0
777	14288.0
778	13864.0
779	14672.0
780	14084.0
781	13736.0
782	13676.0
783	14728.0
784	14396.0
785	14516.0
786	14532.0
787	14768.0
788	14496.0
789	14948.0
790	14692.0
791	14472.0
792	14344.0
793	14396.0
794	13900.0
795	14992.0
796	14548.0
797	14932.0
798	13880.0
799	14844.0
800	14484.0
801	14232.0
802	14752.0
803	14656.0
804	14604.0
805	13460.0
806	13860.0
807	13628.0
808	14260.0
809	14152.0
810	14848.0
811	14836.0
812	14652.0
813	14908.0
814	14528.0
815	14168.0
816	14124.0
817	13464.0
818	14220.0
819	14016.0
820	13952.0
821	14228.0
822	14116.0
823	14256.0
824	14316.0
825	14652.0
826	14516.0
827	14880.0
828	14780.0
829	14480.0
830	14328.0
831	14616.0
832	14288.0
833	14368.0
834	14852.0
835	14780.0
836	14200.0
837	14368.0
838	14344.0
839	14088.0
840	13992.0
841	13812.0
842	14220.0
843	14452.0
844	14384.0
845	14000.0
846	14184.0
847	14196.0
848	13996.0
849	14056.0
850	14796.0
851	14004.0
852	14712.0
853	14576.0
854	15220.0
855	14772.0
856	14600.0
857	14408.0
858	14784.0
859	14596.0
860	14880.0
861	14984.0
862	14896.0
863	14600.0
864	14536.0
865	14232.0
866	14916.0
867	14096.0
868	14412.0
869	13568.0
870	14080.0
871	13980.0
872	14008.0
873	13696.0
874	14296.0
875	14224.0
876	14344.0
877	13900.0
878	14028.0
879	14092.0
880	14012.0
881	14752.0
882	14516.0
883	15076.0
884	14548.0
885	14000.0
886	14304.0
887	14052.0
888	14076.0
889	14240.0
890	13980.0
891	14676.0
892	15716.0
893	15136.0
894	14460.0
895	14916.0
896	14376.0
897	13680.0
898	14532.0
899	14960.0
900	15524.0
901	15468.0
902	14912.0
903	15092.0
904	14728.0
905	14736.0
906	14016.0
907	14416.0
908	14556.0
909	14404.0
910	14604.0
911	14840.0
912	14788.0
913	14424.0
914	15320.0
915	15144.0
916	14508.0
917	14664.0
918	15148.0
919	14492.0
920	14884.0
921	14808.0
922	14888.0
923	13756.0
924	15116.0
925	14852.0
926	15232.0
927	14920.0
928	14908.0
929	15012.0
930	14812.0
931	15084.0
932	14784.0
933	14532.0
934	14624.0
935	14540.0
936	14244.0
937	14120.0
938	14892.0
939	14524.0
940	15032.0
941	14248.0
942	13748.0
943	13920.0
944	14032.0
945	13488.0
946	13924.0
947	14808.0
948	15128.0
949	14660.0
950	14504.0
951	14452.0
952	14588.0
953	14596.0
954	14120.0
955	14036.0
956	13932.0
957	14128.0
958	14100.0
959	14824.0
960	15236.0
961	14228.0
962	14672.0
963	14832.0
964	14548.0
965	14536.0
966	14972.0
967	14720.0
968	14436.0
969	13804.0
970	15096.0
971	14244.0
972	14584.0
973	14752.0
974	14836.0
975	14716.0
976	14612.0
977	14612.0
978	14444.0
979	14280.0
980	14620.0
981	14300.0
982	14864.0
983	14172.0
984	14304.0
985	15212.0
986	14628.0
987	15200.0
988	14868.0
989	15136.0
990	14816.0
991	14256.0
992	15696.0
993	14748.0
994	15136.0
995	14516.0
996	14544.0
997	14572.0
998	14792.0
999	14940.0
1000	14776.0
1001	14872.0
1002	14928.0
1003	15680.0
1004	14940.0
1005	14644.0
1006	14820.0
1007	15080.0
1008	14752.0
1009	14752.0
1010	14712.0
1011	14624.0
1012	15900.0
1013	15316.0
1014	15168.0
1015	15188.0
1016	15060.0
1017	14128.0
1018	15028.0
1019	14852.0
1020	14520.0
1021	14532.0
1022	14352.0
1023	14496.0
1024	14152.0
1025	14456.0
1026	14516.0
1027	14660.0
1028	14812.0
1029	15024.0
1030	14948.0
1031	15176.0
1032	14612.0
1033	14872.0
1034	14792.0
1035	15696.0
1036	14820.0
1037	14252.0
1038	14576.0
1039	14776.0
1040	14860.0
1041	14628.0
1042	15400.0
1043	15040.0
1044	15128.0
1045	14228.0
1046	14224.0
1047	14296.0
1048	14156.0
1049	14088.0
1050	14128.0
1051	14176.0
1052	15248.0
1053	14832.0
1054	14764.0
1055	15192.0
1056	15212.0
1057	14880.0
1058	14256.0
1059	14592.0
1060	15228.0
1061	14312.0
1062	15084.0
1063	15092.0
1064	15720.0
1065	15088.0
1066	15196.0
1067	14492.0
1068	15012.0
1069	14436.0
1070	14224.0
1071	13512.0
1072	13936.0
1073	14228.0
1074	14516.0
1075	14832.0
1076	14564.0
1077	14940.0
1078	15268.0
1079	14996.0
1080	14888.0
1081	14488.0
1082	15096.0
1083	14676.0
1084	14912.0
1085	14640.0
1086	14700.0
1087	14252.0
1088	14916.0
1089	14880.0
1090	16004.0
1091	14900.0
1092	15384.0
1093	15444.0
1094	15140.0
1095	15064.0
1096	14580.0
1097	14860.0
1098	14688.0
1099	14388.0
1100	15112.0
1101	14348.0
1102	14752.0
1103	14468.0
1104	14716.0
1105	14440.0
1106	14640.0
1107	14632.0
1108	14472.0
1109	15004.0
1110	14580.0
1111	15032.0
1112	14036.0
1113	14764.0
1114	14164.0
1115	14144.0
1116	15092.0
1117	15084.0
1118	14924.0
1119	15372.0
1120	15288.0
1121	14996.0
1122	14204.0
1123	14628.0
1124	15004.0
1125	14100.0
1126	13940.0
1127	14680.0
1128	14468.0
1129	14984.0
1130	14680.0
1131	15644.0
1132	14752.0
1133	14956.0
1134	14752.0
1135	14956.0
1136	14892.0
1137	15208.0
1138	15560.0
1139	14872.0
1140	15288.0
1141	15112.0
1142	14896.0
1143	15164.0
1144	15428.0
1145	14728.0
1146	15588.0
1147	15224.0
1148	15488.0
1149	14924.0
1150	14992.0
1151	15288.0
1152	15332.0
1153	15024.0
1154	15720.0
1155	15496.0
1156	14600.0
1157	15620.0
1158	14324.0
1159	15048.0
1160	14232.0
1161	14820.0
1162	15184.0
1163	15548.0
1164	16308.0
1165	15184.0
1166	15428.0
1167	16100.0
1168	15192.0
1169	14788.0
1170	14716.0
1171	14748.0
1172	14676.0
1173	15168.0
1174	15228.0
1175	14976.0
1176	15456.0
1177	15192.0
1178	16000.0
1179	15480.0
1180	14276.0
1181	15220.0
1182	14392.0
1183	14996.0
1184	14880.0
1185	14452.0
1186	15264.0
1187	15600.0
1188	14892.0
1189	15424.0
1190	15472.0
1191	15260.0
1192	15164.0
1193	15800.0
1194	14852.0
1195	14792.0
1196	14984.0
1197	14904.0
1198	16252.0
1199	16664.0
1200	14872.0
1201	15040.0
1202	15032.0
1203	14944.0
1204	14480.0
1205	14816.0
1206	14784.0
1207	14944.0
1208	14592.0
1209	14836.0
1210	15392.0
1211	14644.0
1212	14248.0
1213	15248.0
1214	14932.0
1215	15076.0
1216	14780.0
1217	15136.0
1218	15140.0
1219	15376.0
1220	14688.0
1221	14808.0
1222	14952.0
1223	15448.0
1224	15260.0
1225	15348.0
1226	15188.0
1227	14924.0
1228	15392.0
1229	15224.0
1230	15860.0
1231	15376.0
1232	15388.0
1233	14772.0
1234	14780.0
1235	14240.0
1236	14352.0
1237	14672.0
1238	14280.0
1239	15064.0
1240	14792.0
1241	14928.0
1242	14756.0
1243	15692.0
1244	14848.0
1245	15128.0
1246	15668.0
1247	14808.0
1248	14480.0
1249	14808.0
1250	15000.0
1251	14772.0
1252	16088.0
1253	15496.0
1254	15764.0
1255	14948.0
1256	15744.0
1257	15376.0
1258	15132.0
1259	15928.0
1260	15320.0
1261	15780.0
1262	15628.0
1263	14852.0
1264	15044.0
1265	14960.0
1266	14892.0
1267	15004.0
1268	15496.0
1269	15148.0
1270	15512.0
1271	15796.0
1272	15972.0
1273	15156.0
1274	15668.0
1275	16116.0
1276	15616.0
1277	16260.0
1278	15580.0
1279	15512.0
1280	15560.0
1281	15592.0
1282	15912.0
1283	15592.0
1284	15248.0
1285	15628.0
1286	15860.0
1287	14292.0
1288	14288.0
1289	14720.0
1290	14604.0
1291	15236.0
1292	15700.0
1293	14856.0
1294	15012.0
1295	15304.0
1296	14916.0
1297	15244.0
1298	14760.0
1299	15676.0
1300	15292.0
1301	15292.0
1302	15568.0
1303	15804.0
1304	15712.0
1305	15496.0
1306	15280.0
1307	15168.0
1308	15080.0
1309	15484.0
1310	15776.0
1311	15356.0
1312	15956.0
1313	15832.0
1314	15808.0
1315	14980.0
1316	15276.0
1317	14984.0
1318	14680.0
1319	15016.0
1320	15404.0
1321	14968.0
1322	14880.0
1323	14996.0
1324	15004.0
1325	15172.0
1326	14860.0
1327	15452.0
1328	15044.0
1329	15484.0
1330	15068.0
1331	14556.0
1332	14584.0
1333	14540.0
1334	14604.0
1335	14488.0
1336	14788.0
1337	15976.0
1338	15320.0
1339	14928.0
1340	14828.0
1341	14100.0
1342	15596.0
1343	15496.0
1344	15600.0
1345	14788.0
1346	15236.0
1347	15520.0
1348	15016.0
1349	15476.0
1350	15456.0
1351	15464.0
1352	15352.0
1353	15392.0
1354	15456.0
1355	15480.0
1356	14920.0
1357	14788.0
1358	14512.0
1359	15288.0
1360	15288.0
1361	14952.0
1362	14996.0
1363	15316.0
1364	14888.0
1365	15492.0
1366	15248.0
1367	15236.0
1368	15304.0
1369	14980.0
1370	15156.0
1371	15056.0
1372	15068.0
1373	15172.0
1374	15084.0
1375	15284.0
1376	14888.0
1377	14748.0
1378	14472.0
1379	14864.0
1380	15152.0
1381	14464.0
1382	14820.0
1383	14964.0
1384	15300.0
1385	16144.0
1386	15144.0
1387	15724.0
1388	16180.0
1389	15768.0
1390	15732.0
1391	15748.0
1392	15376.0
1393	15780.0
1394	15308.0
1395	15672.0
1396	15380.0
1397	14932.0
1398	15024.0
1399	14996.0
1400	15012.0
1401	15356.0
1402	14896.0
1403	16072.0
1404	15108.0
1405	15052.0
1406	15468.0
1407	15760.0
1408	14988.0
1409	14940.0
1410	15324.0
1411	14644.0
1412	15472.0
1413	15008.0
1414	14936.0
1415	15492.0
1416	15272.0
1417	15648.0
1418	15096.0
1419	14864.0
1420	15044.0
1421	14668.0
1422	15332.0
1423	15344.0
1424	15152.0
1425	15116.0
1426	15052.0
1427	15520.0
1428	15132.0
1429	15420.0
1430	15392.0
1431	14760.0
1432	15236.0
1433	15800.0
1434	14208.0
1435	14628.0
1436	15788.0
1437	14944.0
1438	15424.0
1439	15672.0
1440	15460.0
1441	15008.0
1442	15688.0
1443	15288.0
1444	14856.0
1445	14628.0
1446	15572.0
1447	15300.0
1448	14808.0
1449	15552.0
1450	15252.0
1451	15444.0
1452	14992.0
1453	15224.0
1454	15380.0
1455	14860.0
1456	15348.0
1457	15720.0
1458	15324.0
1459	15060.0
1460	14980.0
1461	14980.0
1462	15248.0
1463	14964.0
1464	14652.0
1465	15308.0
1466	14864.0
1467	14584.0
1468	14752.0
1469	14836.0
1470	15184.0
1471	15336.0
1472	15052.0
1473	15236.0
1474	14544.0
1475	15320.0
1476	15168.0
1477	14656.0
1478	14992.0
1479	15148.0
1480	14800.0
1481	14448.0
1482	14984.0
1483	14788.0
1484	14896.0
1485	14728.0
1486	15244.0
1487	14708.0
1488	15416.0
1489	15192.0
1490	15244.0
1491	15184.0
1492	14848.0
1493	15364.0
1494	15160.0
1495	15800.0
1496	15000.0
1497	15408.0
1498	15192.0
1499	14496.0
1500	14232.0
1501	14092.0
1502	15096.0
1503	15152.0
1504	14120.0
1505	14612.0
1506	14420.0
1507	14632.0
1508	14768.0
1509	14988.0
1510	14796.0
1511	14964.0
1512	15608.0
1513	14868.0
1514	15696.0
1515	14688.0
1516	15484.0
1517	14940.0
1518	14540.0
1519	15288.0
1520	15536.0
1521	14952.0
1522	14572.0
1523	14884.0
1524	14876.0
1525	15524.0
1526	15452.0
1527	15344.0
1528	15612.0
1529	15224.0
1530	14872.0
1531	14908.0
1532	14784.0
1533	14976.0
1534	15328.0
1535	15472.0
1536	15464.0
1537	15364.0
1538	15228.0
1539	15752.0
1540	14860.0
1541	15280.0
1542	14868.0
1543	15460.0
1544	15552.0
1545	15096.0
1546	15016.0
1547	14824.0
1548	15000.0
1549	15144.0
1550	14532.0
1551	14524.0
1552	14100.0
1553	14592.0
1554	14484.0
1555	14368.0
1556	14536.0
1557	14812.0
1558	14852.0
1559	14932.0
1560	15232.0
1561	15632.0
1562	14420.0
1563	14664.0
1564	15024.0
1565	14976.0
1566	14832.0
1567	15168.0
1568	14568.0
1569	15208.0
1570	15392.0
1571	15224.0
1572	14876.0
1573	14936.0
1574	14244.0
1575	15028.0
1576	14948.0
1577	14484.0
1578	14504.0
1579	14488.0
1580	14372.0
1581	14304.0
1582	14952.0
1583	14688.0
1584	14908.0
1585	14652.0
1586	15104.0
1587	14112.0
1588	14596.0
1589	14428.0
1590	14864.0
1591	14592.0
1592	14900.0
1593	14948.0
1594	14280.0
1595	14432.0
1596	14496.0
1597	14812.0
1598	15192.0
1599	14592.0
1600	14888.0
1601	14668.0
1602	14148.0
1603	14652.0
1604	13820.0
1605	14368.0
1606	14372.0
1607	14460.0
1608	14304.0
1609	14384.0
1610	14212.0
1611	14896.0
1612	14704.0
1613	14664.0
1614	14468.0
1615	14292.0
1616	14832.0
1617	14124.0
1618	14328.0
1619	14016.0
1620	14780.0
1621	14640.0
1622	14000.0
1623	14304.0
1624	13924.0
1625	14284.0
1626	14180.0
1627	13948.0
1628	15424.0
1629	14188.0
1630	14460.0
1631	14120.0
1632	14348.0
1633	13796.0
1634	13884.0
1635	13476.0
1636	13964.0
1637	13496.0
1638	14192.0
1639	14140.0
1640	14236.0
1641	14280.0
1642	14320.0
1643	13960.0
1644	14108.0
1645	13848.0
1646	13656.0
1647	13652.0
1648	13956.0
1649	13928.0
1650	14288.0
1651	13960.0
1652	14256.0
1653	14500.0
1654	14048.0
1655	14728.0
1656	14324.0
1657	14712.0
1658	14200.0
1659	14520.0
1660	15744.0
1661	14484.0
1662	14040.0
1663	14596.0
1664	14648.0
1665	14432.0
1666	14292.0
1667	14736.0
1668	14192.0
1669	15220.0
1670	14736.0
1671	14416.0
1672	14212.0
1673	14468.0
1674	14424.0
1675	14604.0
1676	14368.0
1677	14448.0
1678	14864.0
1679	14648.0
1680	14936.0
1681	14244.0
1682	14840.0
1683	14764.0
1684	14572.0
1685	15328.0
1686	14200.0
1687	14784.0
1688	14852.0
1689	15244.0
1690	14692.0
1691	14376.0
1692	13836.0
1693	14092.0
1694	14548.0
1695	14424.0
1696	14760.0
1697	14352.0
1698	14920.0
1699	14436.0
1700	14364.0
1701	14404.0
1702	14328.0
1703	13732.0
1704	14684.0
1705	14048.0
1706	14124.0
1707	13860.0
1708	14008.0
1709	14628.0
1710	14096.0
1711	14476.0
1712	13728.0
1713	14076.0
1714	14456.0
1715	14088.0
1716	13800.0
1717	13656.0
1718	13796.0
1719	14156.0
1720	14348.0
1721	14000.0
1722	14272.0
1723	14468.0
1724	14232.0
1725	13888.0
1726	14552.0
1727	15172.0
1728	14284.0
1729	14468.0
1730	14324.0
1731	14176.0
1732	14104.0
1733	13716.0
1734	14180.0
1735	14424.0
1736	14128.0
1737	14100.0
1738	14484.0
1739	14288.0
1740	14084.0
1741	14080.0
1742	14096.0
1743	13660.0
1744	14804.0
1745	14136.0
1746	14096.0
1747	13908.0
1748	13824.0
1749	14032.0
1750	13816.0
1751	14064.0
1752	14040.0
1753	14040.0
1754	14100.0
1755	13960.0
1756	13988.0
1757	13912.0
1758	14296.0
1759	14872.0
1760	13720.0
1761	14220.0
1762	14036.0
1763	14380.0
1764	14068.0
1765	13908.0
1766	14072.0
1767	14360.0
1768	14272.0
1769	13948.0
1770	13920.0
1771	13244.0
1772	14372.0
1773	13944.0
1774	13904.0
1775	14176.0
1776	13720.0
1777	13792.0
1778	13624.0
1779	14372.0
1780	13744.0
1781	14276.0
1782	14176.0
1783	13716.0
1784	15044.0
1785	14580.0
1786	14136.0
1787	13900.0
1788	14176.0
1789	14132.0
1790	14396.0
1791	14312.0
1792	14152.0
1793	13932.0
1794	14596.0
1795	13804.0
1796	13976.0
1797	14984.0
1798	13540.0
1799	13488.0
1800	13564.0
1801	13360.0
1802	13548.0
1803	13932.0
1804	13996.0
1805	14452.0
1806	13904.0
1807	14348.0
1808	14304.0
1809	14156.0
1810	13932.0
1811	13776.0
1812	14056.0
1813	13732.0
1814	14252.0
1815	13548.0
1816	14168.0
1817	13936.0
1818	13532.0
1819	13504.0
1820	13960.0
1821	13528.0
1822	13752.0
1823	13652.0
1824	13696.0
1825	13508.0
1826	13856.0
1827	13252.0
1828	13740.0
1829	14216.0
1830	13592.0
1831	14268.0
1832	14260.0
1833	14004.0
1834	13680.0
1835	14100.0
1836	14068.0
1837	13360.0
1838	14032.0
1839	13896.0
1840	13576.0
1841	13884.0
1842	13992.0
1843	13480.0
1844	13912.0
1845	14268.0
1846	13600.0
1847	13972.0
1848	13384.0
1849	14268.0
1850	14024.0
1851	13280.0
1852	13588.0
1853	13816.0
1854	13396.0
1855	13328.0
1856	14144.0
1857	13588.0
1858	13720.0
1859	13564.0
1860	13940.0
1861	13524.0
1862	13612.0
1863	13680.0
1864	13432.0
1865	13464.0
1866	14052.0
1867	13948.0
1868	13360.0
1869	13708.0
1870	13600.0
1871	13816.0
1872	14148.0
1873	14160.0
1874	13852.0
1875	14076.0
1876	13768.0
1877	13980.0
1878	13752.0
1879	13488.0
1880	13568.0
1881	14056.0
1882	13492.0
1883	13564.0
1884	13668.0
1885	14452.0
1886	13676.0
1887	13672.0
1888	13712.0
1889	13820.0
1890	13748.0
1891	14148.0
1892	13572.0
1893	13840.0
1894	13932.0
1895	13636.0
1896	14020.0
1897	13604.0
1898	13520.0
1899	14080.0
1900	13616.0
1901	13648.0
1902	13700.0
1903	14656.0
1904	14024.0
1905	13852.0
1906	14056.0
1907	13632.0
1908	13740.0
1909	14568.0
1910	13992.0
1911	13784.0
1912	13856.0
1913	13720.0
1914	13956.0
1915	13748.0
1916	14144.0
1917	13980.0
1918	13776.0
1919	13332.0
1920	13892.0
1921	13412.0
1922	13700.0
1923	13824.0
1924	14080.0
1925	13384.0
1926	14024.0
1927	13696.0
1928	13508.0
1929	14040.0
1930	14436.0
1931	13824.0
1932	13192.0
1933	13516.0
1934	13668.0
1935	13428.0
1936	13648.0
1937	13708.0
1938	13696.0
1939	13880.0
1940	13896.0
1941	13464.0
1942	15664.0
1943	13472.0
1944	12840.0
1945	13680.0
1946	13140.0
1947	13364.0
1948	13036.0
1949	13216.0
1950	13452.0
1951	13364.0
1952	13204.0
1953	13640.0
1954	13468.0
1955	13268.0
1956	13104.0
1957	13080.0
1958	13324.0
1959	12944.0
1960	12968.0
1961	12816.0
1962	13328.0
1963	13356.0
1964	13124.0
1965	13572.0
1966	13012.0
1967	12804.0
1968	12720.0
1969	12888.0
1970	12912.0
1971	13228.0
1972	12872.0
1973	13444.0
1974	13064.0
1975	13120.0
1976	14272.0
1977	12764.0
1978	12632.0
1979	12980.0
1980	12880.0
1981	12784.0
1982	12408.0
1983	12876.0
1984	13092.0
1985	13200.0
1986	13128.0
1987	13424.0
1988	12800.0
1989	12900.0
1990	13380.0
1991	13236.0
1992	13368.0
1993	12936.0
1994	12880.0
1995	13180.0
1996	12776.0
1997	12584.0
1998	12744.0
1999	13148.0
2000	12952.0
2001	13328.0
2002	12936.0
2003	13216.0
2004	13064.0
2005	12512.0
2006	13788.0
2007	13444.0
2008	13080.0
2009	12648.0
2010	13028.0
2011	12824.0
2012	13120.0
2013	13424.0
2014	12924.0
2015	13568.0
2016	12916.0
2017	12880.0
2018	13092.0
2019	13244.0
2020	13088.0
2021	13048.0
2022	12656.0
2023	13052.0
2024	13356.0
2025	13324.0
2026	13260.0
2027	13032.0
2028	12612.0
2029	12632.0
2030	13292.0
2031	12896.0
2032	13432.0
2033	13016.0
2034	12948.0
2035	13440.0
2036	12856.0
2037	13028.0
2038	12352.0
2039	13168.0
2040	13052.0
2041	13148.0
2042	13312.0
2043	12968.0
2044	13268.0
2045	12852.0
2046	13012.0
2047	13460.0
2048	12860.0
2049	12724.0
2050	12720.0
2051	12748.0
2052	13060.0
2053	13032.0
2054	12780.0
2055	12572.0
2056	12804.0
2057	12968.0
2058	13056.0
2059	12960.0
2060	12976.0
2061	12516.0
2062	12876.0
2063	12740.0
2064	13084.0
2065	13196.0
2066	12844.0
2067	13040.0
2068	12736.0
2069	12496.0
2070	12692.0
2071	12508.0
2072	12868.0
2073	12920.0
2074	12448.0
2075	12136.0
2076	12604.0
2077	12704.0
2078	12460.0
2079	12548.0
2080	12880.0
2081	12428.0
2082	12360.0
2083	12400.0
2084	12368.0
2085	12188.0
2086	12480.0
2087	12696.0
2088	12508.0
2089	12488.0
2090	12504.0
2091	12300.0
2092	12276.0
2093	12628.0
2094	12044.0
2095	12496.0
2096	12536.0
2097	12220.0
2098	12564.0
2099	13064.0
2100	12556.0
2101	12152.0
2102	12192.0
2103	12344.0
2104	12688.0
2105	12072.0
2106	12260.0
2107	12404.0
2108	12020.0
2109	12284.0
2110	12180.0
2111	12508.0
2112	12648.0
2113	11984.0
2114	12488.0
2115	12396.0
2116	12264.0
2117	12636.0
2118	12280.0
2119	12648.0
2120	12228.0
2121	12432.0
2122	12932.0
2123	12256.0
2124	12008.0
2125	12588.0
2126	12228.0
2127	12236.0
2128	12052.0
2129	12376.0
2130	12520.0
2131	12412.0
2132	12180.0
2133	12344.0
2134	12548.0
2135	11880.0
2136	12488.0
2137	12228.0
2138	12356.0
2139	11908.0
2140	12180.0
2141	12388.0
2142	12516.0
2143	12512.0
2144	12208.0
2145	12292.0
2146	12332.0
2147	12040.0
2148	12464.0
2149	12332.0
2150	12396.0
2151	12664.0
2152	12536.0
2153	12548.0
2154	12060.0
2155	12100.0
2156	12144.0
2157	12452.0
2158	12624.0
2159	12488.0
2160	12660.0
2161	12488.0
2162	12152.0
2163	12612.0
2164	12320.0
2165	11908.0
2166	12596.0
2167	12764.0
2168	12240.0
2169	12616.0
2170	12752.0
2171	12732.0
2172	12244.0
2173	12556.0
2174	12560.0
2175	12604.0
2176	12092.0
2177	12000.0
2178	12340.0
2179	12516.0
2180	12988.0
2181	12300.0
2182	12504.0
2183	12420.0
2184	12424.0
2185	12388.0
2186	12396.0
2187	12464.0
2188	12616.0
2189	12456.0
2190	11560.0
2191	12368.0
2192	11696.0
2193	12248.0
2194	12272.0
2195	12148.0
2196	12152.0
2197	12096.0
2198	12332.0
2199	12272.0
2200	12044.0
2201	11904.0
2202	12232.0
2203	11780.0
2204	11776.0
2205	12208.0
2206	11732.0
2207	12112.0
2208	12172.0
2209	11756.0
2210	11760.0
2211	11932.0
2212	11664.0
2213	11876.0
2214	11856.0
2215	12344.0
2216	11684.0
2217	11868.0
2218	11788.0
2219	11876.0
2220	12060.0
2221	11624.0
2222	12144.0
2223	12128.0
2224	11808.0
2225	11468.0
2226	11248.0
2227	11780.0
2228	11796.0
2229	11760.0
2230	11980.0
2231	11460.0
2232	11888.0
2233	11496.0
2234	11704.0
2235	11644.0
2236	12292.0
2237	11860.0
2238	11636.0
2239	11424.0
2240	11628.0
2241	11128.0
2242	11552.0
2243	11348.0
2244	11320.0
2245	11432.0
2246	11372.0
2247	11304.0
2248	11352.0
2249	11528.0
2250	11840.0
2251	11864.0
2252	10980.0
2253	11052.0
2254	11644.0
2255	11552.0
2256	12068.0
2257	11576.0
2258	11548.0
2259	11528.0
2260	11244.0
2261	11676.0
2262	11684.0
2263	11912.0
2264	11588.0
2265	11592.0
2266	11892.0
2267	11628.0
2268	11332.0
2269	12052.0
2270	11920.0
2271	11668.0
2272	11752.0
2273	12140.0
2274	11964.0
2275	11624.0
2276	11448.0
2277	11764.0
2278	12512.0
2279	12124.0
2280	12096.0
2281	11552.0
2282	11720.0
2283	11708.0
2284	11572.0
2285	11548.0
2286	11764.0
2287	11668.0
2288	11964.0
2289	11388.0
2290	12088.0
2291	11568.0
2292	11964.0
2293	11420.0
2294	11672.0
2295	11904.0
2296	11968.0
2297	11452.0
2298	11788.0
2299	12016.0
