0	476.0
1	446.0
2	536.0
3	530.0
4	630.0
5	462.0
6	756.0
7	604.0
8	538.0
9	518.0
10	504.0
11	508.0
12	492.0
13	496.0
14	524.0
15	392.0
16	630.0
17	524.0
18	548.0
19	400.0
20	582.0
21	454.0
22	392.0
23	418.0
24	630.0
25	496.0
26	582.0
27	524.0
28	570.0
29	554.0
30	614.0
31	492.0
32	420.0
33	602.0
34	386.0
35	468.0
36	524.0
37	488.0
38	606.0
39	530.0
40	678.0
41	408.0
42	410.0
43	402.0
44	522.0
45	554.0
46	488.0
47	538.0
48	464.0
49	700.0
50	532.0
51	536.0
52	734.0
53	474.0
54	562.0
55	450.0
56	590.0
57	488.0
58	414.0
59	376.0
60	368.0
61	498.0
62	466.0
63	676.0
64	426.0
65	602.0
66	324.0
67	524.0
68	516.0
69	496.0
70	536.0
71	534.0
72	352.0
73	564.0
74	560.0
75	618.0
76	472.0
77	504.0
78	400.0
79	400.0
80	586.0
81	542.0
82	490.0
83	614.0
84	564.0
85	498.0
86	422.0
87	428.0
88	494.0
89	612.0
90	580.0
91	510.0
92	530.0
93	382.0
94	478.0
95	420.0
96	418.0
97	516.0
98	612.0
99	280.0
100	440.0
101	416.0
102	500.0
103	516.0
104	654.0
105	564.0
106	438.0
107	344.0
108	522.0
109	468.0
110	472.0
111	616.0
112	376.0
113	408.0
114	488.0
115	528.0
116	548.0
117	530.0
118	586.0
119	564.0
120	506.0
121	580.0
122	446.0
123	474.0
124	502.0
125	416.0
126	342.0
127	420.0
128	508.0
129	470.0
130	610.0
131	492.0
132	492.0
133	428.0
134	542.0
135	424.0
136	608.0
137	498.0
138	458.0
139	494.0
140	496.0
141	422.0
142	518.0
143	500.0
144	544.0
145	424.0
146	500.0
147	608.0
148	656.0
149	560.0
150	416.0
151	448.0
152	564.0
153	550.0
154	584.0
155	606.0
156	436.0
157	552.0
158	686.0
159	402.0
160	450.0
161	586.0
162	534.0
163	356.0
164	422.0
165	452.0
166	568.0
167	518.0
168	520.0
169	474.0
170	380.0
171	380.0
172	400.0
173	448.0
174	418.0
175	430.0
176	592.0
177	546.0
178	626.0
179	450.0
180	576.0
181	512.0
182	452.0
183	452.0
184	470.0
185	514.0
186	434.0
187	434.0
188	482.0
189	510.0
190	272.0
191	584.0
192	504.0
193	446.0
194	456.0
195	530.0
196	352.0
197	366.0
198	468.0
199	470.0
200	478.0
201	616.0
202	578.0
203	492.0
204	556.0
205	338.0
206	504.0
207	494.0
208	348.0
209	404.0
210	568.0
211	384.0
212	472.0
213	540.0
214	666.0
215	436.0
216	610.0
217	492.0
218	560.0
219	418.0
220	450.0
221	458.0
222	514.0
223	604.0
224	614.0
225	444.0
226	474.0
227	512.0
228	584.0
229	444.0
230	426.0
231	556.0
232	442.0
233	520.0
234	498.0
235	506.0
236	486.0
237	412.0
238	410.0
239	388.0
240	616.0
241	520.0
242	438.0
243	442.0
244	472.0
245	524.0
246	632.0
247	550.0
248	442.0
249	480.0
250	492.0
251	436.0
252	576.0
253	400.0
254	444.0
255	496.0
256	540.0
257	476.0
258	368.0
259	392.0
260	536.0
261	404.0
262	482.0
263	564.0
264	514.0
265	554.0
266	502.0
267	566.0
268	416.0
269	558.0
270	508.0
271	346.0
272	436.0
273	492.0
274	420.0
275	594.0
276	474.0
277	664.0
278	576.0
279	668.0
280	400.0
281	496.0
282	442.0
283	464.0
284	322.0
285	388.0
286	476.0
287	412.0
288	412.0
289	462.0
290	432.0
291	478.0
292	614.0
293	448.0
294	472.0
295	640.0
296	544.0
297	538.0
298	448.0
299	600.0
300	468.0
301	486.0
302	444.0
303	530.0
304	572.0
305	546.0
306	542.0
307	508.0
308	518.0
309	608.0
310	470.0
311	468.0
312	508.0
313	652.0
314	580.0
315	522.0
316	494.0
317	446.0
318	562.0
319	558.0
320	520.0
321	440.0
322	528.0
323	466.0
324	712.0
325	510.0
326	554.0
327	396.0
328	458.0
329	586.0
330	510.0
331	412.0
332	470.0
333	596.0
334	552.0
335	456.0
336	450.0
337	462.0
338	642.0
339	642.0
340	494.0
341	452.0
342	504.0
343	540.0
344	482.0
345	450.0
346	412.0
347	492.0
348	468.0
349	406.0
350	546.0
351	592.0
352	476.0
353	516.0
354	604.0
355	518.0
356	418.0
357	442.0
358	446.0
359	366.0
360	486.0
361	356.0
362	524.0
363	484.0
364	454.0
365	476.0
366	576.0
367	500.0
368	602.0
369	638.0
370	554.0
371	494.0
372	476.0
373	472.0
374	482.0
375	486.0
376	388.0
377	526.0
378	396.0
379	362.0
380	536.0
381	424.0
382	674.0
383	592.0
384	572.0
385	554.0
386	550.0
387	432.0
388	454.0
389	452.0
390	414.0
391	354.0
392	524.0
393	544.0
394	484.0
395	458.0
396	386.0
397	652.0
398	478.0
399	508.0
400	366.0
401	514.0
402	530.0
403	552.0
404	566.0
405	472.0
406	596.0
407	400.0
408	512.0
409	430.0
410	590.0
411	448.0
412	390.0
413	396.0
414	522.0
415	504.0
416	394.0
417	584.0
418	630.0
419	518.0
420	406.0
421	552.0
422	416.0
423	512.0
424	592.0
425	484.0
426	628.0
427	474.0
428	568.0
429	666.0
430	560.0
431	460.0
432	546.0
433	436.0
434	528.0
435	392.0
436	418.0
437	446.0
438	548.0
439	490.0
440	400.0
441	578.0
442	434.0
443	448.0
444	446.0
445	474.0
446	468.0
447	540.0
448	464.0
449	550.0
450	552.0
451	388.0
452	480.0
453	434.0
454	580.0
455	462.0
456	530.0
457	424.0
458	308.0
459	534.0
460	558.0
461	456.0
462	442.0
463	530.0
464	424.0
465	712.0
466	540.0
467	404.0
468	480.0
469	434.0
470	568.0
471	414.0
472	474.0
473	568.0
474	490.0
475	418.0
476	614.0
477	590.0
478	434.0
479	512.0
480	476.0
481	422.0
482	462.0
483	558.0
484	506.0
485	450.0
486	304.0
487	464.0
488	554.0
489	540.0
490	508.0
491	478.0
492	488.0
493	630.0
494	498.0
495	370.0
496	500.0
497	352.0
498	560.0
499	506.0
500	504.0
501	478.0
502	460.0
503	392.0
504	564.0
505	450.0
506	476.0
507	432.0
508	428.0
509	514.0
510	448.0
511	474.0
512	550.0
513	564.0
514	468.0
515	742.0
516	490.0
517	494.0
518	480.0
519	498.0
520	492.0
521	560.0
522	458.0
523	514.0
524	422.0
525	508.0
526	486.0
527	416.0
528	494.0
529	412.0
530	638.0
531	514.0
532	490.0
533	608.0
534	582.0
535	478.0
536	516.0
537	640.0
538	446.0
539	554.0
540	516.0
541	506.0
542	526.0
543	340.0
544	414.0
545	402.0
546	358.0
547	420.0
548	480.0
549	370.0
550	454.0
551	414.0
552	524.0
553	410.0
554	334.0
555	526.0
556	448.0
557	528.0
558	524.0
559	448.0
560	444.0
561	404.0
562	336.0
563	458.0
564	562.0
565	428.0
566	558.0
567	418.0
568	426.0
569	554.0
570	488.0
571	464.0
572	370.0
573	444.0
574	468.0
575	464.0
576	496.0
577	546.0
578	542.0
579	510.0
580	536.0
581	592.0
582	546.0
583	424.0
584	490.0
585	498.0
586	334.0
587	414.0
588	362.0
589	448.0
590	452.0
591	448.0
592	394.0
593	380.0
594	450.0
595	502.0
596	400.0
597	502.0
598	398.0
599	408.0
600	416.0
601	408.0
602	494.0
603	358.0
604	312.0
605	530.0
606	430.0
607	490.0
608	388.0
609	444.0
610	542.0
611	440.0
612	522.0
613	482.0
614	362.0
615	540.0
616	466.0
617	374.0
618	474.0
619	492.0
620	532.0
621	518.0
622	476.0
623	404.0
624	438.0
625	520.0
626	526.0
627	418.0
628	566.0
629	502.0
630	460.0
631	446.0
632	510.0
633	356.0
634	488.0
635	492.0
636	346.0
637	458.0
638	348.0
639	428.0
640	550.0
641	490.0
642	436.0
643	566.0
644	480.0
645	440.0
646	484.0
647	406.0
648	460.0
649	610.0
650	472.0
651	570.0
652	450.0
653	474.0
654	494.0
655	592.0
656	548.0
657	492.0
658	458.0
659	484.0
660	544.0
661	426.0
662	582.0
663	496.0
664	558.0
665	382.0
666	356.0
667	468.0
668	462.0
669	694.0
670	424.0
671	392.0
672	442.0
673	538.0
674	482.0
675	502.0
676	508.0
677	536.0
678	592.0
679	442.0
680	582.0
681	426.0
682	492.0
683	632.0
684	396.0
685	544.0
686	494.0
687	484.0
688	394.0
689	444.0
690	414.0
691	410.0
692	476.0
693	476.0
694	564.0
695	478.0
696	512.0
697	432.0
698	488.0
699	520.0
700	386.0
701	556.0
702	516.0
703	446.0
704	554.0
705	594.0
706	476.0
707	544.0
708	420.0
709	374.0
710	522.0
711	382.0
712	460.0
713	538.0
714	404.0
715	496.0
716	654.0
717	422.0
718	456.0
719	544.0
720	382.0
721	596.0
722	348.0
723	516.0
724	424.0
725	444.0
726	546.0
727	598.0
728	518.0
729	548.0
730	584.0
731	404.0
732	482.0
733	510.0
734	474.0
735	510.0
736	618.0
737	460.0
738	368.0
739	476.0
740	558.0
741	436.0
742	558.0
743	588.0
744	560.0
745	522.0
746	462.0
747	658.0
748	456.0
749	524.0
750	280.0
751	528.0
752	550.0
753	488.0
754	400.0
755	308.0
756	488.0
757	522.0
758	552.0
759	546.0
760	550.0
761	420.0
762	540.0
763	438.0
764	598.0
765	410.0
766	592.0
767	646.0
768	552.0
769	434.0
770	322.0
771	542.0
772	504.0
773	516.0
774	522.0
775	518.0
776	436.0
777	456.0
778	594.0
779	508.0
780	454.0
781	370.0
782	542.0
783	378.0
784	508.0
785	666.0
786	350.0
787	446.0
788	438.0
789	536.0
790	328.0
791	532.0
792	398.0
793	414.0
794	346.0
795	466.0
796	546.0
797	574.0
798	406.0
799	596.0
800	596.0
801	348.0
802	504.0
803	460.0
804	580.0
805	416.0
806	472.0
807	478.0
808	416.0
809	460.0
810	504.0
811	468.0
812	462.0
813	518.0
814	496.0
815	420.0
816	396.0
817	342.0
818	382.0
819	552.0
820	556.0
821	524.0
822	488.0
823	266.0
824	420.0
825	638.0
826	574.0
827	348.0
828	480.0
829	482.0
830	444.0
831	548.0
832	506.0
833	544.0
834	580.0
835	572.0
836	362.0
837	480.0
838	438.0
839	464.0
840	470.0
841	456.0
842	416.0
843	468.0
844	536.0
845	346.0
846	552.0
847	408.0
848	398.0
849	414.0
850	310.0
851	500.0
852	578.0
853	538.0
854	440.0
855	600.0
856	464.0
857	472.0
858	536.0
859	450.0
860	430.0
861	424.0
862	540.0
863	398.0
864	536.0
865	468.0
866	546.0
867	472.0
868	478.0
869	518.0
870	406.0
871	426.0
872	440.0
873	514.0
874	426.0
875	442.0
876	296.0
877	454.0
878	448.0
879	372.0
880	304.0
881	566.0
882	490.0
883	630.0
884	380.0
885	452.0
886	438.0
887	546.0
888	524.0
889	438.0
890	602.0
891	414.0
892	394.0
893	420.0
894	478.0
895	552.0
896	542.0
897	444.0
898	462.0
899	396.0
900	632.0
901	454.0
902	568.0
903	456.0
904	478.0
905	454.0
906	512.0
907	576.0
908	428.0
909	478.0
910	456.0
911	448.0
912	484.0
913	588.0
914	580.0
915	418.0
916	474.0
917	400.0
918	498.0
919	398.0
920	404.0
921	428.0
922	376.0
923	490.0
924	474.0
925	512.0
926	498.0
927	534.0
928	442.0
929	522.0
930	390.0
931	450.0
932	442.0
933	518.0
934	426.0
935	470.0
936	388.0
937	402.0
938	558.0
939	504.0
940	506.0
941	398.0
942	544.0
943	514.0
944	442.0
945	504.0
946	428.0
947	482.0
948	458.0
949	466.0
950	372.0
951	542.0
952	530.0
953	442.0
954	534.0
955	552.0
956	318.0
957	574.0
958	386.0
959	580.0
960	432.0
961	346.0
962	444.0
963	576.0
964	602.0
965	456.0
966	470.0
967	544.0
968	494.0
969	512.0
970	428.0
971	482.0
972	414.0
973	462.0
974	534.0
975	482.0
976	424.0
977	452.0
978	404.0
979	408.0
980	520.0
981	406.0
982	516.0
983	380.0
984	544.0
985	558.0
986	560.0
987	544.0
988	530.0
989	434.0
990	384.0
991	526.0
992	440.0
993	510.0
994	634.0
995	612.0
996	352.0
997	462.0
998	368.0
999	528.0
1000	490.0
1001	432.0
1002	528.0
1003	584.0
1004	558.0
1005	346.0
1006	488.0
1007	536.0
1008	382.0
1009	500.0
1010	456.0
1011	410.0
1012	674.0
1013	540.0
1014	514.0
1015	542.0
1016	506.0
1017	360.0
1018	518.0
1019	482.0
1020	532.0
1021	436.0
1022	414.0
1023	442.0
1024	398.0
1025	574.0
1026	522.0
1027	482.0
1028	464.0
1029	432.0
1030	592.0
1031	482.0
1032	520.0
1033	424.0
1034	402.0
1035	442.0
1036	436.0
1037	512.0
1038	472.0
1039	422.0
1040	442.0
1041	600.0
1042	462.0
1043	520.0
1044	452.0
1045	576.0
1046	444.0
1047	608.0
1048	384.0
1049	484.0
1050	286.0
1051	462.0
1052	374.0
1053	436.0
1054	390.0
1055	640.0
1056	466.0
1057	548.0
1058	388.0
1059	460.0
1060	346.0
1061	354.0
1062	538.0
1063	402.0
1064	432.0
1065	490.0
1066	406.0
1067	506.0
1068	442.0
1069	394.0
1070	388.0
1071	410.0
1072	482.0
1073	478.0
1074	444.0
1075	520.0
1076	518.0
1077	570.0
1078	570.0
1079	500.0
1080	456.0
1081	420.0
1082	566.0
1083	346.0
1084	434.0
1085	432.0
1086	444.0
1087	474.0
1088	426.0
1089	316.0
1090	298.0
1091	450.0
1092	616.0
1093	522.0
1094	412.0
1095	668.0
1096	362.0
1097	510.0
1098	424.0
1099	480.0
1100	436.0
1101	514.0
1102	560.0
1103	566.0
1104	468.0
1105	458.0
1106	434.0
1107	436.0
1108	412.0
1109	596.0
1110	550.0
1111	438.0
1112	482.0
1113	508.0
1114	398.0
1115	554.0
1116	454.0
1117	360.0
1118	332.0
1119	476.0
1120	420.0
1121	536.0
1122	490.0
1123	490.0
1124	552.0
1125	394.0
1126	378.0
1127	524.0
1128	492.0
1129	424.0
1130	614.0
1131	402.0
1132	448.0
1133	476.0
1134	444.0
1135	482.0
1136	478.0
1137	574.0
1138	380.0
1139	586.0
1140	470.0
1141	414.0
1142	460.0
1143	436.0
1144	472.0
1145	542.0
1146	478.0
1147	346.0
1148	522.0
1149	604.0
1150	482.0
1151	504.0
1152	418.0
1153	540.0
1154	506.0
1155	504.0
1156	386.0
1157	404.0
1158	486.0
1159	448.0
1160	378.0
1161	408.0
1162	436.0
1163	518.0
1164	526.0
1165	496.0
1166	412.0
1167	350.0
1168	552.0
1169	426.0
1170	358.0
1171	388.0
1172	526.0
1173	512.0
1174	492.0
1175	440.0
1176	642.0
1177	452.0
1178	504.0
1179	414.0
1180	504.0
1181	374.0
1182	494.0
1183	508.0
1184	466.0
1185	440.0
1186	300.0
1187	540.0
1188	520.0
1189	498.0
1190	418.0
1191	510.0
1192	468.0
1193	366.0
1194	466.0
1195	478.0
1196	544.0
1197	598.0
1198	430.0
1199	624.0
1200	524.0
1201	490.0
1202	360.0
1203	484.0
1204	480.0
1205	516.0
1206	430.0
1207	402.0
1208	360.0
1209	360.0
1210	342.0
1211	646.0
1212	554.0
1213	564.0
1214	440.0
1215	422.0
1216	448.0
1217	346.0
1218	564.0
1219	398.0
1220	506.0
1221	560.0
1222	506.0
1223	460.0
1224	556.0
1225	478.0
1226	466.0
1227	514.0
1228	416.0
1229	604.0
1230	428.0
1231	520.0
1232	382.0
1233	438.0
1234	488.0
1235	654.0
1236	418.0
1237	620.0
1238	472.0
1239	454.0
1240	456.0
1241	450.0
1242	586.0
1243	456.0
1244	486.0
1245	538.0
1246	426.0
1247	364.0
1248	296.0
1249	604.0
1250	476.0
1251	354.0
1252	418.0
1253	538.0
1254	522.0
1255	510.0
1256	520.0
1257	416.0
1258	546.0
1259	374.0
1260	622.0
1261	296.0
1262	458.0
1263	446.0
1264	424.0
1265	406.0
1266	482.0
1267	516.0
1268	640.0
1269	584.0
1270	510.0
1271	400.0
1272	438.0
1273	554.0
1274	574.0
1275	432.0
1276	326.0
1277	620.0
1278	458.0
1279	408.0
1280	392.0
1281	454.0
1282	530.0
1283	606.0
1284	606.0
1285	530.0
1286	368.0
1287	346.0
1288	554.0
1289	538.0
1290	450.0
1291	528.0
1292	526.0
1293	400.0
1294	362.0
1295	504.0
1296	450.0
1297	448.0
1298	442.0
1299	484.0
1300	458.0
1301	536.0
1302	442.0
1303	518.0
1304	458.0
1305	394.0
1306	570.0
1307	540.0
1308	480.0
1309	464.0
1310	548.0
1311	486.0
1312	486.0
1313	490.0
1314	508.0
1315	494.0
1316	476.0
1317	386.0
1318	466.0
1319	446.0
1320	526.0
1321	532.0
1322	510.0
1323	570.0
1324	454.0
1325	472.0
1326	616.0
1327	484.0
1328	558.0
1329	586.0
1330	414.0
1331	596.0
1332	418.0
1333	502.0
1334	458.0
1335	448.0
1336	438.0
1337	606.0
1338	450.0
1339	382.0
1340	422.0
1341	608.0
1342	440.0
1343	556.0
1344	534.0
1345	438.0
1346	544.0
1347	538.0
1348	480.0
1349	438.0
1350	406.0
1351	514.0
1352	672.0
1353	570.0
1354	406.0
1355	522.0
1356	436.0
1357	508.0
1358	582.0
1359	406.0
1360	478.0
1361	474.0
1362	506.0
1363	560.0
1364	466.0
1365	554.0
1366	502.0
1367	498.0
1368	496.0
1369	402.0
1370	582.0
1371	416.0
1372	482.0
1373	496.0
1374	412.0
1375	396.0
1376	536.0
1377	440.0
1378	432.0
1379	546.0
1380	348.0
1381	452.0
1382	376.0
1383	476.0
1384	540.0
1385	420.0
1386	588.0
1387	496.0
1388	556.0
1389	438.0
1390	560.0
1391	604.0
1392	608.0
1393	450.0
1394	478.0
1395	640.0
1396	554.0
1397	378.0
1398	306.0
1399	520.0
1400	576.0
1401	460.0
1402	544.0
1403	508.0
1404	552.0
1405	498.0
1406	484.0
1407	580.0
1408	584.0
1409	418.0
1410	434.0
1411	566.0
1412	478.0
1413	462.0
1414	536.0
1415	426.0
1416	476.0
1417	534.0
1418	488.0
1419	264.0
1420	458.0
1421	506.0
1422	448.0
1423	466.0
1424	482.0
1425	516.0
1426	422.0
1427	394.0
1428	498.0
1429	496.0
1430	614.0
1431	572.0
1432	412.0
1433	428.0
1434	412.0
1435	436.0
1436	492.0
1437	474.0
1438	468.0
1439	516.0
1440	484.0
1441	488.0
1442	572.0
1443	502.0
1444	586.0
1445	574.0
1446	456.0
1447	428.0
1448	466.0
1449	486.0
1450	434.0
1451	446.0
1452	516.0
1453	594.0
1454	518.0
1455	504.0
1456	526.0
1457	362.0
1458	380.0
1459	472.0
1460	474.0
1461	472.0
1462	440.0
1463	504.0
1464	420.0
1465	680.0
1466	486.0
1467	450.0
1468	472.0
1469	486.0
1470	436.0
1471	470.0
1472	566.0
1473	504.0
1474	460.0
1475	392.0
1476	530.0
1477	450.0
1478	614.0
1479	382.0
1480	510.0
1481	514.0
1482	706.0
1483	528.0
1484	462.0
1485	540.0
1486	580.0
1487	410.0
1488	474.0
1489	478.0
1490	538.0
1491	434.0
1492	558.0
1493	410.0
1494	444.0
1495	474.0
1496	528.0
1497	648.0
1498	626.0
1499	584.0
1500	504.0
1501	446.0
1502	392.0
1503	540.0
1504	442.0
1505	410.0
1506	432.0
1507	534.0
1508	346.0
1509	404.0
1510	562.0
1511	360.0
1512	520.0
1513	484.0
1514	480.0
1515	646.0
1516	452.0
1517	552.0
1518	648.0
1519	434.0
1520	624.0
1521	478.0
1522	490.0
1523	480.0
1524	490.0
1525	482.0
1526	454.0
1527	428.0
1528	468.0
1529	390.0
1530	472.0
1531	424.0
1532	386.0
1533	390.0
1534	546.0
1535	374.0
1536	514.0
1537	556.0
1538	386.0
1539	436.0
1540	448.0
1541	270.0
1542	348.0
1543	454.0
1544	478.0
1545	560.0
1546	494.0
1547	504.0
1548	486.0
1549	596.0
1550	486.0
1551	352.0
1552	362.0
1553	516.0
1554	372.0
1555	520.0
1556	582.0
1557	458.0
1558	304.0
1559	710.0
1560	418.0
1561	370.0
1562	486.0
1563	556.0
1564	426.0
1565	488.0
1566	534.0
1567	376.0
1568	334.0
1569	500.0
1570	454.0
1571	446.0
1572	364.0
1573	584.0
1574	394.0
1575	394.0
1576	538.0
1577	508.0
1578	494.0
1579	446.0
1580	344.0
1581	520.0
1582	478.0
1583	508.0
1584	608.0
1585	488.0
1586	356.0
1587	462.0
1588	608.0
1589	498.0
1590	368.0
1591	396.0
1592	486.0
1593	636.0
1594	550.0
1595	466.0
1596	396.0
1597	352.0
1598	392.0
1599	454.0
1600	494.0
1601	528.0
1602	486.0
1603	584.0
1604	526.0
1605	216.0
1606	536.0
1607	596.0
1608	440.0
1609	396.0
1610	594.0
1611	502.0
1612	490.0
1613	422.0
1614	524.0
1615	456.0
1616	480.0
1617	488.0
1618	484.0
1619	612.0
1620	532.0
1621	510.0
1622	472.0
1623	474.0
1624	494.0
1625	398.0
1626	528.0
1627	464.0
1628	438.0
1629	468.0
1630	446.0
1631	522.0
1632	490.0
1633	422.0
1634	414.0
1635	380.0
1636	550.0
1637	380.0
1638	428.0
1639	498.0
1640	488.0
1641	542.0
1642	376.0
1643	484.0
1644	416.0
1645	448.0
1646	510.0
1647	484.0
1648	414.0
1649	330.0
1650	458.0
1651	618.0
1652	500.0
1653	518.0
1654	444.0
1655	396.0
1656	398.0
1657	506.0
1658	510.0
1659	536.0
1660	602.0
1661	524.0
1662	486.0
1663	530.0
1664	520.0
1665	430.0
1666	420.0
1667	510.0
1668	576.0
1669	492.0
1670	496.0
1671	564.0
1672	412.0
1673	500.0
1674	630.0
1675	470.0
1676	558.0
1677	570.0
1678	550.0
1679	334.0
1680	472.0
1681	416.0
1682	546.0
1683	584.0
1684	398.0
1685	388.0
1686	548.0
1687	558.0
1688	376.0
1689	410.0
1690	386.0
1691	612.0
1692	438.0
1693	434.0
1694	528.0
1695	442.0
1696	616.0
1697	494.0
1698	634.0
1699	544.0
1700	404.0
1701	518.0
1702	462.0
1703	518.0
1704	608.0
1705	376.0
1706	498.0
1707	456.0
1708	424.0
1709	472.0
1710	506.0
1711	490.0
1712	380.0
1713	398.0
1714	500.0
1715	514.0
1716	572.0
1717	480.0
1718	530.0
1719	506.0
1720	536.0
1721	438.0
1722	498.0
1723	574.0
1724	616.0
1725	346.0
1726	446.0
1727	542.0
1728	364.0
1729	436.0
1730	550.0
1731	552.0
1732	598.0
1733	472.0
1734	408.0
1735	402.0
1736	522.0
1737	494.0
1738	550.0
1739	532.0
1740	566.0
1741	604.0
1742	522.0
1743	420.0
1744	444.0
1745	396.0
1746	492.0
1747	536.0
1748	400.0
1749	528.0
1750	568.0
1751	414.0
1752	546.0
1753	522.0
1754	428.0
1755	398.0
1756	444.0
1757	358.0
1758	456.0
1759	494.0
1760	558.0
1761	436.0
1762	558.0
1763	382.0
1764	488.0
1765	380.0
1766	492.0
1767	478.0
1768	530.0
1769	482.0
1770	380.0
1771	510.0
1772	416.0
1773	440.0
1774	468.0
1775	462.0
1776	398.0
1777	450.0
1778	606.0
1779	352.0
1780	670.0
1781	532.0
1782	352.0
1783	518.0
1784	488.0
1785	458.0
1786	526.0
1787	522.0
1788	398.0
1789	432.0
1790	538.0
1791	402.0
1792	314.0
1793	548.0
1794	530.0
1795	486.0
1796	630.0
1797	490.0
1798	486.0
1799	330.0
1800	590.0
1801	358.0
1802	542.0
1803	334.0
1804	528.0
1805	446.0
1806	636.0
1807	620.0
1808	362.0
1809	612.0
1810	622.0
1811	422.0
1812	546.0
1813	580.0
1814	644.0
1815	512.0
1816	340.0
1817	582.0
1818	476.0
1819	520.0
1820	580.0
1821	538.0
1822	564.0
1823	520.0
1824	384.0
1825	598.0
1826	472.0
1827	518.0
1828	444.0
1829	434.0
1830	440.0
1831	428.0
1832	498.0
1833	590.0
1834	392.0
1835	624.0
1836	452.0
1837	484.0
1838	372.0
1839	398.0
1840	526.0
1841	528.0
1842	518.0
1843	454.0
1844	440.0
1845	504.0
1846	474.0
1847	550.0
1848	448.0
1849	472.0
1850	488.0
1851	476.0
1852	490.0
1853	530.0
1854	450.0
1855	632.0
1856	606.0
1857	442.0
1858	506.0
1859	566.0
1860	504.0
1861	474.0
1862	528.0
1863	538.0
1864	586.0
1865	506.0
1866	482.0
1867	342.0
1868	534.0
1869	628.0
1870	528.0
1871	408.0
1872	562.0
1873	440.0
1874	542.0
1875	368.0
1876	422.0
1877	452.0
1878	592.0
1879	408.0
1880	554.0
1881	476.0
1882	540.0
1883	478.0
1884	468.0
1885	316.0
1886	528.0
1887	472.0
1888	558.0
1889	352.0
1890	424.0
1891	478.0
1892	600.0
1893	444.0
1894	402.0
1895	428.0
1896	542.0
1897	428.0
1898	442.0
1899	494.0
1900	414.0
1901	532.0
1902	564.0
1903	628.0
1904	650.0
1905	428.0
1906	534.0
1907	390.0
1908	620.0
1909	464.0
1910	460.0
1911	520.0
1912	470.0
1913	480.0
1914	522.0
1915	626.0
1916	518.0
1917	480.0
1918	506.0
1919	432.0
1920	412.0
1921	522.0
1922	484.0
1923	614.0
1924	524.0
1925	512.0
1926	460.0
1927	332.0
1928	448.0
1929	518.0
1930	572.0
1931	480.0
1932	538.0
1933	506.0
1934	372.0
1935	522.0
1936	556.0
1937	656.0
1938	566.0
1939	472.0
1940	390.0
1941	670.0
1942	624.0
1943	472.0
1944	544.0
1945	456.0
1946	536.0
1947	326.0
1948	508.0
1949	492.0
1950	666.0
1951	388.0
1952	442.0
1953	536.0
1954	452.0
1955	396.0
1956	502.0
1957	486.0
1958	400.0
1959	432.0
1960	354.0
1961	564.0
1962	484.0
1963	416.0
1964	456.0
1965	550.0
1966	294.0
1967	590.0
1968	558.0
1969	436.0
1970	452.0
1971	422.0
1972	604.0
1973	432.0
1974	606.0
1975	468.0
1976	518.0
1977	470.0
1978	384.0
1979	500.0
1980	364.0
1981	602.0
1982	496.0
1983	354.0
1984	546.0
1985	524.0
1986	490.0
1987	420.0
1988	574.0
1989	526.0
1990	506.0
1991	578.0
1992	552.0
1993	490.0
1994	444.0
1995	418.0
1996	426.0
1997	422.0
1998	382.0
1999	512.0
2000	550.0
2001	518.0
2002	508.0
2003	404.0
2004	410.0
2005	536.0
2006	426.0
2007	426.0
2008	430.0
2009	436.0
2010	666.0
2011	424.0
2012	644.0
2013	458.0
2014	380.0
2015	448.0
2016	528.0
2017	482.0
2018	532.0
2019	504.0
2020	468.0
2021	490.0
2022	474.0
2023	582.0
2024	598.0
2025	382.0
2026	554.0
2027	612.0
2028	534.0
2029	430.0
2030	318.0
2031	392.0
2032	578.0
2033	434.0
2034	388.0
2035	514.0
2036	562.0
2037	466.0
2038	456.0
2039	470.0
2040	532.0
2041	594.0
2042	650.0
2043	562.0
2044	476.0
2045	424.0
2046	484.0
2047	392.0
2048	592.0
2049	486.0
2050	424.0
2051	614.0
2052	544.0
2053	456.0
2054	514.0
2055	632.0
2056	546.0
2057	490.0
2058	504.0
2059	540.0
2060	526.0
2061	524.0
2062	492.0
2063	422.0
2064	554.0
2065	438.0
2066	458.0
2067	508.0
2068	490.0
2069	456.0
2070	568.0
2071	426.0
2072	556.0
2073	496.0
2074	444.0
2075	588.0
2076	604.0
2077	420.0
2078	442.0
2079	540.0
2080	426.0
2081	458.0
2082	512.0
2083	524.0
2084	408.0
2085	524.0
2086	460.0
2087	448.0
2088	572.0
2089	442.0
2090	580.0
2091	556.0
2092	534.0
2093	540.0
2094	438.0
2095	536.0
2096	638.0
2097	396.0
2098	480.0
2099	432.0
2100	618.0
2101	594.0
2102	602.0
2103	604.0
2104	402.0
2105	682.0
2106	528.0
2107	422.0
2108	370.0
2109	564.0
2110	552.0
2111	486.0
2112	518.0
2113	550.0
2114	614.0
2115	444.0
2116	646.0
2117	536.0
2118	502.0
2119	624.0
2120	564.0
2121	442.0
2122	410.0
2123	500.0
2124	512.0
2125	364.0
2126	624.0
2127	554.0
2128	548.0
2129	564.0
2130	504.0
2131	388.0
2132	632.0
2133	496.0
2134	474.0
2135	384.0
2136	534.0
2137	536.0
2138	444.0
2139	472.0
2140	452.0
2141	390.0
2142	602.0
2143	530.0
2144	556.0
2145	518.0
2146	618.0
2147	452.0
2148	510.0
2149	354.0
2150	516.0
2151	496.0
2152	506.0
2153	484.0
2154	404.0
2155	426.0
2156	412.0
2157	484.0
2158	486.0
2159	474.0
2160	538.0
2161	650.0
2162	466.0
2163	554.0
2164	422.0
2165	454.0
2166	452.0
2167	412.0
2168	572.0
2169	426.0
2170	486.0
2171	486.0
2172	502.0
2173	348.0
2174	416.0
2175	516.0
2176	516.0
2177	580.0
2178	482.0
2179	438.0
2180	522.0
2181	566.0
2182	514.0
2183	334.0
2184	416.0
2185	502.0
2186	472.0
2187	630.0
2188	452.0
2189	656.0
2190	618.0
2191	430.0
2192	432.0
2193	576.0
2194	602.0
2195	382.0
2196	392.0
2197	424.0
2198	624.0
2199	478.0
2200	562.0
2201	696.0
2202	420.0
2203	530.0
2204	564.0
2205	584.0
2206	448.0
2207	524.0
2208	352.0
2209	516.0
2210	630.0
2211	640.0
2212	696.0
2213	520.0
2214	396.0
2215	558.0
2216	434.0
2217	632.0
2218	494.0
2219	430.0
2220	466.0
2221	360.0
2222	426.0
2223	456.0
2224	372.0
2225	562.0
2226	536.0
2227	532.0
2228	504.0
2229	410.0
2230	434.0
2231	580.0
2232	498.0
2233	462.0
2234	504.0
2235	454.0
2236	442.0
2237	462.0
2238	464.0
2239	466.0
2240	498.0
2241	526.0
2242	518.0
2243	592.0
2244	656.0
2245	450.0
2246	374.0
2247	428.0
2248	430.0
2249	480.0
2250	546.0
2251	630.0
2252	514.0
2253	446.0
2254	500.0
2255	392.0
2256	458.0
2257	438.0
2258	386.0
2259	462.0
2260	494.0
2261	706.0
2262	522.0
2263	494.0
2264	672.0
2265	542.0
2266	626.0
2267	564.0
2268	476.0
2269	460.0
2270	510.0
2271	498.0
2272	444.0
2273	388.0
2274	526.0
2275	528.0
2276	464.0
2277	492.0
2278	536.0
2279	558.0
2280	692.0
2281	546.0
2282	476.0
2283	326.0
2284	438.0
2285	492.0
2286	390.0
2287	432.0
2288	578.0
2289	410.0
2290	576.0
2291	420.0
2292	510.0
2293	572.0
2294	426.0
2295	508.0
2296	470.0
2297	618.0
2298	486.0
2299	592.0
2300	450.0
2301	392.0
2302	358.0
2303	436.0
2304	438.0
2305	496.0
2306	398.0
2307	418.0
2308	348.0
2309	408.0
2310	306.0
2311	498.0
2312	398.0
2313	300.0
2314	316.0
2315	450.0
2316	434.0
2317	404.0
2318	400.0
2319	380.0
2320	364.0
2321	394.0
2322	386.0
2323	564.0
2324	534.0
2325	356.0
2326	416.0
2327	552.0
2328	468.0
2329	444.0
2330	314.0
2331	474.0
2332	330.0
2333	374.0
2334	378.0
2335	408.0
2336	392.0
2337	508.0
2338	342.0
2339	504.0
2340	446.0
2341	268.0
2342	406.0
2343	476.0
2344	440.0
2345	342.0
2346	390.0
2347	408.0
2348	366.0
2349	372.0
2350	418.0
2351	474.0
2352	360.0
2353	448.0
2354	326.0
2355	420.0
2356	346.0
2357	392.0
2358	330.0
2359	468.0
2360	422.0
2361	506.0
2362	406.0
2363	464.0
2364	382.0
2365	460.0
2366	370.0
2367	338.0
2368	458.0
2369	498.0
2370	414.0
2371	378.0
2372	304.0
2373	232.0
2374	396.0
2375	446.0
2376	440.0
2377	442.0
2378	514.0
2379	510.0
2380	350.0
2381	432.0
2382	484.0
2383	566.0
2384	422.0
2385	370.0
2386	354.0
2387	344.0
2388	464.0
2389	414.0
2390	280.0
2391	430.0
2392	374.0
2393	418.0
2394	374.0
2395	418.0
2396	462.0
2397	376.0
2398	452.0
2399	598.0
2400	542.0
2401	378.0
2402	298.0
2403	452.0
2404	404.0
2405	300.0
2406	386.0
2407	450.0
2408	386.0
2409	364.0
2410	572.0
2411	344.0
2412	466.0
2413	420.0
2414	536.0
2415	522.0
2416	374.0
2417	408.0
2418	396.0
2419	380.0
2420	362.0
2421	364.0
2422	306.0
2423	308.0
2424	514.0
2425	464.0
2426	430.0
2427	492.0
2428	474.0
2429	434.0
2430	384.0
2431	378.0
2432	416.0
2433	406.0
2434	430.0
2435	454.0
2436	420.0
2437	424.0
2438	384.0
2439	402.0
2440	488.0
2441	416.0
2442	450.0
2443	416.0
2444	376.0
2445	400.0
2446	404.0
2447	368.0
2448	448.0
2449	558.0
2450	328.0
2451	258.0
2452	396.0
2453	434.0
2454	330.0
2455	476.0
2456	524.0
2457	340.0
2458	504.0
2459	496.0
2460	324.0
2461	410.0
2462	378.0
2463	346.0
2464	466.0
2465	354.0
2466	484.0
2467	468.0
2468	520.0
2469	400.0
2470	336.0
2471	376.0
2472	426.0
2473	370.0
2474	314.0
2475	408.0
2476	472.0
2477	356.0
2478	478.0
2479	400.0
2480	448.0
2481	538.0
2482	514.0
2483	416.0
2484	436.0
2485	476.0
2486	432.0
2487	462.0
2488	370.0
2489	486.0
2490	360.0
2491	370.0
2492	272.0
2493	422.0
2494	520.0
2495	410.0
2496	430.0
2497	444.0
2498	428.0
2499	458.0
2500	440.0
2501	470.0
2502	514.0
2503	492.0
2504	354.0
2505	506.0
2506	426.0
2507	466.0
2508	332.0
2509	302.0
2510	510.0
2511	432.0
2512	346.0
2513	284.0
2514	486.0
2515	496.0
2516	390.0
2517	464.0
2518	358.0
2519	344.0
2520	472.0
2521	504.0
2522	436.0
2523	444.0
2524	614.0
2525	392.0
2526	360.0
2527	398.0
2528	460.0
2529	456.0
2530	392.0
2531	388.0
2532	442.0
2533	422.0
2534	514.0
2535	404.0
2536	368.0
2537	412.0
2538	382.0
2539	412.0
2540	318.0
2541	408.0
2542	408.0
2543	358.0
2544	426.0
2545	504.0
2546	420.0
2547	354.0
2548	466.0
2549	470.0
2550	446.0
2551	454.0
2552	296.0
2553	590.0
2554	472.0
2555	432.0
2556	496.0
2557	368.0
2558	302.0
2559	480.0
2560	474.0
2561	480.0
2562	418.0
2563	280.0
2564	470.0
2565	572.0
2566	362.0
2567	456.0
2568	450.0
2569	438.0
2570	420.0
2571	378.0
2572	464.0
2573	426.0
2574	348.0
2575	434.0
2576	416.0
2577	376.0
2578	398.0
2579	382.0
2580	368.0
2581	472.0
2582	350.0
2583	332.0
2584	344.0
2585	346.0
2586	372.0
2587	582.0
2588	482.0
2589	336.0
2590	596.0
2591	350.0
2592	514.0
2593	410.0
2594	462.0
2595	362.0
2596	450.0
2597	362.0
2598	306.0
2599	394.0
2600	456.0
2601	444.0
2602	332.0
2603	410.0
2604	328.0
2605	412.0
2606	326.0
2607	346.0
2608	474.0
2609	446.0
2610	548.0
2611	456.0
2612	424.0
2613	548.0
2614	416.0
2615	376.0
2616	536.0
2617	466.0
2618	294.0
2619	382.0
2620	366.0
2621	374.0
2622	414.0
2623	250.0
2624	372.0
2625	430.0
2626	378.0
2627	296.0
2628	444.0
2629	386.0
2630	504.0
2631	394.0
2632	350.0
2633	352.0
2634	456.0
2635	368.0
2636	350.0
2637	420.0
2638	334.0
2639	350.0
2640	434.0
2641	442.0
2642	372.0
2643	310.0
2644	324.0
2645	304.0
2646	330.0
2647	396.0
2648	484.0
2649	394.0
2650	448.0
2651	350.0
2652	358.0
2653	486.0
2654	498.0
2655	460.0
2656	382.0
2657	328.0
2658	436.0
2659	458.0
2660	274.0
2661	346.0
2662	444.0
2663	334.0
2664	494.0
2665	408.0
2666	392.0
2667	294.0
2668	408.0
2669	358.0
2670	444.0
2671	322.0
2672	524.0
2673	390.0
2674	600.0
2675	392.0
2676	386.0
2677	390.0
2678	314.0
2679	486.0
2680	452.0
2681	320.0
2682	370.0
2683	560.0
2684	374.0
2685	442.0
2686	502.0
2687	398.0
2688	480.0
2689	460.0
2690	368.0
2691	366.0
2692	430.0
2693	256.0
2694	416.0
2695	438.0
2696	418.0
2697	456.0
2698	470.0
2699	412.0
2700	298.0
2701	402.0
2702	354.0
2703	362.0
2704	352.0
2705	438.0
2706	404.0
2707	380.0
2708	366.0
2709	350.0
2710	348.0
2711	380.0
2712	512.0
2713	492.0
2714	398.0
2715	382.0
2716	442.0
2717	416.0
2718	330.0
2719	458.0
2720	472.0
2721	388.0
2722	374.0
2723	356.0
2724	356.0
2725	422.0
2726	424.0
2727	412.0
2728	352.0
2729	372.0
2730	478.0
2731	308.0
2732	340.0
2733	316.0
2734	282.0
2735	358.0
2736	510.0
2737	388.0
2738	444.0
2739	404.0
2740	484.0
2741	436.0
2742	398.0
2743	486.0
2744	412.0
2745	408.0
2746	548.0
2747	582.0
