0	40064.0
1	40376.0
2	39620.0
3	39636.0
4	39680.0
5	38596.0
6	38244.0
7	37496.0
8	38352.0
9	38888.0
10	38508.0
11	38332.0
12	39020.0
13	40024.0
14	40020.0
15	39024.0
16	39428.0
17	39900.0
18	40132.0
19	39660.0
20	38776.0
21	38796.0
22	39952.0
23	37952.0
24	37588.0
25	39096.0
26	39140.0
27	38168.0
28	38744.0
29	38780.0
30	38784.0
31	38096.0
32	37940.0
33	37116.0
34	39448.0
35	38980.0
36	38092.0
37	38968.0
38	38560.0
39	37736.0
40	38196.0
41	37856.0
42	38560.0
43	38324.0
44	37820.0
45	37636.0
46	37968.0
47	38260.0
48	36784.0
49	37420.0
50	37336.0
51	37856.0
52	38804.0
53	38444.0
54	37992.0
55	37920.0
56	36780.0
57	37080.0
58	37252.0
59	38168.0
60	37368.0
61	38372.0
62	38440.0
63	37924.0
64	37740.0
65	37628.0
66	37308.0
67	37388.0
68	38184.0
69	38916.0
70	38756.0
71	38408.0
72	37832.0
73	37176.0
74	37424.0
75	38344.0
76	37828.0
77	37532.0
78	37732.0
79	37324.0
80	38396.0
81	38132.0
82	37312.0
83	37700.0
84	38508.0
85	37988.0
86	39648.0
87	38392.0
88	37612.0
89	38280.0
90	37128.0
91	37376.0
92	37864.0
93	38004.0
94	38120.0
95	38120.0
96	38968.0
97	37512.0
98	39468.0
99	39748.0
100	39192.0
101	38680.0
102	37704.0
103	37684.0
104	38320.0
105	37868.0
106	36952.0
107	37144.0
108	36712.0
109	37340.0
110	37260.0
111	37136.0
112	37532.0
113	36932.0
114	36456.0
115	36668.0
116	36648.0
117	37428.0
118	37684.0
119	39064.0
120	38432.0
121	36324.0
122	37280.0
123	38688.0
124	37460.0
125	38060.0
126	38652.0
127	38032.0
128	37964.0
129	38932.0
130	38560.0
131	37344.0
132	37356.0
133	38064.0
134	37688.0
135	38060.0
136	37924.0
137	38412.0
138	38588.0
139	37672.0
140	37480.0
141	37416.0
142	38412.0
143	37488.0
144	37880.0
145	37524.0
146	37956.0
147	37836.0
148	38268.0
149	37400.0
150	36864.0
151	37752.0
152	37684.0
153	37176.0
154	38292.0
155	37128.0
156	37248.0
157	38052.0
158	36696.0
159	38068.0
160	38072.0
161	37840.0
162	38192.0
163	36976.0
164	38108.0
165	37136.0
166	37620.0
167	37248.0
168	38056.0
169	37508.0
170	37936.0
171	37476.0
172	37500.0
173	37164.0
174	36352.0
175	37468.0
176	37988.0
177	36940.0
178	37148.0
179	37460.0
180	37468.0
181	37544.0
182	37256.0
183	37156.0
184	36956.0
185	37292.0
186	36976.0
187	37644.0
188	37548.0
189	37076.0
190	36576.0
191	36300.0
192	37788.0
193	36756.0
194	37144.0
195	36724.0
196	36400.0
197	35876.0
198	36600.0
199	37052.0
200	37212.0
201	35956.0
202	36760.0
203	37604.0
204	37208.0
205	36932.0
206	36912.0
207	36492.0
208	37008.0
209	37184.0
210	36852.0
211	36956.0
212	36496.0
213	36928.0
214	37192.0
215	37864.0
216	37396.0
217	37080.0
218	36872.0
219	36856.0
220	37016.0
221	37296.0
222	36376.0
223	36384.0
224	35596.0
225	36136.0
226	35896.0
227	36672.0
228	36644.0
229	37072.0
230	38520.0
231	38368.0
232	36596.0
233	37636.0
234	37188.0
235	36716.0
236	36648.0
237	36676.0
238	36988.0
239	36492.0
240	36940.0
241	36136.0
242	37292.0
243	37212.0
244	37428.0
245	36500.0
246	37484.0
247	37492.0
248	38660.0
249	37796.0
250	38084.0
251	38212.0
252	38276.0
253	38028.0
254	37780.0
255	37372.0
256	36944.0
257	35988.0
258	36272.0
259	38456.0
260	37504.0
261	36856.0
262	38044.0
263	36916.0
264	36124.0
265	36044.0
266	36900.0
267	37296.0
268	37888.0
269	36612.0
270	38060.0
271	37852.0
272	38028.0
273	38252.0
274	37760.0
275	37524.0
276	37904.0
277	37692.0
278	37540.0
279	37480.0
280	37860.0
281	37420.0
282	37628.0
283	37112.0
284	38348.0
285	37852.0
286	37272.0
287	37312.0
288	37440.0
289	37288.0
290	36772.0
291	38324.0
292	37480.0
293	37396.0
294	37196.0
295	37180.0
296	37432.0
297	37588.0
298	37048.0
299	37028.0
300	37452.0
301	37352.0
302	37328.0
303	37044.0
304	37788.0
305	38324.0
306	37748.0
307	37312.0
308	37192.0
309	37780.0
310	36744.0
311	37228.0
312	36596.0
313	37512.0
314	37024.0
315	36740.0
316	36452.0
317	36444.0
318	36668.0
319	36972.0
320	36768.0
321	37048.0
322	37048.0
323	36444.0
324	36448.0
325	36896.0
326	36528.0
327	36500.0
328	36608.0
329	36920.0
330	36812.0
331	37884.0
332	36384.0
333	36004.0
334	36256.0
335	37232.0
336	36344.0
337	36612.0
338	36264.0
339	36556.0
340	36204.0
341	36516.0
342	36312.0
343	35268.0
344	36368.0
345	35812.0
346	36708.0
347	36168.0
348	36604.0
349	35180.0
350	35904.0
351	36060.0
352	36636.0
353	37260.0
354	35696.0
355	36168.0
356	35396.0
357	35744.0
358	36432.0
359	36332.0
360	36148.0
361	36616.0
362	35436.0
363	36880.0
364	35464.0
365	36200.0
366	36172.0
367	36572.0
368	35792.0
369	37116.0
370	37640.0
371	37652.0
372	38108.0
373	37300.0
374	37056.0
375	37948.0
376	38452.0
377	36308.0
378	35968.0
379	36616.0
380	36556.0
381	36456.0
382	37744.0
383	38152.0
384	37464.0
385	37092.0
386	37048.0
387	37716.0
388	37504.0
389	37988.0
390	36172.0
391	36524.0
392	37388.0
393	38052.0
394	37216.0
395	37940.0
396	37808.0
397	37224.0
398	37708.0
399	36280.0
400	36696.0
401	37056.0
402	37156.0
403	37980.0
404	37856.0
405	37320.0
406	37784.0
407	36656.0
408	37444.0
409	38064.0
410	36700.0
411	36960.0
412	36928.0
413	38364.0
414	38044.0
415	37264.0
416	37484.0
417	38276.0
418	37676.0
419	37224.0
420	37584.0
421	37488.0
422	37812.0
423	37408.0
424	38104.0
425	37564.0
426	39032.0
427	38392.0
428	38000.0
429	37876.0
430	37800.0
431	37368.0
432	37404.0
433	38328.0
434	37984.0
435	38140.0
436	37968.0
437	37836.0
438	38272.0
439	38072.0
440	36660.0
441	38488.0
442	37324.0
443	38552.0
444	37908.0
445	37668.0
446	37716.0
447	38736.0
448	38512.0
449	37860.0
450	38216.0
451	38140.0
452	37688.0
453	37616.0
454	37840.0
455	38632.0
456	37920.0
457	37280.0
458	37256.0
459	37972.0
460	37432.0
461	37512.0
462	38032.0
463	37504.0
464	38224.0
465	38424.0
466	37132.0
467	37592.0
468	37556.0
469	37420.0
470	37864.0
471	38032.0
472	37492.0
473	36984.0
474	37448.0
475	38292.0
476	37872.0
477	37348.0
478	37592.0
479	37460.0
480	39608.0
481	37292.0
482	37412.0
483	38124.0
484	37520.0
485	37320.0
486	37328.0
487	38196.0
488	37636.0
489	38436.0
490	37820.0
491	37836.0
492	37688.0
493	38236.0
494	38248.0
495	37780.0
496	37644.0
497	37840.0
498	38304.0
499	37144.0
500	37760.0
501	36620.0
502	37280.0
503	37564.0
504	38364.0
505	37272.0
506	37168.0
507	37676.0
508	36848.0
509	37380.0
510	38940.0
511	38760.0
512	39108.0
513	39112.0
514	37600.0
515	37044.0
516	37748.0
517	38076.0
518	39572.0
519	39584.0
520	39088.0
521	39228.0
522	38628.0
523	39020.0
524	37104.0
525	37536.0
526	37660.0
527	37472.0
528	37600.0
529	36948.0
530	37424.0
531	38708.0
532	38872.0
533	37084.0
534	39120.0
535	36940.0
536	37376.0
537	39024.0
538	38988.0
539	38860.0
540	37860.0
541	38692.0
542	37600.0
543	39160.0
544	38528.0
545	38340.0
546	38600.0
547	38588.0
548	38236.0
549	38184.0
550	38112.0
551	38020.0
552	39248.0
553	38304.0
554	37912.0
555	38156.0
556	38168.0
557	38100.0
558	38352.0
559	38648.0
560	39512.0
561	38476.0
562	38436.0
563	38836.0
564	37672.0
565	38040.0
566	38920.0
567	38772.0
568	39060.0
569	39028.0
570	38880.0
571	38208.0
572	38232.0
573	38336.0
574	39188.0
575	38472.0
576	39364.0
577	38152.0
578	38844.0
579	38608.0
580	39068.0
581	38536.0
582	38316.0
583	38576.0
584	38976.0
585	39108.0
586	38952.0
587	39236.0
588	38832.0
589	38460.0
590	39500.0
591	38392.0
592	37800.0
593	38636.0
594	38848.0
595	38456.0
596	38940.0
597	39308.0
598	38432.0
599	39824.0
600	38980.0
601	38500.0
602	39832.0
603	38692.0
604	38428.0
605	38648.0
606	39216.0
607	39100.0
608	39260.0
609	39220.0
610	38576.0
611	38976.0
612	38680.0
613	38488.0
614	38384.0
615	39200.0
616	38956.0
617	38884.0
618	39124.0
619	38620.0
620	39776.0
621	39172.0
622	39576.0
623	38664.0
624	39112.0
625	38980.0
626	38996.0
627	38664.0
628	38552.0
629	39192.0
630	39204.0
631	38948.0
632	38536.0
633	38064.0
634	39324.0
635	39316.0
636	38280.0
637	39420.0
638	38592.0
639	39692.0
640	38280.0
641	39052.0
642	38680.0
643	38792.0
644	38528.0
645	38852.0
646	38276.0
647	37564.0
648	38132.0
649	38508.0
650	38852.0
651	38224.0
652	38896.0
653	38596.0
654	38340.0
655	39084.0
656	38260.0
657	38660.0
658	38308.0
659	38912.0
660	38568.0
661	38332.0
662	39732.0
663	38032.0
664	38932.0
665	38724.0
666	38224.0
667	38244.0
668	38640.0
669	39052.0
670	39160.0
671	38900.0
672	38616.0
673	38492.0
674	38368.0
675	38692.0
676	39320.0
677	38928.0
678	38840.0
679	38180.0
680	39224.0
681	38972.0
682	38232.0
683	39148.0
684	38544.0
685	38444.0
686	39448.0
687	39132.0
688	39564.0
689	40480.0
690	38644.0
691	39080.0
692	39272.0
693	38908.0
694	39016.0
695	38752.0
696	39208.0
697	39584.0
698	37872.0
699	40040.0
700	39664.0
701	38524.0
702	39716.0
703	38924.0
704	39860.0
705	39492.0
706	39492.0
707	39100.0
708	39704.0
709	39284.0
710	39428.0
711	40292.0
712	38372.0
713	39664.0
714	39464.0
715	39024.0
716	39560.0
717	40196.0
718	39312.0
719	40604.0
720	40104.0
721	40316.0
722	41236.0
723	39544.0
724	41256.0
725	38948.0
726	39100.0
727	40636.0
728	40380.0
729	38776.0
730	39156.0
731	41000.0
732	39376.0
733	39472.0
734	41192.0
735	41124.0
736	40772.0
737	41912.0
738	39432.0
739	40292.0
740	40456.0
741	40320.0
742	39400.0
743	40652.0
744	40736.0
745	40708.0
746	41388.0
747	40008.0
748	40968.0
749	41820.0
750	41120.0
751	40468.0
752	40068.0
753	40220.0
754	40704.0
755	40460.0
756	41132.0
757	40516.0
758	41124.0
759	40160.0
760	41036.0
761	40588.0
762	40388.0
763	40844.0
764	40700.0
765	40460.0
766	39868.0
767	40580.0
768	40388.0
769	40836.0
770	40304.0
771	40044.0
772	40196.0
773	40724.0
774	40764.0
775	40532.0
776	40176.0
777	40204.0
778	39944.0
779	40340.0
780	39756.0
781	40772.0
782	40224.0
783	39420.0
784	40292.0
785	40120.0
786	40656.0
787	40188.0
788	40660.0
789	40616.0
790	40160.0
791	40496.0
792	40344.0
793	40108.0
794	40596.0
795	40316.0
796	39660.0
797	40388.0
798	39684.0
799	40480.0
800	40664.0
801	40972.0
802	40348.0
803	41516.0
804	40180.0
805	41076.0
806	40212.0
807	39896.0
808	40916.0
809	41468.0
810	41552.0
811	39356.0
812	40096.0
813	40072.0
814	41176.0
815	40640.0
816	40556.0
817	41168.0
818	40840.0
819	39952.0
820	41260.0
821	40116.0
822	40496.0
823	41252.0
824	40872.0
825	40868.0
826	40532.0
827	40064.0
828	40532.0
829	40736.0
830	40444.0
831	39948.0
832	40512.0
833	40220.0
834	40176.0
835	40456.0
836	40800.0
837	40308.0
838	40260.0
839	40592.0
840	40372.0
841	40468.0
842	40692.0
843	40652.0
844	40984.0
845	40684.0
846	41276.0
847	41192.0
848	41024.0
849	39644.0
850	40636.0
851	40516.0
852	40212.0
853	40584.0
854	39936.0
855	41224.0
856	40864.0
857	40196.0
858	40576.0
859	40524.0
860	40496.0
861	40472.0
862	41500.0
863	40272.0
864	40372.0
865	40456.0
866	40008.0
867	40900.0
868	40764.0
869	39924.0
870	40192.0
871	40096.0
872	40856.0
873	39856.0
874	39916.0
875	40400.0
876	41000.0
877	40668.0
878	40876.0
879	40868.0
880	39712.0
881	40320.0
882	41508.0
883	40712.0
884	40604.0
885	40504.0
886	40704.0
887	40120.0
888	40972.0
889	40640.0
890	40412.0
891	39888.0
892	40368.0
893	40824.0
894	40600.0
895	40648.0
896	41288.0
897	41336.0
898	40824.0
899	41932.0
900	40880.0
901	39612.0
902	40900.0
903	39580.0
904	40456.0
905	40616.0
906	39988.0
907	40920.0
908	40544.0
909	40928.0
910	41516.0
911	40300.0
912	40352.0
913	40944.0
914	40428.0
915	40164.0
916	40404.0
917	40192.0
918	40432.0
919	41608.0
920	40204.0
921	41464.0
922	40484.0
923	40740.0
924	40668.0
925	40680.0
926	41844.0
927	40928.0
928	40964.0
929	41164.0
930	41096.0
931	41820.0
932	40936.0
933	42540.0
934	42176.0
935	40908.0
936	40840.0
937	42900.0
938	41784.0
939	41864.0
940	41200.0
941	41308.0
942	41500.0
943	42220.0
944	40976.0
945	42724.0
946	42820.0
947	42736.0
948	42820.0
949	42920.0
950	42860.0
951	42380.0
952	42392.0
953	42788.0
954	42020.0
955	42860.0
956	42680.0
957	41924.0
958	42952.0
959	42844.0
960	43704.0
961	42636.0
962	42940.0
963	43248.0
964	42252.0
965	42400.0
966	41860.0
967	43096.0
968	42260.0
969	42916.0
970	43144.0
971	42524.0
972	42724.0
973	41744.0
974	42344.0
975	42152.0
976	42232.0
977	42648.0
978	42204.0
979	42684.0
980	42976.0
981	42680.0
982	41692.0
983	41328.0
984	42612.0
985	41368.0
986	41984.0
987	42528.0
988	42736.0
989	42432.0
990	42492.0
991	42412.0
992	43016.0
993	43672.0
994	42936.0
995	43228.0
996	42948.0
997	42452.0
998	41424.0
999	42116.0
1000	42148.0
1001	42888.0
1002	42392.0
1003	42732.0
1004	43324.0
1005	42520.0
1006	43492.0
1007	42180.0
1008	42596.0
1009	42664.0
1010	42916.0
1011	43320.0
1012	43220.0
1013	42976.0
1014	43332.0
1015	42804.0
1016	42184.0
1017	42512.0
1018	42948.0
1019	43292.0
1020	42888.0
1021	42732.0
1022	42868.0
1023	42924.0
1024	43628.0
1025	42948.0
1026	43840.0
1027	43456.0
1028	43032.0
1029	43216.0
1030	54956.0
1031	43232.0
1032	43032.0
1033	43748.0
1034	42612.0
1035	43108.0
1036	43388.0
1037	43700.0
1038	43136.0
1039	42560.0
1040	43304.0
1041	43216.0
1042	42348.0
1043	42484.0
1044	43332.0
1045	42544.0
1046	43316.0
1047	43604.0
1048	44028.0
1049	43096.0
1050	43720.0
1051	43372.0
1052	42704.0
1053	42728.0
1054	43696.0
1055	43332.0
1056	43220.0
1057	43480.0
1058	42664.0
1059	43036.0
1060	42952.0
1061	42372.0
1062	43264.0
1063	42896.0
1064	42604.0
1065	43080.0
1066	43096.0
1067	43856.0
1068	44264.0
1069	43380.0
1070	42936.0
1071	43560.0
1072	43540.0
1073	44084.0
1074	43212.0
1075	42564.0
1076	44092.0
1077	43436.0
1078	43812.0
1079	42624.0
1080	42620.0
1081	42156.0
1082	42988.0
1083	42796.0
1084	43120.0
1085	42716.0
1086	42988.0
1087	42900.0
1088	43056.0
1089	41832.0
1090	42044.0
1091	43196.0
1092	43356.0
1093	43172.0
1094	43728.0
1095	43216.0
1096	42792.0
1097	42708.0
1098	42708.0
1099	42736.0
1100	42864.0
1101	43248.0
1102	43172.0
1103	42888.0
1104	42368.0
1105	43024.0
1106	42868.0
1107	41776.0
1108	42464.0
1109	42136.0
1110	42912.0
1111	42780.0
1112	42792.0
1113	42728.0
1114	43640.0
1115	43280.0
1116	42772.0
1117	42560.0
1118	43068.0
1119	43156.0
1120	42784.0
1121	42988.0
1122	42752.0
1123	42736.0
1124	42416.0
1125	43820.0
1126	43344.0
1127	43600.0
1128	43276.0
1129	43304.0
1130	43588.0
1131	42252.0
1132	43836.0
1133	43500.0
1134	44560.0
1135	42960.0
1136	42476.0
1137	43180.0
1138	42996.0
1139	43476.0
1140	42280.0
1141	42888.0
1142	43688.0
1143	43072.0
1144	43312.0
1145	43552.0
1146	44204.0
1147	42756.0
1148	42840.0
1149	42848.0
1150	42584.0
1151	42344.0
1152	43240.0
1153	43124.0
1154	42940.0
1155	42980.0
1156	43564.0
1157	43452.0
1158	42932.0
1159	42988.0
1160	44232.0
1161	43356.0
1162	44512.0
1163	43432.0
1164	43236.0
1165	43844.0
1166	43276.0
1167	44088.0
1168	43788.0
1169	43984.0
1170	42916.0
1171	43332.0
1172	43860.0
1173	43788.0
1174	43864.0
1175	43536.0
1176	43764.0
1177	44348.0
1178	43936.0
1179	43760.0
1180	43808.0
1181	43352.0
1182	43236.0
1183	43624.0
1184	43768.0
1185	43416.0
1186	44260.0
1187	43020.0
1188	43876.0
1189	44128.0
1190	43256.0
1191	42996.0
1192	43640.0
1193	42820.0
1194	43388.0
1195	43776.0
1196	43364.0
1197	44616.0
1198	42896.0
1199	42972.0
1200	42700.0
1201	42864.0
1202	42868.0
1203	43228.0
1204	43316.0
1205	43324.0
1206	43656.0
1207	42996.0
1208	42492.0
1209	45160.0
1210	45204.0
1211	44732.0
1212	45164.0
1213	45444.0
1214	44892.0
1215	45104.0
1216	44880.0
1217	44936.0
1218	43384.0
1219	42920.0
1220	43160.0
1221	43352.0
1222	44064.0
1223	43272.0
1224	42964.0
1225	42368.0
1226	42984.0
1227	44604.0
1228	43232.0
1229	43232.0
1230	43844.0
1231	43168.0
1232	43480.0
1233	43520.0
1234	44228.0
1235	43748.0
1236	43772.0
1237	44000.0
1238	44640.0
1239	44036.0
1240	43676.0
1241	43360.0
1242	43692.0
1243	43028.0
1244	44172.0
1245	44268.0
1246	43968.0
1247	44164.0
1248	43740.0
1249	43876.0
1250	43632.0
1251	44364.0
1252	46468.0
1253	45244.0
1254	45948.0
1255	46520.0
1256	44088.0
1257	43928.0
1258	46060.0
1259	46132.0
1260	45336.0
1261	45996.0
1262	46028.0
1263	46412.0
1264	45552.0
1265	45316.0
1266	45740.0
1267	45944.0
1268	45980.0
1269	45260.0
1270	45380.0
1271	45444.0
1272	43876.0
1273	44376.0
1274	45052.0
1275	43652.0
1276	45112.0
1277	45788.0
1278	45168.0
1279	45052.0
1280	46460.0
1281	45572.0
1282	44848.0
1283	44592.0
1284	44944.0
1285	44664.0
1286	44012.0
1287	44408.0
1288	46008.0
1289	46204.0
1290	45152.0
1291	44056.0
1292	45248.0
1293	45500.0
1294	45764.0
1295	44476.0
1296	45268.0
1297	45440.0
1298	44908.0
1299	45084.0
1300	45200.0
1301	45148.0
1302	46124.0
1303	45764.0
1304	45468.0
1305	46068.0
1306	45228.0
1307	45052.0
1308	45356.0
1309	45636.0
1310	45480.0
1311	44708.0
1312	45744.0
1313	45316.0
1314	44948.0
1315	44228.0
1316	44912.0
1317	44852.0
1318	45092.0
1319	44952.0
1320	44840.0
1321	45576.0
1322	45904.0
1323	44424.0
1324	44328.0
1325	44872.0
1326	45056.0
1327	45268.0
1328	45100.0
1329	44936.0
1330	45104.0
1331	44468.0
1332	43424.0
1333	44784.0
1334	44704.0
1335	45288.0
1336	45288.0
1337	44484.0
1338	45876.0
1339	44420.0
1340	44376.0
1341	44164.0
1342	44696.0
1343	45144.0
1344	44704.0
1345	44488.0
1346	44868.0
1347	44136.0
1348	45132.0
1349	44252.0
1350	44708.0
1351	44872.0
1352	44416.0
1353	44236.0
1354	45300.0
1355	44360.0
1356	44676.0
1357	44956.0
1358	44164.0
1359	45052.0
1360	44432.0
1361	45248.0
1362	45080.0
1363	44000.0
1364	44156.0
1365	44120.0
1366	44532.0
1367	44244.0
1368	44144.0
1369	43832.0
1370	44992.0
1371	45280.0
1372	45060.0
1373	44660.0
1374	44856.0
1375	44900.0
1376	45092.0
1377	45156.0
1378	45636.0
1379	44508.0
1380	45284.0
1381	44316.0
1382	44568.0
1383	45148.0
1384	44764.0
1385	44940.0
1386	44048.0
1387	44556.0
1388	45436.0
1389	45040.0
1390	44896.0
1391	44784.0
1392	44776.0
1393	45804.0
1394	44400.0
1395	44688.0
1396	44648.0
1397	44812.0
1398	44328.0
1399	44888.0
1400	44588.0
1401	45704.0
1402	44044.0
1403	45032.0
1404	45544.0
1405	44772.0
1406	44824.0
1407	44596.0
1408	45232.0
1409	44380.0
1410	45364.0
1411	44568.0
1412	44608.0
1413	46108.0
1414	44272.0
1415	43344.0
1416	44392.0
1417	44140.0
1418	44836.0
1419	44660.0
1420	44256.0
1421	44696.0
1422	45000.0
1423	45448.0
1424	44000.0
1425	43904.0
1426	44412.0
1427	44688.0
1428	44704.0
1429	45052.0
1430	45524.0
1431	45004.0
1432	44724.0
1433	44640.0
1434	45156.0
1435	45568.0
1436	44728.0
1437	45144.0
1438	44816.0
1439	45008.0
1440	43952.0
1441	44436.0
1442	44636.0
1443	44904.0
1444	44812.0
1445	43496.0
1446	44808.0
1447	44644.0
1448	44232.0
1449	45028.0
1450	44704.0
1451	44788.0
1452	44948.0
1453	44372.0
1454	45824.0
1455	44688.0
1456	44996.0
1457	44420.0
1458	44128.0
1459	45964.0
1460	44752.0
1461	45720.0
1462	44944.0
1463	44648.0
1464	44384.0
1465	44556.0
1466	44148.0
1467	44648.0
1468	44104.0
1469	44396.0
1470	45016.0
1471	45172.0
1472	44804.0
1473	44420.0
1474	44068.0
1475	45136.0
1476	43768.0
1477	44640.0
1478	44112.0
1479	44476.0
1480	45456.0
1481	44692.0
1482	44396.0
1483	44488.0
1484	44996.0
1485	45468.0
1486	45160.0
1487	45040.0
1488	44712.0
1489	43788.0
1490	43664.0
1491	43628.0
1492	45524.0
1493	45124.0
1494	45016.0
1495	44732.0
1496	44672.0
1497	44852.0
1498	43380.0
1499	44424.0
1500	45176.0
1501	44644.0
1502	45060.0
1503	44624.0
1504	45080.0
1505	45096.0
1506	44228.0
1507	44368.0
1508	45264.0
1509	45744.0
1510	45452.0
1511	44472.0
1512	44736.0
1513	45364.0
1514	45104.0
1515	44624.0
1516	44820.0
1517	45224.0
1518	45996.0
1519	44812.0
1520	45092.0
1521	45080.0
1522	43828.0
1523	44512.0
1524	44128.0
1525	44700.0
1526	44532.0
1527	44688.0
1528	44236.0
1529	44312.0
1530	44512.0
1531	44364.0
1532	43760.0
1533	44100.0
1534	43512.0
1535	44632.0
1536	44180.0
1537	44336.0
1538	44256.0
1539	43916.0
1540	43304.0
1541	45256.0
1542	44112.0
1543	44556.0
1544	44060.0
1545	43868.0
1546	44536.0
1547	43716.0
1548	44476.0
1549	43512.0
1550	43600.0
1551	44940.0
1552	43936.0
1553	43812.0
1554	44292.0
1555	43300.0
1556	43544.0
1557	43308.0
1558	44136.0
1559	43464.0
1560	44688.0
1561	43448.0
1562	43808.0
1563	43028.0
1564	43352.0
1565	43628.0
1566	42864.0
1567	43532.0
1568	43324.0
1569	44024.0
1570	44384.0
1571	44284.0
1572	43684.0
1573	43692.0
1574	43644.0
1575	43528.0
1576	43924.0
1577	44084.0
1578	44360.0
1579	44152.0
1580	44092.0
1581	44632.0
1582	43588.0
1583	43884.0
1584	43512.0
1585	44144.0
1586	44424.0
1587	44248.0
1588	43516.0
1589	43872.0
1590	44124.0
1591	44652.0
1592	44144.0
1593	44512.0
1594	44760.0
1595	44944.0
1596	44448.0
1597	43820.0
1598	44112.0
1599	44180.0
1600	44648.0
1601	43848.0
1602	43892.0
1603	43952.0
1604	43764.0
1605	44832.0
1606	44004.0
1607	43308.0
1608	43628.0
1609	44888.0
1610	44424.0
1611	44288.0
1612	44672.0
1613	44828.0
1614	45040.0
1615	43720.0
1616	43520.0
1617	44220.0
1618	43932.0
1619	43636.0
1620	43932.0
1621	45276.0
1622	44420.0
1623	43744.0
1624	43856.0
1625	43992.0
1626	44428.0
1627	43312.0
1628	44228.0
1629	43856.0
1630	43812.0
1631	43444.0
1632	42860.0
1633	44440.0
1634	43936.0
1635	44260.0
1636	43316.0
1637	43624.0
1638	44368.0
1639	43536.0
1640	43008.0
1641	43420.0
1642	44920.0
1643	43896.0
1644	43748.0
1645	44840.0
1646	44196.0
1647	44148.0
1648	43840.0
1649	43516.0
1650	42792.0
1651	44020.0
1652	43688.0
1653	44332.0
1654	42972.0
1655	43316.0
1656	44340.0
1657	43656.0
1658	43956.0
1659	44528.0
1660	44440.0
1661	43920.0
1662	44256.0
1663	44116.0
1664	43472.0
1665	43196.0
1666	43956.0
1667	43868.0
1668	44544.0
1669	43584.0
1670	44036.0
1671	44240.0
1672	44176.0
1673	44768.0
1674	43432.0
1675	45036.0
1676	44592.0
1677	43956.0
1678	43784.0
1679	43804.0
1680	43724.0
1681	44036.0
1682	43440.0
1683	42640.0
1684	43416.0
1685	44212.0
1686	43208.0
1687	44436.0
1688	43312.0
1689	43732.0
1690	43112.0
1691	42792.0
1692	43816.0
1693	43544.0
1694	42976.0
1695	43024.0
1696	43668.0
1697	43916.0
1698	44168.0
1699	43048.0
1700	43748.0
1701	43972.0
1702	44164.0
1703	43128.0
1704	43648.0
1705	43396.0
1706	42996.0
1707	43744.0
1708	43540.0
1709	43880.0
1710	44396.0
1711	43924.0
1712	43748.0
1713	44092.0
1714	43968.0
1715	43612.0
1716	43152.0
1717	43492.0
1718	43136.0
1719	43740.0
1720	43328.0
1721	43676.0
1722	44124.0
1723	43640.0
1724	42748.0
1725	43332.0
1726	43920.0
1727	44372.0
1728	44680.0
1729	43256.0
1730	44536.0
1731	42252.0
1732	43052.0
1733	43020.0
1734	43932.0
1735	43384.0
1736	42372.0
1737	43824.0
1738	43572.0
1739	42340.0
1740	42908.0
1741	42184.0
1742	42740.0
1743	43004.0
1744	43760.0
1745	43828.0
1746	43144.0
1747	43796.0
1748	43288.0
1749	42192.0
1750	42372.0
1751	43200.0
1752	43396.0
1753	42784.0
1754	42704.0
1755	44048.0
1756	43248.0
1757	43052.0
1758	43064.0
1759	43388.0
1760	42348.0
1761	43180.0
1762	42340.0
1763	43168.0
1764	43940.0
1765	42180.0
1766	42688.0
1767	42376.0
1768	43592.0
1769	42212.0
1770	42584.0
1771	41536.0
1772	42348.0
1773	42152.0
1774	42156.0
1775	42304.0
1776	42772.0
1777	43608.0
1778	42828.0
1779	43284.0
1780	43280.0
1781	43020.0
1782	42172.0
1783	42956.0
1784	43076.0
1785	42568.0
1786	41608.0
1787	42492.0
1788	43096.0
1789	43232.0
1790	41892.0
1791	42908.0
1792	42248.0
1793	44640.0
1794	42672.0
1795	43496.0
1796	42720.0
1797	43276.0
1798	42536.0
1799	41928.0
1800	42116.0
1801	42948.0
1802	42884.0
1803	43136.0
1804	42996.0
1805	43772.0
1806	44016.0
1807	43568.0
1808	42676.0
1809	42912.0
1810	43044.0
1811	43180.0
1812	42880.0
1813	42360.0
1814	42852.0
1815	41996.0
1816	42108.0
1817	42064.0
1818	43268.0
1819	42636.0
1820	42776.0
1821	42584.0
1822	43076.0
1823	42692.0
1824	41464.0
1825	41700.0
1826	41648.0
1827	42532.0
1828	42712.0
1829	43252.0
1830	42380.0
1831	42488.0
1832	41960.0
1833	41992.0
1834	42724.0
1835	43308.0
1836	43308.0
1837	42656.0
1838	43100.0
1839	41872.0
1840	41416.0
1841	42100.0
1842	41984.0
1843	42988.0
1844	42156.0
1845	43100.0
1846	42092.0
1847	43096.0
1848	42520.0
1849	43296.0
1850	42140.0
1851	42352.0
1852	42416.0
1853	43136.0
1854	42724.0
1855	42728.0
1856	42816.0
1857	41960.0
1858	42332.0
1859	42712.0
1860	42620.0
1861	41612.0
1862	42944.0
1863	41788.0
1864	41996.0
1865	41268.0
1866	41528.0
1867	42172.0
1868	42420.0
1869	42788.0
1870	41784.0
1871	42512.0
1872	42584.0
1873	41852.0
1874	42040.0
1875	41220.0
1876	41892.0
1877	40524.0
1878	41132.0
1879	42312.0
1880	41568.0
1881	42376.0
1882	41752.0
1883	40976.0
1884	42060.0
1885	42132.0
1886	42132.0
1887	42100.0
1888	40936.0
1889	41268.0
1890	40880.0
1891	42312.0
1892	42208.0
1893	42064.0
1894	40844.0
1895	42996.0
1896	41972.0
1897	40900.0
1898	41600.0
1899	40940.0
1900	41108.0
1901	41708.0
1902	41416.0
1903	40692.0
1904	41224.0
1905	41460.0
1906	40140.0
1907	41308.0
1908	41112.0
1909	40680.0
1910	41072.0
1911	40684.0
1912	41480.0
1913	40764.0
1914	41704.0
1915	40580.0
1916	40336.0
1917	42096.0
1918	41264.0
1919	40984.0
1920	40388.0
1921	41464.0
1922	41372.0
1923	40904.0
1924	41368.0
1925	41100.0
1926	41200.0
1927	41280.0
1928	41128.0
1929	41204.0
1930	41676.0
1931	41296.0
1932	40332.0
1933	40304.0
1934	41236.0
1935	40952.0
1936	40496.0
1937	41020.0
1938	41192.0
1939	43148.0
1940	40716.0
1941	40716.0
1942	41036.0
1943	40836.0
1944	40724.0
1945	41472.0
1946	41536.0
1947	40948.0
1948	40344.0
1949	41152.0
1950	40692.0
1951	41248.0
1952	40776.0
1953	40928.0
1954	41916.0
1955	40756.0
1956	40948.0
1957	40944.0
1958	40944.0
1959	40876.0
1960	41640.0
1961	41904.0
1962	40732.0
1963	41112.0
1964	40104.0
1965	40888.0
1966	40612.0
1967	40600.0
1968	40860.0
1969	40448.0
1970	40740.0
1971	40440.0
1972	40376.0
1973	40848.0
1974	41092.0
1975	41372.0
1976	42356.0
1977	40980.0
1978	41512.0
1979	41040.0
1980	40680.0
1981	40348.0
1982	40900.0
1983	41052.0
1984	40584.0
1985	40716.0
1986	41200.0
1987	41472.0
1988	40840.0
1989	41364.0
1990	40968.0
1991	40548.0
1992	41152.0
1993	41304.0
1994	39800.0
1995	39900.0
1996	39704.0
1997	40812.0
1998	40352.0
1999	40144.0
2000	41240.0
2001	41020.0
2002	41492.0
2003	41356.0
2004	41420.0
2005	41368.0
2006	41140.0
2007	40636.0
2008	41296.0
2009	41076.0
2010	39520.0
2011	39332.0
2012	39012.0
2013	38828.0
2014	39708.0
2015	39564.0
2016	39080.0
2017	40836.0
2018	40768.0
2019	40304.0
2020	40836.0
2021	40012.0
2022	40700.0
2023	40412.0
2024	38724.0
2025	39836.0
2026	39616.0
2027	40712.0
2028	38688.0
2029	40564.0
2030	38916.0
2031	39364.0
2032	37968.0
2033	37932.0
2034	38528.0
2035	41116.0
2036	40864.0
2037	40464.0
2038	40536.0
2039	40196.0
2040	41392.0
2041	39680.0
2042	40104.0
2043	39536.0
2044	40560.0
2045	39940.0
2046	39912.0
2047	38500.0
2048	38004.0
2049	40456.0
2050	40468.0
2051	39880.0
2052	39948.0
2053	40272.0
2054	39108.0
2055	39848.0
2056	40120.0
2057	39932.0
2058	37808.0
2059	39688.0
2060	38708.0
2061	38616.0
2062	38692.0
2063	40260.0
2064	39628.0
2065	40180.0
2066	39320.0
2067	40788.0
2068	41060.0
2069	40732.0
2070	40964.0
2071	39596.0
2072	38652.0
2073	38176.0
2074	37304.0
2075	38196.0
2076	38684.0
2077	37360.0
2078	38788.0
2079	38248.0
2080	38332.0
2081	39912.0
2082	39656.0
2083	37876.0
2084	38148.0
2085	38156.0
2086	37696.0
2087	37900.0
2088	38036.0
2089	37712.0
2090	37348.0
2091	39120.0
2092	38204.0
2093	38492.0
2094	37596.0
2095	37224.0
2096	38068.0
2097	38660.0
2098	38500.0
2099	37272.0
2100	37468.0
2101	38784.0
2102	38232.0
2103	37632.0
2104	38180.0
2105	37268.0
2106	37540.0
2107	37920.0
2108	40180.0
2109	40012.0
2110	39988.0
2111	38768.0
2112	39588.0
2113	37384.0
2114	38080.0
2115	37336.0
2116	37044.0
2117	37956.0
2118	37756.0
2119	37736.0
2120	38340.0
2121	37996.0
2122	38352.0
2123	37156.0
2124	37888.0
2125	38104.0
2126	37916.0
2127	37684.0
2128	38032.0
2129	37860.0
2130	38384.0
2131	36840.0
2132	37392.0
2133	37328.0
2134	38792.0
2135	39612.0
2136	39736.0
2137	40260.0
2138	37960.0
2139	37416.0
2140	37716.0
2141	36912.0
2142	37040.0
2143	37144.0
2144	37100.0
2145	36980.0
2146	37136.0
2147	37300.0
2148	36872.0
2149	36732.0
2150	36940.0
2151	36900.0
2152	36980.0
2153	37020.0
2154	37428.0
2155	37216.0
2156	36876.0
2157	37848.0
2158	36756.0
2159	37200.0
2160	36916.0
2161	36612.0
2162	36852.0
2163	36816.0
2164	35564.0
2165	37236.0
2166	36348.0
2167	36716.0
2168	37788.0
2169	35684.0
2170	36440.0
2171	36336.0
2172	36296.0
2173	36412.0
2174	35880.0
2175	36376.0
2176	36820.0
2177	37324.0
2178	36832.0
2179	36476.0
2180	36568.0
2181	36552.0
2182	37912.0
2183	36508.0
2184	36640.0
2185	36488.0
2186	36916.0
2187	36272.0
2188	36748.0
2189	36868.0
2190	36192.0
2191	36980.0
2192	37144.0
2193	36820.0
2194	37168.0
2195	36796.0
2196	37204.0
2197	36752.0
2198	37080.0
2199	37184.0
2200	35812.0
2201	37048.0
2202	36472.0
2203	37368.0
2204	37084.0
2205	36932.0
2206	37072.0
2207	36828.0
2208	36504.0
2209	36428.0
2210	37548.0
2211	37608.0
2212	36740.0
2213	37372.0
2214	36532.0
2215	36396.0
2216	37400.0
2217	37320.0
2218	36524.0
2219	37428.0
2220	37676.0
2221	37596.0
2222	37532.0
2223	36624.0
2224	36916.0
2225	37056.0
2226	36084.0
2227	37432.0
2228	36740.0
2229	37144.0
2230	37028.0
2231	36140.0
2232	36076.0
2233	37340.0
2234	36268.0
2235	36476.0
2236	36540.0
2237	36784.0
2238	36424.0
2239	37416.0
2240	36188.0
2241	36956.0
2242	36836.0
2243	36528.0
2244	36608.0
2245	36744.0
2246	36892.0
2247	36604.0
2248	36280.0
2249	36524.0
2250	36012.0
2251	36236.0
2252	35908.0
2253	36544.0
2254	35800.0
2255	36152.0
2256	35740.0
2257	36172.0
2258	36528.0
2259	36848.0
2260	36408.0
2261	36224.0
2262	35876.0
2263	36452.0
2264	35644.0
2265	36168.0
2266	36316.0
2267	35788.0
2268	35652.0
2269	36416.0
2270	36960.0
2271	36564.0
2272	36784.0
2273	36364.0
2274	36544.0
2275	35392.0
2276	36204.0
2277	35872.0
2278	36032.0
2279	35760.0
2280	35244.0
2281	35320.0
2282	35872.0
2283	35220.0
2284	36220.0
2285	36036.0
2286	36008.0
2287	36020.0
2288	35440.0
2289	35936.0
2290	36156.0
2291	35372.0
2292	35516.0
2293	35356.0
2294	35656.0
2295	35972.0
2296	35908.0
2297	35832.0
2298	35816.0
2299	35292.0
2300	36220.0
2301	36324.0
2302	36280.0
2303	35436.0
2304	36280.0
2305	36560.0
2306	35428.0
2307	35992.0
2308	34996.0
2309	36212.0
2310	35876.0
2311	35096.0
2312	35184.0
2313	35656.0
2314	35900.0
2315	35068.0
2316	34948.0
2317	35224.0
2318	35624.0
2319	35624.0
2320	35996.0
2321	35320.0
2322	35064.0
2323	35996.0
2324	35632.0
2325	35704.0
2326	35376.0
2327	35500.0
2328	35552.0
2329	35636.0
2330	35564.0
2331	35608.0
2332	35816.0
2333	36068.0
2334	35500.0
2335	35516.0
2336	35592.0
2337	36140.0
2338	34912.0
2339	35824.0
2340	35736.0
2341	35728.0
2342	35076.0
2343	35604.0
2344	35536.0
2345	35152.0
2346	35072.0
2347	35904.0
2348	34660.0
2349	34588.0
2350	35444.0
2351	35056.0
2352	35008.0
2353	35296.0
2354	35508.0
2355	35044.0
2356	35364.0
2357	34852.0
2358	35084.0
2359	35064.0
2360	34832.0
2361	35280.0
2362	35764.0
2363	35256.0
2364	34380.0
2365	34852.0
2366	35536.0
2367	34692.0
2368	35348.0
2369	35188.0
2370	34484.0
2371	35768.0
2372	34840.0
2373	35320.0
2374	35048.0
2375	35392.0
2376	34228.0
2377	34812.0
2378	36396.0
2379	33992.0
2380	33352.0
2381	33200.0
2382	33200.0
2383	34632.0
2384	34484.0
2385	35256.0
2386	35036.0
2387	33360.0
2388	33068.0
2389	34528.0
2390	34476.0
2391	34072.0
2392	34728.0
2393	34432.0
2394	33756.0
2395	34376.0
2396	34592.0
2397	32612.0
2398	32656.0
2399	32688.0
2400	32804.0
2401	34512.0
2402	35340.0
2403	34512.0
2404	34472.0
2405	34972.0
2406	34044.0
2407	34576.0
2408	34676.0
2409	34736.0
2410	32460.0
2411	32384.0
2412	33064.0
2413	32840.0
2414	32628.0
2415	32024.0
2416	33172.0
2417	32808.0
2418	32240.0
2419	33356.0
2420	32512.0
2421	32512.0
2422	32440.0
2423	32132.0
2424	32560.0
2425	32824.0
2426	33220.0
2427	32248.0
2428	32600.0
2429	32500.0
2430	32992.0
2431	31888.0
2432	32812.0
2433	32344.0
2434	32180.0
2435	32648.0
2436	32116.0
2437	32484.0
2438	32760.0
2439	32464.0
2440	32824.0
2441	32748.0
2442	32352.0
2443	32000.0
2444	33400.0
2445	32316.0
2446	32172.0
2447	31296.0
2448	32380.0
2449	31572.0
2450	32060.0
2451	32052.0
2452	31660.0
2453	32072.0
2454	32284.0
2455	32188.0
2456	32376.0
2457	32328.0
2458	32024.0
2459	31836.0
2460	32368.0
2461	32540.0
2462	32632.0
2463	31656.0
2464	32832.0
2465	31588.0
2466	32212.0
2467	31432.0
2468	32720.0
2469	32180.0
2470	32244.0
2471	31756.0
2472	31932.0
2473	33072.0
2474	31408.0
2475	31748.0
2476	32672.0
2477	32132.0
2478	31224.0
2479	31588.0
2480	30824.0
2481	31372.0
2482	31364.0
2483	31952.0
2484	32196.0
2485	31480.0
2486	32096.0
2487	31764.0
2488	32020.0
2489	31284.0
2490	31240.0
2491	31144.0
2492	32392.0
2493	30856.0
2494	31820.0
2495	31860.0
2496	31228.0
2497	31752.0
2498	31568.0
2499	30776.0
2500	31116.0
2501	30764.0
2502	31280.0
2503	31340.0
2504	30860.0
2505	30880.0
2506	30880.0
2507	31048.0
2508	31264.0
2509	31100.0
2510	31028.0
2511	30620.0
2512	32048.0
2513	31172.0
2514	31372.0
2515	30680.0
2516	31308.0
2517	29984.0
2518	30668.0
2519	30008.0
2520	30460.0
2521	32316.0
2522	30216.0
2523	30472.0
2524	30756.0
2525	31428.0
2526	30320.0
2527	30604.0
2528	30964.0
2529	30504.0
2530	30868.0
2531	30552.0
2532	29976.0
2533	30240.0
2534	30096.0
2535	30504.0
2536	30312.0
2537	30044.0
2538	29436.0
2539	30328.0
2540	29952.0
2541	30168.0
2542	30592.0
2543	30412.0
2544	29592.0
2545	29832.0
2546	29724.0
2547	29508.0
2548	29952.0
2549	30172.0
2550	30264.0
2551	29896.0
2552	29936.0
2553	29068.0
2554	29124.0
2555	29748.0
2556	29336.0
2557	29328.0
2558	29564.0
2559	29292.0
2560	29508.0
2561	29384.0
2562	29440.0
2563	28988.0
2564	30216.0
2565	30640.0
2566	29128.0
2567	29084.0
2568	28196.0
2569	29236.0
2570	29712.0
2571	29300.0
2572	29064.0
2573	29480.0
2574	29084.0
2575	28444.0
2576	28380.0
2577	28900.0
2578	28472.0
2579	28808.0
2580	28420.0
2581	28524.0
2582	28408.0
2583	28524.0
2584	28040.0
2585	28360.0
2586	28580.0
2587	28240.0
2588	28100.0
2589	28368.0
2590	29044.0
2591	28488.0
2592	29272.0
2593	28844.0
2594	28428.0
2595	28124.0
2596	28304.0
2597	28580.0
2598	28836.0
2599	28736.0
2600	28364.0
2601	28368.0
2602	28200.0
2603	28260.0
2604	28488.0
2605	27740.0
2606	27832.0
2607	27984.0
2608	28568.0
2609	27764.0
2610	27992.0
2611	26736.0
2612	27736.0
2613	28148.0
2614	26992.0
2615	28156.0
2616	27156.0
2617	26516.0
2618	27896.0
2619	26884.0
2620	27048.0
2621	26988.0
2622	26172.0
2623	27408.0
2624	27164.0
2625	27640.0
2626	27200.0
2627	27808.0
2628	26852.0
2629	27392.0
2630	26852.0
2631	26792.0
2632	27000.0
2633	26836.0
2634	25520.0
2635	25948.0
2636	25808.0
2637	26048.0
2638	24904.0
2639	27244.0
2640	26736.0
2641	25412.0
2642	26588.0
2643	25744.0
2644	24992.0
2645	24408.0
2646	25028.0
2647	25432.0
2648	25256.0
2649	25532.0
2650	24896.0
2651	24896.0
2652	25124.0
2653	25616.0
2654	24708.0
2655	25108.0
2656	24668.0
2657	25344.0
2658	26228.0
2659	25032.0
2660	24448.0
2661	24740.0
2662	24576.0
2663	24180.0
2664	24436.0
2665	24440.0
2666	25172.0
2667	24528.0
2668	24560.0
2669	24460.0
2670	24672.0
2671	24744.0
2672	24928.0
2673	25308.0
2674	24360.0
2675	25844.0
2676	24248.0
2677	24472.0
2678	24496.0
2679	25192.0
2680	24812.0
2681	24052.0
2682	24712.0
2683	24908.0
2684	24080.0
2685	24208.0
2686	24132.0
2687	24976.0
2688	24148.0
2689	24012.0
2690	24644.0
2691	24000.0
2692	24504.0
2693	23796.0
2694	23776.0
2695	24104.0
2696	23596.0
2697	24344.0
2698	24444.0
2699	23744.0
2700	23756.0
2701	23960.0
2702	23896.0
2703	23388.0
2704	23084.0
2705	23112.0
2706	23708.0
2707	23552.0
2708	23820.0
2709	24496.0
2710	23844.0
2711	24128.0
2712	24124.0
2713	23904.0
2714	23140.0
2715	23896.0
2716	23140.0
2717	23460.0
2718	23848.0
2719	23532.0
2720	23588.0
2721	23504.0
2722	23352.0
2723	25380.0
2724	23540.0
2725	23448.0
2726	23296.0
2727	22968.0
2728	24116.0
2729	22940.0
2730	23424.0
2731	22904.0
2732	23608.0
2733	23588.0
2734	23280.0
2735	22620.0
2736	22804.0
2737	23136.0
2738	22448.0
2739	22940.0
2740	23240.0
2741	22356.0
2742	22728.0
2743	22536.0
2744	22092.0
2745	22440.0
2746	22376.0
2747	22580.0
