0	60.0
1	80.0
2	64.0
3	74.0
4	76.0
5	68.0
6	58.0
7	60.0
8	72.0
9	86.0
10	54.0
11	100.0
12	70.0
13	80.0
14	88.0
15	74.0
16	70.0
17	64.0
18	76.0
19	84.0
20	70.0
21	42.0
22	78.0
23	74.0
24	50.0
25	86.0
26	72.0
27	70.0
28	84.0
29	84.0
30	86.0
31	74.0
32	72.0
33	92.0
34	70.0
35	62.0
36	92.0
37	76.0
38	66.0
39	92.0
40	68.0
41	90.0
42	88.0
43	64.0
44	80.0
45	66.0
46	84.0
47	74.0
48	68.0
49	70.0
50	76.0
51	82.0
52	80.0
53	74.0
54	58.0
55	80.0
56	78.0
57	70.0
58	68.0
59	72.0
60	88.0
61	92.0
62	76.0
63	102.0
64	78.0
65	60.0
66	58.0
67	82.0
68	92.0
69	88.0
70	120.0
71	88.0
72	76.0
73	74.0
74	100.0
75	100.0
76	62.0
77	114.0
78	84.0
79	94.0
80	84.0
81	116.0
82	82.0
83	66.0
84	98.0
85	120.0
86	92.0
87	90.0
88	82.0
89	90.0
90	68.0
91	84.0
92	74.0
93	100.0
94	112.0
95	130.0
96	76.0
97	90.0
98	82.0
99	106.0
100	98.0
101	60.0
102	70.0
103	60.0
104	80.0
105	74.0
106	74.0
107	82.0
108	68.0
109	86.0
110	78.0
111	72.0
112	90.0
113	80.0
114	104.0
115	90.0
116	66.0
117	88.0
118	70.0
119	64.0
120	76.0
121	70.0
122	76.0
123	76.0
124	62.0
125	58.0
126	54.0
127	66.0
128	66.0
129	76.0
130	54.0
131	88.0
132	72.0
133	80.0
134	62.0
135	70.0
136	62.0
137	84.0
138	72.0
139	86.0
140	108.0
141	76.0
142	100.0
143	94.0
144	86.0
145	86.0
146	78.0
147	54.0
148	90.0
149	102.0
150	84.0
151	94.0
152	96.0
153	84.0
154	94.0
155	86.0
156	110.0
157	88.0
158	60.0
159	108.0
160	80.0
161	88.0
162	102.0
163	70.0
164	80.0
165	78.0
166	80.0
167	90.0
168	80.0
169	80.0
170	78.0
171	92.0
172	84.0
173	90.0
174	64.0
175	100.0
176	70.0
177	76.0
178	70.0
179	86.0
180	94.0
181	94.0
182	82.0
183	98.0
184	80.0
185	110.0
186	78.0
187	84.0
188	86.0
189	88.0
190	54.0
191	76.0
192	52.0
193	70.0
194	54.0
195	48.0
196	64.0
197	64.0
198	70.0
199	72.0
200	74.0
201	94.0
202	98.0
203	68.0
204	112.0
205	92.0
206	86.0
207	106.0
208	86.0
209	86.0
210	100.0
211	114.0
212	96.0
213	82.0
214	96.0
215	104.0
216	102.0
217	90.0
218	80.0
219	90.0
220	110.0
221	92.0
222	116.0
223	116.0
224	98.0
225	122.0
226	82.0
227	114.0
228	94.0
229	114.0
230	122.0
231	112.0
232	106.0
233	104.0
234	118.0
235	118.0
236	78.0
237	126.0
238	106.0
239	94.0
240	106.0
241	102.0
242	110.0
243	110.0
244	92.0
245	90.0
246	94.0
247	104.0
248	124.0
249	128.0
250	100.0
251	108.0
252	96.0
253	112.0
254	104.0
255	114.0
256	96.0
257	96.0
258	134.0
259	102.0
260	100.0
261	106.0
262	126.0
263	124.0
264	104.0
265	100.0
266	110.0
267	100.0
268	108.0
269	120.0
270	108.0
271	110.0
272	120.0
273	102.0
274	100.0
275	130.0
276	104.0
277	114.0
278	130.0
279	112.0
280	116.0
281	112.0
282	82.0
283	122.0
284	112.0
285	88.0
286	116.0
287	98.0
288	90.0
289	88.0
290	84.0
291	86.0
292	106.0
293	96.0
294	94.0
295	114.0
296	94.0
297	128.0
298	110.0
299	116.0
300	114.0
301	94.0
302	120.0
303	92.0
304	94.0
305	94.0
306	84.0
307	72.0
308	84.0
309	106.0
310	60.0
311	100.0
312	96.0
313	118.0
314	104.0
315	94.0
316	128.0
317	108.0
318	112.0
319	136.0
320	106.0
321	90.0
322	108.0
323	124.0
324	114.0
325	112.0
326	88.0
327	92.0
328	78.0
329	72.0
330	62.0
331	80.0
332	76.0
333	66.0
334	84.0
335	86.0
336	92.0
337	114.0
338	98.0
339	84.0
340	104.0
341	88.0
342	104.0
343	116.0
344	120.0
345	86.0
346	120.0
347	100.0
348	98.0
349	124.0
350	112.0
351	104.0
352	108.0
353	118.0
354	102.0
355	66.0
356	102.0
357	68.0
358	76.0
359	70.0
360	84.0
361	74.0
362	92.0
363	102.0
364	100.0
365	108.0
366	122.0
367	124.0
368	122.0
369	126.0
370	106.0
371	128.0
372	120.0
373	116.0
374	108.0
375	78.0
376	94.0
377	116.0
378	112.0
379	134.0
380	114.0
381	104.0
382	112.0
383	110.0
384	100.0
385	122.0
386	108.0
387	114.0
388	112.0
389	124.0
390	120.0
391	116.0
392	104.0
393	126.0
394	98.0
395	64.0
396	98.0
397	94.0
398	122.0
399	80.0
400	96.0
401	96.0
402	120.0
403	106.0
404	120.0
405	116.0
406	130.0
407	136.0
408	92.0
409	122.0
410	122.0
411	98.0
412	126.0
413	116.0
414	126.0
415	112.0
416	104.0
417	102.0
418	106.0
419	124.0
420	106.0
421	100.0
422	96.0
423	124.0
424	122.0
425	106.0
426	128.0
427	128.0
428	144.0
429	122.0
430	106.0
431	96.0
432	128.0
433	124.0
434	104.0
435	114.0
436	118.0
437	124.0
438	92.0
439	94.0
440	84.0
441	124.0
442	92.0
443	96.0
444	108.0
445	116.0
446	108.0
447	106.0
448	112.0
449	122.0
450	106.0
451	120.0
452	106.0
453	138.0
454	116.0
455	132.0
456	110.0
457	130.0
458	112.0
459	96.0
460	130.0
461	140.0
462	148.0
463	112.0
464	132.0
465	136.0
466	122.0
467	138.0
468	104.0
469	98.0
470	120.0
471	142.0
472	126.0
473	122.0
474	118.0
475	120.0
476	120.0
477	130.0
478	132.0
479	162.0
480	122.0
481	116.0
482	136.0
483	130.0
484	144.0
485	118.0
486	142.0
487	130.0
488	128.0
489	116.0
490	128.0
491	132.0
492	144.0
493	134.0
494	146.0
495	130.0
496	144.0
497	118.0
498	132.0
499	126.0
500	132.0
501	146.0
502	134.0
503	162.0
504	136.0
505	136.0
506	128.0
507	166.0
508	118.0
509	144.0
510	134.0
511	140.0
512	126.0
513	126.0
514	130.0
515	128.0
516	108.0
517	138.0
518	116.0
519	114.0
520	136.0
521	136.0
522	148.0
523	114.0
524	124.0
525	172.0
526	150.0
527	146.0
528	132.0
529	136.0
530	134.0
531	126.0
532	116.0
533	116.0
534	104.0
535	96.0
536	102.0
537	134.0
538	124.0
539	86.0
540	136.0
541	108.0
542	130.0
543	118.0
544	134.0
545	120.0
546	124.0
547	150.0
548	140.0
549	124.0
550	140.0
551	102.0
552	98.0
553	132.0
554	106.0
555	110.0
556	116.0
557	120.0
558	138.0
559	132.0
560	122.0
561	126.0
562	98.0
563	124.0
564	120.0
565	98.0
566	112.0
567	92.0
568	92.0
569	86.0
570	104.0
571	104.0
572	126.0
573	88.0
574	100.0
575	132.0
576	110.0
577	118.0
578	126.0
579	112.0
580	130.0
581	118.0
582	118.0
583	106.0
584	106.0
585	82.0
586	94.0
587	118.0
588	114.0
589	88.0
590	86.0
591	98.0
592	88.0
593	84.0
594	76.0
595	82.0
596	92.0
597	80.0
598	96.0
599	88.0
600	92.0
601	114.0
602	86.0
603	112.0
604	102.0
605	126.0
606	116.0
607	96.0
608	110.0
609	98.0
610	134.0
611	110.0
612	96.0
613	116.0
614	112.0
615	96.0
616	74.0
617	82.0
618	112.0
619	98.0
620	102.0
621	112.0
622	102.0
623	132.0
624	106.0
625	132.0
626	112.0
627	124.0
628	112.0
629	114.0
630	114.0
631	116.0
632	132.0
633	126.0
634	104.0
635	128.0
636	124.0
637	138.0
638	110.0
639	122.0
640	152.0
641	128.0
642	132.0
643	128.0
644	104.0
645	136.0
646	132.0
647	122.0
648	126.0
649	118.0
650	154.0
651	142.0
652	130.0
653	134.0
654	130.0
655	138.0
656	136.0
657	120.0
658	136.0
659	110.0
660	124.0
661	146.0
662	94.0
663	112.0
664	138.0
665	146.0
666	120.0
667	146.0
668	128.0
669	138.0
670	148.0
671	140.0
672	140.0
673	128.0
674	126.0
675	118.0
676	128.0
677	104.0
678	146.0
679	124.0
680	144.0
681	104.0
682	140.0
683	124.0
684	136.0
685	142.0
686	118.0
687	166.0
688	132.0
689	136.0
690	114.0
691	150.0
692	144.0
693	114.0
694	146.0
695	144.0
696	136.0
697	160.0
698	108.0
699	126.0
700	116.0
701	116.0
702	106.0
703	126.0
704	110.0
705	116.0
706	132.0
707	108.0
708	98.0
709	170.0
710	132.0
711	134.0
712	142.0
713	146.0
714	148.0
715	134.0
716	122.0
717	152.0
718	150.0
719	126.0
720	116.0
721	112.0
722	94.0
723	100.0
724	112.0
725	92.0
726	124.0
727	108.0
728	108.0
729	120.0
730	154.0
731	142.0
732	140.0
733	116.0
734	144.0
735	118.0
736	126.0
737	112.0
738	110.0
739	112.0
740	126.0
741	126.0
742	136.0
743	110.0
744	108.0
745	134.0
746	104.0
747	118.0
748	106.0
749	82.0
750	104.0
751	118.0
752	78.0
753	102.0
754	100.0
755	86.0
756	102.0
757	92.0
758	78.0
759	96.0
760	80.0
761	118.0
762	110.0
763	118.0
764	124.0
765	108.0
766	124.0
767	126.0
768	102.0
769	118.0
770	98.0
771	130.0
772	106.0
773	118.0
774	116.0
775	118.0
776	128.0
777	114.0
778	98.0
779	86.0
780	82.0
781	98.0
782	106.0
783	124.0
784	122.0
785	126.0
786	100.0
787	90.0
788	104.0
789	84.0
790	122.0
791	94.0
792	102.0
793	112.0
794	96.0
795	100.0
796	88.0
797	86.0
798	78.0
799	104.0
800	104.0
801	110.0
802	112.0
803	72.0
804	132.0
805	130.0
806	96.0
807	102.0
808	124.0
809	120.0
810	94.0
811	120.0
812	106.0
813	116.0
814	128.0
815	92.0
816	116.0
817	122.0
818	100.0
819	98.0
820	102.0
821	120.0
822	106.0
823	102.0
824	120.0
825	126.0
826	104.0
827	104.0
828	120.0
829	116.0
830	104.0
831	122.0
832	124.0
833	118.0
834	120.0
835	124.0
836	106.0
837	108.0
838	98.0
839	112.0
840	104.0
841	126.0
842	124.0
843	112.0
844	124.0
845	132.0
846	120.0
847	122.0
848	154.0
849	110.0
850	110.0
851	108.0
852	90.0
853	102.0
854	114.0
855	122.0
856	120.0
857	110.0
858	100.0
859	114.0
860	122.0
861	106.0
862	122.0
863	122.0
864	104.0
865	132.0
866	118.0
867	146.0
868	130.0
869	128.0
870	138.0
871	120.0
872	116.0
873	136.0
874	144.0
875	142.0
876	148.0
877	136.0
878	100.0
879	132.0
880	126.0
881	144.0
882	122.0
883	118.0
884	132.0
885	126.0
886	138.0
887	136.0
888	150.0
889	106.0
890	102.0
891	134.0
892	116.0
893	126.0
894	120.0
895	132.0
896	152.0
897	118.0
898	132.0
899	116.0
900	114.0
901	162.0
902	124.0
903	152.0
904	130.0
905	124.0
906	124.0
907	128.0
908	120.0
909	108.0
910	104.0
911	102.0
912	90.0
913	108.0
914	108.0
915	128.0
916	122.0
917	108.0
918	124.0
919	118.0
920	118.0
921	128.0
922	116.0
923	120.0
924	120.0
925	134.0
926	116.0
927	130.0
928	100.0
929	134.0
930	92.0
931	128.0
932	116.0
933	144.0
934	118.0
935	104.0
936	96.0
937	86.0
938	126.0
939	118.0
940	152.0
941	132.0
942	120.0
943	108.0
944	146.0
945	140.0
946	148.0
947	104.0
948	126.0
949	108.0
950	160.0
951	134.0
952	122.0
953	124.0
954	126.0
955	122.0
956	126.0
957	132.0
958	160.0
959	126.0
960	132.0
961	146.0
962	112.0
963	120.0
964	122.0
965	120.0
966	112.0
967	152.0
968	120.0
969	102.0
970	116.0
971	102.0
972	118.0
973	130.0
974	120.0
975	138.0
976	122.0
977	158.0
978	114.0
979	132.0
980	140.0
981	130.0
982	124.0
983	108.0
984	124.0
985	132.0
986	120.0
987	138.0
988	126.0
989	114.0
990	130.0
991	112.0
992	122.0
993	120.0
994	100.0
995	114.0
996	120.0
997	98.0
998	140.0
999	150.0
1000	110.0
1001	124.0
1002	104.0
1003	114.0
1004	130.0
1005	130.0
1006	122.0
1007	136.0
1008	136.0
1009	122.0
1010	126.0
1011	106.0
1012	124.0
1013	126.0
1014	124.0
1015	134.0
1016	88.0
1017	128.0
1018	98.0
1019	156.0
1020	100.0
1021	92.0
1022	104.0
1023	132.0
1024	108.0
1025	124.0
1026	112.0
1027	104.0
1028	104.0
1029	110.0
1030	132.0
1031	126.0
1032	122.0
1033	118.0
1034	124.0
1035	88.0
1036	148.0
1037	124.0
1038	88.0
1039	84.0
1040	124.0
1041	102.0
1042	110.0
1043	112.0
1044	114.0
1045	140.0
1046	82.0
1047	102.0
1048	100.0
1049	100.0
1050	90.0
1051	90.0
1052	70.0
1053	100.0
1054	92.0
1055	116.0
1056	130.0
1057	106.0
1058	94.0
1059	128.0
1060	126.0
1061	96.0
1062	110.0
1063	134.0
1064	122.0
1065	92.0
1066	122.0
1067	108.0
1068	104.0
1069	104.0
1070	96.0
1071	122.0
1072	100.0
1073	100.0
1074	136.0
1075	96.0
1076	138.0
1077	112.0
1078	120.0
1079	112.0
1080	124.0
1081	100.0
1082	126.0
1083	116.0
1084	82.0
1085	86.0
1086	92.0
1087	112.0
1088	114.0
1089	94.0
1090	120.0
1091	114.0
1092	126.0
1093	124.0
1094	98.0
1095	108.0
1096	126.0
1097	132.0
1098	116.0
1099	102.0
1100	90.0
1101	108.0
1102	102.0
1103	112.0
1104	100.0
1105	88.0
1106	106.0
1107	108.0
1108	78.0
1109	110.0
1110	106.0
1111	120.0
1112	114.0
1113	100.0
1114	112.0
1115	112.0
1116	116.0
1117	128.0
1118	96.0
1119	94.0
1120	106.0
1121	132.0
1122	98.0
1123	130.0
1124	110.0
1125	110.0
1126	108.0
1127	120.0
1128	118.0
1129	132.0
1130	128.0
1131	118.0
1132	124.0
1133	138.0
1134	104.0
1135	118.0
1136	114.0
1137	108.0
1138	110.0
1139	106.0
1140	90.0
1141	98.0
1142	120.0
1143	110.0
1144	110.0
1145	100.0
1146	88.0
1147	136.0
1148	134.0
1149	114.0
1150	112.0
1151	108.0
1152	126.0
1153	114.0
1154	116.0
1155	92.0
1156	106.0
1157	134.0
1158	124.0
1159	124.0
1160	106.0
1161	110.0
1162	152.0
1163	96.0
1164	104.0
1165	154.0
1166	122.0
1167	124.0
1168	114.0
1169	118.0
1170	136.0
1171	122.0
1172	118.0
1173	132.0
1174	104.0
1175	116.0
1176	112.0
1177	122.0
1178	140.0
1179	126.0
1180	110.0
1181	124.0
1182	112.0
1183	100.0
1184	130.0
1185	106.0
1186	116.0
1187	140.0
1188	108.0
1189	106.0
1190	148.0
1191	132.0
1192	136.0
1193	126.0
1194	104.0
1195	112.0
1196	104.0
1197	108.0
1198	126.0
1199	118.0
1200	92.0
1201	100.0
1202	96.0
1203	120.0
1204	114.0
1205	126.0
1206	120.0
1207	94.0
1208	100.0
1209	98.0
1210	120.0
1211	136.0
1212	100.0
1213	110.0
1214	112.0
1215	98.0
1216	112.0
1217	130.0
1218	76.0
1219	120.0
1220	130.0
1221	124.0
1222	108.0
1223	116.0
1224	116.0
1225	106.0
1226	110.0
1227	144.0
1228	98.0
1229	104.0
1230	90.0
1231	78.0
1232	94.0
1233	106.0
1234	108.0
1235	112.0
1236	104.0
1237	110.0
1238	114.0
1239	114.0
1240	112.0
1241	88.0
1242	122.0
1243	104.0
1244	138.0
1245	104.0
1246	110.0
1247	108.0
1248	130.0
1249	140.0
1250	114.0
1251	112.0
1252	108.0
1253	90.0
1254	108.0
1255	118.0
1256	128.0
1257	102.0
1258	118.0
1259	136.0
1260	110.0
1261	106.0
1262	88.0
1263	110.0
1264	108.0
1265	116.0
1266	132.0
1267	106.0
1268	106.0
1269	112.0
1270	110.0
1271	126.0
1272	124.0
1273	134.0
1274	106.0
1275	110.0
1276	124.0
1277	136.0
1278	114.0
1279	104.0
1280	114.0
1281	130.0
1282	114.0
1283	104.0
1284	102.0
1285	102.0
1286	84.0
1287	98.0
1288	90.0
1289	90.0
1290	100.0
1291	98.0
1292	128.0
1293	118.0
1294	120.0
1295	126.0
1296	94.0
1297	82.0
1298	98.0
1299	86.0
1300	100.0
1301	90.0
1302	104.0
1303	120.0
1304	118.0
1305	116.0
1306	104.0
1307	100.0
1308	70.0
1309	90.0
1310	120.0
1311	116.0
1312	90.0
1313	108.0
1314	88.0
1315	94.0
1316	106.0
1317	98.0
1318	72.0
1319	86.0
1320	84.0
1321	92.0
1322	86.0
1323	100.0
1324	84.0
1325	78.0
1326	96.0
1327	92.0
1328	84.0
1329	102.0
1330	128.0
1331	100.0
1332	92.0
1333	114.0
1334	130.0
1335	110.0
1336	106.0
1337	104.0
1338	98.0
1339	124.0
1340	122.0
1341	90.0
1342	88.0
1343	100.0
1344	92.0
1345	98.0
1346	86.0
1347	86.0
1348	76.0
1349	76.0
1350	90.0
1351	84.0
1352	92.0
1353	94.0
1354	104.0
1355	104.0
1356	104.0
1357	96.0
1358	104.0
1359	104.0
1360	128.0
1361	106.0
1362	128.0
1363	106.0
1364	98.0
1365	118.0
1366	124.0
1367	96.0
1368	124.0
1369	90.0
1370	90.0
1371	106.0
1372	78.0
1373	88.0
1374	86.0
1375	106.0
1376	100.0
1377	86.0
1378	104.0
1379	132.0
1380	122.0
1381	102.0
1382	90.0
1383	136.0
1384	102.0
1385	118.0
1386	112.0
1387	116.0
1388	118.0
1389	78.0
1390	120.0
1391	132.0
1392	110.0
1393	120.0
1394	108.0
1395	106.0
1396	80.0
1397	86.0
1398	102.0
1399	116.0
1400	120.0
1401	120.0
1402	90.0
1403	96.0
1404	100.0
1405	86.0
1406	100.0
1407	112.0
1408	102.0
1409	108.0
1410	114.0
1411	112.0
1412	110.0
1413	120.0
1414	92.0
1415	76.0
1416	72.0
1417	86.0
1418	102.0
1419	92.0
1420	82.0
1421	104.0
1422	126.0
1423	94.0
1424	110.0
1425	98.0
1426	114.0
1427	100.0
1428	108.0
1429	108.0
1430	106.0
1431	100.0
1432	110.0
1433	86.0
1434	128.0
1435	100.0
1436	106.0
1437	86.0
1438	104.0
1439	78.0
1440	74.0
1441	90.0
1442	90.0
1443	88.0
1444	74.0
1445	74.0
1446	104.0
1447	84.0
1448	112.0
1449	130.0
1450	106.0
1451	104.0
1452	84.0
1453	116.0
1454	112.0
1455	92.0
1456	102.0
1457	108.0
1458	86.0
1459	96.0
1460	102.0
1461	126.0
1462	98.0
1463	88.0
1464	118.0
1465	106.0
1466	88.0
1467	106.0
1468	82.0
1469	82.0
1470	106.0
1471	74.0
1472	102.0
1473	100.0
1474	92.0
1475	96.0
1476	106.0
1477	78.0
1478	126.0
1479	100.0
1480	112.0
1481	96.0
1482	118.0
1483	108.0
1484	106.0
1485	90.0
1486	102.0
1487	96.0
1488	94.0
1489	122.0
1490	90.0
1491	108.0
1492	98.0
1493	92.0
1494	108.0
1495	92.0
1496	136.0
1497	102.0
1498	98.0
1499	98.0
1500	106.0
1501	104.0
1502	84.0
1503	96.0
1504	98.0
1505	86.0
1506	94.0
1507	88.0
1508	86.0
1509	106.0
1510	122.0
1511	104.0
1512	120.0
1513	90.0
1514	106.0
1515	96.0
1516	92.0
1517	86.0
1518	90.0
1519	78.0
1520	90.0
1521	106.0
1522	90.0
1523	102.0
1524	110.0
1525	102.0
1526	104.0
1527	98.0
1528	98.0
1529	118.0
1530	100.0
1531	104.0
1532	118.0
1533	100.0
1534	94.0
1535	96.0
1536	106.0
1537	84.0
1538	94.0
1539	104.0
1540	112.0
1541	96.0
1542	102.0
1543	96.0
1544	82.0
1545	126.0
1546	108.0
1547	94.0
1548	104.0
1549	110.0
1550	106.0
1551	116.0
1552	70.0
1553	84.0
1554	98.0
1555	110.0
1556	122.0
1557	88.0
1558	98.0
1559	100.0
1560	86.0
1561	86.0
1562	128.0
1563	98.0
1564	84.0
1565	120.0
1566	110.0
1567	110.0
1568	102.0
1569	92.0
1570	130.0
1571	90.0
1572	112.0
1573	120.0
1574	114.0
1575	104.0
1576	106.0
1577	90.0
1578	92.0
1579	96.0
1580	134.0
1581	98.0
1582	90.0
1583	108.0
1584	122.0
1585	124.0
1586	102.0
1587	100.0
1588	102.0
1589	106.0
1590	72.0
1591	98.0
1592	94.0
1593	110.0
1594	80.0
1595	96.0
1596	88.0
1597	76.0
1598	88.0
1599	84.0
1600	78.0
1601	92.0
1602	92.0
1603	86.0
1604	96.0
1605	122.0
1606	100.0
1607	100.0
1608	86.0
1609	94.0
1610	102.0
1611	112.0
1612	98.0
1613	104.0
1614	110.0
1615	102.0
1616	90.0
1617	84.0
1618	84.0
1619	96.0
1620	74.0
1621	82.0
1622	82.0
1623	68.0
1624	70.0
1625	82.0
1626	66.0
1627	80.0
1628	94.0
1629	96.0
1630	68.0
1631	86.0
1632	94.0
1633	112.0
1634	78.0
1635	90.0
1636	108.0
1637	104.0
1638	78.0
1639	92.0
1640	106.0
1641	78.0
1642	88.0
1643	106.0
1644	92.0
1645	94.0
1646	88.0
1647	74.0
1648	64.0
1649	50.0
1650	68.0
1651	70.0
1652	74.0
1653	72.0
1654	78.0
1655	82.0
1656	68.0
1657	122.0
1658	96.0
1659	108.0
1660	92.0
1661	102.0
1662	90.0
1663	130.0
1664	88.0
1665	108.0
1666	76.0
1667	80.0
1668	96.0
1669	90.0
1670	98.0
1671	104.0
1672	96.0
1673	94.0
1674	106.0
1675	82.0
1676	98.0
1677	98.0
1678	120.0
1679	96.0
1680	96.0
1681	86.0
1682	72.0
1683	78.0
1684	100.0
1685	90.0
1686	96.0
1687	124.0
1688	86.0
1689	116.0
1690	112.0
1691	108.0
1692	100.0
1693	90.0
1694	120.0
1695	120.0
1696	110.0
1697	92.0
1698	88.0
1699	98.0
1700	96.0
1701	120.0
1702	86.0
1703	80.0
1704	102.0
1705	94.0
1706	100.0
1707	80.0
1708	88.0
1709	100.0
1710	84.0
1711	90.0
1712	88.0
1713	94.0
1714	86.0
1715	86.0
1716	88.0
1717	78.0
1718	92.0
1719	92.0
1720	84.0
1721	112.0
1722	96.0
1723	110.0
1724	110.0
1725	94.0
1726	104.0
1727	80.0
1728	94.0
1729	74.0
1730	114.0
1731	110.0
1732	98.0
1733	124.0
1734	106.0
1735	120.0
1736	90.0
1737	96.0
1738	92.0
1739	96.0
1740	90.0
1741	96.0
1742	80.0
1743	110.0
1744	86.0
1745	92.0
1746	108.0
1747	98.0
1748	108.0
1749	82.0
1750	106.0
1751	90.0
1752	88.0
1753	110.0
1754	114.0
1755	110.0
1756	98.0
1757	98.0
1758	90.0
1759	98.0
1760	88.0
1761	92.0
1762	106.0
1763	110.0
1764	72.0
1765	100.0
1766	80.0
1767	124.0
1768	84.0
1769	72.0
1770	108.0
1771	96.0
1772	84.0
1773	74.0
1774	94.0
1775	76.0
1776	98.0
1777	74.0
1778	86.0
1779	98.0
1780	76.0
1781	102.0
1782	90.0
1783	96.0
1784	74.0
1785	98.0
1786	88.0
1787	102.0
1788	82.0
1789	98.0
1790	84.0
1791	104.0
1792	68.0
1793	84.0
1794	86.0
1795	56.0
1796	76.0
1797	80.0
1798	82.0
1799	86.0
1800	86.0
1801	78.0
1802	84.0
1803	82.0
1804	68.0
1805	80.0
1806	86.0
1807	78.0
1808	90.0
1809	82.0
1810	94.0
1811	92.0
1812	90.0
1813	76.0
1814	76.0
1815	96.0
1816	104.0
1817	102.0
1818	80.0
1819	110.0
1820	92.0
1821	80.0
1822	106.0
1823	80.0
1824	82.0
1825	92.0
1826	86.0
1827	84.0
1828	104.0
1829	84.0
1830	84.0
1831	110.0
1832	76.0
1833	98.0
1834	76.0
1835	82.0
1836	78.0
1837	82.0
1838	84.0
1839	94.0
1840	88.0
1841	90.0
1842	100.0
1843	84.0
1844	106.0
1845	82.0
1846	82.0
1847	90.0
1848	110.0
1849	80.0
1850	90.0
1851	94.0
1852	72.0
1853	66.0
1854	92.0
1855	98.0
1856	90.0
1857	60.0
1858	74.0
1859	90.0
1860	94.0
1861	90.0
1862	94.0
1863	76.0
1864	112.0
1865	84.0
1866	80.0
1867	94.0
1868	94.0
1869	98.0
1870	94.0
1871	120.0
1872	78.0
1873	76.0
1874	98.0
1875	100.0
1876	78.0
1877	86.0
1878	112.0
1879	108.0
1880	100.0
1881	84.0
1882	88.0
1883	94.0
1884	104.0
1885	94.0
1886	102.0
1887	70.0
1888	94.0
1889	72.0
1890	96.0
1891	98.0
1892	98.0
1893	90.0
1894	94.0
1895	90.0
1896	94.0
1897	98.0
1898	74.0
1899	82.0
1900	102.0
1901	84.0
1902	78.0
1903	90.0
1904	78.0
1905	104.0
1906	90.0
1907	84.0
1908	92.0
1909	126.0
1910	116.0
1911	94.0
1912	84.0
1913	96.0
1914	76.0
1915	90.0
1916	106.0
1917	72.0
1918	106.0
1919	62.0
1920	100.0
1921	82.0
1922	80.0
1923	82.0
1924	74.0
1925	82.0
1926	92.0
1927	90.0
1928	70.0
1929	76.0
1930	78.0
1931	90.0
1932	102.0
1933	90.0
1934	94.0
1935	82.0
1936	104.0
1937	96.0
1938	70.0
1939	72.0
1940	70.0
1941	84.0
1942	80.0
1943	80.0
1944	82.0
1945	92.0
1946	78.0
1947	62.0
1948	78.0
1949	102.0
1950	90.0
1951	94.0
1952	90.0
1953	86.0
1954	94.0
1955	100.0
1956	84.0
1957	86.0
1958	74.0
1959	96.0
1960	96.0
1961	102.0
1962	92.0
1963	100.0
1964	66.0
1965	100.0
1966	94.0
1967	82.0
1968	76.0
1969	96.0
1970	114.0
1971	82.0
1972	92.0
1973	112.0
1974	74.0
1975	104.0
1976	90.0
1977	106.0
1978	88.0
1979	64.0
1980	106.0
1981	102.0
1982	96.0
1983	66.0
1984	112.0
1985	100.0
1986	102.0
1987	96.0
1988	104.0
1989	86.0
1990	80.0
1991	106.0
1992	88.0
1993	108.0
1994	80.0
1995	86.0
1996	100.0
1997	82.0
1998	92.0
1999	84.0
2000	92.0
2001	64.0
2002	88.0
2003	88.0
2004	94.0
2005	90.0
2006	72.0
2007	76.0
2008	68.0
2009	102.0
2010	96.0
2011	94.0
2012	94.0
2013	72.0
2014	98.0
2015	82.0
2016	108.0
2017	80.0
2018	82.0
2019	108.0
2020	66.0
2021	78.0
2022	78.0
2023	62.0
2024	80.0
2025	66.0
2026	82.0
2027	84.0
2028	88.0
2029	76.0
2030	96.0
2031	102.0
2032	72.0
2033	72.0
2034	86.0
2035	74.0
2036	72.0
2037	96.0
2038	92.0
2039	80.0
2040	72.0
2041	94.0
2042	96.0
2043	82.0
2044	108.0
2045	86.0
2046	96.0
2047	84.0
2048	86.0
2049	88.0
2050	80.0
2051	82.0
2052	74.0
2053	98.0
2054	74.0
2055	74.0
2056	84.0
2057	94.0
2058	80.0
2059	76.0
2060	90.0
2061	94.0
2062	82.0
2063	94.0
2064	90.0
2065	96.0
2066	116.0
2067	110.0
2068	92.0
2069	70.0
2070	96.0
2071	90.0
2072	72.0
2073	78.0
2074	84.0
2075	82.0
2076	74.0
2077	104.0
2078	80.0
2079	96.0
2080	78.0
2081	84.0
2082	100.0
2083	98.0
2084	78.0
2085	72.0
2086	80.0
2087	104.0
2088	102.0
2089	82.0
2090	80.0
2091	90.0
2092	118.0
2093	102.0
2094	112.0
2095	74.0
2096	90.0
2097	60.0
2098	82.0
2099	66.0
2100	72.0
2101	64.0
2102	62.0
2103	88.0
2104	80.0
2105	96.0
2106	76.0
2107	90.0
2108	110.0
2109	96.0
2110	90.0
2111	100.0
2112	84.0
2113	84.0
2114	86.0
2115	84.0
2116	74.0
2117	68.0
2118	92.0
2119	106.0
2120	94.0
2121	86.0
2122	68.0
2123	102.0
2124	76.0
2125	68.0
2126	70.0
2127	76.0
2128	74.0
2129	74.0
2130	82.0
2131	88.0
2132	80.0
2133	74.0
2134	68.0
2135	94.0
2136	92.0
2137	72.0
2138	74.0
2139	92.0
2140	92.0
2141	66.0
2142	102.0
2143	94.0
2144	76.0
2145	82.0
2146	80.0
2147	84.0
2148	76.0
2149	76.0
2150	106.0
2151	90.0
2152	76.0
2153	98.0
2154	74.0
2155	96.0
2156	92.0
2157	88.0
2158	84.0
2159	106.0
2160	84.0
2161	84.0
2162	84.0
2163	72.0
2164	88.0
2165	62.0
2166	96.0
2167	94.0
2168	88.0
2169	72.0
2170	68.0
2171	72.0
2172	84.0
2173	80.0
2174	84.0
2175	90.0
2176	94.0
2177	82.0
2178	82.0
2179	76.0
2180	86.0
2181	72.0
2182	92.0
2183	80.0
2184	76.0
2185	84.0
2186	88.0
2187	74.0
2188	76.0
2189	110.0
2190	98.0
2191	84.0
2192	92.0
2193	98.0
2194	114.0
2195	96.0
2196	92.0
2197	88.0
2198	78.0
2199	96.0
2200	94.0
2201	76.0
2202	94.0
2203	94.0
2204	78.0
2205	76.0
2206	88.0
2207	88.0
2208	98.0
2209	80.0
2210	68.0
2211	100.0
2212	106.0
2213	82.0
2214	90.0
2215	72.0
2216	88.0
2217	74.0
2218	80.0
2219	84.0
2220	108.0
2221	82.0
2222	90.0
2223	78.0
2224	86.0
2225	80.0
2226	94.0
2227	80.0
2228	90.0
2229	88.0
2230	90.0
2231	98.0
2232	86.0
2233	94.0
2234	102.0
2235	86.0
2236	84.0
2237	70.0
2238	78.0
2239	76.0
2240	90.0
2241	88.0
2242	94.0
2243	86.0
2244	62.0
2245	82.0
2246	86.0
2247	84.0
2248	88.0
2249	110.0
2250	90.0
2251	88.0
2252	96.0
2253	76.0
2254	110.0
2255	104.0
2256	66.0
2257	72.0
2258	100.0
2259	68.0
2260	94.0
2261	90.0
2262	94.0
2263	74.0
2264	84.0
2265	80.0
2266	92.0
2267	82.0
2268	74.0
2269	76.0
2270	62.0
2271	106.0
2272	88.0
2273	96.0
2274	64.0
2275	60.0
2276	88.0
2277	98.0
2278	86.0
2279	86.0
2280	68.0
2281	76.0
2282	80.0
2283	74.0
2284	88.0
2285	76.0
2286	72.0
2287	100.0
2288	80.0
2289	60.0
2290	88.0
2291	90.0
2292	92.0
2293	86.0
2294	72.0
2295	88.0
2296	100.0
2297	104.0
2298	90.0
2299	86.0
2300	68.0
2301	80.0
2302	84.0
2303	76.0
2304	76.0
2305	96.0
2306	74.0
2307	68.0
2308	88.0
2309	96.0
2310	70.0
2311	90.0
2312	90.0
2313	72.0
2314	68.0
2315	94.0
2316	88.0
2317	84.0
2318	76.0
2319	74.0
2320	74.0
2321	78.0
2322	78.0
2323	80.0
2324	90.0
2325	82.0
2326	110.0
2327	92.0
2328	82.0
2329	116.0
2330	114.0
2331	82.0
2332	80.0
2333	74.0
2334	110.0
2335	94.0
2336	110.0
2337	98.0
2338	80.0
2339	80.0
2340	92.0
2341	90.0
2342	104.0
2343	88.0
2344	102.0
2345	100.0
2346	118.0
2347	92.0
2348	90.0
2349	102.0
2350	120.0
2351	102.0
2352	96.0
2353	98.0
2354	80.0
2355	104.0
2356	86.0
2357	98.0
2358	96.0
2359	88.0
2360	94.0
2361	112.0
2362	112.0
2363	92.0
2364	84.0
2365	104.0
2366	102.0
2367	78.0
2368	88.0
2369	94.0
2370	110.0
2371	96.0
2372	98.0
2373	66.0
2374	70.0
2375	106.0
2376	60.0
2377	90.0
2378	106.0
2379	86.0
2380	106.0
2381	84.0
2382	96.0
2383	88.0
2384	80.0
2385	114.0
2386	98.0
2387	102.0
2388	98.0
2389	94.0
2390	124.0
2391	82.0
2392	116.0
2393	120.0
2394	116.0
2395	106.0
2396	92.0
2397	104.0
2398	76.0
2399	84.0
2400	92.0
2401	84.0
2402	88.0
2403	108.0
2404	112.0
2405	88.0
2406	62.0
2407	82.0
2408	120.0
2409	92.0
2410	78.0
2411	82.0
2412	104.0
2413	128.0
2414	80.0
2415	112.0
2416	130.0
2417	90.0
2418	106.0
2419	114.0
2420	92.0
2421	84.0
2422	82.0
2423	90.0
2424	90.0
2425	90.0
2426	76.0
2427	98.0
2428	104.0
2429	98.0
2430	110.0
2431	114.0
2432	98.0
2433	116.0
2434	116.0
2435	96.0
2436	92.0
2437	82.0
2438	88.0
2439	76.0
2440	96.0
2441	106.0
2442	104.0
2443	86.0
2444	92.0
2445	104.0
2446	82.0
2447	96.0
2448	104.0
2449	100.0
2450	110.0
2451	108.0
2452	86.0
2453	94.0
2454	66.0
2455	88.0
2456	94.0
2457	102.0
2458	106.0
2459	100.0
2460	114.0
2461	100.0
2462	80.0
2463	104.0
2464	104.0
2465	92.0
2466	80.0
2467	82.0
2468	100.0
2469	98.0
2470	88.0
2471	96.0
2472	96.0
2473	76.0
2474	116.0
2475	84.0
2476	98.0
2477	110.0
2478	70.0
2479	108.0
2480	98.0
2481	96.0
2482	90.0
2483	88.0
2484	110.0
2485	94.0
2486	102.0
2487	116.0
2488	98.0
2489	86.0
2490	122.0
2491	110.0
2492	114.0
2493	104.0
2494	108.0
2495	100.0
2496	94.0
2497	110.0
2498	106.0
2499	118.0
2500	100.0
2501	130.0
2502	118.0
2503	106.0
2504	114.0
2505	102.0
2506	96.0
2507	100.0
2508	114.0
2509	106.0
2510	90.0
2511	140.0
2512	116.0
2513	114.0
2514	82.0
2515	118.0
2516	116.0
2517	92.0
2518	112.0
2519	110.0
2520	112.0
2521	122.0
2522	88.0
2523	92.0
2524	130.0
2525	120.0
2526	112.0
2527	124.0
2528	92.0
2529	116.0
2530	122.0
2531	112.0
2532	126.0
2533	110.0
2534	126.0
2535	126.0
2536	106.0
2537	118.0
2538	118.0
2539	108.0
2540	114.0
2541	114.0
2542	102.0
2543	122.0
2544	114.0
2545	106.0
2546	120.0
2547	100.0
2548	116.0
2549	114.0
2550	124.0
2551	106.0
2552	114.0
2553	110.0
2554	106.0
2555	146.0
2556	92.0
2557	108.0
2558	108.0
2559	108.0
2560	104.0
2561	114.0
2562	116.0
2563	130.0
2564	108.0
2565	116.0
2566	84.0
2567	100.0
2568	112.0
2569	110.0
2570	126.0
2571	130.0
2572	116.0
2573	120.0
2574	118.0
2575	142.0
2576	100.0
2577	112.0
2578	116.0
2579	118.0
2580	114.0
2581	130.0
2582	114.0
2583	140.0
2584	76.0
2585	130.0
2586	126.0
2587	108.0
2588	152.0
2589	140.0
2590	124.0
2591	112.0
2592	134.0
2593	116.0
2594	150.0
2595	136.0
2596	130.0
2597	118.0
2598	110.0
2599	124.0
2600	112.0
2601	104.0
2602	124.0
2603	132.0
2604	126.0
2605	130.0
2606	120.0
2607	148.0
2608	158.0
2609	128.0
2610	180.0
2611	122.0
2612	142.0
2613	118.0
2614	152.0
2615	136.0
2616	138.0
2617	110.0
2618	90.0
2619	140.0
2620	136.0
2621	128.0
2622	144.0
2623	102.0
2624	140.0
2625	138.0
2626	180.0
2627	112.0
2628	142.0
2629	136.0
2630	128.0
2631	126.0
2632	118.0
2633	132.0
2634	144.0
2635	122.0
2636	140.0
2637	134.0
2638	142.0
2639	134.0
2640	144.0
2641	140.0
2642	142.0
2643	118.0
2644	130.0
2645	108.0
2646	134.0
2647	104.0
2648	148.0
2649	130.0
2650	136.0
2651	140.0
2652	130.0
2653	142.0
2654	136.0
2655	176.0
2656	154.0
2657	150.0
2658	142.0
2659	130.0
2660	116.0
2661	152.0
2662	132.0
2663	150.0
2664	156.0
2665	120.0
2666	128.0
2667	166.0
2668	136.0
2669	144.0
2670	150.0
2671	162.0
2672	122.0
2673	176.0
2674	124.0
2675	140.0
2676	176.0
2677	148.0
2678	150.0
2679	164.0
2680	156.0
2681	124.0
2682	176.0
2683	124.0
2684	162.0
2685	138.0
2686	158.0
2687	168.0
2688	176.0
2689	174.0
2690	182.0
2691	152.0
2692	148.0
2693	160.0
2694	144.0
2695	156.0
2696	126.0
2697	138.0
2698	140.0
2699	166.0
2700	192.0
2701	198.0
2702	144.0
2703	166.0
2704	154.0
2705	182.0
2706	176.0
2707	146.0
2708	160.0
2709	158.0
2710	182.0
2711	178.0
2712	174.0
2713	174.0
2714	154.0
2715	172.0
2716	152.0
2717	220.0
2718	164.0
2719	192.0
2720	196.0
2721	172.0
2722	168.0
2723	160.0
2724	164.0
2725	192.0
2726	166.0
2727	180.0
2728	150.0
2729	200.0
2730	168.0
2731	200.0
2732	180.0
2733	186.0
2734	212.0
2735	212.0
2736	214.0
2737	200.0
2738	182.0
2739	178.0
2740	208.0
2741	204.0
2742	184.0
2743	152.0
2744	200.0
2745	196.0
2746	228.0
2747	204.0
