0	1724.0
1	1480.0
2	1808.0
3	1428.0
4	1062.0
5	1376.0
6	1504.0
7	1316.0
8	1440.0
9	1496.0
10	1514.0
11	1504.0
12	1554.0
13	1378.0
14	1628.0
15	1544.0
16	1804.0
17	1680.0
18	1596.0
19	1528.0
20	1448.0
21	1584.0
22	1652.0
23	1552.0
24	1672.0
25	1672.0
26	1636.0
27	1612.0
28	1804.0
29	1748.0
30	1848.0
31	1604.0
32	1904.0
33	1832.0
34	1496.0
35	1708.0
36	1780.0
37	1692.0
38	2036.0
39	1868.0
40	1716.0
41	1692.0
42	1960.0
43	1964.0
44	1904.0
45	2012.0
46	1780.0
47	2072.0
48	2120.0
49	2124.0
50	1880.0
51	1932.0
52	1598.0
53	1740.0
54	1672.0
55	1776.0
56	1960.0
57	1502.0
58	1916.0
59	1744.0
60	1792.0
61	2000.0
62	1996.0
63	2088.0
64	2218.0
65	2034.0
66	2208.0
67	2144.0
68	1976.0
69	2296.0
70	2076.0
71	2392.0
72	2376.0
73	2232.0
74	2244.0
75	2120.0
76	2300.0
77	2064.0
78	2192.0
79	2192.0
80	2092.0
81	2256.0
82	2156.0
83	2304.0
84	2080.0
85	2408.0
86	2116.0
87	2008.0
88	2204.0
89	2212.0
90	2036.0
91	2188.0
92	2380.0
93	2224.0
94	2588.0
95	2280.0
96	2176.0
97	2452.0
98	2272.0
99	2560.0
100	2568.0
101	2276.0
102	2288.0
103	2300.0
104	2196.0
105	2372.0
106	2492.0
107	2280.0
108	2312.0
109	2260.0
110	2420.0
111	2466.0
112	2216.0
113	2008.0
114	1976.0
115	2196.0
116	2444.0
117	2612.0
118	1928.0
119	1968.0
120	2352.0
121	2036.0
122	2108.0
123	2524.0
124	2040.0
125	2124.0
126	2564.0
127	2408.0
128	2372.0
129	2348.0
130	1952.0
131	2212.0
132	2142.0
133	1972.0
134	1584.0
135	1816.0
136	1612.0
137	1500.0
138	1160.0
139	1376.0
140	1344.0
141	1496.0
142	1644.0
143	1964.0
144	1924.0
145	1860.0
146	1860.0
147	1660.0
148	2044.0
149	2032.0
150	2040.0
151	1928.0
152	1988.0
153	1872.0
154	2104.0
155	1840.0
156	1872.0
157	1996.0
158	1924.0
159	2068.0
160	2472.0
161	2204.0
162	2464.0
163	2168.0
164	2144.0
165	2584.0
166	2392.0
167	2412.0
168	2516.0
169	2548.0
170	2552.0
171	2524.0
172	2716.0
173	2632.0
174	2600.0
175	2652.0
176	2592.0
177	2344.0
178	2532.0
179	2380.0
180	2156.0
181	2248.0
182	2308.0
183	2328.0
184	2004.0
185	2016.0
186	2116.0
187	2268.0
188	2444.0
189	2420.0
190	2716.0
191	2820.0
192	2520.0
193	2566.0
194	2580.0
195	2716.0
196	2592.0
197	2368.0
198	2328.0
199	2232.0
200	2316.0
201	2120.0
202	2040.0
203	1848.0
204	1824.0
205	1536.0
206	1620.0
207	1304.0
208	1600.0
209	1724.0
210	2076.0
211	1948.0
212	2108.0
213	2236.0
214	2708.0
215	2532.0
216	2896.0
217	2820.0
218	2796.0
219	2672.0
220	2884.0
221	3264.0
222	2760.0
223	2756.0
224	2524.0
225	2732.0
226	2400.0
227	2636.0
228	2624.0
229	2748.0
230	2680.0
231	2972.0
232	2896.0
233	2592.0
234	2784.0
235	3160.0
236	2872.0
237	3004.0
238	2940.0
239	2796.0
240	2956.0
241	2748.0
242	2964.0
243	2812.0
244	3020.0
245	2636.0
246	3212.0
247	3136.0
248	2972.0
249	3068.0
250	2820.0
251	2960.0
252	2724.0
253	3012.0
254	2900.0
255	3036.0
256	2920.0
257	2948.0
258	2648.0
259	2972.0
260	2928.0
261	2920.0
262	3180.0
263	3020.0
264	3080.0
265	3100.0
266	3012.0
267	3132.0
268	2932.0
269	3008.0
270	3132.0
271	3020.0
272	3100.0
273	2844.0
274	3180.0
275	2916.0
276	2848.0
277	3156.0
278	3140.0
279	3072.0
280	2868.0
281	2980.0
282	3128.0
283	2936.0
284	2960.0
285	3344.0
286	3004.0
287	2988.0
288	2968.0
289	3124.0
290	3004.0
291	2996.0
292	2812.0
293	3100.0
294	2852.0
295	2740.0
296	2716.0
297	2500.0
298	2300.0
299	2380.0
300	2108.0
301	2024.0
302	2140.0
303	2200.0
304	2444.0
305	2612.0
306	2848.0
307	2844.0
308	2848.0
309	3236.0
310	3052.0
311	3048.0
312	2992.0
313	3268.0
314	3220.0
315	2940.0
316	2828.0
317	2980.0
318	2596.0
319	2532.0
320	2768.0
321	2164.0
322	2204.0
323	2284.0
324	2044.0
325	2576.0
326	2752.0
327	2984.0
328	2852.0
329	2960.0
330	3180.0
331	3064.0
332	3036.0
333	3204.0
334	2848.0
335	3160.0
336	3240.0
337	2900.0
338	2948.0
339	2612.0
340	2652.0
341	1992.0
342	2064.0
343	2144.0
344	1736.0
345	1968.0
346	1888.0
347	2436.0
348	2612.0
349	2816.0
350	2910.0
351	2912.0
352	3100.0
353	3080.0
354	3180.0
355	3024.0
356	3040.0
357	3080.0
358	2996.0
359	3236.0
360	2960.0
361	3012.0
362	3272.0
363	3072.0
364	3128.0
365	2884.0
366	2748.0
367	2568.0
368	1840.0
369	1884.0
370	1864.0
371	1492.0
372	1580.0
373	1660.0
374	1704.0
375	2008.0
376	2052.0
377	2600.0
378	2888.0
379	2852.0
380	3112.0
381	3008.0
382	3204.0
383	3376.0
384	3352.0
385	3152.0
386	3172.0
387	3252.0
388	2936.0
389	3136.0
390	3216.0
391	3220.0
392	3324.0
393	3372.0
394	3384.0
395	2916.0
396	3660.0
397	3300.0
398	3236.0
399	3028.0
400	3672.0
401	3328.0
402	3388.0
403	3278.0
404	3152.0
405	3156.0
406	3092.0
407	3004.0
408	2700.0
409	2688.0
410	2808.0
411	2544.0
412	2672.0
413	2556.0
414	2864.0
415	2944.0
416	3076.0
417	3200.0
418	3244.0
419	3296.0
420	3284.0
421	3224.0
422	3256.0
423	3452.0
424	3304.0
425	3320.0
426	3452.0
427	3424.0
428	3444.0
429	3184.0
430	3300.0
431	3076.0
432	3308.0
433	3116.0
434	3188.0
435	3264.0
436	3232.0
437	3144.0
438	2988.0
439	3048.0
440	3692.0
441	3160.0
442	3396.0
443	3388.0
444	3276.0
445	3444.0
446	3056.0
447	2880.0
448	2920.0
449	2708.0
450	2612.0
451	2784.0
452	2836.0
453	2604.0
454	2548.0
455	2792.0
456	2632.0
457	2720.0
458	2740.0
459	3148.0
460	3292.0
461	3420.0
462	3396.0
463	3524.0
464	3396.0
465	3384.0
466	3748.0
467	3824.0
468	3756.0
469	3472.0
470	3336.0
471	3552.0
472	3564.0
473	3600.0
474	3540.0
475	3460.0
476	3332.0
477	3468.0
478	3240.0
479	3300.0
480	3440.0
481	3436.0
482	3140.0
483	3360.0
484	3128.0
485	3584.0
486	3748.0
487	3572.0
488	3584.0
489	3380.0
490	3344.0
491	3684.0
492	3532.0
493	3592.0
494	3724.0
495	3512.0
496	3952.0
497	3540.0
498	3732.0
499	3528.0
500	3684.0
501	3736.0
502	3736.0
503	3548.0
504	3472.0
505	3616.0
506	3764.0
507	3556.0
508	3528.0
509	3580.0
510	3188.0
511	3512.0
512	3416.0
513	3760.0
514	3808.0
515	3436.0
516	3944.0
517	3452.0
518	3540.0
519	3900.0
520	3744.0
521	3560.0
522	3644.0
523	3624.0
524	3940.0
525	3556.0
526	3512.0
527	3660.0
528	3488.0
529	3652.0
530	3448.0
531	3432.0
532	3136.0
533	3340.0
534	3332.0
535	3592.0
536	3320.0
537	3588.0
538	3544.0
539	3580.0
540	3624.0
541	3452.0
542	3780.0
543	3872.0
544	3904.0
545	3372.0
546	3384.0
547	3584.0
548	3696.0
549	3792.0
550	3260.0
551	3600.0
552	3572.0
553	3384.0
554	3048.0
555	3196.0
556	3080.0
557	3080.0
558	3136.0
559	3164.0
560	3080.0
561	3340.0
562	3576.0
563	3492.0
564	3688.0
565	3672.0
566	3508.0
567	3292.0
568	3360.0
569	3584.0
570	3744.0
571	3628.0
572	3264.0
573	3500.0
574	3620.0
575	3424.0
576	3816.0
577	3604.0
578	3352.0
579	3296.0
580	3592.0
581	3308.0
582	3376.0
583	3400.0
584	3300.0
585	3092.0
586	3044.0
587	3244.0
588	3292.0
589	3448.0
590	3404.0
591	3312.0
592	3196.0
593	3152.0
594	3500.0
595	3192.0
596	3220.0
597	3324.0
598	3288.0
599	3276.0
600	2908.0
601	2870.0
602	2788.0
603	2820.0
604	2728.0
605	2432.0
606	2176.0
607	2092.0
608	1988.0
609	2140.0
610	2204.0
611	2300.0
612	2532.0
613	2444.0
614	2960.0
615	3016.0
616	3124.0
617	3148.0
618	3236.0
619	3240.0
620	3260.0
621	3200.0
622	3320.0
623	3492.0
624	3044.0
625	2760.0
626	2524.0
627	2336.0
628	1964.0
629	1788.0
630	1920.0
631	2244.0
632	2516.0
633	2744.0
634	2876.0
635	3016.0
636	3216.0
637	3276.0
638	2620.0
639	3000.0
640	3096.0
641	3084.0
642	3072.0
643	2884.0
644	3080.0
645	3280.0
646	3508.0
647	3432.0
648	3444.0
649	3544.0
650	3868.0
651	3440.0
652	3832.0
653	3432.0
654	3824.0
655	3536.0
656	3908.0
657	3480.0
658	3704.0
659	3604.0
660	3900.0
661	3644.0
662	3684.0
663	3636.0
664	3728.0
665	3716.0
666	3536.0
667	3648.0
668	3692.0
669	3952.0
670	3640.0
671	3604.0
672	3660.0
673	3632.0
674	3372.0
675	3816.0
676	3272.0
677	3688.0
678	3692.0
679	3696.0
680	3756.0
681	3460.0
682	3972.0
683	3804.0
684	3728.0
685	3492.0
686	3664.0
687	3684.0
688	3690.0
689	3560.0
690	3532.0
691	3492.0
692	3628.0
693	3684.0
694	3740.0
695	3484.0
696	3604.0
697	3396.0
698	3384.0
699	3524.0
700	3580.0
701	3608.0
702	3464.0
703	3520.0
704	3648.0
705	3820.0
706	3708.0
707	3524.0
708	3468.0
709	3844.0
710	3604.0
711	3584.0
712	3580.0
713	3060.0
714	3420.0
715	3400.0
716	3204.0
717	3364.0
718	3340.0
719	3692.0
720	3504.0
721	3496.0
722	3376.0
723	3340.0
724	3404.0
725	3636.0
726	3868.0
727	3592.0
728	3576.0
729	3524.0
730	3468.0
731	3352.0
732	3248.0
733	3320.0
734	3284.0
735	2688.0
736	3132.0
737	2848.0
738	3108.0
739	3228.0
740	3240.0
741	3088.0
742	3452.0
743	3192.0
744	3472.0
745	3484.0
746	3328.0
747	3520.0
748	3128.0
749	3280.0
750	3412.0
751	3304.0
752	3600.0
753	3432.0
754	3456.0
755	3264.0
756	3432.0
757	3000.0
758	3296.0
759	3096.0
760	2760.0
761	2892.0
762	2596.0
763	2620.0
764	2588.0
765	2612.0
766	2604.0
767	2628.0
768	2460.0
769	2860.0
770	2456.0
771	2084.0
772	2040.0
773	2408.0
774	2572.0
775	2688.0
776	2552.0
777	3068.0
778	2920.0
779	2872.0
780	3144.0
781	3036.0
782	3012.0
783	3176.0
784	3428.0
785	3256.0
786	3476.0
787	3082.0
788	2880.0
789	2772.0
790	2824.0
791	2692.0
792	2332.0
793	2316.0
794	2712.0
795	2888.0
796	2940.0
797	2896.0
798	3240.0
799	3384.0
800	3488.0
801	3252.0
802	3576.0
803	3436.0
804	3344.0
805	3336.0
806	3280.0
807	3042.0
808	2872.0
809	2376.0
810	2348.0
811	2546.0
812	2544.0
813	2820.0
814	2916.0
815	3044.0
816	3032.0
817	3072.0
818	3312.0
819	3184.0
820	3168.0
821	3044.0
822	2960.0
823	2768.0
824	2700.0
825	2960.0
826	3084.0
827	3020.0
828	2888.0
829	3128.0
830	3084.0
831	3104.0
832	2592.0
833	2552.0
834	2280.0
835	2212.0
836	2520.0
837	2748.0
838	2844.0
839	2992.0
840	3184.0
841	3412.0
842	3228.0
843	3276.0
844	3464.0
845	3280.0
846	3332.0
847	3408.0
848	3116.0
849	3416.0
850	3468.0
851	3692.0
852	3180.0
853	3472.0
854	3580.0
855	3524.0
856	3524.0
857	3360.0
858	3104.0
859	3244.0
860	3272.0
861	3108.0
862	3044.0
863	2780.0
864	2616.0
865	2872.0
866	3236.0
867	3312.0
868	3364.0
869	3360.0
870	3392.0
871	3220.0
872	3220.0
873	2876.0
874	3020.0
875	2920.0
876	2792.0
877	3352.0
878	3200.0
879	3268.0
880	3312.0
881	3188.0
882	3436.0
883	3572.0
884	3420.0
885	3012.0
886	3688.0
887	3496.0
888	3568.0
889	3276.0
890	3368.0
891	3664.0
892	3820.0
893	3584.0
894	3352.0
895	3288.0
896	3344.0
897	3256.0
898	3232.0
899	3356.0
900	3188.0
901	2996.0
902	3200.0
903	3508.0
904	2996.0
905	3236.0
906	3264.0
907	3084.0
908	3300.0
909	2972.0
910	3452.0
911	3028.0
912	3152.0
913	3132.0
914	3544.0
915	3312.0
916	3364.0
917	3300.0
918	3108.0
919	2972.0
920	3576.0
921	3328.0
922	3032.0
923	2924.0
924	2976.0
925	3012.0
926	2804.0
927	2624.0
928	2900.0
929	2848.0
930	2832.0
931	3000.0
932	2844.0
933	3112.0
934	3076.0
935	3072.0
936	3180.0
937	3164.0
938	3120.0
939	3012.0
940	3156.0
941	3156.0
942	3448.0
943	3088.0
944	3268.0
945	3164.0
946	3128.0
947	2708.0
948	2540.0
949	2508.0
950	2640.0
951	2864.0
952	2816.0
953	2964.0
954	3028.0
955	3144.0
956	3200.0
957	3228.0
958	3380.0
959	3528.0
960	3316.0
961	3236.0
962	3272.0
963	3512.0
964	3272.0
965	3224.0
966	3212.0
967	3372.0
968	3324.0
969	3320.0
970	3216.0
971	3156.0
972	3228.0
973	3428.0
974	3440.0
975	3220.0
976	3348.0
977	3556.0
978	3496.0
979	3432.0
980	3256.0
981	3392.0
982	3268.0
983	3442.0
984	3404.0
985	3604.0
986	3188.0
987	3440.0
988	3172.0
989	3028.0
990	3356.0
991	3408.0
992	3332.0
993	3244.0
994	3112.0
995	2964.0
996	3196.0
997	3360.0
998	2964.0
999	3244.0
1000	2744.0
1001	3168.0
1002	2904.0
1003	3008.0
1004	2820.0
1005	3208.0
1006	2924.0
1007	3192.0
1008	3104.0
1009	3168.0
1010	3392.0
1011	3448.0
1012	3284.0
1013	3324.0
1014	3072.0
1015	3072.0
1016	3520.0
1017	3324.0
1018	3364.0
1019	3436.0
1020	3620.0
1021	3368.0
1022	3264.0
1023	3308.0
1024	3616.0
1025	3692.0
1026	3256.0
1027	3312.0
1028	3432.0
1029	3136.0
1030	3272.0
1031	3200.0
1032	3212.0
1033	3216.0
1034	3000.0
1035	2956.0
1036	3260.0
1037	3140.0
1038	3068.0
1039	3176.0
1040	3100.0
1041	3112.0
1042	3036.0
1043	3296.0
1044	2988.0
1045	3368.0
1046	3280.0
1047	3324.0
1048	3380.0
1049	3264.0
1050	2848.0
1051	2604.0
1052	2592.0
1053	2700.0
1054	2484.0
1055	2560.0
1056	2800.0
1057	2824.0
1058	3024.0
1059	2484.0
1060	2672.0
1061	2372.0
1062	2092.0
1063	1980.0
1064	1848.0
1065	2044.0
1066	2104.0
1067	2592.0
1068	2688.0
1069	2996.0
1070	2984.0
1071	2928.0
1072	3032.0
1073	3692.0
1074	3460.0
1075	3056.0
1076	3108.0
1077	2984.0
1078	2704.0
1079	2884.0
1080	2716.0
1081	2688.0
1082	2680.0
1083	2664.0
1084	2536.0
1085	2828.0
1086	2992.0
1087	3188.0
1088	3064.0
1089	2708.0
1090	3160.0
1091	3300.0
1092	3240.0
1093	3196.0
1094	3572.0
1095	3328.0
1096	3232.0
1097	3052.0
1098	3076.0
1099	3712.0
1100	2928.0
1101	3216.0
1102	3344.0
1103	3488.0
1104	3024.0
1105	3308.0
1106	3228.0
1107	3320.0
1108	3356.0
1109	3140.0
1110	3236.0
1111	3108.0
1112	2936.0
1113	3332.0
1114	2952.0
1115	3284.0
1116	3128.0
1117	2868.0
1118	3096.0
1119	2852.0
1120	2820.0
1121	3086.0
1122	3088.0
1123	2940.0
1124	2984.0
1125	3168.0
1126	3024.0
1127	3004.0
1128	2848.0
1129	2984.0
1130	3312.0
1131	3080.0
1132	2892.0
1133	3128.0
1134	3032.0
1135	2828.0
1136	2864.0
1137	3084.0
1138	3308.0
1139	3176.0
1140	3316.0
1141	3144.0
1142	3104.0
1143	3160.0
1144	3072.0
1145	3264.0
1146	3060.0
1147	2880.0
1148	3064.0
1149	2836.0
1150	2740.0
1151	2736.0
1152	2520.0
1153	2348.0
1154	2460.0
1155	2492.0
1156	2588.0
1157	2824.0
1158	3048.0
1159	2792.0
1160	3060.0
1161	2936.0
1162	3072.0
1163	3236.0
1164	3168.0
1165	3272.0
1166	3160.0
1167	2924.0
1168	3236.0
1169	3104.0
1170	3276.0
1171	3292.0
1172	2992.0
1173	3108.0
1174	3316.0
1175	3056.0
1176	3144.0
1177	3428.0
1178	3224.0
1179	3036.0
1180	3160.0
1181	3192.0
1182	3164.0
1183	3148.0
1184	3180.0
1185	3380.0
1186	3192.0
1187	3276.0
1188	3020.0
1189	2980.0
1190	3424.0
1191	3368.0
1192	3240.0
1193	3276.0
1194	3380.0
1195	3000.0
1196	2976.0
1197	3240.0
1198	3164.0
1199	3244.0
1200	3092.0
1201	3184.0
1202	3044.0
1203	3196.0
1204	3268.0
1205	3152.0
1206	3420.0
1207	3248.0
1208	3268.0
1209	3176.0
1210	2940.0
1211	3228.0
1212	3092.0
1213	3260.0
1214	3340.0
1215	3128.0
1216	3220.0
1217	3176.0
1218	2956.0
1219	3048.0
1220	2904.0
1221	3252.0
1222	2988.0
1223	2856.0
1224	2888.0
1225	2752.0
1226	2632.0
1227	2884.0
1228	2676.0
1229	2788.0
1230	2736.0
1231	2844.0
1232	2836.0
1233	2920.0
1234	2908.0
1235	3232.0
1236	2976.0
1237	3280.0
1238	2980.0
1239	2884.0
1240	3036.0
1241	2584.0
1242	2716.0
1243	2376.0
1244	2254.0
1245	2232.0
1246	2308.0
1247	2408.0
1248	2368.0
1249	2736.0
1250	2456.0
1251	2616.0
1252	2416.0
1253	2316.0
1254	2596.0
1255	2588.0
1256	2844.0
1257	2844.0
1258	3236.0
1259	3240.0
1260	2992.0
1261	2820.0
1262	2844.0
1263	2900.0
1264	2860.0
1265	3212.0
1266	2856.0
1267	3184.0
1268	3084.0
1269	3296.0
1270	3108.0
1271	2756.0
1272	3184.0
1273	3432.0
1274	2980.0
1275	2700.0
1276	3124.0
1277	3128.0
1278	2864.0
1279	2936.0
1280	3024.0
1281	2804.0
1282	2924.0
1283	3208.0
1284	3004.0
1285	3240.0
1286	3068.0
1287	3252.0
1288	2636.0
1289	3028.0
1290	3052.0
1291	2816.0
1292	3036.0
1293	2892.0
1294	2948.0
1295	2968.0
1296	2932.0
1297	2716.0
1298	2636.0
1299	2660.0
1300	2432.0
1301	2200.0
1302	2496.0
1303	2216.0
1304	2532.0
1305	2240.0
1306	2676.0
1307	2584.0
1308	2716.0
1309	2668.0
1310	2502.0
1311	2668.0
1312	2580.0
1313	2672.0
1314	2572.0
1315	2796.0
1316	2692.0
1317	2588.0
1318	2888.0
1319	3008.0
1320	2928.0
1321	2636.0
1322	2808.0
1323	2704.0
1324	2716.0
1325	2588.0
1326	2544.0
1327	2544.0
1328	2380.0
1329	2284.0
1330	2272.0
1331	2476.0
1332	2304.0
1333	2304.0
1334	2220.0
1335	1968.0
1336	2204.0
1337	2104.0
1338	2220.0
1339	2178.0
1340	2388.0
1341	2712.0
1342	2708.0
1343	2476.0
1344	2648.0
1345	2916.0
1346	2680.0
1347	2764.0
1348	2908.0
1349	2808.0
1350	2956.0
1351	2676.0
1352	2720.0
1353	2740.0
1354	2496.0
1355	2552.0
1356	2536.0
1357	2216.0
1358	2376.0
1359	2040.0
1360	1904.0
1361	1936.0
1362	1944.0
1363	2212.0
1364	2168.0
1365	2512.0
1366	2316.0
1367	2852.0
1368	2854.0
1369	2682.0
1370	2868.0
1371	2668.0
1372	2816.0
1373	2688.0
1374	2764.0
1375	3216.0
1376	2956.0
1377	3020.0
1378	3012.0
1379	2664.0
1380	2892.0
1381	2868.0
1382	2872.0
1383	2720.0
1384	2604.0
1385	2280.0
1386	2200.0
1387	2104.0
1388	2236.0
1389	2136.0
1390	2288.0
1391	2476.0
1392	2440.0
1393	2732.0
1394	2788.0
1395	2760.0
1396	2812.0
1397	2740.0
1398	2844.0
1399	2772.0
1400	2824.0
1401	2848.0
1402	2732.0
1403	2720.0
1404	2884.0
1405	2876.0
1406	3060.0
1407	3076.0
1408	3076.0
1409	2708.0
1410	3020.0
1411	2808.0
1412	2720.0
1413	2724.0
1414	2616.0
1415	2674.0
1416	2884.0
1417	2496.0
1418	2432.0
1419	2504.0
1420	2320.0
1421	2352.0
1422	2604.0
1423	2476.0
1424	2612.0
1425	2592.0
1426	2836.0
1427	2692.0
1428	2584.0
1429	2624.0
1430	2480.0
1431	2616.0
1432	2768.0
1433	2712.0
1434	2440.0
1435	2652.0
1436	2268.0
1437	2656.0
1438	2708.0
1439	2920.0
1440	2600.0
1441	2696.0
1442	2692.0
1443	2324.0
1444	2700.0
1445	2544.0
1446	2508.0
1447	2340.0
1448	2500.0
1449	2512.0
1450	2492.0
1451	2272.0
1452	2272.0
1453	2404.0
1454	2024.0
1455	1804.0
1456	2000.0
1457	1964.0
1458	2304.0
1459	2200.0
1460	2280.0
1461	2620.0
1462	2644.0
1463	2772.0
1464	2772.0
1465	2596.0
1466	3060.0
1467	2748.0
1468	3072.0
1469	2672.0
1470	2680.0
1471	2548.0
1472	2664.0
1473	2704.0
1474	2872.0
1475	3160.0
1476	2644.0
1477	2840.0
1478	2844.0
1479	2896.0
1480	2944.0
1481	2900.0
1482	2756.0
1483	2826.0
1484	2864.0
1485	2784.0
1486	2588.0
1487	2316.0
1488	2356.0
1489	2660.0
1490	2432.0
1491	2688.0
1492	2596.0
1493	2492.0
1494	2612.0
1495	2600.0
1496	2580.0
1497	2656.0
1498	2468.0
1499	2444.0
1500	2400.0
1501	2348.0
1502	2498.0
1503	2548.0
1504	2564.0
1505	2356.0
1506	2696.0
1507	2660.0
1508	2544.0
1509	2292.0
1510	2572.0
1511	2536.0
1512	2792.0
1513	2684.0
1514	2676.0
1515	2448.0
1516	2828.0
1517	2608.0
1518	2628.0
1519	2584.0
1520	2664.0
1521	2628.0
1522	2572.0
1523	2628.0
1524	2540.0
1525	2520.0
1526	2776.0
1527	2564.0
1528	2484.0
1529	2460.0
1530	2784.0
1531	2496.0
1532	2524.0
1533	2564.0
1534	2496.0
1535	2668.0
1536	2484.0
1537	2316.0
1538	2500.0
1539	2576.0
1540	2500.0
1541	2204.0
1542	2524.0
1543	2284.0
1544	2452.0
1545	2600.0
1546	2348.0
1547	2504.0
1548	2744.0
1549	2788.0
1550	2712.0
1551	2412.0
1552	2536.0
1553	2536.0
1554	2752.0
1555	2680.0
1556	2528.0
1557	2712.0
1558	2652.0
1559	2544.0
1560	2812.0
1561	2816.0
1562	2584.0
1563	2380.0
1564	2344.0
1565	2928.0
1566	2404.0
1567	2464.0
1568	2370.0
1569	2760.0
1570	2448.0
1571	2616.0
1572	2876.0
1573	2680.0
1574	2452.0
1575	2600.0
1576	2276.0
1577	2820.0
1578	2516.0
1579	2396.0
1580	2436.0
1581	2660.0
1582	2508.0
1583	2664.0
1584	2576.0
1585	2448.0
1586	2500.0
1587	2420.0
1588	2560.0
1589	2508.0
1590	2652.0
1591	2552.0
1592	2500.0
1593	2564.0
1594	2536.0
1595	2696.0
1596	2892.0
1597	2540.0
1598	2420.0
1599	2196.0
1600	2812.0
1601	2708.0
1602	2476.0
1603	2328.0
1604	2216.0
1605	2632.0
1606	2800.0
1607	2492.0
1608	2336.0
1609	2376.0
1610	2336.0
1611	2820.0
1612	2516.0
1613	2496.0
1614	2588.0
1615	2716.0
1616	2520.0
1617	2564.0
1618	2448.0
1619	2736.0
1620	2676.0
1621	2532.0
1622	2424.0
1623	2580.0
1624	2432.0
1625	2408.0
1626	2292.0
1627	2164.0
1628	2292.0
1629	2320.0
1630	2268.0
1631	1968.0
1632	2080.0
1633	2232.0
1634	2352.0
1635	2192.0
1636	2256.0
1637	1952.0
1638	1988.0
1639	2248.0
1640	2000.0
1641	2364.0
1642	2056.0
1643	2380.0
1644	2084.0
1645	1944.0
1646	2040.0
1647	2188.0
1648	2120.0
1649	2192.0
1650	2516.0
1651	2460.0
1652	2112.0
1653	2544.0
1654	2436.0
1655	1904.0
1656	2184.0
1657	2068.0
1658	2252.0
1659	1864.0
1660	1992.0
1661	1660.0
1662	1540.0
1663	1732.0
1664	1736.0
1665	1604.0
1666	1716.0
1667	1736.0
1668	2020.0
1669	1852.0
1670	2224.0
1671	2224.0
1672	2540.0
1673	2360.0
1674	2344.0
1675	2472.0
1676	2376.0
1677	2244.0
1678	2420.0
1679	2148.0
1680	2348.0
1681	2606.0
1682	2384.0
1683	2756.0
1684	2280.0
1685	2356.0
1686	2536.0
1687	2592.0
1688	2492.0
1689	2456.0
1690	2400.0
1691	2408.0
1692	2616.0
1693	2368.0
1694	2632.0
1695	2568.0
1696	2444.0
1697	2432.0
1698	2656.0
1699	2248.0
1700	2532.0
1701	2232.0
1702	2532.0
1703	2388.0
1704	2492.0
1705	2504.0
1706	2512.0
1707	2596.0
1708	2524.0
1709	2484.0
1710	2444.0
1711	2180.0
1712	2444.0
1713	2348.0
1714	2140.0
1715	2228.0
1716	2196.0
1717	2236.0
1718	2156.0
1719	2084.0
1720	2336.0
1721	2196.0
1722	2372.0
1723	2252.0
1724	2364.0
1725	1852.0
1726	1996.0
1727	2136.0
1728	2256.0
1729	2176.0
1730	2376.0
1731	2544.0
1732	2708.0
1733	2392.0
1734	2456.0
1735	2504.0
1736	2468.0
1737	2412.0
1738	2620.0
1739	2232.0
1740	2456.0
1741	2472.0
1742	2336.0
1743	2188.0
1744	2620.0
1745	2504.0
1746	2436.0
1747	2524.0
1748	2560.0
1749	2604.0
1750	2536.0
1751	2556.0
1752	2344.0
1753	2420.0
1754	2464.0
1755	2254.0
1756	2312.0
1757	2564.0
1758	2452.0
1759	2252.0
1760	2456.0
1761	2512.0
1762	2592.0
1763	2504.0
1764	2492.0
1765	2276.0
1766	2256.0
1767	2220.0
1768	2520.0
1769	2380.0
1770	2316.0
1771	2276.0
1772	2248.0
1773	2132.0
1774	2212.0
1775	2460.0
1776	2504.0
1777	2444.0
1778	2540.0
1779	2276.0
1780	2464.0
1781	2440.0
1782	2212.0
1783	2324.0
1784	2376.0
1785	2344.0
1786	2520.0
1787	2312.0
1788	2400.0
1789	2052.0
1790	2124.0
1791	2252.0
1792	2300.0
1793	2312.0
1794	2368.0
1795	2424.0
1796	2340.0
1797	2512.0
1798	2488.0
1799	2516.0
1800	2244.0
1801	2212.0
1802	1902.0
1803	2360.0
1804	1892.0
1805	2024.0
1806	2036.0
1807	2070.0
1808	1884.0
1809	1628.0
1810	1424.0
1811	1676.0
1812	1740.0
1813	1752.0
1814	1796.0
1815	1700.0
1816	1568.0
1817	1620.0
1818	1836.0
1819	1904.0
1820	1760.0
1821	1816.0
1822	2072.0
1823	2140.0
1824	2096.0
1825	1960.0
1826	2332.0
1827	2416.0
1828	2292.0
1829	2184.0
1830	2032.0
1831	1956.0
1832	1920.0
1833	2184.0
1834	1932.0
1835	1936.0
1836	1692.0
1837	1988.0
1838	1988.0
1839	1912.0
1840	2096.0
1841	2444.0
1842	2100.0
1843	2168.0
1844	2352.0
1845	2248.0
1846	2312.0
1847	2264.0
1848	2232.0
1849	2424.0
1850	2030.0
1851	2132.0
1852	2356.0
1853	2456.0
1854	2348.0
1855	2280.0
1856	2156.0
1857	2240.0
1858	2396.0
1859	2280.0
1860	2188.0
1861	2144.0
1862	2236.0
1863	2396.0
1864	1920.0
1865	2288.0
1866	2204.0
1867	2232.0
1868	2172.0
1869	2020.0
1870	2460.0
1871	2180.0
1872	2548.0
1873	2212.0
1874	1988.0
1875	2332.0
1876	2084.0
1877	2064.0
1878	2008.0
1879	2252.0
1880	2364.0
1881	2596.0
1882	2180.0
1883	2488.0
1884	1924.0
1885	2508.0
1886	2296.0
1887	2324.0
1888	2392.0
1889	2388.0
1890	2164.0
1891	2272.0
1892	2084.0
1893	2284.0
1894	2324.0
1895	2228.0
1896	2276.0
1897	2080.0
1898	2324.0
1899	2396.0
1900	2664.0
1901	2372.0
1902	2544.0
1903	2332.0
1904	2408.0
1905	2420.0
1906	2196.0
1907	2052.0
1908	2308.0
1909	2408.0
1910	2372.0
1911	2240.0
1912	2388.0
1913	2288.0
1914	2200.0
1915	2528.0
1916	2184.0
1917	2152.0
1918	2288.0
1919	2292.0
1920	1888.0
1921	2256.0
1922	2244.0
1923	2188.0
1924	2244.0
1925	2304.0
1926	2288.0
1927	2200.0
1928	2136.0
1929	2040.0
1930	2364.0
1931	2208.0
1932	2300.0
1933	2356.0
1934	2328.0
1935	2580.0
1936	1988.0
1937	2104.0
1938	2264.0
1939	2080.0
1940	2402.0
1941	1988.0
1942	2204.0
1943	2032.0
1944	2352.0
1945	2096.0
1946	2280.0
1947	1992.0
1948	2364.0
1949	2232.0
1950	2312.0
1951	2168.0
1952	1860.0
1953	2244.0
1954	1904.0
1955	2156.0
1956	1968.0
1957	1852.0
1958	2208.0
1959	2004.0
1960	1828.0
1961	2088.0
1962	2224.0
1963	2368.0
1964	2340.0
1965	2228.0
1966	2292.0
1967	2032.0
1968	2400.0
1969	2232.0
1970	2260.0
1971	2112.0
1972	2292.0
1973	2284.0
1974	2252.0
1975	2204.0
1976	2088.0
1977	2112.0
1978	2160.0
1979	2428.0
1980	2176.0
1981	2272.0
1982	2240.0
1983	2260.0
1984	2416.0
1985	1916.0
1986	2380.0
1987	2096.0
1988	2128.0
1989	2332.0
1990	2092.0
1991	1936.0
1992	2204.0
1993	2060.0
1994	2148.0
1995	2136.0
1996	2084.0
1997	2088.0
1998	2312.0
1999	2220.0
2000	2188.0
2001	2184.0
2002	2480.0
2003	2344.0
2004	2164.0
2005	2316.0
2006	2396.0
2007	2168.0
2008	2204.0
2009	1940.0
2010	2272.0
2011	2332.0
2012	2288.0
2013	2196.0
2014	2280.0
2015	2200.0
2016	2132.0
2017	2108.0
2018	1852.0
2019	2032.0
2020	1970.0
2021	2200.0
2022	2068.0
2023	2152.0
2024	2004.0
2025	2408.0
2026	2288.0
2027	1992.0
2028	2216.0
2029	1928.0
2030	2100.0
2031	1882.0
2032	2164.0
2033	1848.0
2034	2112.0
2035	1936.0
2036	1996.0
2037	1736.0
2038	1928.0
2039	1676.0
2040	2080.0
2041	1640.0
2042	1572.0
2043	1532.0
2044	1688.0
2045	1672.0
2046	1752.0
2047	1944.0
2048	1928.0
2049	2292.0
2050	1972.0
2051	2296.0
2052	2208.0
2053	2192.0
2054	2040.0
2055	2452.0
2056	2088.0
2057	1956.0
2058	2188.0
2059	2228.0
2060	1924.0
2061	2028.0
2062	2108.0
2063	2140.0
2064	2044.0
2065	2224.0
2066	2228.0
2067	2044.0
2068	2104.0
2069	2128.0
2070	2104.0
2071	2296.0
2072	2236.0
2073	2020.0
2074	2250.0
2075	2100.0
2076	1976.0
2077	2148.0
2078	2268.0
2079	2180.0
2080	1720.0
2081	1916.0
2082	1936.0
2083	2200.0
2084	2492.0
2085	1936.0
2086	2076.0
2087	1880.0
2088	1988.0
2089	1880.0
2090	1896.0
2091	2232.0
2092	2172.0
2093	2040.0
2094	1916.0
2095	1940.0
2096	1944.0
2097	2228.0
2098	2088.0
2099	2408.0
2100	2156.0
2101	2052.0
2102	2028.0
2103	1788.0
2104	1912.0
2105	1852.0
2106	2092.0
2107	2008.0
2108	1988.0
2109	1900.0
2110	1672.0
2111	1832.0
2112	2008.0
2113	1820.0
2114	1908.0
2115	1846.0
2116	1944.0
2117	1776.0
2118	1824.0
2119	1680.0
2120	2496.0
2121	2180.0
2122	2168.0
2123	1828.0
2124	2046.0
2125	2060.0
2126	2024.0
2127	2112.0
2128	1930.0
2129	2200.0
2130	2176.0
2131	1884.0
2132	2108.0
2133	2092.0
2134	2006.0
2135	1948.0
2136	1790.0
2137	1684.0
2138	1532.0
2139	1540.0
2140	1768.0
2141	1262.0
2142	1552.0
2143	1824.0
2144	1944.0
2145	1896.0
2146	1832.0
2147	1772.0
2148	1872.0
2149	1980.0
2150	2088.0
2151	2020.0
2152	1916.0
2153	2124.0
2154	2080.0
2155	2004.0
2156	1968.0
2157	2012.0
2158	1896.0
2159	2116.0
2160	2200.0
2161	1904.0
2162	2080.0
2163	2172.0
2164	1880.0
2165	2132.0
2166	1980.0
2167	1952.0
2168	1764.0
2169	1704.0
2170	2080.0
2171	1868.0
2172	1708.0
2173	2232.0
2174	2032.0
2175	2192.0
2176	2248.0
2177	1626.0
2178	1992.0
2179	1716.0
2180	1916.0
2181	1628.0
2182	1688.0
2183	1676.0
2184	1732.0
2185	1704.0
2186	2064.0
2187	1932.0
2188	1912.0
2189	1844.0
2190	1948.0
2191	1892.0
2192	1940.0
2193	2036.0
2194	2192.0
2195	2036.0
2196	1868.0
2197	2264.0
2198	1728.0
2199	2092.0
2200	1992.0
2201	1816.0
2202	2000.0
2203	1796.0
2204	1868.0
2205	1940.0
2206	2176.0
2207	2176.0
2208	2204.0
2209	1864.0
2210	2082.0
2211	1992.0
2212	2116.0
2213	1984.0
2214	2168.0
2215	2132.0
2216	2080.0
2217	1936.0
2218	1858.0
2219	2132.0
2220	2120.0
2221	1972.0
2222	1896.0
2223	1980.0
2224	2168.0
2225	2164.0
2226	2028.0
2227	1866.0
2228	2172.0
2229	1992.0
2230	1884.0
2231	1968.0
2232	1748.0
2233	1904.0
2234	1676.0
2235	2032.0
2236	2032.0
2237	1904.0
2238	1852.0
2239	1776.0
2240	2060.0
2241	2152.0
2242	2082.0
2243	1928.0
2244	2028.0
2245	2008.0
2246	1956.0
2247	1752.0
2248	2036.0
2249	2172.0
2250	1832.0
2251	2116.0
2252	1888.0
2253	1696.0
2254	2112.0
2255	2216.0
2256	2112.0
2257	1584.0
2258	2248.0
2259	2152.0
2260	2120.0
2261	1768.0
2262	2204.0
2263	2180.0
2264	2060.0
2265	1772.0
2266	2192.0
2267	1912.0
2268	1988.0
2269	1948.0
2270	2016.0
2271	2212.0
2272	1900.0
2273	2224.0
2274	1948.0
2275	2012.0
2276	2076.0
2277	1936.0
2278	1772.0
2279	1940.0
2280	1804.0
2281	1724.0
2282	2024.0
2283	2048.0
2284	1652.0
2285	1872.0
2286	1838.0
2287	1636.0
2288	1944.0
2289	1684.0
2290	2024.0
2291	1804.0
2292	2068.0
2293	1800.0
2294	2344.0
2295	1864.0
2296	2144.0
2297	1876.0
2298	1848.0
2299	1632.0
2300	1664.0
2301	1656.0
2302	1556.0
2303	1752.0
2304	1916.0
2305	1692.0
2306	1904.0
2307	2088.0
2308	1820.0
2309	1768.0
2310	2052.0
2311	1516.0
2312	2272.0
2313	2050.0
2314	1916.0
2315	2064.0
2316	1970.0
2317	1980.0
2318	1936.0
2319	1752.0
2320	2000.0
2321	1848.0
2322	1932.0
2323	1956.0
2324	2020.0
2325	2056.0
2326	2232.0
2327	1992.0
2328	1936.0
2329	1876.0
2330	2032.0
2331	2044.0
2332	1732.0
2333	2172.0
2334	1776.0
2335	1980.0
2336	1848.0
2337	2128.0
2338	1804.0
2339	1792.0
2340	2072.0
2341	1880.0
2342	1964.0
2343	2040.0
2344	2088.0
2345	1890.0
2346	2204.0
2347	2144.0
2348	2072.0
2349	1844.0
2350	2136.0
2351	2176.0
2352	1912.0
2353	2000.0
2354	1988.0
2355	2108.0
2356	1920.0
2357	2028.0
2358	1628.0
2359	1988.0
2360	2048.0
2361	2064.0
2362	2068.0
2363	2104.0
2364	1896.0
2365	1932.0
2366	2236.0
2367	1860.0
2368	2100.0
2369	2084.0
2370	2336.0
2371	2232.0
2372	2284.0
2373	1916.0
2374	1978.0
2375	2360.0
2376	1880.0
2377	2096.0
2378	2208.0
2379	2324.0
2380	1992.0
2381	1944.0
2382	2120.0
2383	2024.0
2384	2136.0
2385	2048.0
2386	2124.0
2387	1748.0
2388	2152.0
2389	2008.0
2390	1932.0
2391	1960.0
2392	2212.0
2393	2412.0
2394	2164.0
2395	2180.0
2396	2216.0
2397	2052.0
2398	2168.0
2399	2120.0
2400	1904.0
2401	2140.0
2402	1956.0
2403	1972.0
2404	2056.0
2405	2352.0
2406	1900.0
2407	1932.0
2408	2108.0
2409	1944.0
2410	1808.0
2411	2064.0
2412	2136.0
2413	2064.0
2414	1848.0
2415	2128.0
2416	2296.0
2417	2072.0
2418	1988.0
2419	2108.0
2420	2160.0
2421	1916.0
2422	1976.0
2423	1928.0
2424	2228.0
2425	1964.0
2426	1812.0
2427	2128.0
2428	2040.0
2429	1976.0
2430	2276.0
2431	2136.0
2432	2104.0
2433	2000.0
2434	2036.0
2435	2052.0
2436	2184.0
2437	1812.0
2438	2048.0
2439	2020.0
2440	2144.0
2441	1932.0
2442	2000.0
2443	1760.0
2444	2260.0
2445	2100.0
2446	2180.0
2447	2056.0
2448	1872.0
2449	1976.0
2450	1864.0
2451	2076.0
2452	2064.0
2453	1656.0
2454	2292.0
2455	2432.0
2456	1880.0
2457	1928.0
2458	1972.0
2459	2148.0
2460	1980.0
2461	1796.0
2462	2026.0
2463	2184.0
2464	2072.0
2465	2168.0
2466	1712.0
2467	1888.0
2468	2068.0
2469	2220.0
2470	2168.0
2471	2360.0
2472	1980.0
2473	2112.0
2474	1990.0
2475	2190.0
2476	1840.0
2477	2132.0
2478	1968.0
2479	1924.0
2480	1904.0
2481	2124.0
2482	2020.0
2483	1846.0
2484	2112.0
2485	1804.0
2486	1884.0
2487	1836.0
2488	2008.0
2489	1880.0
2490	1920.0
2491	1652.0
2492	1552.0
2493	1524.0
2494	1676.0
2495	1652.0
2496	1748.0
2497	2028.0
2498	1860.0
2499	1828.0
2500	2276.0
2501	2112.0
2502	2100.0
2503	2096.0
2504	1964.0
2505	2116.0
2506	2036.0
2507	2028.0
2508	2100.0
2509	2156.0
2510	2076.0
2511	2164.0
2512	1888.0
2513	2024.0
2514	2236.0
2515	2256.0
2516	2212.0
2517	1976.0
2518	2112.0
2519	2088.0
2520	2220.0
2521	2068.0
2522	2296.0
2523	2044.0
2524	2140.0
2525	2188.0
2526	2082.0
2527	1868.0
2528	2268.0
2529	2010.0
2530	2652.0
2531	2112.0
2532	2174.0
2533	2168.0
2534	2010.0
2535	2092.0
2536	2352.0
2537	2316.0
2538	2276.0
2539	1840.0
2540	2092.0
2541	2288.0
2542	2196.0
2543	2252.0
2544	1968.0
2545	2088.0
2546	2156.0
2547	1954.0
2548	2206.0
2549	1904.0
2550	2064.0
2551	1988.0
2552	2072.0
2553	2444.0
2554	2060.0
2555	2128.0
2556	2100.0
2557	2356.0
2558	2252.0
2559	2288.0
2560	2148.0
2561	2260.0
2562	2102.0
2563	2192.0
2564	2456.0
2565	2004.0
2566	2196.0
2567	2108.0
2568	2284.0
2569	1896.0
2570	2120.0
2571	1932.0
2572	2420.0
2573	2400.0
2574	2036.0
2575	2200.0
2576	2312.0
2577	2412.0
2578	2036.0
2579	2008.0
2580	2484.0
2581	2252.0
2582	2076.0
2583	2208.0
2584	2428.0
2585	2460.0
2586	2260.0
2587	1904.0
2588	2350.0
2589	2096.0
2590	2244.0
2591	2576.0
2592	1784.0
2593	2520.0
2594	2176.0
2595	2228.0
2596	2270.0
2597	2112.0
2598	2592.0
2599	2060.0
2600	2652.0
2601	2284.0
2602	2480.0
2603	2476.0
2604	2308.0
2605	2248.0
2606	2108.0
2607	2500.0
2608	2332.0
2609	2744.0
2610	2444.0
2611	2836.0
2612	2388.0
2613	2212.0
2614	2524.0
2615	2276.0
2616	2320.0
2617	2512.0
2618	2320.0
2619	2360.0
2620	2732.0
2621	2248.0
2622	2480.0
2623	2476.0
2624	2644.0
2625	2760.0
2626	2596.0
2627	2564.0
2628	2246.0
2629	2296.0
2630	2636.0
2631	2552.0
2632	2260.0
2633	2588.0
2634	2432.0
2635	2608.0
2636	2684.0
2637	2596.0
2638	2584.0
2639	2516.0
2640	2444.0
2641	2464.0
2642	2704.0
2643	2244.0
2644	2604.0
2645	2296.0
2646	2620.0
2647	2592.0
2648	2604.0
2649	2860.0
2650	2636.0
2651	2552.0
2652	2792.0
2653	2428.0
2654	3264.0
2655	3016.0
2656	2632.0
2657	2616.0
2658	3116.0
2659	2532.0
2660	2508.0
2661	3096.0
2662	2648.0
2663	2350.0
2664	3184.0
2665	2700.0
2666	2820.0
2667	2912.0
2668	2592.0
2669	2648.0
2670	2504.0
2671	2620.0
2672	2608.0
2673	2844.0
2674	2928.0
2675	2912.0
2676	2904.0
2677	2876.0
2678	2848.0
2679	2904.0
2680	2584.0
2681	2716.0
2682	2732.0
2683	2304.0
2684	2940.0
2685	3212.0
2686	2824.0
2687	3244.0
2688	3132.0
2689	2928.0
2690	3072.0
2691	2488.0
2692	3080.0
2693	3152.0
2694	3184.0
2695	2540.0
2696	2936.0
2697	2972.0
2698	3136.0
2699	3104.0
2700	3412.0
2701	2788.0
2702	2992.0
2703	2796.0
2704	3040.0
2705	3176.0
2706	3180.0
2707	3260.0
2708	2924.0
2709	3344.0
2710	3288.0
2711	3116.0
2712	3060.0
2713	3180.0
2714	3312.0
2715	3060.0
2716	3468.0
2717	3208.0
2718	3192.0
2719	3492.0
2720	3332.0
2721	3616.0
2722	3368.0
2723	3284.0
2724	3712.0
2725	3188.0
2726	3392.0
2727	3076.0
2728	3136.0
2729	3644.0
2730	3532.0
2731	3428.0
2732	3832.0
2733	3716.0
2734	3528.0
2735	3708.0
2736	3128.0
2737	3716.0
2738	3740.0
2739	3788.0
2740	3996.0
2741	3784.0
2742	4220.0
2743	3644.0
2744	4544.0
2745	4284.0
2746	4196.0
2747	3912.0
