0	3238.0
1	3248.0
2	3186.0
3	3158.0
4	3282.0
5	3154.0
6	3290.0
7	3048.0
8	3204.0
9	3018.0
10	3148.0
11	3078.0
12	3170.0
13	3212.0
14	3166.0
15	3268.0
16	3242.0
17	3258.0
18	3206.0
19	3126.0
20	3256.0
21	3264.0
22	3280.0
23	3088.0
24	3118.0
25	3260.0
26	3254.0
27	3224.0
28	3106.0
29	3180.0
30	3046.0
31	3274.0
32	3136.0
33	3232.0
34	3038.0
35	3132.0
36	3148.0
37	3078.0
38	3176.0
39	3214.0
40	3176.0
41	3072.0
42	3138.0
43	3206.0
44	3106.0
45	3142.0
46	3054.0
47	3464.0
48	3088.0
49	2988.0
50	3194.0
51	3038.0
52	3112.0
53	3018.0
54	3104.0
55	3016.0
56	3042.0
57	2980.0
58	3032.0
59	3138.0
60	3148.0
61	3060.0
62	3106.0
63	3188.0
64	3052.0
65	2988.0
66	2970.0
67	3024.0
68	3170.0
69	3154.0
70	3106.0
71	3052.0
72	3090.0
73	2874.0
74	3014.0
75	3004.0
76	3020.0
77	3058.0
78	3118.0
79	2934.0
80	3194.0
81	2942.0
82	2982.0
83	3002.0
84	3200.0
85	2972.0
86	3312.0
87	3188.0
88	3036.0
89	2982.0
90	3020.0
91	3024.0
92	3110.0
93	2990.0
94	3148.0
95	3050.0
96	3094.0
97	3016.0
98	3258.0
99	3230.0
100	3300.0
101	3188.0
102	2916.0
103	3062.0
104	3098.0
105	2992.0
106	3046.0
107	2932.0
108	2956.0
109	2982.0
110	3066.0
111	2806.0
112	2972.0
113	2878.0
114	2962.0
115	2898.0
116	2888.0
117	3090.0
118	3090.0
119	3072.0
120	3206.0
121	3046.0
122	3036.0
123	3094.0
124	3134.0
125	3100.0
126	3088.0
127	3050.0
128	3178.0
129	3044.0
130	3110.0
131	2942.0
132	2940.0
133	3258.0
134	3154.0
135	3174.0
136	3068.0
137	2990.0
138	3194.0
139	2972.0
140	3042.0
141	3190.0
142	3026.0
143	3244.0
144	3150.0
145	3126.0
146	3042.0
147	3046.0
148	3108.0
149	3050.0
150	3008.0
151	3098.0
152	3096.0
153	3068.0
154	3130.0
155	3014.0
156	2984.0
157	3048.0
158	2936.0
159	3046.0
160	3118.0
161	3110.0
162	2936.0
163	3028.0
164	3062.0
165	2978.0
166	3058.0
167	2964.0
168	3092.0
169	2996.0
170	3024.0
171	3104.0
172	3034.0
173	3090.0
174	2868.0
175	3010.0
176	3030.0
177	2850.0
178	2922.0
179	2992.0
180	3096.0
181	2954.0
182	2996.0
183	2910.0
184	3014.0
185	2962.0
186	2820.0
187	2972.0
188	3006.0
189	2874.0
190	2938.0
191	2984.0
192	3006.0
193	2822.0
194	2884.0
195	2934.0
196	2842.0
197	2894.0
198	2994.0
199	2928.0
200	3098.0
201	2812.0
202	2838.0
203	3038.0
204	2956.0
205	2878.0
206	2982.0
207	2804.0
208	2936.0
209	2944.0
210	2976.0
211	2970.0
212	2832.0
213	3006.0
214	2950.0
215	2760.0
216	2944.0
217	2912.0
218	2924.0
219	2880.0
220	2900.0
221	3104.0
222	2872.0
223	2968.0
224	2738.0
225	2972.0
226	2828.0
227	2824.0
228	2898.0
229	2890.0
230	3200.0
231	3204.0
232	2882.0
233	2992.0
234	3008.0
235	2902.0
236	2950.0
237	2928.0
238	2862.0
239	2978.0
240	2874.0
241	2818.0
242	3002.0
243	2802.0
244	2842.0
245	2786.0
246	2980.0
247	2974.0
248	3122.0
249	3024.0
250	2980.0
251	3038.0
252	2900.0
253	2980.0
254	3072.0
255	2856.0
256	2942.0
257	2772.0
258	2752.0
259	3108.0
260	2966.0
261	2866.0
262	3110.0
263	2770.0
264	2792.0
265	2680.0
266	3038.0
267	2848.0
268	2946.0
269	2926.0
270	2944.0
271	3094.0
272	3094.0
273	2980.0
274	3112.0
275	3156.0
276	2940.0
277	3014.0
278	3070.0
279	2972.0
280	3018.0
281	2872.0
282	2920.0
283	2938.0
284	3002.0
285	3046.0
286	3086.0
287	2898.0
288	3080.0
289	2982.0
290	2828.0
291	2976.0
292	2876.0
293	3020.0
294	2922.0
295	2856.0
296	2848.0
297	2896.0
298	2920.0
299	2830.0
300	2924.0
301	2944.0
302	3024.0
303	2996.0
304	3042.0
305	3088.0
306	2874.0
307	2948.0
308	2936.0
309	2834.0
310	2924.0
311	2966.0
312	2858.0
313	2928.0
314	2834.0
315	2886.0
316	2824.0
317	2904.0
318	2828.0
319	2972.0
320	2844.0
321	2908.0
322	2892.0
323	2936.0
324	2890.0
325	2798.0
326	2786.0
327	2846.0
328	2842.0
329	2874.0
330	2828.0
331	2940.0
332	2890.0
333	2824.0
334	2784.0
335	2918.0
336	2840.0
337	2812.0
338	2724.0
339	2786.0
340	2916.0
341	2856.0
342	2758.0
343	2726.0
344	2818.0
345	2790.0
346	2790.0
347	2908.0
348	2858.0
349	2842.0
350	2864.0
351	2728.0
352	2930.0
353	2888.0
354	2872.0
355	2850.0
356	2864.0
357	2858.0
358	2766.0
359	2930.0
360	2836.0
361	2872.0
362	2846.0
363	2920.0
364	2688.0
365	2694.0
366	2852.0
367	2912.0
368	2682.0
369	2816.0
370	2982.0
371	2934.0
372	3096.0
373	3008.0
374	2862.0
375	2998.0
376	3056.0
377	2814.0
378	2788.0
379	2722.0
380	2772.0
381	2712.0
382	2976.0
383	3036.0
384	2986.0
385	3074.0
386	2964.0
387	2914.0
388	2878.0
389	3048.0
390	2810.0
391	2928.0
392	2756.0
393	3042.0
394	3120.0
395	3002.0
396	3000.0
397	2876.0
398	2898.0
399	2696.0
400	2840.0
401	2944.0
402	2832.0
403	2986.0
404	2970.0
405	2934.0
406	3038.0
407	2824.0
408	2800.0
409	2898.0
410	2850.0
411	3012.0
412	2998.0
413	3050.0
414	2938.0
415	2994.0
416	3156.0
417	3040.0
418	3138.0
419	2944.0
420	3186.0
421	2980.0
422	2952.0
423	3046.0
424	2948.0
425	3048.0
426	3040.0
427	3120.0
428	2976.0
429	2994.0
430	2970.0
431	2948.0
432	2952.0
433	3232.0
434	2984.0
435	2836.0
436	2982.0
437	3024.0
438	2914.0
439	2952.0
440	3056.0
441	3000.0
442	2980.0
443	3042.0
444	3054.0
445	2950.0
446	2978.0
447	3032.0
448	2892.0
449	2892.0
450	3068.0
451	2996.0
452	2922.0
453	3048.0
454	3000.0
455	2944.0
456	3004.0
457	2970.0
458	2918.0
459	2986.0
460	2974.0
461	2948.0
462	3016.0
463	2940.0
464	2984.0
465	3028.0
466	2958.0
467	3006.0
468	2942.0
469	2904.0
470	2938.0
471	3022.0
472	2884.0
473	2908.0
474	2894.0
475	2948.0
476	2852.0
477	2888.0
478	2932.0
479	2842.0
480	2922.0
481	2962.0
482	2820.0
483	3002.0
484	2852.0
485	2952.0
486	2920.0
487	2958.0
488	2874.0
489	2984.0
490	2876.0
491	2870.0
492	2940.0
493	3014.0
494	2976.0
495	2954.0
496	2922.0
497	2942.0
498	3156.0
499	2832.0
500	3004.0
501	2924.0
502	2862.0
503	2948.0
504	2916.0
505	2986.0
506	2896.0
507	2858.0
508	2784.0
509	2894.0
510	3190.0
511	3174.0
512	3038.0
513	3170.0
514	2920.0
515	2988.0
516	2914.0
517	2974.0
518	3116.0
519	3118.0
520	3122.0
521	3102.0
522	3146.0
523	3104.0
524	2844.0
525	2914.0
526	3096.0
527	2964.0
528	3028.0
529	2888.0
530	2830.0
531	3016.0
532	3014.0
533	2812.0
534	3104.0
535	2958.0
536	3016.0
537	3136.0
538	3208.0
539	3026.0
540	3130.0
541	3136.0
542	3032.0
543	3018.0
544	3060.0
545	3076.0
546	2916.0
547	3020.0
548	3094.0
549	3098.0
550	3044.0
551	3044.0
552	3046.0
553	2946.0
554	3106.0
555	2938.0
556	2968.0
557	3118.0
558	3086.0
559	3040.0
560	3072.0
561	3064.0
562	3052.0
563	3206.0
564	2978.0
565	3120.0
566	3280.0
567	3070.0
568	3064.0
569	2948.0
570	3052.0
571	3142.0
572	3068.0
573	2978.0
574	3070.0
575	2884.0
576	3004.0
577	2998.0
578	3102.0
579	3134.0
580	3164.0
581	3052.0
582	3148.0
583	2922.0
584	3152.0
585	3036.0
586	2996.0
587	3000.0
588	3026.0
589	3098.0
590	3138.0
591	2970.0
592	2936.0
593	2932.0
594	3018.0
595	2954.0
596	3176.0
597	3094.0
598	2944.0
599	3170.0
600	3048.0
601	3030.0
602	3212.0
603	3072.0
604	3000.0
605	3086.0
606	3136.0
607	3110.0
608	3122.0
609	3084.0
610	3048.0
611	3016.0
612	3098.0
613	3140.0
614	3092.0
615	3112.0
616	2980.0
617	3084.0
618	3018.0
619	2988.0
620	2976.0
621	3104.0
622	3102.0
623	3078.0
624	3064.0
625	3116.0
626	2982.0
627	3034.0
628	3006.0
629	2952.0
630	3198.0
631	3092.0
632	2924.0
633	3110.0
634	3020.0
635	3134.0
636	2900.0
637	3016.0
638	2998.0
639	3018.0
640	2972.0
641	2954.0
642	3136.0
643	3056.0
644	3024.0
645	3108.0
646	3052.0
647	2902.0
648	3072.0
649	2960.0
650	2926.0
651	2876.0
652	2954.0
653	2878.0
654	2902.0
655	3118.0
656	3050.0
657	3010.0
658	2984.0
659	3004.0
660	2982.0
661	2972.0
662	3022.0
663	2956.0
664	2936.0
665	3084.0
666	2972.0
667	3058.0
668	2946.0
669	3192.0
670	3016.0
671	3020.0
672	2948.0
673	2964.0
674	3066.0
675	2956.0
676	3108.0
677	2914.0
678	3122.0
679	2972.0
680	3162.0
681	3052.0
682	2954.0
683	3010.0
684	2992.0
685	2984.0
686	3006.0
687	2992.0
688	3066.0
689	3144.0
690	2934.0
691	2998.0
692	3104.0
693	3116.0
694	3060.0
695	3032.0
696	3174.0
697	3148.0
698	2880.0
699	3080.0
700	3048.0
701	3064.0
702	3104.0
703	3120.0
704	3230.0
705	3100.0
706	3206.0
707	3026.0
708	3086.0
709	3010.0
710	3122.0
711	2998.0
712	3168.0
713	3128.0
714	3030.0
715	2912.0
716	3144.0
717	3120.0
718	3126.0
719	3182.0
720	3042.0
721	3186.0
722	3220.0
723	2976.0
724	3150.0
725	3136.0
726	2944.0
727	3242.0
728	3206.0
729	2960.0
730	2972.0
731	3100.0
732	3118.0
733	3030.0
734	3298.0
735	3170.0
736	3266.0
737	3296.0
738	3214.0
739	3132.0
740	3202.0
741	2988.0
742	2946.0
743	3268.0
744	3228.0
745	3148.0
746	3226.0
747	3256.0
748	3222.0
749	3296.0
750	3348.0
751	3216.0
752	3042.0
753	3162.0
754	3028.0
755	3302.0
756	3144.0
757	3224.0
758	3166.0
759	3148.0
760	3202.0
761	3188.0
762	3094.0
763	3210.0
764	3198.0
765	3134.0
766	3072.0
767	3242.0
768	3282.0
769	3222.0
770	3216.0
771	3082.0
772	3178.0
773	3128.0
774	3230.0
775	3194.0
776	3150.0
777	3190.0
778	3130.0
779	3272.0
780	3282.0
781	3132.0
782	3174.0
783	2992.0
784	3108.0
785	3070.0
786	3116.0
787	3154.0
788	3160.0
789	3220.0
790	3174.0
791	3142.0
792	3220.0
793	3266.0
794	3328.0
795	3336.0
796	3134.0
797	3140.0
798	3186.0
799	3044.0
800	3074.0
801	3166.0
802	3206.0
803	3238.0
804	3058.0
805	3160.0
806	3126.0
807	3020.0
808	3264.0
809	3160.0
810	3160.0
811	3062.0
812	3168.0
813	3202.0
814	3078.0
815	3116.0
816	3146.0
817	3280.0
818	3140.0
819	3188.0
820	3304.0
821	3074.0
822	2974.0
823	3152.0
824	3208.0
825	3226.0
826	3198.0
827	3204.0
828	3140.0
829	3136.0
830	3036.0
831	2984.0
832	3196.0
833	3206.0
834	3050.0
835	3110.0
836	3028.0
837	3012.0
838	3060.0
839	3188.0
840	3150.0
841	3138.0
842	3196.0
843	3120.0
844	3066.0
845	3164.0
846	3216.0
847	3132.0
848	3172.0
849	3106.0
850	3102.0
851	3228.0
852	3084.0
853	3104.0
854	3176.0
855	3022.0
856	3068.0
857	2890.0
858	3086.0
859	3082.0
860	3200.0
861	2932.0
862	3230.0
863	3180.0
864	3142.0
865	3114.0
866	3062.0
867	3166.0
868	3218.0
869	2954.0
870	3072.0
871	3112.0
872	3118.0
873	3114.0
874	3102.0
875	3018.0
876	3148.0
877	3282.0
878	3156.0
879	2990.0
880	3166.0
881	3086.0
882	3186.0
883	3128.0
884	3144.0
885	3240.0
886	2990.0
887	3050.0
888	3128.0
889	3032.0
890	3052.0
891	3070.0
892	3040.0
893	3228.0
894	3180.0
895	3138.0
896	3064.0
897	3228.0
898	3134.0
899	3434.0
900	3086.0
901	3176.0
902	3112.0
903	2992.0
904	3186.0
905	3154.0
906	3048.0
907	3124.0
908	3150.0
909	3210.0
910	3116.0
911	3218.0
912	3240.0
913	3198.0
914	3170.0
915	3070.0
916	3176.0
917	3072.0
918	3106.0
919	3220.0
920	3122.0
921	3092.0
922	3046.0
923	3060.0
924	3196.0
925	3172.0
926	3254.0
927	3210.0
928	3128.0
929	3116.0
930	3176.0
931	3240.0
932	3252.0
933	3308.0
934	3442.0
935	3214.0
936	3244.0
937	3310.0
938	3156.0
939	3266.0
940	3288.0
941	3194.0
942	3062.0
943	3152.0
944	3102.0
945	3264.0
946	3272.0
947	3412.0
948	3262.0
949	3266.0
950	3224.0
951	3296.0
952	3344.0
953	3264.0
954	3320.0
955	3500.0
956	3168.0
957	3148.0
958	3242.0
959	3376.0
960	3504.0
961	3356.0
962	3276.0
963	3254.0
964	3216.0
965	3280.0
966	3290.0
967	3256.0
968	3540.0
969	3326.0
970	3418.0
971	3366.0
972	3264.0
973	3246.0
974	3372.0
975	3492.0
976	3384.0
977	3382.0
978	3482.0
979	3378.0
980	3288.0
981	3260.0
982	3350.0
983	3038.0
984	3444.0
985	2980.0
986	3212.0
987	3268.0
988	3400.0
989	3254.0
990	3230.0
991	3424.0
992	3386.0
993	3510.0
994	3258.0
995	3380.0
996	3374.0
997	3132.0
998	3310.0
999	3024.0
1000	3102.0
1001	3402.0
1002	3382.0
1003	3392.0
1004	3492.0
1005	3420.0
1006	3392.0
1007	3412.0
1008	3278.0
1009	3322.0
1010	3282.0
1011	3450.0
1012	3400.0
1013	3414.0
1014	3398.0
1015	3438.0
1016	3228.0
1017	3240.0
1018	3446.0
1019	3450.0
1020	3396.0
1021	3384.0
1022	3258.0
1023	3360.0
1024	3360.0
1025	3336.0
1026	3312.0
1027	3384.0
1028	3408.0
1029	3418.0
1030	3678.0
1031	3432.0
1032	3330.0
1033	3422.0
1034	3510.0
1035	3314.0
1036	3406.0
1037	3188.0
1038	3408.0
1039	3390.0
1040	3408.0
1041	3312.0
1042	3286.0
1043	3362.0
1044	3376.0
1045	3290.0
1046	3340.0
1047	3344.0
1048	3364.0
1049	3440.0
1050	3334.0
1051	3368.0
1052	3274.0
1053	3362.0
1054	3380.0
1055	3380.0
1056	3256.0
1057	3378.0
1058	3330.0
1059	3134.0
1060	3322.0
1061	3378.0
1062	3230.0
1063	3276.0
1064	3264.0
1065	3358.0
1066	3230.0
1067	3414.0
1068	3428.0
1069	3426.0
1070	3404.0
1071	3326.0
1072	3330.0
1073	3444.0
1074	3340.0
1075	3290.0
1076	3390.0
1077	3356.0
1078	3462.0
1079	3282.0
1080	3302.0
1081	3236.0
1082	3374.0
1083	3408.0
1084	3312.0
1085	3234.0
1086	3378.0
1087	3324.0
1088	3332.0
1089	3140.0
1090	3378.0
1091	3340.0
1092	3304.0
1093	3282.0
1094	3252.0
1095	3340.0
1096	3366.0
1097	3314.0
1098	3320.0
1099	3362.0
1100	3392.0
1101	3270.0
1102	3312.0
1103	3534.0
1104	3244.0
1105	3200.0
1106	3340.0
1107	3204.0
1108	3256.0
1109	3250.0
1110	3314.0
1111	3164.0
1112	3294.0
1113	3172.0
1114	3326.0
1115	3434.0
1116	3168.0
1117	3332.0
1118	3332.0
1119	3228.0
1120	3290.0
1121	3514.0
1122	3358.0
1123	3288.0
1124	3114.0
1125	3518.0
1126	3208.0
1127	3288.0
1128	3394.0
1129	3348.0
1130	3316.0
1131	3222.0
1132	3296.0
1133	3310.0
1134	3464.0
1135	3240.0
1136	3272.0
1137	3172.0
1138	3238.0
1139	3420.0
1140	3318.0
1141	3258.0
1142	3236.0
1143	3376.0
1144	3226.0
1145	3388.0
1146	3322.0
1147	3164.0
1148	3294.0
1149	3282.0
1150	3394.0
1151	3216.0
1152	3246.0
1153	3298.0
1154	3266.0
1155	3302.0
1156	3338.0
1157	3274.0
1158	3268.0
1159	3320.0
1160	3386.0
1161	3300.0
1162	3338.0
1163	3200.0
1164	3292.0
1165	3308.0
1166	3276.0
1167	3376.0
1168	3354.0
1169	3474.0
1170	3294.0
1171	3340.0
1172	3368.0
1173	3358.0
1174	3328.0
1175	3300.0
1176	3272.0
1177	3222.0
1178	3324.0
1179	3382.0
1180	3262.0
1181	3464.0
1182	3230.0
1183	3342.0
1184	3438.0
1185	3306.0
1186	3438.0
1187	3462.0
1188	3398.0
1189	3530.0
1190	3452.0
1191	3192.0
1192	3326.0
1193	3376.0
1194	3358.0
1195	3240.0
1196	3260.0
1197	3464.0
1198	3290.0
1199	3232.0
1200	3302.0
1201	3304.0
1202	3332.0
1203	3282.0
1204	3146.0
1205	3296.0
1206	3382.0
1207	3304.0
1208	3366.0
1209	3442.0
1210	3512.0
1211	3512.0
1212	3474.0
1213	3516.0
1214	3632.0
1215	3546.0
1216	3700.0
1217	3518.0
1218	3232.0
1219	3342.0
1220	3344.0
1221	3336.0
1222	3388.0
1223	3440.0
1224	3404.0
1225	3116.0
1226	3338.0
1227	3518.0
1228	3346.0
1229	3392.0
1230	3436.0
1231	3294.0
1232	3296.0
1233	3390.0
1234	3322.0
1235	3240.0
1236	3358.0
1237	3390.0
1238	3370.0
1239	3318.0
1240	3432.0
1241	3300.0
1242	3372.0
1243	3374.0
1244	3428.0
1245	3336.0
1246	3354.0
1247	3284.0
1248	3400.0
1249	3346.0
1250	3178.0
1251	3512.0
1252	3594.0
1253	3602.0
1254	3446.0
1255	3446.0
1256	3410.0
1257	3426.0
1258	3556.0
1259	3512.0
1260	3624.0
1261	3612.0
1262	3434.0
1263	3572.0
1264	3682.0
1265	3624.0
1266	3612.0
1267	3424.0
1268	3622.0
1269	3574.0
1270	3554.0
1271	3456.0
1272	3406.0
1273	3360.0
1274	3420.0
1275	3362.0
1276	3654.0
1277	3678.0
1278	3530.0
1279	3408.0
1280	3702.0
1281	3554.0
1282	3530.0
1283	3620.0
1284	3384.0
1285	3500.0
1286	3236.0
1287	3446.0
1288	3480.0
1289	3492.0
1290	3450.0
1291	3676.0
1292	3714.0
1293	3626.0
1294	3536.0
1295	3620.0
1296	3616.0
1297	3504.0
1298	3524.0
1299	3534.0
1300	3506.0
1301	3618.0
1302	3590.0
1303	3448.0
1304	3518.0
1305	3698.0
1306	3586.0
1307	3398.0
1308	3548.0
1309	3476.0
1310	3726.0
1311	3642.0
1312	3496.0
1313	3642.0
1314	3542.0
1315	3486.0
1316	3644.0
1317	3530.0
1318	3524.0
1319	3498.0
1320	3606.0
1321	3740.0
1322	3438.0
1323	3484.0
1324	3494.0
1325	3530.0
1326	3452.0
1327	3546.0
1328	3492.0
1329	3486.0
1330	3616.0
1331	3530.0
1332	3392.0
1333	3424.0
1334	3556.0
1335	3566.0
1336	3564.0
1337	3486.0
1338	3440.0
1339	3370.0
1340	3502.0
1341	3390.0
1342	3644.0
1343	3468.0
1344	3554.0
1345	3434.0
1346	3408.0
1347	3662.0
1348	3516.0
1349	3498.0
1350	3468.0
1351	3522.0
1352	3498.0
1353	3548.0
1354	3338.0
1355	3660.0
1356	3492.0
1357	3482.0
1358	3352.0
1359	3660.0
1360	3392.0
1361	3470.0
1362	3392.0
1363	3470.0
1364	3542.0
1365	3486.0
1366	3428.0
1367	3324.0
1368	3342.0
1369	3232.0
1370	3484.0
1371	3550.0
1372	3502.0
1373	3464.0
1374	3516.0
1375	3444.0
1376	3572.0
1377	3482.0
1378	3698.0
1379	3514.0
1380	3430.0
1381	3414.0
1382	3634.0
1383	3468.0
1384	3476.0
1385	3562.0
1386	3408.0
1387	3644.0
1388	3450.0
1389	3490.0
1390	3342.0
1391	3498.0
1392	3424.0
1393	3668.0
1394	3448.0
1395	3558.0
1396	3618.0
1397	3492.0
1398	3496.0
1399	3420.0
1400	3434.0
1401	3448.0
1402	3524.0
1403	3394.0
1404	3712.0
1405	3410.0
1406	3568.0
1407	3550.0
1408	3540.0
1409	3516.0
1410	3560.0
1411	3402.0
1412	3434.0
1413	3660.0
1414	3284.0
1415	3468.0
1416	3434.0
1417	3430.0
1418	3302.0
1419	3646.0
1420	3546.0
1421	3492.0
1422	3570.0
1423	3528.0
1424	3492.0
1425	3424.0
1426	3526.0
1427	3530.0
1428	3668.0
1429	3642.0
1430	3632.0
1431	3570.0
1432	3684.0
1433	3496.0
1434	3522.0
1435	3748.0
1436	3568.0
1437	3492.0
1438	3550.0
1439	3506.0
1440	3450.0
1441	3558.0
1442	3486.0
1443	3524.0
1444	3426.0
1445	3346.0
1446	3666.0
1447	3528.0
1448	3482.0
1449	3488.0
1450	3518.0
1451	3502.0
1452	3488.0
1453	3566.0
1454	3686.0
1455	3532.0
1456	3612.0
1457	3524.0
1458	3584.0
1459	3560.0
1460	3578.0
1461	3636.0
1462	3688.0
1463	3640.0
1464	3654.0
1465	3580.0
1466	3470.0
1467	3484.0
1468	3540.0
1469	3596.0
1470	3646.0
1471	3500.0
1472	3594.0
1473	3580.0
1474	3540.0
1475	3670.0
1476	3398.0
1477	3630.0
1478	3536.0
1479	3502.0
1480	3502.0
1481	3468.0
1482	3466.0
1483	3688.0
1484	3430.0
1485	3518.0
1486	3472.0
1487	3530.0
1488	3496.0
1489	3526.0
1490	3470.0
1491	3310.0
1492	3584.0
1493	3580.0
1494	3454.0
1495	3582.0
1496	3484.0
1497	3640.0
1498	3514.0
1499	3558.0
1500	3648.0
1501	3356.0
1502	3494.0
1503	3362.0
1504	3424.0
1505	3642.0
1506	3526.0
1507	3564.0
1508	3536.0
1509	3604.0
1510	3618.0
1511	3396.0
1512	3568.0
1513	3646.0
1514	3352.0
1515	3430.0
1516	3590.0
1517	3714.0
1518	3502.0
1519	3440.0
1520	3562.0
1521	3542.0
1522	3440.0
1523	3550.0
1524	3508.0
1525	3530.0
1526	3572.0
1527	3486.0
1528	3616.0
1529	3628.0
1530	3504.0
1531	3732.0
1532	3612.0
1533	3492.0
1534	3480.0
1535	3472.0
1536	3328.0
1537	3440.0
1538	3568.0
1539	3528.0
1540	3474.0
1541	3542.0
1542	3544.0
1543	3500.0
1544	3472.0
1545	3514.0
1546	3576.0
1547	3248.0
1548	3464.0
1549	3480.0
1550	3600.0
1551	3652.0
1552	3364.0
1553	3514.0
1554	3504.0
1555	3322.0
1556	3468.0
1557	3552.0
1558	3520.0
1559	3358.0
1560	3526.0
1561	3572.0
1562	3434.0
1563	3422.0
1564	3400.0
1565	3394.0
1566	3452.0
1567	3526.0
1568	3400.0
1569	3592.0
1570	3540.0
1571	3386.0
1572	3572.0
1573	3378.0
1574	3430.0
1575	3440.0
1576	3418.0
1577	3434.0
1578	3508.0
1579	3536.0
1580	3592.0
1581	3430.0
1582	3414.0
1583	3562.0
1584	3392.0
1585	3572.0
1586	3594.0
1587	3348.0
1588	3454.0
1589	3630.0
1590	3478.0
1591	3406.0
1592	3420.0
1593	3484.0
1594	3452.0
1595	3580.0
1596	3410.0
1597	3464.0
1598	3452.0
1599	3414.0
1600	3460.0
1601	3482.0
1602	3534.0
1603	3474.0
1604	3472.0
1605	3420.0
1606	3374.0
1607	3462.0
1608	3408.0
1609	3382.0
1610	3536.0
1611	3482.0
1612	3492.0
1613	3434.0
1614	3508.0
1615	3424.0
1616	3484.0
1617	3474.0
1618	3482.0
1619	3506.0
1620	3366.0
1621	3502.0
1622	3402.0
1623	3536.0
1624	3410.0
1625	3546.0
1626	3542.0
1627	3426.0
1628	3462.0
1629	3478.0
1630	3398.0
1631	3294.0
1632	3274.0
1633	3472.0
1634	3454.0
1635	3412.0
1636	3378.0
1637	3470.0
1638	3422.0
1639	3394.0
1640	3370.0
1641	3392.0
1642	3534.0
1643	3384.0
1644	3314.0
1645	3480.0
1646	3330.0
1647	3350.0
1648	3350.0
1649	3616.0
1650	3312.0
1651	3434.0
1652	3444.0
1653	3344.0
1654	3360.0
1655	3378.0
1656	3452.0
1657	3562.0
1658	3486.0
1659	3492.0
1660	3528.0
1661	3326.0
1662	3460.0
1663	3300.0
1664	3396.0
1665	3474.0
1666	3392.0
1667	3416.0
1668	3502.0
1669	3548.0
1670	3432.0
1671	3394.0
1672	3408.0
1673	3718.0
1674	3356.0
1675	3450.0
1676	3428.0
1677	3504.0
1678	3356.0
1679	3472.0
1680	3346.0
1681	3352.0
1682	3456.0
1683	3402.0
1684	3282.0
1685	3560.0
1686	3396.0
1687	3562.0
1688	3252.0
1689	3476.0
1690	3372.0
1691	3392.0
1692	3390.0
1693	3390.0
1694	3494.0
1695	3354.0
1696	3440.0
1697	3434.0
1698	3518.0
1699	3462.0
1700	3346.0
1701	3510.0
1702	3482.0
1703	3464.0
1704	3428.0
1705	3542.0
1706	3320.0
1707	3488.0
1708	3446.0
1709	3268.0
1710	3590.0
1711	3262.0
1712	3450.0
1713	3522.0
1714	3414.0
1715	3448.0
1716	3410.0
1717	3462.0
1718	3378.0
1719	3486.0
1720	3452.0
1721	3428.0
1722	3446.0
1723	3398.0
1724	3380.0
1725	3542.0
1726	3474.0
1727	3396.0
1728	3428.0
1729	3402.0
1730	3600.0
1731	3368.0
1732	3406.0
1733	3402.0
1734	3484.0
1735	3500.0
1736	3356.0
1737	3472.0
1738	3374.0
1739	3564.0
1740	3404.0
1741	3408.0
1742	3442.0
1743	3418.0
1744	3334.0
1745	3374.0
1746	3526.0
1747	3556.0
1748	3502.0
1749	3330.0
1750	3240.0
1751	3328.0
1752	3384.0
1753	3260.0
1754	3472.0
1755	3546.0
1756	3344.0
1757	3336.0
1758	3138.0
1759	3300.0
1760	3346.0
1761	3350.0
1762	3226.0
1763	3340.0
1764	3508.0
1765	3422.0
1766	3262.0
1767	3326.0
1768	3456.0
1769	3458.0
1770	3422.0
1771	3250.0
1772	3322.0
1773	3338.0
1774	3338.0
1775	3410.0
1776	3390.0
1777	3454.0
1778	3360.0
1779	3464.0
1780	3296.0
1781	3316.0
1782	3292.0
1783	3438.0
1784	3436.0
1785	3448.0
1786	3374.0
1787	3370.0
1788	3520.0
1789	3448.0
1790	3406.0
1791	3296.0
1792	3346.0
1793	3468.0
1794	3296.0
1795	3422.0
1796	3460.0
1797	3316.0
1798	3450.0
1799	3432.0
1800	3308.0
1801	3422.0
1802	3538.0
1803	3542.0
1804	3634.0
1805	3468.0
1806	3378.0
1807	3346.0
1808	3342.0
1809	3484.0
1810	3454.0
1811	3514.0
1812	3252.0
1813	3424.0
1814	3358.0
1815	3234.0
1816	3394.0
1817	3442.0
1818	3314.0
1819	3368.0
1820	3430.0
1821	3304.0
1822	3366.0
1823	3280.0
1824	3346.0
1825	3440.0
1826	3396.0
1827	3246.0
1828	3458.0
1829	3388.0
1830	3348.0
1831	3194.0
1832	3276.0
1833	3358.0
1834	3516.0
1835	3448.0
1836	3344.0
1837	3418.0
1838	3342.0
1839	3378.0
1840	3360.0
1841	3328.0
1842	3328.0
1843	3386.0
1844	3326.0
1845	3284.0
1846	3364.0
1847	3434.0
1848	3364.0
1849	3398.0
1850	3302.0
1851	3340.0
1852	3448.0
1853	3382.0
1854	3272.0
1855	3380.0
1856	3490.0
1857	3334.0
1858	3358.0
1859	3298.0
1860	3268.0
1861	3380.0
1862	3336.0
1863	3346.0
1864	3398.0
1865	3312.0
1866	3250.0
1867	3242.0
1868	3492.0
1869	3322.0
1870	3306.0
1871	3324.0
1872	3414.0
1873	3314.0
1874	3302.0
1875	3256.0
1876	3350.0
1877	3290.0
1878	3262.0
1879	3284.0
1880	3326.0
1881	3314.0
1882	3240.0
1883	3302.0
1884	3432.0
1885	3340.0
1886	3122.0
1887	3446.0
1888	3244.0
1889	3288.0
1890	3232.0
1891	3236.0
1892	3524.0
1893	3348.0
1894	3364.0
1895	3342.0
1896	3204.0
1897	3286.0
1898	3318.0
1899	3248.0
1900	3254.0
1901	3422.0
1902	3306.0
1903	3280.0
1904	3360.0
1905	3212.0
1906	3382.0
1907	3282.0
1908	3248.0
1909	3138.0
1910	3358.0
1911	3244.0
1912	3386.0
1913	3246.0
1914	3190.0
1915	3242.0
1916	3324.0
1917	3352.0
1918	3312.0
1919	3304.0
1920	3192.0
1921	3206.0
1922	3270.0
1923	3330.0
1924	3254.0
1925	3282.0
1926	3382.0
1927	3376.0
1928	3318.0
1929	3302.0
1930	3192.0
1931	3284.0
1932	3310.0
1933	3294.0
1934	3282.0
1935	3360.0
1936	3232.0
1937	3236.0
1938	3272.0
1939	3152.0
1940	3122.0
1941	3176.0
1942	3220.0
1943	3242.0
1944	3362.0
1945	3248.0
1946	3284.0
1947	3450.0
1948	3168.0
1949	3268.0
1950	3482.0
1951	3264.0
1952	3404.0
1953	3260.0
1954	3344.0
1955	3120.0
1956	3168.0
1957	3126.0
1958	3164.0
1959	3296.0
1960	3404.0
1961	3332.0
1962	3246.0
1963	3108.0
1964	3286.0
1965	3238.0
1966	3188.0
1967	3200.0
1968	3260.0
1969	3252.0
1970	3368.0
1971	3260.0
1972	3218.0
1973	3172.0
1974	3418.0
1975	3288.0
1976	3104.0
1977	3212.0
1978	3264.0
1979	3196.0
1980	3274.0
1981	3138.0
1982	3224.0
1983	3228.0
1984	3332.0
1985	3316.0
1986	3210.0
1987	3154.0
1988	3112.0
1989	3334.0
1990	3122.0
1991	3170.0
1992	3188.0
1993	3320.0
1994	2944.0
1995	3144.0
1996	3016.0
1997	3204.0
1998	3264.0
1999	3208.0
2000	3240.0
2001	3306.0
2002	3380.0
2003	3222.0
2004	3384.0
2005	3360.0
2006	3288.0
2007	3232.0
2008	3170.0
2009	3214.0
2010	2916.0
2011	2974.0
2012	3026.0
2013	2944.0
2014	3190.0
2015	3016.0
2016	2918.0
2017	3216.0
2018	3272.0
2019	3288.0
2020	3164.0
2021	3226.0
2022	3200.0
2023	3308.0
2024	3186.0
2025	3108.0
2026	3114.0
2027	3200.0
2028	2864.0
2029	3294.0
2030	2956.0
2031	3054.0
2032	2932.0
2033	3072.0
2034	2956.0
2035	3252.0
2036	3190.0
2037	3130.0
2038	3194.0
2039	3198.0
2040	3128.0
2041	3146.0
2042	3134.0
2043	3172.0
2044	3174.0
2045	3168.0
2046	3138.0
2047	3010.0
2048	2806.0
2049	3076.0
2050	3258.0
2051	3164.0
2052	3140.0
2053	3198.0
2054	3230.0
2055	3220.0
2056	3044.0
2057	3168.0
2058	2904.0
2059	3154.0
2060	2832.0
2061	2860.0
2062	2906.0
2063	3198.0
2064	3070.0
2065	3182.0
2066	3144.0
2067	3164.0
2068	3144.0
2069	3116.0
2070	3222.0
2071	3196.0
2072	2794.0
2073	2746.0
2074	2888.0
2075	3008.0
2076	2776.0
2077	2890.0
2078	2958.0
2079	2860.0
2080	2964.0
2081	3232.0
2082	3158.0
2083	2830.0
2084	2906.0
2085	2748.0
2086	3014.0
2087	2942.0
2088	2990.0
2089	2800.0
2090	2802.0
2091	3042.0
2092	2824.0
2093	2888.0
2094	2804.0
2095	2854.0
2096	2996.0
2097	2992.0
2098	2796.0
2099	2790.0
2100	2940.0
2101	3076.0
2102	2894.0
2103	2774.0
2104	3036.0
2105	2892.0
2106	2936.0
2107	2824.0
2108	3120.0
2109	3188.0
2110	3312.0
2111	3108.0
2112	3066.0
2113	2868.0
2114	3108.0
2115	2870.0
2116	2776.0
2117	2856.0
2118	2916.0
2119	2908.0
2120	2902.0
2121	2888.0
2122	2894.0
2123	2720.0
2124	2850.0
2125	2956.0
2126	2888.0
2127	2888.0
2128	2872.0
2129	2924.0
2130	3138.0
2131	2774.0
2132	2940.0
2133	2822.0
2134	3126.0
2135	3110.0
2136	3154.0
2137	3164.0
2138	2830.0
2139	2868.0
2140	2914.0
2141	2776.0
2142	2782.0
2143	2782.0
2144	3030.0
2145	2802.0
2146	2710.0
2147	2884.0
2148	2898.0
2149	2734.0
2150	2962.0
2151	2814.0
2152	2858.0
2153	2840.0
2154	2872.0
2155	2704.0
2156	2866.0
2157	2914.0
2158	2724.0
2159	2872.0
2160	2866.0
2161	2736.0
2162	2852.0
2163	2764.0
2164	2736.0
2165	2798.0
2166	2764.0
2167	2706.0
2168	3132.0
2169	2776.0
2170	2798.0
2171	2796.0
2172	2774.0
2173	2828.0
2174	2818.0
2175	2670.0
2176	2704.0
2177	2790.0
2178	2844.0
2179	2842.0
2180	2854.0
2181	2846.0
2182	2950.0
2183	2858.0
2184	2742.0
2185	2828.0
2186	2810.0
2187	2892.0
2188	2808.0
2189	2908.0
2190	2876.0
2191	2850.0
2192	2942.0
2193	2840.0
2194	2786.0
2195	2900.0
2196	2784.0
2197	2844.0
2198	2800.0
2199	2732.0
2200	2760.0
2201	2800.0
2202	2802.0
2203	2928.0
2204	2934.0
2205	2892.0
2206	2836.0
2207	2902.0
2208	2816.0
2209	2784.0
2210	2836.0
2211	2946.0
2212	2822.0
2213	2916.0
2214	2796.0
2215	2804.0
2216	3008.0
2217	2826.0
2218	2876.0
2219	2838.0
2220	2914.0
2221	2936.0
2222	3006.0
2223	2814.0
2224	2660.0
2225	2752.0
2226	2724.0
2227	2892.0
2228	2994.0
2229	2964.0
2230	3022.0
2231	2730.0
2232	2858.0
2233	2870.0
2234	2792.0
2235	2784.0
2236	2826.0
2237	2892.0
2238	2854.0
2239	2716.0
2240	2898.0
2241	2852.0
2242	2940.0
2243	2766.0
2244	2794.0
2245	2878.0
2246	2908.0
2247	2786.0
2248	2894.0
2249	2764.0
2250	2856.0
2251	2830.0
2252	2902.0
2253	2960.0
2254	2722.0
2255	2912.0
2256	2914.0
2257	2906.0
2258	2834.0
2259	2996.0
2260	2876.0
2261	2962.0
2262	2830.0
2263	2968.0
2264	2724.0
2265	2920.0
2266	2900.0
2267	2918.0
2268	2804.0
2269	2806.0
2270	2980.0
2271	2976.0
2272	2876.0
2273	2840.0
2274	3032.0
2275	2858.0
2276	2894.0
2277	2846.0
2278	3024.0
2279	2944.0
2280	2868.0
2281	2920.0
2282	2896.0
2283	2978.0
2284	2890.0
2285	2748.0
2286	3028.0
2287	3056.0
2288	2802.0
2289	2820.0
2290	3002.0
2291	2896.0
2292	2842.0
2293	2788.0
2294	3048.0
2295	2956.0
2296	2844.0
2297	2872.0
2298	2818.0
2299	2730.0
2300	3062.0
2301	2894.0
2302	3020.0
2303	3002.0
2304	2942.0
2305	2894.0
2306	2958.0
2307	2758.0
2308	2804.0
2309	2954.0
2310	2838.0
2311	2812.0
2312	2730.0
2313	2816.0
2314	3046.0
2315	2744.0
2316	2818.0
2317	3032.0
2318	2822.0
2319	2828.0
2320	2954.0
2321	2970.0
2322	2918.0
2323	2918.0
2324	2872.0
2325	2756.0
2326	2766.0
2327	2766.0
2328	2872.0
2329	2842.0
2330	2870.0
2331	2872.0
2332	2802.0
2333	2652.0
2334	2724.0
2335	2840.0
2336	2842.0
2337	2872.0
2338	2776.0
2339	2872.0
2340	2768.0
2341	2660.0
2342	2752.0
2343	2882.0
2344	2850.0
2345	2796.0
2346	2678.0
2347	2726.0
2348	2672.0
2349	2824.0
2350	2644.0
2351	2664.0
2352	2870.0
2353	2762.0
2354	2690.0
2355	2704.0
2356	2750.0
2357	2868.0
2358	2688.0
2359	2664.0
2360	2812.0
2361	2866.0
2362	2790.0
2363	2824.0
2364	2778.0
2365	2668.0
2366	2794.0
2367	2802.0
2368	2820.0
2369	2902.0
2370	2852.0
2371	2866.0
2372	2716.0
2373	2826.0
2374	2716.0
2375	2770.0
2376	2772.0
2377	2822.0
2378	2842.0
2379	2578.0
2380	2714.0
2381	2616.0
2382	2508.0
2383	2764.0
2384	2814.0
2385	2778.0
2386	2626.0
2387	2676.0
2388	2556.0
2389	2780.0
2390	2832.0
2391	2838.0
2392	2702.0
2393	2846.0
2394	2672.0
2395	2772.0
2396	2740.0
2397	2556.0
2398	2548.0
2399	2446.0
2400	2532.0
2401	2764.0
2402	2744.0
2403	2702.0
2404	2746.0
2405	2814.0
2406	2706.0
2407	2800.0
2408	2740.0
2409	2732.0
2410	2552.0
2411	2456.0
2412	2480.0
2413	2438.0
2414	2610.0
2415	2476.0
2416	2624.0
2417	2620.0
2418	2556.0
2419	2430.0
2420	2436.0
2421	2508.0
2422	2498.0
2423	2602.0
2424	2464.0
2425	2506.0
2426	2596.0
2427	2412.0
2428	2452.0
2429	2544.0
2430	2540.0
2431	2392.0
2432	2472.0
2433	2602.0
2434	2498.0
2435	2526.0
2436	2368.0
2437	2506.0
2438	2428.0
2439	2482.0
2440	2492.0
2441	2352.0
2442	2394.0
2443	2426.0
2444	2416.0
2445	2476.0
2446	2472.0
2447	2506.0
2448	2372.0
2449	2322.0
2450	2486.0
2451	2510.0
2452	2406.0
2453	2422.0
2454	2544.0
2455	2452.0
2456	2456.0
2457	2422.0
2458	2474.0
2459	2518.0
2460	2452.0
2461	2476.0
2462	2570.0
2463	2380.0
2464	2476.0
2465	2320.0
2466	2416.0
2467	2420.0
2468	2400.0
2469	2386.0
2470	2480.0
2471	2394.0
2472	2474.0
2473	2724.0
2474	2420.0
2475	2394.0
2476	2426.0
2477	2482.0
2478	2398.0
2479	2422.0
2480	2386.0
2481	2342.0
2482	2504.0
2483	2310.0
2484	2410.0
2485	2470.0
2486	2514.0
2487	2518.0
2488	2474.0
2489	2364.0
2490	2430.0
2491	2346.0
2492	2404.0
2493	2422.0
2494	2430.0
2495	2574.0
2496	2442.0
2497	2494.0
2498	2466.0
2499	2362.0
2500	2484.0
2501	2500.0
2502	2346.0
2503	2362.0
2504	2452.0
2505	2476.0
2506	2362.0
2507	2344.0
2508	2528.0
2509	2432.0
2510	2354.0
2511	2460.0
2512	2630.0
2513	2446.0
2514	2342.0
2515	2340.0
2516	2438.0
2517	2392.0
2518	2394.0
2519	2400.0
2520	2396.0
2521	2576.0
2522	2370.0
2523	2440.0
2524	2342.0
2525	2486.0
2526	2384.0
2527	2412.0
2528	2404.0
2529	2270.0
2530	2346.0
2531	2358.0
2532	2474.0
2533	2490.0
2534	2336.0
2535	2376.0
2536	2424.0
2537	2512.0
2538	2314.0
2539	2288.0
2540	2426.0
2541	2416.0
2542	2456.0
2543	2494.0
2544	2294.0
2545	2378.0
2546	2346.0
2547	2344.0
2548	2306.0
2549	2464.0
2550	2454.0
2551	2306.0
2552	2312.0
2553	2390.0
2554	2322.0
2555	2290.0
2556	2284.0
2557	2336.0
2558	2418.0
2559	2294.0
2560	2366.0
2561	2312.0
2562	2254.0
2563	2224.0
2564	2340.0
2565	2304.0
2566	2322.0
2567	2408.0
2568	2296.0
2569	2224.0
2570	2282.0
2571	2110.0
2572	2188.0
2573	2190.0
2574	2386.0
2575	2312.0
2576	2182.0
2577	2302.0
2578	2234.0
2579	2170.0
2580	2310.0
2581	2278.0
2582	2218.0
2583	2302.0
2584	2212.0
2585	2304.0
2586	2214.0
2587	2214.0
2588	2262.0
2589	2272.0
2590	2276.0
2591	2190.0
2592	2220.0
2593	2318.0
2594	2360.0
2595	2302.0
2596	2296.0
2597	2246.0
2598	2354.0
2599	2278.0
2600	2196.0
2601	2166.0
2602	2258.0
2603	2126.0
2604	2266.0
2605	2214.0
2606	2194.0
2607	2184.0
2608	2300.0
2609	2172.0
2610	2198.0
2611	2100.0
2612	2190.0
2613	2188.0
2614	2164.0
2615	2208.0
2616	2250.0
2617	2150.0
2618	2168.0
2619	2034.0
2620	2172.0
2621	2162.0
2622	2032.0
2623	2170.0
2624	2236.0
2625	2224.0
2626	2176.0
2627	2270.0
2628	2246.0
2629	2072.0
2630	2114.0
2631	2128.0
2632	2112.0
2633	2114.0
2634	1950.0
2635	1978.0
2636	1950.0
2637	2060.0
2638	1838.0
2639	2162.0
2640	2196.0
2641	1974.0
2642	2154.0
2643	1964.0
2644	2004.0
2645	1752.0
2646	1916.0
2647	1932.0
2648	1962.0
2649	2026.0
2650	1946.0
2651	1944.0
2652	1872.0
2653	1916.0
2654	1962.0
2655	1876.0
2656	1988.0
2657	2002.0
2658	1888.0
2659	1930.0
2660	1924.0
2661	1816.0
2662	1828.0
2663	1870.0
2664	1782.0
2665	1930.0
2666	1926.0
2667	1870.0
2668	1798.0
2669	1932.0
2670	1906.0
2671	1922.0
2672	1784.0
2673	1970.0
2674	1836.0
2675	1962.0
2676	1858.0
2677	1782.0
2678	1808.0
2679	1908.0
2680	1852.0
2681	1866.0
2682	1864.0
2683	1864.0
2684	1814.0
2685	1936.0
2686	1798.0
2687	1854.0
2688	1878.0
2689	1812.0
2690	1984.0
2691	1832.0
2692	1862.0
2693	1746.0
2694	1744.0
2695	1762.0
2696	1854.0
2697	1902.0
2698	1864.0
2699	1828.0
2700	1874.0
2701	1758.0
2702	1724.0
2703	1842.0
2704	1718.0
2705	1786.0
2706	1856.0
2707	1850.0
2708	1828.0
2709	1810.0
2710	1796.0
2711	1976.0
2712	1738.0
2713	1862.0
2714	1714.0
2715	1770.0
2716	1768.0
2717	1820.0
2718	1878.0
2719	1844.0
2720	1838.0
2721	1762.0
2722	1770.0
2723	1850.0
2724	1834.0
2725	1846.0
2726	1928.0
2727	1710.0
2728	1824.0
2729	1780.0
2730	1744.0
2731	1860.0
2732	1988.0
2733	1926.0
2734	1774.0
2735	1626.0
2736	1756.0
2737	1714.0
2738	1692.0
2739	1768.0
2740	1868.0
2741	1754.0
2742	1782.0
2743	1782.0
2744	1684.0
2745	1790.0
2746	1774.0
2747	1870.0
