0	69968.0
1	71028.0
2	69808.0
3	70792.0
4	70000.0
5	74972.0
6	71076.0
7	74360.0
8	74520.0
9	73808.0
10	74928.0
11	73996.0
12	70720.0
13	69888.0
14	70692.0
15	69172.0
16	67992.0
17	69140.0
18	69996.0
19	69144.0
20	70232.0
21	70232.0
22	72384.0
23	69700.0
24	69916.0
25	70180.0
26	70396.0
27	70072.0
28	70800.0
29	69752.0
30	71408.0
31	69788.0
32	69672.0
33	70632.0
34	69640.0
35	69824.0
36	70552.0
37	70496.0
38	70700.0
39	69920.0
40	70288.0
41	68724.0
42	69392.0
43	69508.0
44	69916.0
45	70776.0
46	69212.0
47	69352.0
48	69100.0
49	67980.0
50	68652.0
51	68776.0
52	69352.0
53	68732.0
54	70108.0
55	70512.0
56	69532.0
57	69904.0
58	70048.0
59	71556.0
60	71268.0
61	69852.0
62	69872.0
63	70640.0
64	69860.0
65	70472.0
66	70072.0
67	70828.0
68	70092.0
69	70060.0
70	69936.0
71	69400.0
72	70080.0
73	68652.0
74	69512.0
75	70296.0
76	69884.0
77	69044.0
78	69224.0
79	69764.0
80	71488.0
81	70140.0
82	69968.0
83	70400.0
84	71428.0
85	71808.0
86	70672.0
87	71116.0
88	71756.0
89	70348.0
90	70712.0
91	71140.0
92	71620.0
93	72040.0
94	70744.0
95	71592.0
96	70984.0
97	71520.0
98	67240.0
99	66880.0
100	68248.0
101	71268.0
102	69856.0
103	70676.0
104	70512.0
105	70592.0
106	69940.0
107	69900.0
108	70540.0
109	70656.0
110	71404.0
111	70516.0
112	70532.0
113	71372.0
114	70780.0
115	71100.0
116	70944.0
117	71256.0
118	70636.0
119	66780.0
120	67820.0
121	69980.0
122	71392.0
123	66588.0
124	66256.0
125	67780.0
126	66712.0
127	66180.0
128	66380.0
129	66676.0
130	66832.0
131	67320.0
132	66412.0
133	65744.0
134	67824.0
135	66432.0
136	67172.0
137	66796.0
138	67408.0
139	67064.0
140	65864.0
141	67352.0
142	67784.0
143	67612.0
144	67212.0
145	66512.0
146	67384.0
147	67764.0
148	66812.0
149	67392.0
150	66516.0
151	68756.0
152	67744.0
153	67984.0
154	66856.0
155	67868.0
156	67556.0
157	65624.0
158	66172.0
159	67052.0
160	66948.0
161	67180.0
162	65184.0
163	67168.0
164	66648.0
165	65820.0
166	65808.0
167	66752.0
168	66792.0
169	65640.0
170	65296.0
171	65132.0
172	65292.0
173	66636.0
174	66760.0
175	66940.0
176	67536.0
177	67580.0
178	67360.0
179	67296.0
180	66996.0
181	66212.0
182	66760.0
183	67944.0
184	68284.0
185	69756.0
186	68516.0
187	67764.0
188	68624.0
189	69292.0
190	67400.0
191	68148.0
192	67120.0
193	67920.0
194	67400.0
195	67384.0
196	67908.0
197	67468.0
198	65628.0
199	65364.0
200	67468.0
201	67008.0
202	67180.0
203	67956.0
204	68276.0
205	68696.0
206	67312.0
207	67800.0
208	68260.0
209	68784.0
210	69536.0
211	69224.0
212	69380.0
213	69436.0
214	69364.0
215	68700.0
216	67312.0
217	69340.0
218	68704.0
219	68428.0
220	69148.0
221	68188.0
222	67348.0
223	67840.0
224	65848.0
225	67096.0
226	66888.0
227	67384.0
228	66976.0
229	66424.0
230	64124.0
231	64440.0
232	66600.0
233	63644.0
234	67856.0
235	67812.0
236	66900.0
237	67140.0
238	68528.0
239	68700.0
240	66872.0
241	67424.0
242	67684.0
243	68068.0
244	67956.0
245	67480.0
246	67300.0
247	67300.0
248	62892.0
249	65192.0
250	64116.0
251	65288.0
252	65228.0
253	65380.0
254	65492.0
255	68392.0
256	67320.0
257	67452.0
258	66872.0
259	64668.0
260	65272.0
261	68168.0
262	64912.0
263	68876.0
264	68760.0
265	67724.0
266	64840.0
267	68352.0
268	65016.0
269	67656.0
270	64064.0
271	64368.0
272	64620.0
273	64628.0
274	64060.0
275	63984.0
276	64804.0
277	65572.0
278	66172.0
279	66580.0
280	66308.0
281	65596.0
282	65448.0
283	65472.0
284	66992.0
285	65908.0
286	66768.0
287	64684.0
288	66956.0
289	65680.0
290	64440.0
291	66312.0
292	66244.0
293	65252.0
294	65184.0
295	65300.0
296	65224.0
297	65600.0
298	63840.0
299	64504.0
300	65292.0
301	65420.0
302	65372.0
303	65516.0
304	65716.0
305	66580.0
306	64904.0
307	65252.0
308	65928.0
309	67844.0
310	66524.0
311	66856.0
312	67476.0
313	66156.0
314	65512.0
315	65456.0
316	66196.0
317	66124.0
318	66356.0
319	67684.0
320	66216.0
321	66464.0
322	66504.0
323	66984.0
324	64716.0
325	65500.0
326	67092.0
327	66400.0
328	65340.0
329	66696.0
330	65732.0
331	64680.0
332	64704.0
333	65632.0
334	65568.0
335	66056.0
336	65448.0
337	66708.0
338	66452.0
339	65248.0
340	66460.0
341	65752.0
342	65772.0
343	66024.0
344	65160.0
345	65784.0
346	66132.0
347	65812.0
348	65556.0
349	64508.0
350	65724.0
351	66132.0
352	65364.0
353	64712.0
354	64632.0
355	65628.0
356	65036.0
357	65712.0
358	64316.0
359	66420.0
360	64980.0
361	66132.0
362	65832.0
363	67292.0
364	66360.0
365	64988.0
366	65876.0
367	64648.0
368	64836.0
369	66088.0
370	62420.0
371	62676.0
372	62748.0
373	61204.0
374	61692.0
375	62680.0
376	62632.0
377	66204.0
378	66272.0
379	65992.0
380	67260.0
381	65500.0
382	62076.0
383	62108.0
384	63668.0
385	62392.0
386	61920.0
387	63200.0
388	62364.0
389	63044.0
390	64808.0
391	64884.0
392	61880.0
393	63752.0
394	62128.0
395	61948.0
396	62632.0
397	63248.0
398	61636.0
399	64568.0
400	65032.0
401	64244.0
402	64084.0
403	61688.0
404	62436.0
405	62236.0
406	60980.0
407	65208.0
408	64712.0
409	63404.0
410	62360.0
411	62820.0
412	63488.0
413	62916.0
414	63012.0
415	61992.0
416	61772.0
417	62920.0
418	63208.0
419	62780.0
420	63208.0
421	63444.0
422	63176.0
423	62192.0
424	62568.0
425	61964.0
426	63028.0
427	62576.0
428	62968.0
429	63208.0
430	64724.0
431	63764.0
432	63052.0
433	62744.0
434	64036.0
435	64156.0
436	64580.0
437	64316.0
438	65652.0
439	64012.0
440	64032.0
441	64728.0
442	64888.0
443	64508.0
444	65068.0
445	64312.0
446	64740.0
447	64752.0
448	63956.0
449	64192.0
450	65352.0
451	65052.0
452	65204.0
453	65288.0
454	65768.0
455	65404.0
456	64356.0
457	64356.0
458	63196.0
459	65120.0
460	65796.0
461	65196.0
462	65184.0
463	65872.0
464	65260.0
465	64444.0
466	64636.0
467	65320.0
468	65100.0
469	66104.0
470	65380.0
471	64824.0
472	65520.0
473	65864.0
474	64896.0
475	64148.0
476	65056.0
477	65696.0
478	65304.0
479	65656.0
480	66184.0
481	64968.0
482	64880.0
483	64776.0
484	65464.0
485	66356.0
486	65840.0
487	65876.0
488	65960.0
489	65368.0
490	65164.0
491	64280.0
492	65464.0
493	66832.0
494	66896.0
495	66488.0
496	65476.0
497	66380.0
498	66176.0
499	65808.0
500	65396.0
501	66688.0
502	66680.0
503	66044.0
504	65032.0
505	66432.0
506	65932.0
507	66856.0
508	65656.0
509	66596.0
510	63888.0
511	63824.0
512	64796.0
513	64652.0
514	67272.0
515	67040.0
516	65832.0
517	66552.0
518	66868.0
519	64088.0
520	63640.0
521	63424.0
522	65036.0
523	63732.0
524	68000.0
525	66388.0
526	67084.0
527	67512.0
528	67632.0
529	66400.0
530	67328.0
531	63924.0
532	63556.0
533	67088.0
534	64240.0
535	67452.0
536	66760.0
537	64692.0
538	65144.0
539	64068.0
540	62816.0
541	63936.0
542	64528.0
543	64332.0
544	64432.0
545	64416.0
546	65256.0
547	64004.0
548	63408.0
549	63896.0
550	63412.0
551	63996.0
552	63788.0
553	64084.0
554	63864.0
555	63772.0
556	63936.0
557	63804.0
558	63492.0
559	64840.0
560	63144.0
561	64588.0
562	63960.0
563	64676.0
564	68016.0
565	64184.0
566	63864.0
567	64956.0
568	64720.0
569	64704.0
570	64832.0
571	65528.0
572	65940.0
573	63544.0
574	64100.0
575	63996.0
576	63772.0
577	64512.0
578	64952.0
579	65244.0
580	65036.0
581	64816.0
582	64864.0
583	65776.0
584	65512.0
585	66096.0
586	65504.0
587	66260.0
588	65780.0
589	65960.0
590	64344.0
591	65256.0
592	65352.0
593	64736.0
594	65552.0
595	65964.0
596	66944.0
597	66656.0
598	64652.0
599	64928.0
600	64760.0
601	65536.0
602	64680.0
603	65096.0
604	65732.0
605	66088.0
606	65860.0
607	65132.0
608	64624.0
609	66012.0
610	66040.0
611	67236.0
612	67404.0
613	66452.0
614	67120.0
615	66280.0
616	65840.0
617	67932.0
618	68092.0
619	66636.0
620	67680.0
621	67180.0
622	68188.0
623	66412.0
624	66564.0
625	67176.0
626	67156.0
627	67964.0
628	65940.0
629	66992.0
630	68328.0
631	66532.0
632	67168.0
633	66004.0
634	68124.0
635	67428.0
636	66688.0
637	66944.0
638	66540.0
639	67360.0
640	67012.0
641	65288.0
642	66864.0
643	66068.0
644	67360.0
645	67488.0
646	66968.0
647	67444.0
648	67164.0
649	67056.0
650	66796.0
651	68448.0
652	68644.0
653	68252.0
654	67200.0
655	67184.0
656	66704.0
657	65928.0
658	67264.0
659	68092.0
660	66380.0
661	67760.0
662	68052.0
663	66812.0
664	66740.0
665	67004.0
666	67796.0
667	67108.0
668	68504.0
669	68020.0
670	67088.0
671	67808.0
672	68748.0
673	67832.0
674	67444.0
675	66728.0
676	68184.0
677	67280.0
678	68168.0
679	67532.0
680	68512.0
681	67956.0
682	67344.0
683	67800.0
684	68456.0
685	68660.0
686	67964.0
687	67928.0
688	68568.0
689	68624.0
690	67764.0
691	67876.0
692	68040.0
693	67000.0
694	68460.0
695	69516.0
696	68560.0
697	69568.0
698	68116.0
699	68880.0
700	68072.0
701	69300.0
702	69132.0
703	69012.0
704	69144.0
705	69792.0
706	68940.0
707	68612.0
708	67432.0
709	69508.0
710	69352.0
711	69048.0
712	70344.0
713	69504.0
714	70236.0
715	68772.0
716	68816.0
717	68792.0
718	70236.0
719	66704.0
720	67572.0
721	66464.0
722	66948.0
723	65848.0
724	66216.0
725	68876.0
726	70096.0
727	66616.0
728	66764.0
729	71152.0
730	70180.0
731	69836.0
732	69976.0
733	69172.0
734	67748.0
735	67772.0
736	68040.0
737	67720.0
738	67468.0
739	68060.0
740	67068.0
741	67900.0
742	70748.0
743	67700.0
744	66512.0
745	67044.0
746	66556.0
747	68224.0
748	66696.0
749	66424.0
750	66216.0
751	67140.0
752	66004.0
753	67400.0
754	67208.0
755	67548.0
756	65860.0
757	66576.0
758	65480.0
759	66880.0
760	68096.0
761	67684.0
762	66828.0
763	67132.0
764	66436.0
765	66420.0
766	66908.0
767	67204.0
768	67044.0
769	66740.0
770	66852.0
771	68204.0
772	67128.0
773	66416.0
774	67112.0
775	66952.0
776	67632.0
777	67480.0
778	68260.0
779	68196.0
780	68048.0
781	67952.0
782	68184.0
783	68080.0
784	68288.0
785	67972.0
786	67776.0
787	67616.0
788	68184.0
789	67700.0
790	67696.0
791	66684.0
792	67844.0
793	66472.0
794	67504.0
795	67204.0
796	66776.0
797	67092.0
798	66244.0
799	66840.0
800	66692.0
801	67852.0
802	66648.0
803	67928.0
804	67448.0
805	68272.0
806	66788.0
807	67172.0
808	67492.0
809	67504.0
810	68232.0
811	68048.0
812	68672.0
813	68800.0
814	68148.0
815	67180.0
816	66132.0
817	67416.0
818	66732.0
819	66944.0
820	67964.0
821	66908.0
822	68052.0
823	66928.0
824	67084.0
825	68260.0
826	68440.0
827	67912.0
828	67136.0
829	67868.0
830	67152.0
831	68116.0
832	67488.0
833	68060.0
834	68928.0
835	69156.0
836	68336.0
837	68680.0
838	69320.0
839	68824.0
840	68364.0
841	67740.0
842	68676.0
843	68556.0
844	68428.0
845	69616.0
846	67884.0
847	68252.0
848	68684.0
849	68212.0
850	67944.0
851	67444.0
852	68520.0
853	68860.0
854	69596.0
855	68380.0
856	68360.0
857	68524.0
858	68332.0
859	69728.0
860	67996.0
861	68436.0
862	68624.0
863	69772.0
864	69476.0
865	69092.0
866	68952.0
867	68560.0
868	68988.0
869	69000.0
870	69568.0
871	69292.0
872	70332.0
873	69076.0
874	69284.0
875	70052.0
876	68288.0
877	68380.0
878	69716.0
879	70972.0
880	69788.0
881	69600.0
882	68900.0
883	69568.0
884	69460.0
885	69984.0
886	69972.0
887	70720.0
888	69784.0
889	69712.0
890	68992.0
891	68828.0
892	69732.0
893	69688.0
894	68956.0
895	68960.0
896	69088.0
897	69916.0
898	68580.0
899	68336.0
900	67892.0
901	68828.0
902	69272.0
903	69320.0
904	67820.0
905	69760.0
906	67984.0
907	67536.0
908	69056.0
909	69020.0
910	68276.0
911	69868.0
912	68692.0
913	69736.0
914	69284.0
915	69768.0
916	69584.0
917	70212.0
918	70468.0
919	69980.0
920	70088.0
921	69360.0
922	70440.0
923	69244.0
924	69176.0
925	69680.0
926	69152.0
927	70064.0
928	70104.0
929	69424.0
930	70232.0
931	68908.0
932	68564.0
933	66496.0
934	66244.0
935	70176.0
936	70448.0
937	66940.0
938	70116.0
939	71388.0
940	71092.0
941	70456.0
942	71344.0
943	71572.0
944	71480.0
945	69156.0
946	68524.0
947	68496.0
948	67584.0
949	67236.0
950	68132.0
951	69268.0
952	68552.0
953	68240.0
954	69284.0
955	68788.0
956	67796.0
957	67228.0
958	68432.0
959	68860.0
960	69004.0
961	69240.0
962	69900.0
963	69152.0
964	69212.0
965	67784.0
966	68384.0
967	68836.0
968	68908.0
969	69688.0
970	70088.0
971	69336.0
972	70464.0
973	68912.0
974	69312.0
975	69072.0
976	70200.0
977	70752.0
978	69196.0
979	70864.0
980	69324.0
981	69008.0
982	69076.0
983	73220.0
984	70256.0
985	74292.0
986	69800.0
987	71008.0
988	70172.0
989	69484.0
990	69524.0
991	68660.0
992	69816.0
993	70012.0
994	69976.0
995	69480.0
996	70312.0
997	72848.0
998	71836.0
999	72028.0
1000	72508.0
1001	69476.0
1002	69688.0
1003	69452.0
1004	69264.0
1005	68832.0
1006	68068.0
1007	68024.0
1008	69556.0
1009	71152.0
1010	69724.0
1011	69304.0
1012	69104.0
1013	70008.0
1014	69852.0
1015	69944.0
1016	68788.0
1017	71064.0
1018	71000.0
1019	70192.0
1020	70844.0
1021	71588.0
1022	71016.0
1023	70300.0
1024	70200.0
1025	69140.0
1026	71816.0
1027	71444.0
1028	71220.0
1029	70748.0
1030	70632.0
1031	71084.0
1032	70368.0
1033	70400.0
1034	71344.0
1035	71836.0
1036	70220.0
1037	71388.0
1038	72148.0
1039	71008.0
1040	71692.0
1041	69668.0
1042	71512.0
1043	71140.0
1044	71564.0
1045	71796.0
1046	72952.0
1047	72324.0
1048	71092.0
1049	71252.0
1050	71636.0
1051	71460.0
1052	73024.0
1053	72232.0
1054	73036.0
1055	71924.0
1056	71464.0
1057	70840.0
1058	70860.0
1059	72276.0
1060	72304.0
1061	72348.0
1062	71136.0
1063	72784.0
1064	71872.0
1065	71192.0
1066	71352.0
1067	71592.0
1068	71708.0
1069	72020.0
1070	71816.0
1071	73032.0
1072	72976.0
1073	72384.0
1074	71856.0
1075	72204.0
1076	73968.0
1077	73792.0
1078	74100.0
1079	73416.0
1080	73520.0
1081	72120.0
1082	71808.0
1083	72508.0
1084	73944.0
1085	73568.0
1086	72880.0
1087	73620.0
1088	73216.0
1089	72916.0
1090	71892.0
1091	71940.0
1092	72856.0
1093	72300.0
1094	72804.0
1095	72124.0
1096	72992.0
1097	72808.0
1098	71712.0
1099	71044.0
1100	71540.0
1101	71984.0
1102	73088.0
1103	72628.0
1104	71396.0
1105	71756.0
1106	70352.0
1107	70540.0
1108	70764.0
1109	73152.0
1110	72176.0
1111	70868.0
1112	70912.0
1113	71184.0
1114	71624.0
1115	72324.0
1116	70576.0
1117	71280.0
1118	70824.0
1119	71424.0
1120	71672.0
1121	72080.0
1122	72644.0
1123	71476.0
1124	71752.0
1125	73316.0
1126	73208.0
1127	72296.0
1128	73392.0
1129	73252.0
1130	72996.0
1131	72340.0
1132	71408.0
1133	71768.0
1134	73280.0
1135	74112.0
1136	71976.0
1137	72044.0
1138	72636.0
1139	73068.0
1140	72308.0
1141	72704.0
1142	73108.0
1143	73188.0
1144	72952.0
1145	72932.0
1146	73352.0
1147	73328.0
1148	72260.0
1149	72272.0
1150	73548.0
1151	72248.0
1152	73152.0
1153	73116.0
1154	72596.0
1155	73440.0
1156	71512.0
1157	71868.0
1158	71692.0
1159	73352.0
1160	72808.0
1161	72924.0
1162	72696.0
1163	73708.0
1164	73604.0
1165	71492.0
1166	72436.0
1167	73392.0
1168	72692.0
1169	73592.0
1170	73112.0
1171	73296.0
1172	74168.0
1173	73316.0
1174	71920.0
1175	73704.0
1176	73804.0
1177	72928.0
1178	75076.0
1179	74612.0
1180	74592.0
1181	74464.0
1182	73172.0
1183	73944.0
1184	73748.0
1185	74864.0
1186	74192.0
1187	74912.0
1188	74776.0
1189	75228.0
1190	73164.0
1191	74544.0
1192	74380.0
1193	75364.0
1194	74896.0
1195	74268.0
1196	74816.0
1197	74460.0
1198	73804.0
1199	73872.0
1200	73888.0
1201	75900.0
1202	75816.0
1203	76212.0
1204	76532.0
1205	75984.0
1206	74588.0
1207	75832.0
1208	74996.0
1209	73336.0
1210	73124.0
1211	72620.0
1212	73548.0
1213	72500.0
1214	73800.0
1215	72632.0
1216	72768.0
1217	74396.0
1218	76060.0
1219	75304.0
1220	76756.0
1221	76244.0
1222	75780.0
1223	75172.0
1224	76228.0
1225	74808.0
1226	75444.0
1227	72348.0
1228	75560.0
1229	77776.0
1230	76372.0
1231	76068.0
1232	74456.0
1233	75288.0
1234	76724.0
1235	75916.0
1236	75912.0
1237	75820.0
1238	76828.0
1239	76968.0
1240	74796.0
1241	75464.0
1242	76724.0
1243	76752.0
1244	75344.0
1245	75680.0
1246	76460.0
1247	76520.0
1248	75168.0
1249	75360.0
1250	74928.0
1251	76804.0
1252	72904.0
1253	72000.0
1254	73596.0
1255	73952.0
1256	76568.0
1257	76680.0
1258	72748.0
1259	74340.0
1260	74716.0
1261	72364.0
1262	74340.0
1263	73572.0
1264	74316.0
1265	74332.0
1266	73376.0
1267	74788.0
1268	74124.0
1269	72636.0
1270	74940.0
1271	73544.0
1272	77840.0
1273	77184.0
1274	76936.0
1275	77276.0
1276	77724.0
1277	74892.0
1278	73716.0
1279	74576.0
1280	75600.0
1281	74492.0
1282	73800.0
1283	73880.0
1284	78232.0
1285	78660.0
1286	78624.0
1287	77696.0
1288	74732.0
1289	75908.0
1290	73812.0
1291	74972.0
1292	74180.0
1293	75372.0
1294	75500.0
1295	74240.0
1296	73784.0
1297	73768.0
1298	71976.0
1299	72852.0
1300	74324.0
1301	72960.0
1302	73512.0
1303	74264.0
1304	73356.0
1305	73376.0
1306	72100.0
1307	72432.0
1308	72768.0
1309	72668.0
1310	73116.0
1311	73384.0
1312	72800.0
1313	73116.0
1314	72604.0
1315	72924.0
1316	72248.0
1317	72612.0
1318	72564.0
1319	72336.0
1320	72808.0
1321	73328.0
1322	75076.0
1323	74120.0
1324	73868.0
1325	74552.0
1326	74956.0
1327	75588.0
1328	74984.0
1329	75540.0
1330	75660.0
1331	75560.0
1332	78652.0
1333	74656.0
1334	75628.0
1335	74432.0
1336	74256.0
1337	75692.0
1338	75640.0
1339	76484.0
1340	73984.0
1341	74480.0
1342	74296.0
1343	74884.0
1344	73428.0
1345	73076.0
1346	73980.0
1347	73136.0
1348	72204.0
1349	73692.0
1350	73320.0
1351	74232.0
1352	74044.0
1353	73356.0
1354	72912.0
1355	72328.0
1356	74080.0
1357	73080.0
1358	73380.0
1359	75264.0
1360	73848.0
1361	74148.0
1362	73924.0
1363	75324.0
1364	74660.0
1365	72944.0
1366	73884.0
1367	78432.0
1368	77728.0
1369	76728.0
1370	73188.0
1371	73352.0
1372	73376.0
1373	73100.0
1374	71780.0
1375	72308.0
1376	72828.0
1377	73092.0
1378	71836.0
1379	72212.0
1380	72464.0
1381	73208.0
1382	71664.0
1383	72580.0
1384	72588.0
1385	73500.0
1386	72248.0
1387	74096.0
1388	73452.0
1389	73932.0
1390	73224.0
1391	73932.0
1392	74600.0
1393	74836.0
1394	75016.0
1395	74356.0
1396	74640.0
1397	75720.0
1398	73540.0
1399	75424.0
1400	75516.0
1401	75528.0
1402	75396.0
1403	75460.0
1404	74480.0
1405	76828.0
1406	74792.0
1407	74668.0
1408	74852.0
1409	75420.0
1410	75268.0
1411	75276.0
1412	74728.0
1413	76180.0
1414	75100.0
1415	74412.0
1416	73940.0
1417	75796.0
1418	76300.0
1419	75356.0
1420	73740.0
1421	75144.0
1422	75564.0
1423	74384.0
1424	73812.0
1425	75076.0
1426	74524.0
1427	75168.0
1428	74052.0
1429	73848.0
1430	74616.0
1431	73172.0
1432	74376.0
1433	72128.0
1434	73116.0
1435	73796.0
1436	73500.0
1437	74036.0
1438	73568.0
1439	73976.0
1440	72420.0
1441	72188.0
1442	73564.0
1443	73404.0
1444	73352.0
1445	73048.0
1446	72464.0
1447	73844.0
1448	73184.0
1449	71772.0
1450	73148.0
1451	74164.0
1452	74368.0
1453	73544.0
1454	73592.0
1455	73148.0
1456	74168.0
1457	74508.0
1458	74132.0
1459	74180.0
1460	74672.0
1461	73512.0
1462	74092.0
1463	74524.0
1464	75140.0
1465	74540.0
1466	73608.0
1467	74048.0
1468	75172.0
1469	74856.0
1470	75044.0
1471	75736.0
1472	76412.0
1473	75084.0
1474	74280.0
1475	74512.0
1476	75512.0
1477	75924.0
1478	76108.0
1479	75144.0
1480	75000.0
1481	75940.0
1482	74692.0
1483	74428.0
1484	75492.0
1485	74040.0
1486	73700.0
1487	74352.0
1488	74604.0
1489	74668.0
1490	73984.0
1491	72564.0
1492	75020.0
1493	74780.0
1494	74048.0
1495	74516.0
1496	74244.0
1497	74884.0
1498	74204.0
1499	75228.0
1500	74884.0
1501	76036.0
1502	74740.0
1503	76484.0
1504	75400.0
1505	75004.0
1506	75396.0
1507	75256.0
1508	75204.0
1509	75844.0
1510	75596.0
1511	75004.0
1512	76132.0
1513	76888.0
1514	75904.0
1515	75612.0
1516	75072.0
1517	76080.0
1518	76360.0
1519	74764.0
1520	75232.0
1521	76088.0
1522	75644.0
1523	76508.0
1524	75188.0
1525	75144.0
1526	76316.0
1527	75260.0
1528	76072.0
1529	77192.0
1530	76272.0
1531	76260.0
1532	75252.0
1533	74596.0
1534	75976.0
1535	74968.0
1536	74792.0
1537	74992.0
1538	75840.0
1539	75920.0
1540	74332.0
1541	75100.0
1542	74488.0
1543	74884.0
1544	75336.0
1545	75572.0
1546	75052.0
1547	75488.0
1548	75136.0
1549	74796.0
1550	74292.0
1551	74276.0
1552	73452.0
1553	74844.0
1554	75476.0
1555	75352.0
1556	75260.0
1557	74664.0
1558	74528.0
1559	74876.0
1560	76644.0
1561	77408.0
1562	75156.0
1563	76424.0
1564	74868.0
1565	74872.0
1566	75016.0
1567	76036.0
1568	75832.0
1569	75072.0
1570	74952.0
1571	74364.0
1572	74792.0
1573	72448.0
1574	73572.0
1575	74584.0
1576	74216.0
1577	73656.0
1578	73388.0
1579	75052.0
1580	74012.0
1581	74748.0
1582	73948.0
1583	73996.0
1584	74616.0
1585	75316.0
1586	75472.0
1587	75244.0
1588	74940.0
1589	74448.0
1590	73916.0
1591	73520.0
1592	74420.0
1593	74220.0
1594	74560.0
1595	74300.0
1596	73568.0
1597	74440.0
1598	72696.0
1599	73656.0
1600	73128.0
1601	73996.0
1602	74088.0
1603	74136.0
1604	74748.0
1605	75208.0
1606	75244.0
1607	74812.0
1608	74108.0
1609	75040.0
1610	75976.0
1611	75392.0
1612	75228.0
1613	74148.0
1614	74352.0
1615	73772.0
1616	74700.0
1617	74140.0
1618	73508.0
1619	74496.0
1620	73796.0
1621	74560.0
1622	73376.0
1623	73040.0
1624	72340.0
1625	72912.0
1626	73532.0
1627	73796.0
1628	73696.0
1629	73136.0
1630	74316.0
1631	73388.0
1632	72756.0
1633	72744.0
1634	74448.0
1635	73212.0
1636	72908.0
1637	73612.0
1638	73604.0
1639	73808.0
1640	73852.0
1641	74232.0
1642	74720.0
1643	75252.0
1644	73812.0
1645	74932.0
1646	75220.0
1647	74852.0
1648	74056.0
1649	73856.0
1650	74400.0
1651	75396.0
1652	75080.0
1653	74336.0
1654	75472.0
1655	75840.0
1656	73976.0
1657	74064.0
1658	74660.0
1659	74584.0
1660	74244.0
1661	75768.0
1662	75652.0
1663	75468.0
1664	75316.0
1665	75208.0
1666	74788.0
1667	76460.0
1668	76960.0
1669	76036.0
1670	75412.0
1671	75844.0
1672	74404.0
1673	73944.0
1674	74180.0
1675	73848.0
1676	75160.0
1677	74448.0
1678	73620.0
1679	74060.0
1680	74192.0
1681	73624.0
1682	73740.0
1683	72952.0
1684	73800.0
1685	74024.0
1686	72356.0
1687	71880.0
1688	73384.0
1689	73904.0
1690	72528.0
1691	73980.0
1692	74836.0
1693	74676.0
1694	73784.0
1695	73912.0
1696	73016.0
1697	73084.0
1698	72884.0
1699	73328.0
1700	73364.0
1701	75456.0
1702	74564.0
1703	75316.0
1704	72840.0
1705	73120.0
1706	73712.0
1707	73776.0
1708	73184.0
1709	74376.0
1710	73824.0
1711	73056.0
1712	73000.0
1713	73092.0
1714	73496.0
1715	72752.0
1716	73392.0
1717	74444.0
1718	75724.0
1719	74484.0
1720	75752.0
1721	76136.0
1722	74800.0
1723	74940.0
1724	74652.0
1725	74372.0
1726	74792.0
1727	74160.0
1728	74144.0
1729	74716.0
1730	75236.0
1731	73732.0
1732	72880.0
1733	72336.0
1734	73048.0
1735	74216.0
1736	73696.0
1737	74084.0
1738	74028.0
1739	72948.0
1740	73564.0
1741	73716.0
1742	75336.0
1743	73664.0
1744	73708.0
1745	74372.0
1746	75960.0
1747	74608.0
1748	74704.0
1749	73772.0
1750	74876.0
1751	74416.0
1752	74892.0
1753	75464.0
1754	73296.0
1755	73936.0
1756	74340.0
1757	73696.0
1758	73260.0
1759	73312.0
1760	73520.0
1761	72728.0
1762	72940.0
1763	72956.0
1764	73536.0
1765	72368.0
1766	72696.0
1767	73556.0
1768	74172.0
1769	74248.0
1770	74004.0
1771	74512.0
1772	75604.0
1773	74364.0
1774	74080.0
1775	72364.0
1776	74468.0
1777	73980.0
1778	74232.0
1779	73524.0
1780	74664.0
1781	73628.0
1782	73696.0
1783	73344.0
1784	73684.0
1785	73924.0
1786	73836.0
1787	71848.0
1788	72576.0
1789	73660.0
1790	72292.0
1791	72696.0
1792	73676.0
1793	72944.0
1794	72712.0
1795	72316.0
1796	72072.0
1797	73272.0
1798	72256.0
1799	69988.0
1800	72248.0
1801	73104.0
1802	72632.0
1803	73260.0
1804	73024.0
1805	72804.0
1806	72108.0
1807	73172.0
1808	70860.0
1809	73896.0
1810	72980.0
1811	71632.0
1812	72224.0
1813	72636.0
1814	72112.0
1815	70360.0
1816	71572.0
1817	70968.0
1818	71612.0
1819	72016.0
1820	70808.0
1821	72024.0
1822	71460.0
1823	70872.0
1824	71128.0
1825	71376.0
1826	72112.0
1827	71684.0
1828	72824.0
1829	72944.0
1830	72656.0
1831	72820.0
1832	71868.0
1833	71596.0
1834	71468.0
1835	71792.0
1836	73452.0
1837	71812.0
1838	73388.0
1839	71844.0
1840	71296.0
1841	70308.0
1842	71436.0
1843	71816.0
1844	72052.0
1845	71228.0
1846	71756.0
1847	70492.0
1848	72124.0
1849	70872.0
1850	71456.0
1851	71248.0
1852	71872.0
1853	72324.0
1854	71876.0
1855	74088.0
1856	72112.0
1857	72168.0
1858	71708.0
1859	72044.0
1860	72568.0
1861	71816.0
1862	72392.0
1863	72060.0
1864	71396.0
1865	70292.0
1866	71840.0
1867	72308.0
1868	72032.0
1869	70792.0
1870	71376.0
1871	73164.0
1872	72608.0
1873	71696.0
1874	70760.0
1875	71112.0
1876	72036.0
1877	71960.0
1878	71836.0
1879	70060.0
1880	70564.0
1881	71468.0
1882	71344.0
1883	70784.0
1884	72568.0
1885	71432.0
1886	71760.0
1887	72884.0
1888	71032.0
1889	72060.0
1890	71344.0
1891	71340.0
1892	71024.0
1893	70608.0
1894	72576.0
1895	71668.0
1896	71032.0
1897	71028.0
1898	70776.0
1899	69728.0
1900	69572.0
1901	70172.0
1902	70580.0
1903	69052.0
1904	70332.0
1905	70992.0
1906	69984.0
1907	70208.0
1908	68460.0
1909	70272.0
1910	70024.0
1911	69608.0
1912	69480.0
1913	70404.0
1914	69020.0
1915	69964.0
1916	69488.0
1917	69880.0
1918	70136.0
1919	71204.0
1920	69768.0
1921	69968.0
1922	68892.0
1923	69468.0
1924	68788.0
1925	68812.0
1926	68376.0
1927	68792.0
1928	68576.0
1929	69232.0
1930	68868.0
1931	68256.0
1932	67556.0
1933	68048.0
1934	68724.0
1935	68956.0
1936	68592.0
1937	67248.0
1938	68576.0
1939	68588.0
1940	68148.0
1941	68480.0
1942	68108.0
1943	68380.0
1944	67716.0
1945	68780.0
1946	68220.0
1947	68856.0
1948	68976.0
1949	68376.0
1950	66716.0
1951	67500.0
1952	67932.0
1953	67968.0
1954	67464.0
1955	67336.0
1956	66832.0
1957	66972.0
1958	67840.0
1959	68484.0
1960	68212.0
1961	67564.0
1962	67860.0
1963	68996.0
1964	68704.0
1965	66652.0
1966	67512.0
1967	68568.0
1968	69756.0
1969	68200.0
1970	68624.0
1971	69144.0
1972	68848.0
1973	67612.0
1974	68640.0
1975	68788.0
1976	68940.0
1977	70140.0
1978	68988.0
1979	68936.0
1980	68772.0
1981	67740.0
1982	67828.0
1983	68116.0
1984	68228.0
1985	67828.0
1986	67368.0
1987	66988.0
1988	68348.0
1989	68988.0
1990	66980.0
1991	66996.0
1992	67852.0
1993	68052.0
1994	72024.0
1995	72104.0
1996	71788.0
1997	68408.0
1998	67056.0
1999	67896.0
2000	67856.0
2001	68308.0
2002	67248.0
2003	68208.0
2004	68304.0
2005	68372.0
2006	68724.0
2007	68200.0
2008	67308.0
2009	67596.0
2010	71472.0
2011	72416.0
2012	71024.0
2013	71100.0
2014	71040.0
2015	70648.0
2016	70320.0
2017	67096.0
2018	67396.0
2019	67844.0
2020	67444.0
2021	66952.0
2022	66992.0
2023	66208.0
2024	69752.0
2025	66828.0
2026	68308.0
2027	67796.0
2028	71468.0
2029	67668.0
2030	71848.0
2031	69984.0
2032	68816.0
2033	69628.0
2034	71524.0
2035	67572.0
2036	66504.0
2037	66808.0
2038	67340.0
2039	66192.0
2040	66636.0
2041	65700.0
2042	67200.0
2043	66828.0
2044	66900.0
2045	66712.0
2046	66872.0
2047	70368.0
2048	68988.0
2049	66364.0
2050	66304.0
2051	66460.0
2052	65736.0
2053	67664.0
2054	67296.0
2055	66472.0
2056	66748.0
2057	64608.0
2058	68508.0
2059	65304.0
2060	69420.0
2061	69628.0
2062	69864.0
2063	66404.0
2064	66360.0
2065	65736.0
2066	66680.0
2067	64632.0
2068	65424.0
2069	64956.0
2070	65508.0
2071	65944.0
2072	68708.0
2073	67916.0
2074	67472.0
2075	67980.0
2076	69268.0
2077	69152.0
2078	68356.0
2079	68212.0
2080	68388.0
2081	66224.0
2082	64924.0
2083	67508.0
2084	68640.0
2085	68852.0
2086	68024.0
2087	68500.0
2088	68996.0
2089	68792.0
2090	67804.0
2091	68252.0
2092	67828.0
2093	68588.0
2094	68564.0
2095	68392.0
2096	68396.0
2097	68628.0
2098	68092.0
2099	67524.0
2100	68096.0
2101	68844.0
2102	67588.0
2103	67676.0
2104	67520.0
2105	67476.0
2106	67468.0
2107	66812.0
2108	64288.0
2109	65504.0
2110	65772.0
2111	64684.0
2112	64648.0
2113	67672.0
2114	69016.0
2115	66212.0
2116	68148.0
2117	67620.0
2118	68252.0
2119	67888.0
2120	68324.0
2121	68636.0
2122	67812.0
2123	67160.0
2124	66940.0
2125	67752.0
2126	67556.0
2127	67152.0
2128	66492.0
2129	66616.0
2130	66996.0
2131	66176.0
2132	66708.0
2133	65636.0
2134	64360.0
2135	63968.0
2136	64084.0
2137	64856.0
2138	66344.0
2139	67112.0
2140	66044.0
2141	66424.0
2142	66656.0
2143	67340.0
2144	66892.0
2145	67924.0
2146	66396.0
2147	68296.0
2148	67776.0
2149	66116.0
2150	66240.0
2151	66152.0
2152	65668.0
2153	66100.0
2154	66480.0
2155	67384.0
2156	65388.0
2157	65496.0
2158	65036.0
2159	65216.0
2160	65552.0
2161	65976.0
2162	66456.0
2163	65520.0
2164	66236.0
2165	64700.0
2166	65676.0
2167	65028.0
2168	65816.0
2169	65272.0
2170	66312.0
2171	66208.0
2172	65528.0
2173	65320.0
2174	65696.0
2175	64928.0
2176	66152.0
2177	65900.0
2178	66076.0
2179	65604.0
2180	65676.0
2181	65920.0
2182	65008.0
2183	65120.0
2184	65584.0
2185	65296.0
2186	65320.0
2187	65412.0
2188	66836.0
2189	65668.0
2190	65816.0
2191	64692.0
2192	65316.0
2193	65108.0
2194	65240.0
2195	65192.0
2196	65000.0
2197	64836.0
2198	64600.0
2199	64576.0
2200	64872.0
2201	65552.0
2202	65000.0
2203	64816.0
2204	65204.0
2205	65568.0
2206	64448.0
2207	64940.0
2208	64232.0
2209	65008.0
2210	64036.0
2211	65380.0
2212	65200.0
2213	65708.0
2214	63800.0
2215	63616.0
2216	64008.0
2217	64252.0
2218	65340.0
2219	64456.0
2220	65276.0
2221	64940.0
2222	64952.0
2223	64928.0
2224	64176.0
2225	65864.0
2226	66164.0
2227	65060.0
2228	65908.0
2229	64812.0
2230	64588.0
2231	65088.0
2232	64944.0
2233	64376.0
2234	64376.0
2235	65776.0
2236	64704.0
2237	65572.0
2238	64564.0
2239	65408.0
2240	64500.0
2241	64648.0
2242	63620.0
2243	65976.0
2244	65540.0
2245	65052.0
2246	64704.0
2247	64304.0
2248	63956.0
2249	63900.0
2250	64612.0
2251	64624.0
2252	64496.0
2253	64940.0
2254	64116.0
2255	64516.0
2256	64488.0
2257	62920.0
2258	62912.0
2259	64420.0
2260	63312.0
2261	63928.0
2262	63648.0
2263	63612.0
2264	63816.0
2265	62284.0
2266	62896.0
2267	62792.0
2268	63020.0
2269	64332.0
2270	63140.0
2271	62868.0
2272	64260.0
2273	62688.0
2274	61936.0
2275	62788.0
2276	62940.0
2277	63260.0
2278	62552.0
2279	61228.0
2280	63016.0
2281	62280.0
2282	62004.0
2283	62036.0
2284	62300.0
2285	63164.0
2286	61924.0
2287	62020.0
2288	62288.0
2289	62368.0
2290	62060.0
2291	61796.0
2292	61916.0
2293	62556.0
2294	63256.0
2295	64988.0
2296	62688.0
2297	62248.0
2298	62592.0
2299	61572.0
2300	61972.0
2301	61672.0
2302	62360.0
2303	61340.0
2304	61880.0
2305	61904.0
2306	61600.0
2307	61068.0
2308	61484.0
2309	61400.0
2310	61748.0
2311	61168.0
2312	60796.0
2313	61316.0
2314	61288.0
2315	61796.0
2316	60660.0
2317	60416.0
2318	60912.0
2319	61132.0
2320	61192.0
2321	61680.0
2322	61500.0
2323	61044.0
2324	60312.0
2325	60864.0
2326	61728.0
2327	61928.0
2328	62028.0
2329	62316.0
2330	61412.0
2331	61152.0
2332	60564.0
2333	60288.0
2334	60700.0
2335	61536.0
2336	60064.0
2337	60492.0
2338	60372.0
2339	61032.0
2340	61092.0
2341	59888.0
2342	60696.0
2343	60436.0
2344	59712.0
2345	60416.0
2346	60260.0
2347	60860.0
2348	60004.0
2349	60048.0
2350	60800.0
2351	60936.0
2352	60648.0
2353	59872.0
2354	60276.0
2355	61520.0
2356	60504.0
2357	59256.0
2358	60188.0
2359	60044.0
2360	59948.0
2361	60832.0
2362	60400.0
2363	59812.0
2364	61236.0
2365	58776.0
2366	58524.0
2367	58840.0
2368	59868.0
2369	59696.0
2370	59432.0
2371	60196.0
2372	60136.0
2373	59132.0
2374	59620.0
2375	59476.0
2376	59332.0
2377	59908.0
2378	59572.0
2379	62616.0
2380	63216.0
2381	61384.0
2382	61928.0
2383	58812.0
2384	58780.0
2385	60476.0
2386	59616.0
2387	61836.0
2388	62372.0
2389	59060.0
2390	58816.0
2391	58792.0
2392	59200.0
2393	58244.0
2394	58272.0
2395	57584.0
2396	58876.0
2397	60332.0
2398	60744.0
2399	60472.0
2400	60596.0
2401	58432.0
2402	57564.0
2403	57652.0
2404	57264.0
2405	57332.0
2406	57672.0
2407	57132.0
2408	57592.0
2409	57628.0
2410	61060.0
2411	59828.0
2412	60544.0
2413	60220.0
2414	60720.0
2415	59684.0
2416	59408.0
2417	59988.0
2418	60144.0
2419	60952.0
2420	59624.0
2421	61044.0
2422	59992.0
2423	60032.0
2424	60012.0
2425	59044.0
2426	59144.0
2427	58756.0
2428	59604.0
2429	59312.0
2430	58028.0
2431	58948.0
2432	59212.0
2433	58804.0
2434	59292.0
2435	59228.0
2436	58952.0
2437	59008.0
2438	60020.0
2439	59416.0
2440	59460.0
2441	58556.0
2442	58276.0
2443	59632.0
2444	59376.0
2445	59168.0
2446	57980.0
2447	57872.0
2448	58572.0
2449	58484.0
2450	58056.0
2451	58556.0
2452	58240.0
2453	57948.0
2454	58108.0
2455	58632.0
2456	56960.0
2457	57632.0
2458	57408.0
2459	58308.0
2460	57076.0
2461	57920.0
2462	58940.0
2463	57384.0
2464	57744.0
2465	57580.0
2466	57768.0
2467	57788.0
2468	57916.0
2469	58220.0
2470	58124.0
2471	57556.0
2472	56904.0
2473	56880.0
2474	56184.0
2475	57244.0
2476	57416.0
2477	57088.0
2478	57688.0
2479	57284.0
2480	57320.0
2481	56244.0
2482	57468.0
2483	56492.0
2484	57352.0
2485	56720.0
2486	58140.0
2487	57500.0
2488	56592.0
2489	56332.0
2490	57208.0
2491	57368.0
2492	55988.0
2493	56600.0
2494	56040.0
2495	55956.0
2496	56260.0
2497	55480.0
2498	56144.0
2499	56616.0
2500	56820.0
2501	55220.0
2502	55492.0
2503	56340.0
2504	55204.0
2505	54280.0
2506	55660.0
2507	54488.0
2508	55128.0
2509	54216.0
2510	54444.0
2511	54728.0
2512	55464.0
2513	53768.0
2514	55104.0
2515	55664.0
2516	54300.0
2517	54356.0
2518	54040.0
2519	54824.0
2520	54168.0
2521	54144.0
2522	54940.0
2523	54752.0
2524	54416.0
2525	54492.0
2526	53392.0
2527	53956.0
2528	54236.0
2529	53564.0
2530	52648.0
2531	53888.0
2532	53332.0
2533	54008.0
2534	53116.0
2535	54412.0
2536	53408.0
2537	53772.0
2538	53628.0
2539	51472.0
2540	53712.0
2541	53384.0
2542	52844.0
2543	52000.0
2544	52296.0
2545	52124.0
2546	52652.0
2547	51224.0
2548	52536.0
2549	52320.0
2550	50400.0
2551	51048.0
2552	51096.0
2553	51004.0
2554	49728.0
2555	50288.0
2556	51352.0
2557	50608.0
2558	50168.0
2559	50016.0
2560	50308.0
2561	50808.0
2562	50652.0
2563	49628.0
2564	49884.0
2565	49772.0
2566	49856.0
2567	49768.0
2568	49112.0
2569	50064.0
2570	49480.0
2571	50848.0
2572	49316.0
2573	49708.0
2574	49608.0
2575	49036.0
2576	49584.0
2577	48352.0
2578	50196.0
2579	50004.0
2580	49632.0
2581	48920.0
2582	49568.0
2583	49332.0
2584	47440.0
2585	48400.0
2586	48520.0
2587	49236.0
2588	48812.0
2589	48008.0
2590	49960.0
2591	49456.0
2592	47268.0
2593	48072.0
2594	48072.0
2595	47724.0
2596	47484.0
2597	47352.0
2598	46912.0
2599	47472.0
2600	46360.0
2601	45560.0
2602	47100.0
2603	46604.0
2604	46440.0
2605	45760.0
2606	46184.0
2607	46100.0
2608	47624.0
2609	45416.0
2610	47048.0
2611	47144.0
2612	46368.0
2613	45604.0
2614	45336.0
2615	46104.0
2616	45884.0
2617	45508.0
2618	45336.0
2619	48540.0
2620	44988.0
2621	44764.0
2622	46324.0
2623	45600.0
2624	45276.0
2625	45364.0
2626	44656.0
2627	44056.0
2628	44376.0
2629	44552.0
2630	43600.0
2631	43712.0
2632	44560.0
2633	44008.0
2634	45768.0
2635	45096.0
2636	45988.0
2637	46252.0
2638	45548.0
2639	43340.0
2640	43628.0
2641	44932.0
2642	42540.0
2643	43928.0
2644	45144.0
2645	44680.0
2646	43556.0
2647	43208.0
2648	44416.0
2649	45032.0
2650	42724.0
2651	42660.0
2652	43540.0
2653	43196.0
2654	43192.0
2655	42128.0
2656	43152.0
2657	43900.0
2658	44144.0
2659	42956.0
2660	43836.0
2661	43052.0
2662	43640.0
2663	42024.0
2664	43984.0
2665	44468.0
2666	44220.0
2667	42500.0
2668	42516.0
2669	42768.0
2670	42156.0
2671	42528.0
2672	41672.0
2673	43156.0
2674	42276.0
2675	42068.0
2676	42176.0
2677	41912.0
2678	41936.0
2679	42108.0
2680	40468.0
2681	42312.0
2682	41792.0
2683	42012.0
2684	40736.0
2685	41136.0
2686	41480.0
2687	41760.0
2688	41224.0
2689	40564.0
2690	40940.0
2691	41080.0
2692	41100.0
2693	40328.0
2694	40368.0
2695	40536.0
2696	40648.0
2697	41136.0
2698	41044.0
2699	41748.0
2700	41080.0
2701	40352.0
2702	41092.0
2703	40796.0
2704	40784.0
2705	39792.0
2706	40204.0
2707	40832.0
2708	40440.0
2709	39440.0
2710	39172.0
2711	40016.0
2712	40336.0
2713	39232.0
2714	39260.0
2715	39136.0
2716	39356.0
2717	39536.0
2718	39236.0
2719	39364.0
2720	39364.0
2721	38776.0
2722	39940.0
2723	40340.0
2724	39604.0
2725	38628.0
2726	38180.0
2727	38448.0
2728	38904.0
2729	39204.0
2730	37364.0
2731	38580.0
2732	38620.0
2733	38356.0
2734	37644.0
2735	38716.0
2736	37296.0
2737	37700.0
2738	36140.0
2739	36712.0
2740	37676.0
2741	37940.0
2742	36704.0
2743	35992.0
2744	36216.0
2745	36876.0
2746	36576.0
2747	37340.0
