0	43408.0
1	43244.0
2	43928.0
3	42804.0
4	43700.0
5	43056.0
6	42872.0
7	42092.0
8	41552.0
9	42588.0
10	41984.0
11	42596.0
12	42200.0
13	43432.0
14	42524.0
15	42600.0
16	43400.0
17	42744.0
18	42596.0
19	42392.0
20	42716.0
21	42140.0
22	43196.0
23	41840.0
24	42112.0
25	42716.0
26	42176.0
27	42028.0
28	41924.0
29	42772.0
30	41932.0
31	42468.0
32	40784.0
33	41640.0
34	42632.0
35	42156.0
36	42076.0
37	42400.0
38	41552.0
39	42464.0
40	41832.0
41	41376.0
42	41460.0
43	42032.0
44	41980.0
45	42312.0
46	42120.0
47	42820.0
48	41884.0
49	42420.0
50	42232.0
51	42540.0
52	42444.0
53	41804.0
54	42364.0
55	42452.0
56	41692.0
57	42352.0
58	41824.0
59	41832.0
60	42552.0
61	42436.0
62	41472.0
63	41672.0
64	41868.0
65	41964.0
66	41712.0
67	41644.0
68	42256.0
69	41628.0
70	42332.0
71	41836.0
72	42316.0
73	41324.0
74	41320.0
75	41408.0
76	41336.0
77	41528.0
78	42872.0
79	42236.0
80	41736.0
81	41684.0
82	41292.0
83	41404.0
84	41452.0
85	41620.0
86	41312.0
87	41076.0
88	41368.0
89	40944.0
90	40092.0
91	41732.0
92	41672.0
93	40784.0
94	40796.0
95	41304.0
96	41788.0
97	41472.0
98	42352.0
99	42372.0
100	41904.0
101	41272.0
102	40920.0
103	41132.0
104	41308.0
105	42228.0
106	40356.0
107	40316.0
108	41776.0
109	40948.0
110	41712.0
111	41196.0
112	41440.0
113	40680.0
114	41364.0
115	39996.0
116	40508.0
117	41936.0
118	41464.0
119	41916.0
120	42480.0
121	41212.0
122	41808.0
123	41388.0
124	42208.0
125	41984.0
126	41456.0
127	41824.0
128	41948.0
129	41672.0
130	42556.0
131	42120.0
132	41076.0
133	41084.0
134	41612.0
135	41668.0
136	41012.0
137	42352.0
138	41848.0
139	41492.0
140	41380.0
141	41340.0
142	42540.0
143	42000.0
144	41624.0
145	41748.0
146	41972.0
147	41040.0
148	42176.0
149	41004.0
150	41316.0
151	41976.0
152	41704.0
153	40296.0
154	40704.0
155	41196.0
156	41040.0
157	40404.0
158	41192.0
159	41428.0
160	41404.0
161	41244.0
162	41904.0
163	41408.0
164	41200.0
165	40976.0
166	40744.0
167	40788.0
168	41688.0
169	41440.0
170	40572.0
171	41452.0
172	41612.0
173	40752.0
174	41000.0
175	40648.0
176	41264.0
177	41532.0
178	42224.0
179	40696.0
180	41160.0
181	40980.0
182	39888.0
183	40964.0
184	41180.0
185	40764.0
186	40568.0
187	40652.0
188	40484.0
189	41448.0
190	40752.0
191	41428.0
192	40240.0
193	40628.0
194	41380.0
195	41140.0
196	41336.0
197	41832.0
198	40044.0
199	40356.0
200	40860.0
201	40572.0
202	40132.0
203	40060.0
204	41212.0
205	41104.0
206	39560.0
207	39884.0
208	40120.0
209	39992.0
210	40176.0
211	40332.0
212	39892.0
213	39972.0
214	40252.0
215	39996.0
216	39852.0
217	40824.0
218	40888.0
219	41416.0
220	40480.0
221	40888.0
222	41748.0
223	39788.0
224	38700.0
225	40480.0
226	40372.0
227	39800.0
228	40432.0
229	39104.0
230	42460.0
231	40836.0
232	39208.0
233	40892.0
234	40440.0
235	39208.0
236	40020.0
237	39216.0
238	40004.0
239	39704.0
240	40156.0
241	39900.0
242	39616.0
243	39680.0
244	39636.0
245	39476.0
246	40216.0
247	38588.0
248	40928.0
249	40028.0
250	40156.0
251	40960.0
252	39736.0
253	40368.0
254	40896.0
255	39124.0
256	39920.0
257	40064.0
258	39748.0
259	40876.0
260	41828.0
261	39792.0
262	40664.0
263	39760.0
264	39496.0
265	39392.0
266	39956.0
267	39060.0
268	41412.0
269	39676.0
270	40056.0
271	39944.0
272	41572.0
273	39596.0
274	39612.0
275	39304.0
276	40056.0
277	41092.0
278	40012.0
279	40120.0
280	40860.0
281	39904.0
282	39632.0
283	39212.0
284	40104.0
285	40908.0
286	40556.0
287	39932.0
288	40188.0
289	41136.0
290	39748.0
291	40548.0
292	40932.0
293	40428.0
294	40336.0
295	41272.0
296	41212.0
297	40740.0
298	40328.0
299	40148.0
300	40024.0
301	40428.0
302	40136.0
303	40328.0
304	40696.0
305	40852.0
306	39576.0
307	39728.0
308	39836.0
309	40132.0
310	40196.0
311	40136.0
312	40116.0
313	39736.0
314	41316.0
315	39260.0
316	39932.0
317	40728.0
318	39624.0
319	39448.0
320	39752.0
321	39748.0
322	39612.0
323	39672.0
324	39096.0
325	39976.0
326	39756.0
327	40568.0
328	40416.0
329	39624.0
330	39880.0
331	39216.0
332	39228.0
333	39364.0
334	40384.0
335	39224.0
336	40368.0
337	39816.0
338	39548.0
339	38932.0
340	38540.0
341	38700.0
342	38956.0
343	38700.0
344	39072.0
345	39016.0
346	39892.0
347	39104.0
348	38384.0
349	38736.0
350	39336.0
351	39484.0
352	39772.0
353	39136.0
354	39664.0
355	40712.0
356	39668.0
357	39336.0
358	39500.0
359	39868.0
360	38712.0
361	39664.0
362	39492.0
363	40200.0
364	39328.0
365	38552.0
366	39076.0
367	39572.0
368	39620.0
369	39480.0
370	41016.0
371	40184.0
372	40624.0
373	40072.0
374	40920.0
375	40852.0
376	40928.0
377	39808.0
378	39664.0
379	39372.0
380	39872.0
381	39640.0
382	40308.0
383	39468.0
384	41064.0
385	40732.0
386	39684.0
387	40124.0
388	40212.0
389	40524.0
390	39180.0
391	39956.0
392	41056.0
393	41004.0
394	40332.0
395	39960.0
396	40756.0
397	40296.0
398	39916.0
399	40008.0
400	39308.0
401	40224.0
402	39888.0
403	40560.0
404	40576.0
405	40452.0
406	40844.0
407	39724.0
408	39676.0
409	40656.0
410	41396.0
411	40708.0
412	41484.0
413	41428.0
414	40772.0
415	40960.0
416	40484.0
417	40272.0
418	40452.0
419	40980.0
420	40860.0
421	41236.0
422	41284.0
423	40760.0
424	42028.0
425	41728.0
426	41504.0
427	41048.0
428	41200.0
429	40872.0
430	41020.0
431	39948.0
432	40280.0
433	39984.0
434	40912.0
435	42108.0
436	41452.0
437	40792.0
438	40700.0
439	41112.0
440	41012.0
441	40356.0
442	40628.0
443	40088.0
444	41036.0
445	40664.0
446	40784.0
447	41584.0
448	40540.0
449	40976.0
450	40144.0
451	41120.0
452	40908.0
453	41052.0
454	40904.0
455	41592.0
456	40940.0
457	40248.0
458	41172.0
459	41604.0
460	40468.0
461	40748.0
462	40884.0
463	41352.0
464	41644.0
465	40300.0
466	40032.0
467	40544.0
468	41036.0
469	41252.0
470	40336.0
471	41960.0
472	41336.0
473	40860.0
474	41100.0
475	40656.0
476	40544.0
477	40808.0
478	41112.0
479	40972.0
480	41412.0
481	40568.0
482	40400.0
483	40468.0
484	41064.0
485	41100.0
486	40908.0
487	41844.0
488	41444.0
489	42052.0
490	41476.0
491	40576.0
492	40056.0
493	41016.0
494	40968.0
495	41284.0
496	41316.0
497	41856.0
498	41040.0
499	41128.0
500	41212.0
501	40504.0
502	41052.0
503	41492.0
504	41180.0
505	40192.0
506	41108.0
507	41024.0
508	40856.0
509	40980.0
510	42096.0
511	41496.0
512	41208.0
513	41160.0
514	40168.0
515	40500.0
516	40464.0
517	41128.0
518	40692.0
519	42272.0
520	42436.0
521	41696.0
522	41700.0
523	42464.0
524	40308.0
525	40420.0
526	41476.0
527	40488.0
528	40320.0
529	41224.0
530	40900.0
531	41212.0
532	41460.0
533	41156.0
534	41276.0
535	39848.0
536	40512.0
537	41268.0
538	41172.0
539	41476.0
540	41700.0
541	40668.0
542	41128.0
543	41604.0
544	41684.0
545	40808.0
546	41032.0
547	41324.0
548	41020.0
549	41404.0
550	41260.0
551	40588.0
552	41404.0
553	41132.0
554	41920.0
555	42276.0
556	41428.0
557	41340.0
558	41764.0
559	41768.0
560	42616.0
561	41776.0
562	41912.0
563	41272.0
564	41204.0
565	41108.0
566	40852.0
567	40860.0
568	41732.0
569	42048.0
570	41000.0
571	42612.0
572	41336.0
573	41472.0
574	42388.0
575	40716.0
576	41556.0
577	42008.0
578	40592.0
579	40832.0
580	41708.0
581	41080.0
582	41152.0
583	40992.0
584	41704.0
585	41560.0
586	42084.0
587	42040.0
588	41792.0
589	42136.0
590	40592.0
591	41224.0
592	41980.0
593	40984.0
594	41732.0
595	42256.0
596	41816.0
597	41416.0
598	41772.0
599	41328.0
600	41464.0
601	42044.0
602	41564.0
603	41684.0
604	41816.0
605	43348.0
606	42176.0
607	42248.0
608	41740.0
609	42284.0
610	41928.0
611	41712.0
612	42328.0
613	42548.0
614	42524.0
615	41696.0
616	42664.0
617	42116.0
618	42072.0
619	42056.0
620	42612.0
621	42540.0
622	41616.0
623	41848.0
624	41640.0
625	41796.0
626	42572.0
627	42288.0
628	41804.0
629	42924.0
630	42968.0
631	41908.0
632	42196.0
633	41720.0
634	42252.0
635	41580.0
636	42352.0
637	41712.0
638	42404.0
639	43256.0
640	42232.0
641	41812.0
642	42320.0
643	41728.0
644	41876.0
645	41612.0
646	42712.0
647	41936.0
648	41888.0
649	41736.0
650	41956.0
651	42052.0
652	41092.0
653	42620.0
654	42748.0
655	42400.0
656	42664.0
657	41580.0
658	42004.0
659	42688.0
660	42456.0
661	41640.0
662	42968.0
663	41832.0
664	42232.0
665	41572.0
666	41620.0
667	41816.0
668	42592.0
669	42856.0
670	42252.0
671	42340.0
672	42040.0
673	42136.0
674	41248.0
675	41696.0
676	42696.0
677	42008.0
678	41856.0
679	41576.0
680	43012.0
681	42280.0
682	40936.0
683	41612.0
684	42168.0
685	41632.0
686	41608.0
687	42088.0
688	42216.0
689	42220.0
690	41440.0
691	41904.0
692	41828.0
693	42076.0
694	42368.0
695	43072.0
696	43076.0
697	43184.0
698	41700.0
699	42752.0
700	42056.0
701	42988.0
702	41960.0
703	42120.0
704	41876.0
705	41444.0
706	42588.0
707	42632.0
708	41116.0
709	42544.0
710	42728.0
711	42780.0
712	41904.0
713	43204.0
714	42176.0
715	41620.0
716	42012.0
717	42312.0
718	42844.0
719	43684.0
720	42984.0
721	43736.0
722	43140.0
723	43200.0
724	43536.0
725	42368.0
726	42500.0
727	43468.0
728	43616.0
729	42436.0
730	42196.0
731	42844.0
732	42908.0
733	42404.0
734	43820.0
735	44160.0
736	43112.0
737	44348.0
738	44000.0
739	43564.0
740	43392.0
741	44352.0
742	43528.0
743	43676.0
744	43224.0
745	43188.0
746	43616.0
747	43676.0
748	42792.0
749	43164.0
750	43508.0
751	43796.0
752	43644.0
753	42436.0
754	42700.0
755	43564.0
756	43404.0
757	42912.0
758	42140.0
759	43592.0
760	43432.0
761	43084.0
762	43364.0
763	44148.0
764	43180.0
765	42988.0
766	42872.0
767	43332.0
768	43080.0
769	43216.0
770	42912.0
771	42996.0
772	42728.0
773	43104.0
774	42296.0
775	43240.0
776	43600.0
777	43068.0
778	42888.0
779	43448.0
780	42660.0
781	42856.0
782	42636.0
783	42568.0
784	42960.0
785	43560.0
786	42864.0
787	42988.0
788	43904.0
789	42668.0
790	42600.0
791	42284.0
792	43220.0
793	42124.0
794	42888.0
795	43328.0
796	43832.0
797	43528.0
798	42224.0
799	42696.0
800	42728.0
801	43524.0
802	42948.0
803	43316.0
804	42200.0
805	42832.0
806	43456.0
807	42724.0
808	42584.0
809	42784.0
810	43416.0
811	42632.0
812	43368.0
813	42604.0
814	43120.0
815	43556.0
816	42640.0
817	43180.0
818	42996.0
819	43016.0
820	43324.0
821	44532.0
822	44252.0
823	44376.0
824	43324.0
825	43972.0
826	43932.0
827	43776.0
828	44032.0
829	44132.0
830	43840.0
831	43808.0
832	43312.0
833	44232.0
834	43604.0
835	44292.0
836	43840.0
837	44184.0
838	43868.0
839	43868.0
840	43956.0
841	43488.0
842	44220.0
843	43624.0
844	44244.0
845	43484.0
846	43132.0
847	44292.0
848	42916.0
849	44500.0
850	43708.0
851	44344.0
852	43852.0
853	43088.0
854	43740.0
855	44536.0
856	44204.0
857	42848.0
858	42884.0
859	43760.0
860	43856.0
861	43552.0
862	44276.0
863	44364.0
864	44008.0
865	43772.0
866	43724.0
867	44768.0
868	43364.0
869	43452.0
870	43372.0
871	44168.0
872	43648.0
873	42540.0
874	42576.0
875	43496.0
876	43960.0
877	43388.0
878	44712.0
879	43380.0
880	43636.0
881	43088.0
882	44152.0
883	43452.0
884	43948.0
885	43228.0
886	43488.0
887	42676.0
888	43672.0
889	43000.0
890	43392.0
891	42636.0
892	43704.0
893	44000.0
894	43296.0
895	43916.0
896	43664.0
897	44216.0
898	43024.0
899	42208.0
900	44556.0
901	44292.0
902	44124.0
903	43876.0
904	43588.0
905	45000.0
906	43516.0
907	43888.0
908	44400.0
909	44264.0
910	44708.0
911	43256.0
912	44112.0
913	43736.0
914	43896.0
915	42640.0
916	43948.0
917	43888.0
918	44184.0
919	43504.0
920	43900.0
921	44056.0
922	44508.0
923	43592.0
924	44040.0
925	43924.0
926	43576.0
927	44588.0
928	43748.0
929	44112.0
930	44448.0
931	44588.0
932	43728.0
933	44084.0
934	45364.0
935	44404.0
936	43516.0
937	44996.0
938	44568.0
939	44300.0
940	42852.0
941	44232.0
942	44772.0
943	44904.0
944	43396.0
945	44728.0
946	45644.0
947	45888.0
948	44728.0
949	45092.0
950	44660.0
951	44924.0
952	46456.0
953	45356.0
954	46820.0
955	45236.0
956	45688.0
957	44984.0
958	45220.0
959	45676.0
960	45508.0
961	46464.0
962	45788.0
963	45764.0
964	45040.0
965	44796.0
966	45320.0
967	45764.0
968	45552.0
969	45968.0
970	45516.0
971	46336.0
972	46080.0
973	46112.0
974	45600.0
975	45776.0
976	46916.0
977	46696.0
978	45084.0
979	45844.0
980	44988.0
981	45136.0
982	45592.0
983	44516.0
984	46032.0
985	44708.0
986	45724.0
987	46336.0
988	44968.0
989	46472.0
990	44704.0
991	45992.0
992	45660.0
993	45612.0
994	45272.0
995	45604.0
996	45304.0
997	44916.0
998	44464.0
999	44500.0
1000	44316.0
1001	47052.0
1002	45444.0
1003	45284.0
1004	46136.0
1005	46564.0
1006	44524.0
1007	44788.0
1008	45616.0
1009	45448.0
1010	45996.0
1011	45784.0
1012	46176.0
1013	46228.0
1014	46216.0
1015	45952.0
1016	45180.0
1017	45316.0
1018	45620.0
1019	45020.0
1020	44704.0
1021	46212.0
1022	46424.0
1023	45004.0
1024	45668.0
1025	45176.0
1026	45488.0
1027	45660.0
1028	46468.0
1029	45832.0
1030	46780.0
1031	45436.0
1032	45812.0
1033	45276.0
1034	45448.0
1035	46204.0
1036	45260.0
1037	45576.0
1038	45608.0
1039	45560.0
1040	45040.0
1041	45560.0
1042	46464.0
1043	46728.0
1044	45196.0
1045	45532.0
1046	45540.0
1047	45476.0
1048	46052.0
1049	45088.0
1050	46432.0
1051	45456.0
1052	47276.0
1053	45424.0
1054	46068.0
1055	46388.0
1056	46168.0
1057	45260.0
1058	45532.0
1059	45268.0
1060	45528.0
1061	45784.0
1062	46008.0
1063	45140.0
1064	44968.0
1065	45448.0
1066	46076.0
1067	46436.0
1068	45896.0
1069	46712.0
1070	46872.0
1071	45816.0
1072	45852.0
1073	45892.0
1074	46024.0
1075	46924.0
1076	46800.0
1077	46344.0
1078	45012.0
1079	46320.0
1080	46584.0
1081	45780.0
1082	45888.0
1083	44608.0
1084	46308.0
1085	46184.0
1086	46064.0
1087	46084.0
1088	46520.0
1089	46316.0
1090	45052.0
1091	45792.0
1092	45484.0
1093	46376.0
1094	46096.0
1095	45956.0
1096	46268.0
1097	45764.0
1098	45296.0
1099	45840.0
1100	45732.0
1101	46304.0
1102	46540.0
1103	45584.0
1104	46372.0
1105	46324.0
1106	46792.0
1107	45076.0
1108	45104.0
1109	46176.0
1110	45340.0
1111	45160.0
1112	46320.0
1113	46288.0
1114	45536.0
1115	44864.0
1116	44980.0
1117	45748.0
1118	46020.0
1119	45504.0
1120	45852.0
1121	46960.0
1122	45264.0
1123	44108.0
1124	44132.0
1125	45656.0
1126	45172.0
1127	45248.0
1128	45680.0
1129	44364.0
1130	46456.0
1131	45712.0
1132	46640.0
1133	45384.0
1134	46092.0
1135	46324.0
1136	45820.0
1137	46104.0
1138	46004.0
1139	46260.0
1140	46328.0
1141	45728.0
1142	46424.0
1143	46596.0
1144	46096.0
1145	45872.0
1146	44936.0
1147	46124.0
1148	45172.0
1149	45244.0
1150	44996.0
1151	45140.0
1152	46352.0
1153	45660.0
1154	46620.0
1155	47204.0
1156	46060.0
1157	46208.0
1158	46728.0
1159	46596.0
1160	46576.0
1161	46824.0
1162	46564.0
1163	46788.0
1164	47276.0
1165	46340.0
1166	46828.0
1167	46952.0
1168	46808.0
1169	46728.0
1170	47108.0
1171	46844.0
1172	46588.0
1173	46320.0
1174	45868.0
1175	46180.0
1176	47600.0
1177	46820.0
1178	47172.0
1179	47576.0
1180	47556.0
1181	46504.0
1182	46756.0
1183	47160.0
1184	46860.0
1185	46720.0
1186	46732.0
1187	46448.0
1188	45644.0
1189	46672.0
1190	45960.0
1191	46940.0
1192	46864.0
1193	47096.0
1194	47844.0
1195	47748.0
1196	46576.0
1197	47236.0
1198	46056.0
1199	46168.0
1200	46316.0
1201	46568.0
1202	45696.0
1203	46524.0
1204	45952.0
1205	46104.0
1206	46428.0
1207	46224.0
1208	45692.0
1209	48056.0
1210	46912.0
1211	47696.0
1212	47328.0
1213	47920.0
1214	47828.0
1215	47752.0
1216	49216.0
1217	47628.0
1218	47516.0
1219	46536.0
1220	48388.0
1221	46972.0
1222	47216.0
1223	46292.0
1224	46248.0
1225	45208.0
1226	46448.0
1227	48200.0
1228	46264.0
1229	46568.0
1230	46620.0
1231	46440.0
1232	46812.0
1233	46176.0
1234	46312.0
1235	47148.0
1236	46892.0
1237	45968.0
1238	46512.0
1239	46412.0
1240	46204.0
1241	46664.0
1242	46816.0
1243	47036.0
1244	47460.0
1245	46720.0
1246	46564.0
1247	46860.0
1248	46196.0
1249	46472.0
1250	46680.0
1251	47348.0
1252	47724.0
1253	47928.0
1254	48072.0
1255	48644.0
1256	46956.0
1257	46800.0
1258	48676.0
1259	48500.0
1260	48380.0
1261	48404.0
1262	48420.0
1263	48480.0
1264	48216.0
1265	47532.0
1266	47412.0
1267	48516.0
1268	48904.0
1269	47760.0
1270	48436.0
1271	48036.0
1272	46780.0
1273	46548.0
1274	46840.0
1275	47436.0
1276	46864.0
1277	48340.0
1278	47680.0
1279	49204.0
1280	47972.0
1281	48592.0
1282	47372.0
1283	48356.0
1284	47176.0
1285	46868.0
1286	46800.0
1287	47172.0
1288	46652.0
1289	48504.0
1290	48060.0
1291	48056.0
1292	47976.0
1293	47804.0
1294	47944.0
1295	48216.0
1296	47864.0
1297	49056.0
1298	47992.0
1299	47444.0
1300	47700.0
1301	48324.0
1302	48128.0
1303	48700.0
1304	48476.0
1305	48944.0
1306	48192.0
1307	47644.0
1308	48004.0
1309	49084.0
1310	48796.0
1311	48684.0
1312	48328.0
1313	47636.0
1314	48224.0
1315	47128.0
1316	47812.0
1317	47560.0
1318	47688.0
1319	48020.0
1320	47568.0
1321	47188.0
1322	48096.0
1323	47380.0
1324	47364.0
1325	48316.0
1326	48680.0
1327	47740.0
1328	47780.0
1329	47508.0
1330	48072.0
1331	47724.0
1332	46964.0
1333	46736.0
1334	47508.0
1335	47620.0
1336	46940.0
1337	47892.0
1338	47468.0
1339	48388.0
1340	47068.0
1341	47432.0
1342	48724.0
1343	46960.0
1344	47080.0
1345	48260.0
1346	47436.0
1347	47980.0
1348	47152.0
1349	46692.0
1350	46988.0
1351	47364.0
1352	46996.0
1353	47592.0
1354	47568.0
1355	46964.0
1356	47232.0
1357	47368.0
1358	47240.0
1359	47420.0
1360	47624.0
1361	48428.0
1362	46796.0
1363	47544.0
1364	47356.0
1365	47616.0
1366	47416.0
1367	45596.0
1368	47052.0
1369	47424.0
1370	47212.0
1371	47412.0
1372	47724.0
1373	47280.0
1374	47116.0
1375	46412.0
1376	47776.0
1377	47936.0
1378	47160.0
1379	47824.0
1380	47744.0
1381	48588.0
1382	47420.0
1383	47528.0
1384	47752.0
1385	48364.0
1386	48200.0
1387	48000.0
1388	48060.0
1389	49012.0
1390	47520.0
1391	47576.0
1392	46976.0
1393	48176.0
1394	47504.0
1395	47520.0
1396	47668.0
1397	47732.0
1398	47004.0
1399	46604.0
1400	48020.0
1401	48160.0
1402	47488.0
1403	46864.0
1404	48636.0
1405	48088.0
1406	47156.0
1407	47368.0
1408	47712.0
1409	47584.0
1410	48676.0
1411	48204.0
1412	47756.0
1413	49208.0
1414	48120.0
1415	48024.0
1416	48176.0
1417	48668.0
1418	48588.0
1419	48208.0
1420	48864.0
1421	48416.0
1422	47828.0
1423	48156.0
1424	48060.0
1425	48300.0
1426	48148.0
1427	47224.0
1428	47660.0
1429	48620.0
1430	48432.0
1431	48224.0
1432	47932.0
1433	48072.0
1434	47596.0
1435	47724.0
1436	47656.0
1437	47392.0
1438	48228.0
1439	47720.0
1440	47324.0
1441	47928.0
1442	48400.0
1443	47720.0
1444	47476.0
1445	48388.0
1446	47376.0
1447	48104.0
1448	47432.0
1449	47276.0
1450	47748.0
1451	47136.0
1452	47500.0
1453	47908.0
1454	47192.0
1455	47184.0
1456	48732.0
1457	46872.0
1458	47996.0
1459	49060.0
1460	46928.0
1461	47508.0
1462	47676.0
1463	47948.0
1464	47064.0
1465	46680.0
1466	46980.0
1467	47516.0
1468	48640.0
1469	47192.0
1470	47112.0
1471	47076.0
1472	48576.0
1473	48244.0
1474	47172.0
1475	47116.0
1476	47012.0
1477	46568.0
1478	47368.0
1479	47284.0
1480	47864.0
1481	46700.0
1482	46628.0
1483	47128.0
1484	47276.0
1485	47892.0
1486	48752.0
1487	48328.0
1488	48368.0
1489	47500.0
1490	48132.0
1491	46964.0
1492	47424.0
1493	47516.0
1494	47816.0
1495	46764.0
1496	47108.0
1497	47988.0
1498	47720.0
1499	47824.0
1500	48900.0
1501	48016.0
1502	48680.0
1503	48076.0
1504	48688.0
1505	48616.0
1506	47544.0
1507	47608.0
1508	48412.0
1509	48064.0
1510	47736.0
1511	48728.0
1512	48816.0
1513	48420.0
1514	48708.0
1515	47048.0
1516	47124.0
1517	47776.0
1518	47880.0
1519	47564.0
1520	48828.0
1521	47840.0
1522	47504.0
1523	47400.0
1524	47644.0
1525	47448.0
1526	47720.0
1527	48508.0
1528	47672.0
1529	47656.0
1530	48240.0
1531	47244.0
1532	47268.0
1533	47116.0
1534	49192.0
1535	47844.0
1536	47416.0
1537	47912.0
1538	47540.0
1539	46832.0
1540	47136.0
1541	47568.0
1542	48152.0
1543	48308.0
1544	47636.0
1545	48044.0
1546	48408.0
1547	48888.0
1548	48120.0
1549	47360.0
1550	47564.0
1551	47252.0
1552	48200.0
1553	47576.0
1554	47724.0
1555	47436.0
1556	46640.0
1557	46564.0
1558	46680.0
1559	48172.0
1560	47592.0
1561	46868.0
1562	47760.0
1563	47020.0
1564	47752.0
1565	46672.0
1566	46864.0
1567	47068.0
1568	47932.0
1569	47308.0
1570	47912.0
1571	47812.0
1572	47576.0
1573	46724.0
1574	47368.0
1575	47172.0
1576	47264.0
1577	46796.0
1578	47540.0
1579	47672.0
1580	47088.0
1581	46028.0
1582	46628.0
1583	47448.0
1584	47552.0
1585	47580.0
1586	47268.0
1587	46836.0
1588	46520.0
1589	46672.0
1590	46584.0
1591	47876.0
1592	47572.0
1593	48332.0
1594	47548.0
1595	47128.0
1596	46676.0
1597	46868.0
1598	46276.0
1599	46820.0
1600	47256.0
1601	47476.0
1602	47280.0
1603	46788.0
1604	47812.0
1605	47044.0
1606	47320.0
1607	47696.0
1608	47084.0
1609	48112.0
1610	48292.0
1611	47392.0
1612	47640.0
1613	47172.0
1614	46760.0
1615	46700.0
1616	47244.0
1617	46984.0
1618	47592.0
1619	46444.0
1620	46764.0
1621	47128.0
1622	46972.0
1623	46348.0
1624	46060.0
1625	46616.0
1626	47204.0
1627	46720.0
1628	47660.0
1629	46428.0
1630	47036.0
1631	47228.0
1632	46768.0
1633	47596.0
1634	47376.0
1635	48276.0
1636	46764.0
1637	47488.0
1638	46268.0
1639	46852.0
1640	47196.0
1641	46444.0
1642	47248.0
1643	46836.0
1644	47092.0
1645	47624.0
1646	47188.0
1647	46476.0
1648	46496.0
1649	47340.0
1650	46228.0
1651	46244.0
1652	47140.0
1653	47064.0
1654	46928.0
1655	47432.0
1656	47512.0
1657	46028.0
1658	47544.0
1659	46796.0
1660	47608.0
1661	47028.0
1662	47016.0
1663	46828.0
1664	46400.0
1665	46940.0
1666	46896.0
1667	47056.0
1668	47128.0
1669	46372.0
1670	46356.0
1671	47012.0
1672	47240.0
1673	47352.0
1674	47028.0
1675	47164.0
1676	47196.0
1677	47388.0
1678	46648.0
1679	47364.0
1680	46448.0
1681	46592.0
1682	45428.0
1683	45988.0
1684	46556.0
1685	47012.0
1686	47048.0
1687	46912.0
1688	47992.0
1689	46700.0
1690	46288.0
1691	46052.0
1692	46764.0
1693	46780.0
1694	45928.0
1695	46532.0
1696	46380.0
1697	46908.0
1698	46244.0
1699	46084.0
1700	46448.0
1701	47000.0
1702	46336.0
1703	46032.0
1704	45892.0
1705	48036.0
1706	46832.0
1707	46004.0
1708	45396.0
1709	46328.0
1710	45932.0
1711	47104.0
1712	46424.0
1713	46520.0
1714	46968.0
1715	46320.0
1716	47440.0
1717	46528.0
1718	47492.0
1719	47196.0
1720	46676.0
1721	46796.0
1722	47712.0
1723	46068.0
1724	46596.0
1725	46828.0
1726	47132.0
1727	47108.0
1728	46608.0
1729	46208.0
1730	47248.0
1731	45988.0
1732	47396.0
1733	46128.0
1734	46636.0
1735	46852.0
1736	46732.0
1737	46112.0
1738	46904.0
1739	46768.0
1740	46720.0
1741	45732.0
1742	46216.0
1743	46396.0
1744	46140.0
1745	45912.0
1746	46620.0
1747	45896.0
1748	45608.0
1749	45648.0
1750	46364.0
1751	45832.0
1752	45924.0
1753	45860.0
1754	46084.0
1755	45404.0
1756	46200.0
1757	45368.0
1758	46084.0
1759	45800.0
1760	45844.0
1761	45516.0
1762	45900.0
1763	46156.0
1764	45244.0
1765	45828.0
1766	46080.0
1767	46464.0
1768	45452.0
1769	44892.0
1770	45460.0
1771	45304.0
1772	46460.0
1773	45484.0
1774	45376.0
1775	45636.0
1776	45524.0
1777	46744.0
1778	46356.0
1779	45856.0
1780	46212.0
1781	45084.0
1782	44760.0
1783	45556.0
1784	46472.0
1785	45972.0
1786	45292.0
1787	45276.0
1788	46108.0
1789	45828.0
1790	44248.0
1791	44792.0
1792	45924.0
1793	46168.0
1794	45680.0
1795	45652.0
1796	45720.0
1797	45220.0
1798	45696.0
1799	44860.0
1800	45632.0
1801	46508.0
1802	45980.0
1803	45104.0
1804	46212.0
1805	46312.0
1806	45744.0
1807	46576.0
1808	45348.0
1809	46008.0
1810	46240.0
1811	46264.0
1812	45284.0
1813	45328.0
1814	45532.0
1815	45508.0
1816	45368.0
1817	45672.0
1818	45320.0
1819	46428.0
1820	45864.0
1821	46088.0
1822	45840.0
1823	44524.0
1824	45888.0
1825	45284.0
1826	45288.0
1827	45528.0
1828	45796.0
1829	45828.0
1830	46028.0
1831	45608.0
1832	45460.0
1833	45176.0
1834	45748.0
1835	45348.0
1836	45348.0
1837	45972.0
1838	45588.0
1839	44840.0
1840	45408.0
1841	44540.0
1842	45756.0
1843	45200.0
1844	45856.0
1845	45536.0
1846	45476.0
1847	45532.0
1848	44932.0
1849	44764.0
1850	45732.0
1851	46224.0
1852	45384.0
1853	45140.0
1854	46192.0
1855	45728.0
1856	45444.0
1857	44444.0
1858	45176.0
1859	46248.0
1860	45480.0
1861	45804.0
1862	45404.0
1863	46216.0
1864	44232.0
1865	45336.0
1866	44176.0
1867	45272.0
1868	46252.0
1869	45108.0
1870	46124.0
1871	45592.0
1872	44968.0
1873	45468.0
1874	45112.0
1875	45256.0
1876	44428.0
1877	45152.0
1878	44960.0
1879	44472.0
1880	44228.0
1881	44160.0
1882	45076.0
1883	44252.0
1884	45372.0
1885	44372.0
1886	44560.0
1887	44168.0
1888	44168.0
1889	44168.0
1890	43772.0
1891	43476.0
1892	44864.0
1893	44908.0
1894	44240.0
1895	44736.0
1896	44616.0
1897	44420.0
1898	44940.0
1899	44256.0
1900	44668.0
1901	44256.0
1902	44260.0
1903	43840.0
1904	44376.0
1905	43532.0
1906	43756.0
1907	43508.0
1908	43136.0
1909	44040.0
1910	44508.0
1911	44128.0
1912	43892.0
1913	43824.0
1914	43640.0
1915	43212.0
1916	43200.0
1917	43200.0
1918	43228.0
1919	43060.0
1920	44516.0
1921	44488.0
1922	44600.0
1923	43280.0
1924	43164.0
1925	44064.0
1926	43548.0
1927	43848.0
1928	44212.0
1929	43380.0
1930	43764.0
1931	43668.0
1932	43780.0
1933	43012.0
1934	43740.0
1935	43696.0
1936	44392.0
1937	43908.0
1938	44044.0
1939	44276.0
1940	44176.0
1941	43156.0
1942	43496.0
1943	44860.0
1944	44168.0
1945	43436.0
1946	43292.0
1947	43652.0
1948	43680.0
1949	43208.0
1950	43168.0
1951	44372.0
1952	43372.0
1953	44164.0
1954	44428.0
1955	43544.0
1956	43404.0
1957	43648.0
1958	43148.0
1959	43804.0
1960	43116.0
1961	42920.0
1962	42908.0
1963	43124.0
1964	43264.0
1965	42856.0
1966	43448.0
1967	43548.0
1968	44460.0
1969	44520.0
1970	43932.0
1971	44148.0
1972	43064.0
1973	42780.0
1974	44096.0
1975	43828.0
1976	44244.0
1977	44024.0
1978	43140.0
1979	43352.0
1980	43316.0
1981	42908.0
1982	43200.0
1983	42148.0
1984	43448.0
1985	42916.0
1986	43616.0
1987	43660.0
1988	43292.0
1989	43472.0
1990	43704.0
1991	43132.0
1992	41924.0
1993	44096.0
1994	41620.0
1995	40964.0
1996	42184.0
1997	42704.0
1998	42260.0
1999	42564.0
2000	42852.0
2001	42956.0
2002	42344.0
2003	42500.0
2004	42468.0
2005	43660.0
2006	42372.0
2007	43060.0
2008	42772.0
2009	42280.0
2010	41848.0
2011	42220.0
2012	41584.0
2013	42184.0
2014	41936.0
2015	41460.0
2016	41620.0
2017	42768.0
2018	42552.0
2019	43396.0
2020	42768.0
2021	42460.0
2022	43100.0
2023	42512.0
2024	41424.0
2025	42292.0
2026	42820.0
2027	42620.0
2028	41328.0
2029	43160.0
2030	41328.0
2031	41956.0
2032	42040.0
2033	41120.0
2034	41816.0
2035	43020.0
2036	43084.0
2037	42708.0
2038	44136.0
2039	42752.0
2040	41948.0
2041	41840.0
2042	43656.0
2043	42504.0
2044	42928.0
2045	42768.0
2046	42900.0
2047	42180.0
2048	41420.0
2049	42112.0
2050	42144.0
2051	42264.0
2052	42332.0
2053	42632.0
2054	42296.0
2055	42240.0
2056	42176.0
2057	42800.0
2058	40920.0
2059	42272.0
2060	40856.0
2061	41516.0
2062	40808.0
2063	42584.0
2064	42180.0
2065	41952.0
2066	41384.0
2067	42692.0
2068	42140.0
2069	41692.0
2070	42196.0
2071	42764.0
2072	41448.0
2073	40844.0
2074	39876.0
2075	40152.0
2076	41536.0
2077	40928.0
2078	40444.0
2079	40832.0
2080	42376.0
2081	41900.0
2082	41384.0
2083	40240.0
2084	41036.0
2085	40844.0
2086	40732.0
2087	40800.0
2088	40896.0
2089	39888.0
2090	40968.0
2091	40440.0
2092	40700.0
2093	40720.0
2094	41068.0
2095	39908.0
2096	40916.0
2097	40852.0
2098	40168.0
2099	40708.0
2100	40936.0
2101	41268.0
2102	40780.0
2103	40680.0
2104	40256.0
2105	41052.0
2106	41084.0
2107	40396.0
2108	41884.0
2109	42044.0
2110	42084.0
2111	43072.0
2112	42476.0
2113	40868.0
2114	41048.0
2115	40624.0
2116	40384.0
2117	40908.0
2118	41396.0
2119	40824.0
2120	39976.0
2121	41016.0
2122	40348.0
2123	39916.0
2124	40604.0
2125	40724.0
2126	40972.0
2127	40348.0
2128	40488.0
2129	40516.0
2130	40360.0
2131	40264.0
2132	39856.0
2133	39656.0
2134	41132.0
2135	40756.0
2136	42016.0
2137	41576.0
2138	40164.0
2139	40240.0
2140	39704.0
2141	39472.0
2142	40040.0
2143	39744.0
2144	39736.0
2145	40672.0
2146	40304.0
2147	39652.0
2148	39732.0
2149	39756.0
2150	39540.0
2151	40088.0
2152	39448.0
2153	41228.0
2154	40192.0
2155	40392.0
2156	40096.0
2157	39308.0
2158	39936.0
2159	40440.0
2160	40168.0
2161	39832.0
2162	40072.0
2163	39392.0
2164	40136.0
2165	39400.0
2166	39868.0
2167	39976.0
2168	40412.0
2169	39900.0
2170	39508.0
2171	39608.0
2172	39740.0
2173	39368.0
2174	39168.0
2175	40068.0
2176	40068.0
2177	40636.0
2178	40348.0
2179	39772.0
2180	40628.0
2181	40484.0
2182	38948.0
2183	39780.0
2184	39708.0
2185	40272.0
2186	39916.0
2187	40512.0
2188	39252.0
2189	40368.0
2190	40008.0
2191	39940.0
2192	39752.0
2193	40196.0
2194	40412.0
2195	40604.0
2196	40976.0
2197	40912.0
2198	40064.0
2199	39596.0
2200	39552.0
2201	39612.0
2202	39748.0
2203	39692.0
2204	39944.0
2205	40176.0
2206	39616.0
2207	39604.0
2208	40272.0
2209	40552.0
2210	40184.0
2211	39540.0
2212	39548.0
2213	40152.0
2214	39520.0
2215	38748.0
2216	40096.0
2217	40468.0
2218	39760.0
2219	39324.0
2220	39952.0
2221	40884.0
2222	39440.0
2223	39932.0
2224	39532.0
2225	40004.0
2226	40024.0
2227	40060.0
2228	39924.0
2229	40304.0
2230	39980.0
2231	39208.0
2232	39972.0
2233	39456.0
2234	39848.0
2235	39960.0
2236	39604.0
2237	40040.0
2238	39048.0
2239	39236.0
2240	39120.0
2241	38956.0
2242	39616.0
2243	39056.0
2244	39644.0
2245	39948.0
2246	38872.0
2247	39828.0
2248	39552.0
2249	39116.0
2250	38900.0
2251	39112.0
2252	39600.0
2253	39448.0
2254	39544.0
2255	38664.0
2256	39196.0
2257	38688.0
2258	39364.0
2259	39120.0
2260	39136.0
2261	38452.0
2262	38864.0
2263	38484.0
2264	38456.0
2265	38768.0
2266	39052.0
2267	38408.0
2268	39124.0
2269	38996.0
2270	38216.0
2271	38812.0
2272	38540.0
2273	38476.0
2274	37580.0
2275	38388.0
2276	38440.0
2277	38180.0
2278	38924.0
2279	39052.0
2280	38684.0
2281	38444.0
2282	38376.0
2283	38432.0
2284	39252.0
2285	38776.0
2286	39440.0
2287	38524.0
2288	39012.0
2289	39416.0
2290	39264.0
2291	39008.0
2292	38912.0
2293	38516.0
2294	38608.0
2295	38944.0
2296	38548.0
2297	39156.0
2298	39028.0
2299	38648.0
2300	38852.0
2301	37876.0
2302	38180.0
2303	37888.0
2304	38348.0
2305	39172.0
2306	38392.0
2307	38852.0
2308	37612.0
2309	37684.0
2310	38056.0
2311	38108.0
2312	38156.0
2313	38092.0
2314	37656.0
2315	38480.0
2316	38416.0
2317	37836.0
2318	37712.0
2319	38052.0
2320	37868.0
2321	37916.0
2322	38960.0
2323	38988.0
2324	38008.0
2325	36992.0
2326	37860.0
2327	37184.0
2328	37908.0
2329	38204.0
2330	37624.0
2331	37388.0
2332	37328.0
2333	36896.0
2334	36728.0
2335	36736.0
2336	38072.0
2337	38128.0
2338	38308.0
2339	37456.0
2340	37752.0
2341	37704.0
2342	36912.0
2343	37756.0
2344	36792.0
2345	37000.0
2346	37320.0
2347	37352.0
2348	37860.0
2349	37496.0
2350	37716.0
2351	37340.0
2352	36624.0
2353	37716.0
2354	37484.0
2355	36556.0
2356	36644.0
2357	37572.0
2358	37296.0
2359	37176.0
2360	37544.0
2361	37588.0
2362	37328.0
2363	37792.0
2364	38016.0
2365	36812.0
2366	36788.0
2367	37204.0
2368	37008.0
2369	36832.0
2370	37084.0
2371	36712.0
2372	36712.0
2373	36712.0
2374	37484.0
2375	36712.0
2376	36968.0
2377	38424.0
2378	37200.0
2379	36808.0
2380	36572.0
2381	36508.0
2382	35868.0
2383	37264.0
2384	36924.0
2385	38120.0
2386	36920.0
2387	36520.0
2388	35756.0
2389	36616.0
2390	36364.0
2391	36628.0
2392	37404.0
2393	37160.0
2394	37760.0
2395	37796.0
2396	37456.0
2397	35996.0
2398	35736.0
2399	35256.0
2400	35056.0
2401	35712.0
2402	36848.0
2403	36724.0
2404	36512.0
2405	35956.0
2406	36284.0
2407	36548.0
2408	36236.0
2409	36256.0
2410	36432.0
2411	36104.0
2412	35916.0
2413	35664.0
2414	35420.0
2415	35436.0
2416	35824.0
2417	35624.0
2418	35604.0
2419	35620.0
2420	35012.0
2421	35372.0
2422	35464.0
2423	35220.0
2424	36000.0
2425	35708.0
2426	35820.0
2427	35680.0
2428	35952.0
2429	35620.0
2430	36760.0
2431	35320.0
2432	35400.0
2433	35404.0
2434	35444.0
2435	35912.0
2436	36352.0
2437	35096.0
2438	34824.0
2439	34944.0
2440	35228.0
2441	34612.0
2442	35744.0
2443	35324.0
2444	36076.0
2445	34796.0
2446	34680.0
2447	34716.0
2448	34836.0
2449	35492.0
2450	34832.0
2451	34584.0
2452	36204.0
2453	35224.0
2454	35412.0
2455	34744.0
2456	35160.0
2457	34792.0
2458	34452.0
2459	34876.0
2460	35132.0
2461	35148.0
2462	35136.0
2463	35240.0
2464	35640.0
2465	34592.0
2466	35252.0
2467	34360.0
2468	34196.0
2469	34488.0
2470	34900.0
2471	34596.0
2472	34268.0
2473	33892.0
2474	34412.0
2475	34052.0
2476	34336.0
2477	34488.0
2478	35108.0
2479	34168.0
2480	34640.0
2481	33776.0
2482	34452.0
2483	34580.0
2484	34380.0
2485	34280.0
2486	34388.0
2487	34708.0
2488	34804.0
2489	33600.0
2490	33320.0
2491	34544.0
2492	32916.0
2493	33800.0
2494	34192.0
2495	33236.0
2496	34044.0
2497	34180.0
2498	33708.0
2499	33772.0
2500	32944.0
2501	33708.0
2502	33456.0
2503	33636.0
2504	33732.0
2505	32956.0
2506	33924.0
2507	33912.0
2508	33848.0
2509	32860.0
2510	32796.0
2511	32672.0
2512	32524.0
2513	33028.0
2514	33852.0
2515	32464.0
2516	32788.0
2517	32836.0
2518	33348.0
2519	32940.0
2520	32516.0
2521	33128.0
2522	32624.0
2523	33368.0
2524	33012.0
2525	33664.0
2526	32624.0
2527	32168.0
2528	33640.0
2529	32784.0
2530	33244.0
2531	32620.0
2532	32144.0
2533	32788.0
2534	32040.0
2535	32280.0
2536	32788.0
2537	32300.0
2538	32040.0
2539	32688.0
2540	33080.0
2541	32380.0
2542	33016.0
2543	32388.0
2544	32816.0
2545	32976.0
2546	32192.0
2547	32400.0
2548	33108.0
2549	32144.0
2550	32692.0
2551	32032.0
2552	32028.0
2553	32164.0
2554	31780.0
2555	31764.0
2556	32092.0
2557	31296.0
2558	32008.0
2559	31180.0
2560	30868.0
2561	31912.0
2562	31192.0
2563	31252.0
2564	31176.0
2565	31896.0
2566	31208.0
2567	31280.0
2568	31372.0
2569	30932.0
2570	31604.0
2571	31632.0
2572	30656.0
2573	30624.0
2574	31368.0
2575	31148.0
2576	31088.0
2577	30940.0
2578	30752.0
2579	30140.0
2580	31248.0
2581	30300.0
2582	31368.0
2583	31908.0
2584	30704.0
2585	29932.0
2586	30836.0
2587	30980.0
2588	31488.0
2589	30592.0
2590	31024.0
2591	31820.0
2592	30284.0
2593	30328.0
2594	32156.0
2595	30212.0
2596	31088.0
2597	30432.0
2598	30324.0
2599	32000.0
2600	30292.0
2601	30512.0
2602	30364.0
2603	31260.0
2604	30380.0
2605	30824.0
2606	30204.0
2607	30816.0
2608	30288.0
2609	29876.0
2610	29804.0
2611	30596.0
2612	29652.0
2613	29844.0
2614	29868.0
2615	29792.0
2616	30280.0
2617	29408.0
2618	28944.0
2619	29288.0
2620	30684.0
2621	29184.0
2622	27944.0
2623	28644.0
2624	28796.0
2625	28876.0
2626	28560.0
2627	29004.0
2628	29072.0
2629	28332.0
2630	28844.0
2631	29072.0
2632	29276.0
2633	28856.0
2634	27736.0
2635	28020.0
2636	27688.0
2637	27944.0
2638	27924.0
2639	28640.0
2640	28900.0
2641	27516.0
2642	29024.0
2643	27508.0
2644	26996.0
2645	27532.0
2646	26740.0
2647	27200.0
2648	27408.0
2649	28128.0
2650	27936.0
2651	27384.0
2652	27224.0
2653	27168.0
2654	27940.0
2655	26492.0
2656	26716.0
2657	27920.0
2658	27496.0
2659	26800.0
2660	26668.0
2661	26532.0
2662	26792.0
2663	26088.0
2664	26492.0
2665	26644.0
2666	26860.0
2667	25880.0
2668	26864.0
2669	26124.0
2670	26852.0
2671	26620.0
2672	26100.0
2673	26588.0
2674	26024.0
2675	25864.0
2676	25772.0
2677	26084.0
2678	26060.0
2679	26788.0
2680	26004.0
2681	26704.0
2682	26492.0
2683	26204.0
2684	25024.0
2685	26340.0
2686	26292.0
2687	26012.0
2688	25644.0
2689	25164.0
2690	26124.0
2691	26232.0
2692	25992.0
2693	25248.0
2694	25528.0
2695	26132.0
2696	25224.0
2697	25400.0
2698	26212.0
2699	25660.0
2700	25236.0
2701	25788.0
2702	24848.0
2703	25804.0
2704	25192.0
2705	24928.0
2706	25936.0
2707	25900.0
2708	25532.0
2709	25304.0
2710	24984.0
2711	25468.0
2712	25176.0
2713	24552.0
2714	26124.0
2715	25080.0
2716	25144.0
2717	24952.0
2718	24612.0
2719	24244.0
2720	24120.0
2721	24280.0
2722	24796.0
2723	24816.0
2724	25324.0
2725	23948.0
2726	24532.0
2727	24548.0
2728	24160.0
2729	24488.0
2730	24508.0
2731	24456.0
2732	25292.0
2733	24032.0
2734	24248.0
2735	23892.0
2736	24212.0
2737	23272.0
2738	24100.0
2739	24224.0
2740	24700.0
2741	24212.0
2742	23820.0
2743	24056.0
2744	23556.0
2745	23496.0
2746	24044.0
2747	22740.0
