0	1212.0
1	1238.0
2	1180.0
3	1112.0
4	1060.0
5	1188.0
6	1160.0
7	1048.0
8	1004.0
9	1360.0
10	1194.0
11	1196.0
12	1022.0
13	1050.0
14	1064.0
15	1416.0
16	1128.0
17	1232.0
18	1316.0
19	1308.0
20	1304.0
21	1160.0
22	1380.0
23	1316.0
24	1420.0
25	1220.0
26	1428.0
27	1192.0
28	1612.0
29	1376.0
30	1360.0
31	1164.0
32	1208.0
33	1336.0
34	1116.0
35	1216.0
36	1432.0
37	1072.0
38	1452.0
39	1280.0
40	1324.0
41	1316.0
42	1392.0
43	1360.0
44	1440.0
45	1756.0
46	1464.0
47	1520.0
48	1448.0
49	1492.0
50	1604.0
51	1420.0
52	1242.0
53	1456.0
54	1484.0
55	1336.0
56	1428.0
57	1604.0
58	1572.0
59	1268.0
60	1596.0
61	1616.0
62	1480.0
63	1716.0
64	1414.0
65	1642.0
66	1628.0
67	1772.0
68	1352.0
69	1766.0
70	1700.0
71	1656.0
72	1464.0
73	1920.0
74	1744.0
75	1580.0
76	1612.0
77	1624.0
78	1674.0
79	1656.0
80	1604.0
81	1644.0
82	1640.0
83	1644.0
84	1568.0
85	1612.0
86	1952.0
87	1780.0
88	1756.0
89	1784.0
90	1584.0
91	1628.0
92	1704.0
93	1552.0
94	1668.0
95	1704.0
96	1736.0
97	1580.0
98	1608.0
99	1542.0
100	1672.0
101	1860.0
102	1596.0
103	1748.0
104	1556.0
105	1688.0
106	1580.0
107	1784.0
108	1624.0
109	1596.0
110	1664.0
111	1552.0
112	1400.0
113	1320.0
114	968.0
115	916.0
116	1068.0
117	1184.0
118	1120.0
119	1100.0
120	1472.0
121	1296.0
122	1464.0
123	1434.0
124	1364.0
125	1316.0
126	1572.0
127	1480.0
128	1384.0
129	1588.0
130	1552.0
131	1576.0
132	1494.0
133	1480.0
134	1480.0
135	1488.0
136	1452.0
137	1352.0
138	1512.0
139	1576.0
140	1506.0
141	1508.0
142	1524.0
143	2040.0
144	1632.0
145	1556.0
146	1980.0
147	1696.0
148	1860.0
149	1524.0
150	1740.0
151	1644.0
152	1812.0
153	1688.0
154	1604.0
155	1812.0
156	1824.0
157	2004.0
158	1700.0
159	1636.0
160	1612.0
161	1532.0
162	1488.0
163	1652.0
164	1540.0
165	1516.0
166	1556.0
167	1556.0
168	1708.0
169	1680.0
170	2124.0
171	1776.0
172	1704.0
173	1776.0
174	1484.0
175	1580.0
176	1548.0
177	1788.0
178	1596.0
179	1400.0
180	1392.0
181	1320.0
182	1256.0
183	1340.0
184	1256.0
185	1052.0
186	1328.0
187	1360.0
188	1444.0
189	1632.0
190	1528.0
191	1628.0
192	1736.0
193	1732.0
194	1912.0
195	1892.0
196	2044.0
197	1692.0
198	1964.0
199	1864.0
200	1952.0
201	1680.0
202	1784.0
203	1676.0
204	1768.0
205	1776.0
206	1976.0
207	1648.0
208	1648.0
209	1824.0
210	1692.0
211	1872.0
212	1688.0
213	1704.0
214	2196.0
215	2000.0
216	1844.0
217	2076.0
218	1758.0
219	1992.0
220	1960.0
221	2052.0
222	2116.0
223	2208.0
224	1908.0
225	2040.0
226	2004.0
227	2048.0
228	2028.0
229	2116.0
230	1980.0
231	2180.0
232	2140.0
233	1920.0
234	2008.0
235	2380.0
236	2384.0
237	2372.0
238	1832.0
239	2196.0
240	1988.0
241	2016.0
242	2144.0
243	2052.0
244	2120.0
245	2100.0
246	2032.0
247	2072.0
248	2312.0
249	2368.0
250	2096.0
251	2140.0
252	2076.0
253	2168.0
254	2280.0
255	2300.0
256	2328.0
257	2052.0
258	1996.0
259	2120.0
260	1822.0
261	2056.0
262	2144.0
263	2380.0
264	2268.0
265	2108.0
266	2176.0
267	2452.0
268	2072.0
269	2196.0
270	1920.0
271	2076.0
272	2016.0
273	2112.0
274	1940.0
275	1940.0
276	1696.0
277	1696.0
278	1660.0
279	1616.0
280	1852.0
281	1776.0
282	1820.0
283	2040.0
284	2100.0
285	2228.0
286	1948.0
287	2324.0
288	2106.0
289	2356.0
290	2208.0
291	2192.0
292	2172.0
293	2316.0
294	2216.0
295	2072.0
296	1952.0
297	1864.0
298	1744.0
299	1688.0
300	1740.0
301	1784.0
302	1616.0
303	1784.0
304	1920.0
305	2060.0
306	2232.0
307	2300.0
308	2212.0
309	2332.0
310	2304.0
311	2240.0
312	2116.0
313	2132.0
314	2176.0
315	2112.0
316	1964.0
317	1584.0
318	1560.0
319	1520.0
320	1720.0
321	1416.0
322	1312.0
323	1568.0
324	1716.0
325	1688.0
326	2004.0
327	2184.0
328	2032.0
329	2140.0
330	2276.0
331	2344.0
332	2200.0
333	2236.0
334	2088.0
335	2260.0
336	2180.0
337	2048.0
338	1976.0
339	2040.0
340	2252.0
341	1868.0
342	2156.0
343	1716.0
344	1560.0
345	1556.0
346	1436.0
347	1316.0
348	1092.0
349	1252.0
350	1250.0
351	1584.0
352	1552.0
353	1660.0
354	1896.0
355	1812.0
356	1824.0
357	1944.0
358	2200.0
359	2528.0
360	2120.0
361	2128.0
362	2492.0
363	2320.0
364	2260.0
365	2204.0
366	2084.0
367	2224.0
368	2104.0
369	2268.0
370	2420.0
371	2156.0
372	2236.0
373	2408.0
374	2268.0
375	2016.0
376	2120.0
377	2036.0
378	2400.0
379	2296.0
380	2152.0
381	2092.0
382	2252.0
383	2108.0
384	2044.0
385	2104.0
386	2056.0
387	1928.0
388	1636.0
389	1620.0
390	1740.0
391	2008.0
392	2016.0
393	2020.0
394	2380.0
395	2300.0
396	2404.0
397	2540.0
398	2448.0
399	2224.0
400	2396.0
401	2352.0
402	2432.0
403	2364.0
404	2200.0
405	2260.0
406	2272.0
407	2156.0
408	2100.0
409	2268.0
410	2456.0
411	2148.0
412	2264.0
413	2104.0
414	2160.0
415	2068.0
416	2464.0
417	2252.0
418	2304.0
419	2240.0
420	2180.0
421	2420.0
422	2188.0
423	2496.0
424	2240.0
425	2232.0
426	2060.0
427	2128.0
428	2324.0
429	1812.0
430	1796.0
431	1684.0
432	2104.0
433	1924.0
434	1972.0
435	2000.0
436	2080.0
437	2304.0
438	2200.0
439	2328.0
440	2468.0
441	2384.0
442	2592.0
443	2448.0
444	2436.0
445	2324.0
446	2372.0
447	2460.0
448	2314.0
449	2280.0
450	2380.0
451	2420.0
452	2320.0
453	2316.0
454	2272.0
455	2504.0
456	2336.0
457	1900.0
458	1884.0
459	2156.0
460	2564.0
461	2328.0
462	2552.0
463	2328.0
464	2398.0
465	2340.0
466	2612.0
467	2756.0
468	2728.0
469	2284.0
470	2420.0
471	2432.0
472	2592.0
473	2480.0
474	2540.0
475	2512.0
476	2576.0
477	2260.0
478	2392.0
479	2392.0
480	2572.0
481	2632.0
482	2168.0
483	2636.0
484	2172.0
485	2236.0
486	2336.0
487	2440.0
488	2528.0
489	2676.0
490	2344.0
491	2620.0
492	2240.0
493	2444.0
494	2396.0
495	2284.0
496	2660.0
497	2440.0
498	2592.0
499	2504.0
500	2676.0
501	2652.0
502	2396.0
503	2696.0
504	2652.0
505	2692.0
506	2344.0
507	2420.0
508	2608.0
509	2396.0
510	2384.0
511	2524.0
512	2372.0
513	2564.0
514	2692.0
515	2628.0
516	2592.0
517	2736.0
518	2460.0
519	2648.0
520	2540.0
521	2412.0
522	2424.0
523	2460.0
524	2660.0
525	2292.0
526	2368.0
527	2648.0
528	2620.0
529	2260.0
530	2400.0
531	2756.0
532	2368.0
533	2176.0
534	2296.0
535	2228.0
536	2568.0
537	2536.0
538	2480.0
539	2480.0
540	2604.0
541	2556.0
542	2468.0
543	2704.0
544	2572.0
545	2300.0
546	2708.0
547	2272.0
548	2332.0
549	2684.0
550	2544.0
551	2608.0
552	2680.0
553	2520.0
554	2380.0
555	2564.0
556	2356.0
557	2624.0
558	2684.0
559	2472.0
560	2340.0
561	2512.0
562	2836.0
563	2604.0
564	2564.0
565	2344.0
566	2428.0
567	2392.0
568	2536.0
569	2512.0
570	2332.0
571	2644.0
572	2264.0
573	2448.0
574	2532.0
575	2264.0
576	2368.0
577	2504.0
578	2412.0
579	2228.0
580	2084.0
581	2108.0
582	1916.0
583	1832.0
584	1528.0
585	1624.0
586	1736.0
587	1700.0
588	2064.0
589	2216.0
590	2040.0
591	2104.0
592	2084.0
593	2292.0
594	2656.0
595	2188.0
596	2456.0
597	2468.0
598	2224.0
599	2388.0
600	1884.0
601	2108.0
602	2032.0
603	1692.0
604	1664.0
605	1776.0
606	1480.0
607	1480.0
608	1468.0
609	1912.0
610	1920.0
611	2156.0
612	2452.0
613	2052.0
614	2188.0
615	2224.0
616	2180.0
617	2056.0
618	1832.0
619	2184.0
620	2208.0
621	2284.0
622	2240.0
623	2312.0
624	2304.0
625	2484.0
626	2528.0
627	2680.0
628	2436.0
629	2312.0
630	2456.0
631	2544.0
632	2484.0
633	2244.0
634	2456.0
635	2244.0
636	2588.0
637	2444.0
638	1928.0
639	2504.0
640	2576.0
641	2700.0
642	2496.0
643	2472.0
644	2480.0
645	2476.0
646	2664.0
647	2456.0
648	2380.0
649	2400.0
650	2976.0
651	2376.0
652	2588.0
653	2500.0
654	2300.0
655	2692.0
656	2632.0
657	2496.0
658	2620.0
659	2416.0
660	2496.0
661	2352.0
662	2380.0
663	2372.0
664	2404.0
665	2464.0
666	2476.0
667	2288.0
668	2464.0
669	2668.0
670	2624.0
671	2344.0
672	2528.0
673	2780.0
674	2616.0
675	2328.0
676	2284.0
677	2532.0
678	2656.0
679	2344.0
680	2504.0
681	2372.0
682	2620.0
683	2804.0
684	2600.0
685	2420.0
686	2472.0
687	2228.0
688	2522.0
689	2396.0
690	2160.0
691	2040.0
692	2388.0
693	2472.0
694	2560.0
695	2516.0
696	2404.0
697	2600.0
698	2276.0
699	2524.0
700	2332.0
701	2312.0
702	2428.0
703	2440.0
704	2600.0
705	2512.0
706	2304.0
707	2412.0
708	2352.0
709	2700.0
710	2436.0
711	2408.0
712	2428.0
713	2088.0
714	2132.0
715	2264.0
716	2180.0
717	2496.0
718	2576.0
719	2724.0
720	2268.0
721	2468.0
722	2516.0
723	2564.0
724	2736.0
725	2824.0
726	2360.0
727	2444.0
728	2440.0
729	2668.0
730	2524.0
731	2292.0
732	2444.0
733	2464.0
734	2208.0
735	2256.0
736	2252.0
737	1984.0
738	2060.0
739	2124.0
740	2056.0
741	2300.0
742	2192.0
743	2180.0
744	1916.0
745	1948.0
746	1860.0
747	1748.0
748	1764.0
749	1584.0
750	1840.0
751	1884.0
752	1968.0
753	2024.0
754	2172.0
755	2128.0
756	2072.0
757	2032.0
758	2236.0
759	2456.0
760	2236.0
761	2500.0
762	2316.0
763	2268.0
764	2008.0
765	2244.0
766	2280.0
767	1756.0
768	1896.0
769	1968.0
770	1832.0
771	1800.0
772	2008.0
773	2186.0
774	2396.0
775	2300.0
776	2488.0
777	2392.0
778	2416.0
779	2400.0
780	2484.0
781	2388.0
782	2544.0
783	2512.0
784	2264.0
785	2072.0
786	1944.0
787	1854.0
788	1784.0
789	2040.0
790	2188.0
791	2120.0
792	1956.0
793	2404.0
794	2336.0
795	2156.0
796	2156.0
797	2236.0
798	2324.0
799	1980.0
800	2036.0
801	2156.0
802	2060.0
803	1988.0
804	2192.0
805	2200.0
806	1952.0
807	1966.0
808	1896.0
809	1624.0
810	1740.0
811	1614.0
812	1720.0
813	1740.0
814	1900.0
815	2168.0
816	2044.0
817	2268.0
818	2188.0
819	2428.0
820	2324.0
821	2308.0
822	2628.0
823	2464.0
824	2444.0
825	2444.0
826	2504.0
827	2268.0
828	2280.0
829	2252.0
830	2520.0
831	2448.0
832	2564.0
833	2560.0
834	2596.0
835	2484.0
836	2320.0
837	2036.0
838	2420.0
839	2156.0
840	2060.0
841	2420.0
842	2224.0
843	2112.0
844	2120.0
845	2320.0
846	2068.0
847	2206.0
848	2272.0
849	2412.0
850	2128.0
851	2312.0
852	2256.0
853	2124.0
854	2504.0
855	2272.0
856	2416.0
857	2552.0
858	2392.0
859	2296.0
860	2316.0
861	2588.0
862	2520.0
863	2580.0
864	2572.0
865	1964.0
866	2732.0
867	2556.0
868	2432.0
869	2504.0
870	2496.0
871	2372.0
872	2248.0
873	2408.0
874	2416.0
875	2260.0
876	2632.0
877	2104.0
878	2072.0
879	2468.0
880	2364.0
881	2248.0
882	2044.0
883	2304.0
884	2300.0
885	2332.0
886	2440.0
887	2388.0
888	2316.0
889	2372.0
890	2312.0
891	2496.0
892	2572.0
893	2408.0
894	2344.0
895	2392.0
896	2292.0
897	2108.0
898	2296.0
899	2232.0
900	2276.0
901	2112.0
902	2152.0
903	2240.0
904	2228.0
905	2008.0
906	2116.0
907	2160.0
908	2212.0
909	1844.0
910	2064.0
911	1836.0
912	1964.0
913	2228.0
914	2312.0
915	2300.0
916	2188.0
917	2112.0
918	2244.0
919	2200.0
920	2316.0
921	2256.0
922	1976.0
923	2032.0
924	1924.0
925	1888.0
926	1928.0
927	1992.0
928	2252.0
929	2080.0
930	2152.0
931	2416.0
932	2192.0
933	2388.0
934	2456.0
935	2440.0
936	2328.0
937	2424.0
938	2248.0
939	2140.0
940	2536.0
941	2360.0
942	2336.0
943	2268.0
944	2368.0
945	2368.0
946	2456.0
947	2060.0
948	2296.0
949	2440.0
950	2416.0
951	2360.0
952	2452.0
953	2432.0
954	2308.0
955	2080.0
956	2356.0
957	2344.0
958	2416.0
959	2280.0
960	2440.0
961	2388.0
962	2572.0
963	2300.0
964	2204.0
965	2180.0
966	2380.0
967	2084.0
968	2248.0
969	2424.0
970	2136.0
971	2136.0
972	2088.0
973	2408.0
974	2460.0
975	2036.0
976	2132.0
977	2020.0
978	2376.0
979	2176.0
980	2144.0
981	2080.0
982	2200.0
983	1930.0
984	2040.0
985	2042.0
986	2136.0
987	2220.0
988	2276.0
989	2008.0
990	2228.0
991	2348.0
992	2388.0
993	2332.0
994	2184.0
995	2120.0
996	2268.0
997	2380.0
998	2416.0
999	2160.0
1000	2528.0
1001	2368.0
1002	2152.0
1003	2532.0
1004	2444.0
1005	2224.0
1006	2456.0
1007	2556.0
1008	2504.0
1009	2308.0
1010	2284.0
1011	2272.0
1012	2444.0
1013	2364.0
1014	2428.0
1015	2176.0
1016	2476.0
1017	2436.0
1018	2380.0
1019	2260.0
1020	2308.0
1021	2376.0
1022	2348.0
1023	2300.0
1024	2480.0
1025	2368.0
1026	2304.0
1027	2024.0
1028	2088.0
1029	2128.0
1030	2092.0
1031	2040.0
1032	2140.0
1033	2076.0
1034	2044.0
1035	2012.0
1036	2048.0
1037	1892.0
1038	1810.0
1039	1496.0
1040	1564.0
1041	1628.0
1042	1692.0
1043	1550.0
1044	2024.0
1045	2040.0
1046	2304.0
1047	2444.0
1048	2472.0
1049	2392.0
1050	2256.0
1051	2212.0
1052	2300.0
1053	2436.0
1054	2060.0
1055	2168.0
1056	2104.0
1057	2068.0
1058	2100.0
1059	2024.0
1060	1796.0
1061	2036.0
1062	1968.0
1063	2220.0
1064	2092.0
1065	2312.0
1066	2292.0
1067	2140.0
1068	2332.0
1069	2516.0
1070	2608.0
1071	2324.0
1072	2440.0
1073	2532.0
1074	2920.0
1075	2432.0
1076	2424.0
1077	2136.0
1078	2208.0
1079	2644.0
1080	2424.0
1081	2468.0
1082	2400.0
1083	2196.0
1084	2144.0
1085	2120.0
1086	2296.0
1087	2208.0
1088	2196.0
1089	2080.0
1090	2020.0
1091	2304.0
1092	2204.0
1093	2232.0
1094	2044.0
1095	1776.0
1096	1940.0
1097	2320.0
1098	2112.0
1099	2352.0
1100	1936.0
1101	2248.0
1102	2248.0
1103	2272.0
1104	2388.0
1105	2192.0
1106	2236.0
1107	2304.0
1108	2420.0
1109	2420.0
1110	2420.0
1111	2236.0
1112	2172.0
1113	2252.0
1114	2480.0
1115	2302.0
1116	2320.0
1117	2276.0
1118	2136.0
1119	2248.0
1120	2132.0
1121	2564.0
1122	2112.0
1123	2136.0
1124	2336.0
1125	2172.0
1126	2156.0
1127	2224.0
1128	1916.0
1129	1752.0
1130	1948.0
1131	2004.0
1132	2112.0
1133	2032.0
1134	2108.0
1135	2060.0
1136	2144.0
1137	2236.0
1138	2440.0
1139	1988.0
1140	2396.0
1141	2308.0
1142	2256.0
1143	2160.0
1144	2196.0
1145	2392.0
1146	2276.0
1147	2172.0
1148	2452.0
1149	2172.0
1150	2296.0
1151	2212.0
1152	2144.0
1153	2200.0
1154	2392.0
1155	2076.0
1156	2088.0
1157	2384.0
1158	2228.0
1159	2308.0
1160	2208.0
1161	2336.0
1162	2400.0
1163	2312.0
1164	2500.0
1165	2264.0
1166	2396.0
1167	2180.0
1168	2304.0
1169	2092.0
1170	2220.0
1171	2396.0
1172	2292.0
1173	2308.0
1174	2420.0
1175	2112.0
1176	2320.0
1177	2604.0
1178	2420.0
1179	2288.0
1180	2368.0
1181	2244.0
1182	2360.0
1183	2288.0
1184	2512.0
1185	2356.0
1186	2432.0
1187	2576.0
1188	2112.0
1189	2288.0
1190	2172.0
1191	2492.0
1192	2376.0
1193	2572.0
1194	2256.0
1195	2376.0
1196	2224.0
1197	2056.0
1198	2324.0
1199	2132.0
1200	2144.0
1201	2000.0
1202	2112.0
1203	2256.0
1204	2000.0
1205	2604.0
1206	2384.0
1207	2192.0
1208	2136.0
1209	2352.0
1210	2232.0
1211	2244.0
1212	2460.0
1213	2456.0
1214	2140.0
1215	2108.0
1216	2104.0
1217	2040.0
1218	1892.0
1219	2020.0
1220	1640.0
1221	1828.0
1222	1740.0
1223	1800.0
1224	1844.0
1225	2092.0
1226	2072.0
1227	1940.0
1228	1848.0
1229	1632.0
1230	1640.0
1231	1804.0
1232	1916.0
1233	2036.0
1234	2048.0
1235	2360.0
1236	2200.0
1237	2472.0
1238	2212.0
1239	2292.0
1240	2404.0
1241	2288.0
1242	2280.0
1243	2120.0
1244	2336.0
1245	2164.0
1246	2192.0
1247	2248.0
1248	2176.0
1249	2020.0
1250	2352.0
1251	2376.0
1252	2188.0
1253	2272.0
1254	2284.0
1255	2248.0
1256	2372.0
1257	2476.0
1258	2508.0
1259	2196.0
1260	2492.0
1261	2216.0
1262	1828.0
1263	2112.0
1264	2136.0
1265	2352.0
1266	2268.0
1267	2136.0
1268	2384.0
1269	2332.0
1270	2208.0
1271	2452.0
1272	2276.0
1273	2272.0
1274	1868.0
1275	1740.0
1276	1896.0
1277	2024.0
1278	2008.0
1279	1616.0
1280	1656.0
1281	1912.0
1282	1960.0
1283	1920.0
1284	2168.0
1285	2152.0
1286	2088.0
1287	2408.0
1288	2080.0
1289	2040.0
1290	2160.0
1291	2272.0
1292	1996.0
1293	2180.0
1294	2148.0
1295	2236.0
1296	2252.0
1297	1956.0
1298	2092.0
1299	1940.0
1300	1836.0
1301	1984.0
1302	1800.0
1303	1920.0
1304	1708.0
1305	1624.0
1306	1920.0
1307	1656.0
1308	1852.0
1309	1556.0
1310	1674.0
1311	1740.0
1312	1700.0
1313	1606.0
1314	1608.0
1315	1744.0
1316	1844.0
1317	1820.0
1318	1860.0
1319	2284.0
1320	2340.0
1321	2152.0
1322	1892.0
1323	2104.0
1324	2108.0
1325	2064.0
1326	1918.0
1327	2244.0
1328	1996.0
1329	1948.0
1330	1864.0
1331	1952.0
1332	1976.0
1333	1704.0
1334	1428.0
1335	1544.0
1336	1472.0
1337	1440.0
1338	1500.0
1339	1634.0
1340	1640.0
1341	1980.0
1342	2068.0
1343	2080.0
1344	2064.0
1345	2068.0
1346	2036.0
1347	2132.0
1348	2100.0
1349	2116.0
1350	1948.0
1351	2020.0
1352	2064.0
1353	2068.0
1354	2192.0
1355	2220.0
1356	2132.0
1357	2156.0
1358	2080.0
1359	1964.0
1360	1892.0
1361	1772.0
1362	1472.0
1363	1440.0
1364	1196.0
1365	1404.0
1366	1656.0
1367	1792.0
1368	1814.0
1369	1650.0
1370	2072.0
1371	2128.0
1372	2048.0
1373	2044.0
1374	2092.0
1375	2136.0
1376	2100.0
1377	2156.0
1378	2192.0
1379	2132.0
1380	2308.0
1381	2488.0
1382	2280.0
1383	2156.0
1384	2392.0
1385	2060.0
1386	1992.0
1387	2024.0
1388	2028.0
1389	2044.0
1390	2144.0
1391	1760.0
1392	2020.0
1393	2096.0
1394	1768.0
1395	2136.0
1396	1996.0
1397	2008.0
1398	1908.0
1399	1908.0
1400	1972.0
1401	1964.0
1402	1916.0
1403	1936.0
1404	2092.0
1405	2008.0
1406	2108.0
1407	2064.0
1408	2080.0
1409	1932.0
1410	1964.0
1411	1940.0
1412	2136.0
1413	2196.0
1414	1780.0
1415	2204.0
1416	2304.0
1417	1836.0
1418	1896.0
1419	1896.0
1420	1896.0
1421	1728.0
1422	1812.0
1423	1892.0
1424	1752.0
1425	1988.0
1426	1852.0
1427	1906.0
1428	1508.0
1429	1640.0
1430	1556.0
1431	1464.0
1432	1608.0
1433	1648.0
1434	1488.0
1435	2048.0
1436	1744.0
1437	2020.0
1438	2056.0
1439	1984.0
1440	1948.0
1441	2252.0
1442	1904.0
1443	2260.0
1444	2036.0
1445	2200.0
1446	1944.0
1447	2116.0
1448	1776.0
1449	1972.0
1450	2100.0
1451	2264.0
1452	1636.0
1453	2140.0
1454	1868.0
1455	2080.0
1456	1848.0
1457	2160.0
1458	2076.0
1459	1752.0
1460	1776.0
1461	1724.0
1462	1844.0
1463	1892.0
1464	1904.0
1465	1948.0
1466	2328.0
1467	2072.0
1468	2256.0
1469	2036.0
1470	1972.0
1471	1892.0
1472	1968.0
1473	2052.0
1474	1984.0
1475	2024.0
1476	1872.0
1477	1860.0
1478	1956.0
1479	2016.0
1480	2084.0
1481	1904.0
1482	1880.0
1483	1782.0
1484	1752.0
1485	1880.0
1486	1604.0
1487	1696.0
1488	1564.0
1489	2112.0
1490	1976.0
1491	1868.0
1492	2004.0
1493	2036.0
1494	1916.0
1495	2136.0
1496	1708.0
1497	2052.0
1498	1980.0
1499	2288.0
1500	2096.0
1501	1996.0
1502	1944.0
1503	2156.0
1504	2072.0
1505	1992.0
1506	1920.0
1507	1968.0
1508	1988.0
1509	1748.0
1510	2124.0
1511	1680.0
1512	2064.0
1513	2024.0
1514	1968.0
1515	1828.0
1516	2124.0
1517	1732.0
1518	1940.0
1519	1728.0
1520	1912.0
1521	1732.0
1522	1880.0
1523	1764.0
1524	1908.0
1525	1932.0
1526	2200.0
1527	2108.0
1528	1928.0
1529	1916.0
1530	2052.0
1531	1872.0
1532	1912.0
1533	1850.0
1534	1900.0
1535	2220.0
1536	1848.0
1537	2108.0
1538	2004.0
1539	2020.0
1540	1876.0
1541	1876.0
1542	2012.0
1543	1796.0
1544	2104.0
1545	2000.0
1546	1908.0
1547	1820.0
1548	2072.0
1549	1908.0
1550	2056.0
1551	1940.0
1552	1992.0
1553	2012.0
1554	2084.0
1555	1916.0
1556	1952.0
1557	2112.0
1558	2056.0
1559	2060.0
1560	1940.0
1561	1636.0
1562	1816.0
1563	1972.0
1564	1924.0
1565	2012.0
1566	1932.0
1567	1916.0
1568	1798.0
1569	2012.0
1570	1900.0
1571	1860.0
1572	1872.0
1573	1788.0
1574	1772.0
1575	1948.0
1576	1504.0
1577	1940.0
1578	1848.0
1579	1856.0
1580	1916.0
1581	1748.0
1582	2144.0
1583	1816.0
1584	1968.0
1585	2024.0
1586	2032.0
1587	1836.0
1588	1656.0
1589	2012.0
1590	2044.0
1591	1976.0
1592	2084.0
1593	1936.0
1594	1920.0
1595	1852.0
1596	1984.0
1597	1748.0
1598	1976.0
1599	1860.0
1600	1820.0
1601	1912.0
1602	1864.0
1603	1812.0
1604	1884.0
1605	1892.0
1606	1836.0
1607	1792.0
1608	1768.0
1609	1788.0
1610	1732.0
1611	1884.0
1612	1620.0
1613	1784.0
1614	1512.0
1615	1740.0
1616	1672.0
1617	1588.0
1618	1788.0
1619	1812.0
1620	1900.0
1621	1696.0
1622	1716.0
1623	2008.0
1624	1716.0
1625	1780.0
1626	1720.0
1627	1968.0
1628	1916.0
1629	1652.0
1630	2048.0
1631	1800.0
1632	1644.0
1633	1720.0
1634	1780.0
1635	1600.0
1636	1788.0
1637	1176.0
1638	1356.0
1639	1308.0
1640	1072.0
1641	1452.0
1642	1372.0
1643	1496.0
1644	1456.0
1645	1484.0
1646	1680.0
1647	1512.0
1648	1696.0
1649	1928.0
1650	1940.0
1651	1812.0
1652	1768.0
1653	1796.0
1654	1832.0
1655	1588.0
1656	1812.0
1657	1904.0
1658	1640.0
1659	1864.0
1660	1788.0
1661	1808.0
1662	1924.0
1663	1868.0
1664	1740.0
1665	1828.0
1666	1856.0
1667	1920.0
1668	2040.0
1669	1624.0
1670	1980.0
1671	1964.0
1672	1912.0
1673	1900.0
1674	2204.0
1675	1876.0
1676	1892.0
1677	1796.0
1678	1940.0
1679	1960.0
1680	1888.0
1681	1912.0
1682	1996.0
1683	2080.0
1684	1984.0
1685	1996.0
1686	1744.0
1687	1672.0
1688	1752.0
1689	1864.0
1690	1864.0
1691	1684.0
1692	1588.0
1693	1720.0
1694	1740.0
1695	1488.0
1696	1792.0
1697	1684.0
1698	1492.0
1699	1542.0
1700	1696.0
1701	1528.0
1702	1724.0
1703	1852.0
1704	1608.0
1705	1752.0
1706	1900.0
1707	1768.0
1708	1932.0
1709	1960.0
1710	1860.0
1711	1692.0
1712	1752.0
1713	1896.0
1714	1868.0
1715	1904.0
1716	1760.0
1717	1764.0
1718	1648.0
1719	1492.0
1720	1840.0
1721	1720.0
1722	1856.0
1723	2060.0
1724	1824.0
1725	1660.0
1726	1700.0
1727	1912.0
1728	2064.0
1729	1724.0
1730	1984.0
1731	1816.0
1732	2100.0
1733	1804.0
1734	1932.0
1735	1868.0
1736	1968.0
1737	2100.0
1738	2256.0
1739	1820.0
1740	1916.0
1741	1828.0
1742	1828.0
1743	1920.0
1744	1956.0
1745	1748.0
1746	1708.0
1747	1880.0
1748	1752.0
1749	1864.0
1750	1824.0
1751	1996.0
1752	1752.0
1753	1792.0
1754	1996.0
1755	1840.0
1756	1764.0
1757	1936.0
1758	1780.0
1759	1720.0
1760	1832.0
1761	1928.0
1762	1900.0
1763	1636.0
1764	1932.0
1765	2192.0
1766	1908.0
1767	1804.0
1768	1872.0
1769	1644.0
1770	1704.0
1771	1904.0
1772	1960.0
1773	2068.0
1774	2008.0
1775	1800.0
1776	1672.0
1777	1788.0
1778	1908.0
1779	1628.0
1780	1648.0
1781	1740.0
1782	1480.0
1783	1624.0
1784	1272.0
1785	1512.0
1786	1444.0
1787	1516.0
1788	1372.0
1789	1476.0
1790	1512.0
1791	1516.0
1792	1188.0
1793	1352.0
1794	1468.0
1795	1620.0
1796	1512.0
1797	1412.0
1798	1572.0
1799	1664.0
1800	1814.0
1801	1860.0
1802	1760.0
1803	1584.0
1804	1728.0
1805	1532.0
1806	1564.0
1807	1710.0
1808	1792.0
1809	1496.0
1810	1176.0
1811	1440.0
1812	1576.0
1813	1336.0
1814	1756.0
1815	1628.0
1816	1756.0
1817	1624.0
1818	1676.0
1819	1616.0
1820	1684.0
1821	1892.0
1822	1720.0
1823	1828.0
1824	1736.0
1825	1532.0
1826	1872.0
1827	1924.0
1828	1832.0
1829	1888.0
1830	1688.0
1831	1712.0
1832	1872.0
1833	1956.0
1834	1532.0
1835	1540.0
1836	1628.0
1837	1740.0
1838	1388.0
1839	1360.0
1840	1742.0
1841	1848.0
1842	1820.0
1843	1516.0
1844	1720.0
1845	1568.0
1846	1736.0
1847	1768.0
1848	1536.0
1849	1712.0
1850	1600.0
1851	1600.0
1852	1576.0
1853	1864.0
1854	1704.0
1855	1760.0
1856	1766.0
1857	1672.0
1858	1632.0
1859	1784.0
1860	2004.0
1861	1540.0
1862	1964.0
1863	1816.0
1864	1540.0
1865	1848.0
1866	1744.0
1867	1624.0
1868	1584.0
1869	1584.0
1870	1820.0
1871	1688.0
1872	1888.0
1873	1576.0
1874	1528.0
1875	2032.0
1876	1684.0
1877	2028.0
1878	1760.0
1879	1676.0
1880	1904.0
1881	1932.0
1882	1680.0
1883	1560.0
1884	1488.0
1885	2048.0
1886	1828.0
1887	1788.0
1888	1636.0
1889	1880.0
1890	1960.0
1891	1848.0
1892	1554.0
1893	1664.0
1894	1832.0
1895	1776.0
1896	1828.0
1897	1604.0
1898	1920.0
1899	1904.0
1900	1808.0
1901	1592.0
1902	2152.0
1903	1672.0
1904	1900.0
1905	2080.0
1906	1872.0
1907	1460.0
1908	1820.0
1909	1764.0
1910	1964.0
1911	1832.0
1912	1664.0
1913	1964.0
1914	1736.0
1915	1808.0
1916	1996.0
1917	1528.0
1918	1880.0
1919	1844.0
1920	1576.0
1921	1724.0
1922	1636.0
1923	1668.0
1924	1912.0
1925	1964.0
1926	1828.0
1927	1660.0
1928	1868.0
1929	1356.0
1930	1652.0
1931	1460.0
1932	1636.0
1933	1632.0
1934	1896.0
1935	1658.0
1936	1556.0
1937	1820.0
1938	1744.0
1939	1704.0
1940	1774.0
1941	1712.0
1942	1688.0
1943	1644.0
1944	1622.0
1945	1460.0
1946	1704.0
1947	1528.0
1948	1936.0
1949	1832.0
1950	1668.0
1951	1600.0
1952	1724.0
1953	1856.0
1954	1840.0
1955	1924.0
1956	1760.0
1957	1624.0
1958	1744.0
1959	1744.0
1960	1672.0
1961	1596.0
1962	1756.0
1963	1880.0
1964	1644.0
1965	1704.0
1966	1424.0
1967	1704.0
1968	1812.0
1969	1784.0
1970	1504.0
1971	1568.0
1972	1868.0
1973	1788.0
1974	1912.0
1975	1732.0
1976	1736.0
1977	1692.0
1978	1940.0
1979	1808.0
1980	1624.0
1981	1984.0
1982	1732.0
1983	1672.0
1984	1688.0
1985	1448.0
1986	1988.0
1987	1724.0
1988	1744.0
1989	1692.0
1990	1876.0
1991	1608.0
1992	1692.0
1993	1844.0
1994	1676.0
1995	1568.0
1996	1756.0
1997	1704.0
1998	1836.0
1999	1564.0
2000	1760.0
2001	1688.0
2002	1944.0
2003	1680.0
2004	1548.0
2005	1688.0
2006	1644.0
2007	1616.0
2008	1892.0
2009	1564.0
2010	1700.0
2011	1560.0
2012	1388.0
2013	1176.0
2014	1572.0
2015	1428.0
2016	1496.0
2017	1336.0
2018	1260.0
2019	1296.0
2020	1414.0
2021	1440.0
2022	1092.0
2023	1512.0
2024	1484.0
2025	1710.0
2026	1628.0
2027	1508.0
2028	1724.0
2029	1652.0
2030	1800.0
2031	1610.0
2032	2016.0
2033	1620.0
2034	1624.0
2035	1764.0
2036	1608.0
2037	1636.0
2038	1584.0
2039	1760.0
2040	1536.0
2041	1724.0
2042	1628.0
2043	1552.0
2044	1692.0
2045	1632.0
2046	1564.0
2047	1848.0
2048	1492.0
2049	1964.0
2050	1768.0
2051	1636.0
2052	1742.0
2053	1668.0
2054	1900.0
2055	1972.0
2056	1580.0
2057	1644.0
2058	1784.0
2059	1796.0
2060	1732.0
2061	1664.0
2062	1692.0
2063	1564.0
2064	1396.0
2065	1688.0
2066	1572.0
2067	1204.0
2068	1672.0
2069	1592.0
2070	1640.0
2071	1636.0
2072	1584.0
2073	1660.0
2074	1534.0
2075	1716.0
2076	1756.0
2077	1516.0
2078	1860.0
2079	1816.0
2080	1404.0
2081	1328.0
2082	1508.0
2083	1548.0
2084	1372.0
2085	1282.0
2086	1300.0
2087	1292.0
2088	1528.0
2089	1184.0
2090	1492.0
2091	1800.0
2092	1656.0
2093	1428.0
2094	1732.0
2095	1516.0
2096	1492.0
2097	1524.0
2098	1724.0
2099	1828.0
2100	1408.0
2101	1604.0
2102	1604.0
2103	1452.0
2104	1688.0
2105	1548.0
2106	1444.0
2107	1548.0
2108	1512.0
2109	1404.0
2110	1484.0
2111	1460.0
2112	1424.0
2113	1332.0
2114	1100.0
2115	1266.0
2116	1292.0
2117	1460.0
2118	1348.0
2119	1468.0
2120	1656.0
2121	1610.0
2122	1486.0
2123	1432.0
2124	1470.0
2125	1328.0
2126	1552.0
2127	1704.0
2128	1330.0
2129	1620.0
2130	1520.0
2131	1508.0
2132	1716.0
2133	1476.0
2134	1302.0
2135	1636.0
2136	1712.0
2137	1572.0
2138	1596.0
2139	1872.0
2140	1724.0
2141	1488.0
2142	1536.0
2143	1476.0
2144	1632.0
2145	1656.0
2146	1432.0
2147	1488.0
2148	1400.0
2149	1672.0
2150	1596.0
2151	1524.0
2152	1490.0
2153	1520.0
2154	1612.0
2155	1536.0
2156	1588.0
2157	1412.0
2158	1496.0
2159	1404.0
2160	1420.0
2161	1488.0
2162	1384.0
2163	1460.0
2164	1312.0
2165	1508.0
2166	1620.0
2167	1668.0
2168	1364.0
2169	1492.0
2170	1460.0
2171	1672.0
2172	1396.0
2173	1636.0
2174	1560.0
2175	1448.0
2176	1360.0
2177	1386.0
2178	1724.0
2179	1320.0
2180	1416.0
2181	1328.0
2182	1508.0
2183	1568.0
2184	1604.0
2185	1620.0
2186	1468.0
2187	1526.0
2188	1340.0
2189	1452.0
2190	1600.0
2191	1748.0
2192	1412.0
2193	1568.0
2194	1588.0
2195	1584.0
2196	1452.0
2197	1592.0
2198	1428.0
2199	1676.0
2200	1356.0
2201	1490.0
2202	1566.0
2203	1448.0
2204	1244.0
2205	1440.0
2206	1844.0
2207	1592.0
2208	1528.0
2209	1576.0
2210	1462.0
2211	1276.0
2212	1668.0
2213	1600.0
2214	1556.0
2215	1592.0
2216	1548.0
2217	1672.0
2218	1708.0
2219	1564.0
2220	1648.0
2221	1480.0
2222	1528.0
2223	1608.0
2224	1624.0
2225	1348.0
2226	1788.0
2227	1562.0
2228	1784.0
2229	1660.0
2230	1372.0
2231	1724.0
2232	1420.0
2233	1644.0
2234	1436.0
2235	1416.0
2236	1760.0
2237	1712.0
2238	1546.0
2239	1596.0
2240	1628.0
2241	1804.0
2242	1384.0
2243	1716.0
2244	1404.0
2245	1512.0
2246	1568.0
2247	1468.0
2248	1456.0
2249	1816.0
2250	1632.0
2251	1428.0
2252	1412.0
2253	1500.0
2254	1724.0
2255	1638.0
2256	1536.0
2257	1712.0
2258	1672.0
2259	1572.0
2260	1472.0
2261	1266.0
2262	1564.0
2263	1432.0
2264	1616.0
2265	1304.0
2266	1588.0
2267	1652.0
2268	1592.0
2269	1480.0
2270	1272.0
2271	1468.0
2272	1248.0
2273	1252.0
2274	1216.0
2275	1340.0
2276	1196.0
2277	1232.0
2278	1352.0
2279	1424.0
2280	1204.0
2281	1332.0
2282	1640.0
2283	1528.0
2284	1568.0
2285	1460.0
2286	1262.0
2287	1380.0
2288	1388.0
2289	1496.0
2290	1716.0
2291	1446.0
2292	1416.0
2293	1408.0
2294	1552.0
2295	1664.0
2296	1608.0
2297	1200.0
2298	1644.0
2299	1704.0
2300	1520.0
2301	1660.0
2302	1248.0
2303	1468.0
2304	1768.0
2305	1442.0
2306	1716.0
2307	1532.0
2308	1682.0
2309	1572.0
2310	1832.0
2311	1384.0
2312	1576.0
2313	1464.0
2314	1612.0
2315	1396.0
2316	1468.0
2317	1516.0
2318	1380.0
2319	1384.0
2320	1292.0
2321	1432.0
2322	1608.0
2323	1560.0
2324	1636.0
2325	1648.0
2326	1526.0
2327	1404.0
2328	1516.0
2329	1484.0
2330	1348.0
2331	1796.0
2332	1476.0
2333	1548.0
2334	1564.0
2335	1552.0
2336	1564.0
2337	1584.0
2338	1448.0
2339	1632.0
2340	1444.0
2341	1644.0
2342	1268.0
2343	1400.0
2344	1696.0
2345	1290.0
2346	1372.0
2347	1544.0
2348	1620.0
2349	1460.0
2350	1388.0
2351	1576.0
2352	1564.0
2353	1700.0
2354	1452.0
2355	1508.0
2356	1420.0
2357	1488.0
2358	1636.0
2359	1652.0
2360	1524.0
2361	1424.0
2362	1664.0
2363	1232.0
2364	1476.0
2365	1552.0
2366	1676.0
2367	1652.0
2368	1648.0
2369	1540.0
2370	1676.0
2371	1588.0
2372	1496.0
2373	1580.0
2374	1772.0
2375	1860.0
2376	1524.0
2377	1808.0
2378	1732.0
2379	1792.0
2380	1436.0
2381	1692.0
2382	1796.0
2383	1400.0
2384	1604.0
2385	1572.0
2386	1336.0
2387	1448.0
2388	1524.0
2389	1372.0
2390	1576.0
2391	1440.0
2392	1620.0
2393	1824.0
2394	1584.0
2395	1744.0
2396	1436.0
2397	1652.0
2398	1812.0
2399	1616.0
2400	1592.0
2401	1612.0
2402	1396.0
2403	1384.0
2404	1456.0
2405	1572.0
2406	1520.0
2407	1726.0
2408	1708.0
2409	1560.0
2410	1404.0
2411	1440.0
2412	1588.0
2413	1504.0
2414	1464.0
2415	1732.0
2416	1564.0
2417	1658.0
2418	1400.0
2419	1748.0
2420	1768.0
2421	1676.0
2422	1348.0
2423	1620.0
2424	1316.0
2425	1220.0
2426	1380.0
2427	1840.0
2428	1494.0
2429	1476.0
2430	1518.0
2431	1712.0
2432	1452.0
2433	1552.0
2434	1792.0
2435	1616.0
2436	1644.0
2437	1552.0
2438	1564.0
2439	1740.0
2440	1648.0
2441	1836.0
2442	1484.0
2443	1788.0
2444	1856.0
2445	1660.0
2446	1544.0
2447	1564.0
2448	1448.0
2449	1612.0
2450	1540.0
2451	1624.0
2452	1472.0
2453	1540.0
2454	1764.0
2455	1624.0
2456	1360.0
2457	1768.0
2458	1516.0
2459	1520.0
2460	1268.0
2461	1408.0
2462	1536.0
2463	1640.0
2464	1528.0
2465	1224.0
2466	1284.0
2467	1328.0
2468	1368.0
2469	1468.0
2470	1624.0
2471	1560.0
2472	1352.0
2473	1604.0
2474	1486.0
2475	1486.0
2476	1396.0
2477	1904.0
2478	1668.0
2479	1586.0
2480	1532.0
2481	1684.0
2482	1380.0
2483	1418.0
2484	1648.0
2485	1824.0
2486	1392.0
2487	1504.0
2488	1780.0
2489	1816.0
2490	1572.0
2491	1692.0
2492	1888.0
2493	1550.0
2494	1636.0
2495	1708.0
2496	1820.0
2497	1432.0
2498	1452.0
2499	1516.0
2500	1572.0
2501	1558.0
2502	1752.0
2503	1804.0
2504	1780.0
2505	1748.0
2506	1596.0
2507	1768.0
2508	1640.0
2509	1596.0
2510	1732.0
2511	1500.0
2512	1824.0
2513	1788.0
2514	1640.0
2515	1332.0
2516	1812.0
2517	1840.0
2518	1820.0
2519	1724.0
2520	1628.0
2521	1988.0
2522	1828.0
2523	1646.0
2524	1812.0
2525	1724.0
2526	1610.0
2527	1564.0
2528	1824.0
2529	1618.0
2530	1980.0
2531	1584.0
2532	1706.0
2533	1852.0
2534	1434.0
2535	1568.0
2536	1636.0
2537	1770.0
2538	2072.0
2539	1784.0
2540	1908.0
2541	1592.0
2542	1968.0
2543	1660.0
2544	1820.0
2545	1664.0
2546	1708.0
2547	1872.0
2548	2058.0
2549	1788.0
2550	1952.0
2551	1960.0
2552	1712.0
2553	2064.0
2554	2096.0
2555	1528.0
2556	1852.0
2557	1912.0
2558	1844.0
2559	1840.0
2560	2008.0
2561	1696.0
2562	1888.0
2563	2056.0
2564	1916.0
2565	2024.0
2566	1878.0
2567	1752.0
2568	2160.0
2569	1848.0
2570	1704.0
2571	1562.0
2572	1842.0
2573	2128.0
2574	2088.0
2575	1988.0
2576	2204.0
2577	2228.0
2578	1772.0
2579	2024.0
2580	2088.0
2581	1752.0
2582	1944.0
2583	1884.0
2584	1884.0
2585	1988.0
2586	1800.0
2587	2128.0
2588	1596.0
2589	2260.0
2590	1952.0
2591	2348.0
2592	2016.0
2593	1940.0
2594	1756.0
2595	1904.0
2596	2136.0
2597	2156.0
2598	2176.0
2599	2112.0
2600	2024.0
2601	2120.0
2602	1976.0
2603	2160.0
2604	2152.0
2605	2080.0
2606	1804.0
2607	2308.0
2608	1664.0
2609	2316.0
2610	2256.0
2611	2144.0
2612	2124.0
2613	2004.0
2614	2068.0
2615	1984.0
2616	1948.0
2617	1972.0
2618	2000.0
2619	2020.0
2620	2280.0
2621	2112.0
2622	2204.0
2623	1964.0
2624	2208.0
2625	2196.0
2626	2124.0
2627	2144.0
2628	1998.0
2629	2296.0
2630	2232.0
2631	2088.0
2632	2084.0
2633	1780.0
2634	2532.0
2635	2268.0
2636	2484.0
2637	2092.0
2638	2368.0
2639	2032.0
2640	2236.0
2641	2160.0
2642	2684.0
2643	2132.0
2644	2540.0
2645	1988.0
2646	2240.0
2647	2328.0
2648	2228.0
2649	2392.0
2650	2440.0
2651	2468.0
2652	2560.0
2653	2228.0
2654	2528.0
2655	2660.0
2656	2656.0
2657	2440.0
2658	2724.0
2659	2312.0
2660	2400.0
2661	2548.0
2662	2292.0
2663	2500.0
2664	2780.0
2665	2508.0
2666	2556.0
2667	2360.0
2668	2668.0
2669	2592.0
2670	2652.0
2671	2432.0
2672	2540.0
2673	2584.0
2674	2724.0
2675	2912.0
2676	2652.0
2677	2712.0
2678	2824.0
2679	2744.0
2680	2356.0
2681	2544.0
2682	2500.0
2683	2628.0
2684	2948.0
2685	2516.0
2686	2688.0
2687	2936.0
2688	2972.0
2689	2648.0
2690	2460.0
2691	2584.0
2692	2828.0
2693	2844.0
2694	3076.0
2695	2492.0
2696	2812.0
2697	2632.0
2698	3112.0
2699	3052.0
2700	2732.0
2701	2576.0
2702	2812.0
2703	2716.0
2704	2996.0
2705	2940.0
2706	2768.0
2707	3144.0
2708	2880.0
2709	2972.0
2710	2928.0
2711	3364.0
2712	3116.0
2713	3008.0
2714	2880.0
2715	3132.0
2716	3196.0
2717	3224.0
2718	3324.0
2719	3380.0
2720	3336.0
2721	3332.0
2722	3448.0
2723	3288.0
2724	3484.0
2725	3424.0
2726	3436.0
2727	3328.0
2728	3008.0
2729	3348.0
2730	3112.0
2731	3484.0
2732	3528.0
2733	3460.0
2734	3316.0
2735	3336.0
2736	3140.0
2737	3576.0
2738	3024.0
2739	3400.0
2740	3668.0
2741	3660.0
2742	4036.0
2743	3428.0
2744	4352.0
2745	3848.0
2746	3288.0
2747	3584.0
