0	550.0
1	566.0
2	538.0
3	628.0
4	604.0
5	552.0
6	570.0
7	532.0
8	580.0
9	642.0
10	588.0
11	594.0
12	536.0
13	518.0
14	618.0
15	684.0
16	678.0
17	566.0
18	700.0
19	674.0
20	526.0
21	446.0
22	588.0
23	548.0
24	488.0
25	536.0
26	582.0
27	460.0
28	614.0
29	580.0
30	602.0
31	492.0
32	654.0
33	672.0
34	528.0
35	480.0
36	492.0
37	398.0
38	538.0
39	514.0
40	502.0
41	554.0
42	572.0
43	582.0
44	614.0
45	520.0
46	544.0
47	620.0
48	554.0
49	556.0
50	470.0
51	522.0
52	516.0
53	584.0
54	588.0
55	630.0
56	576.0
57	684.0
58	548.0
59	600.0
60	564.0
61	606.0
62	492.0
63	536.0
64	634.0
65	470.0
66	544.0
67	632.0
68	394.0
69	638.0
70	536.0
71	494.0
72	542.0
73	526.0
74	630.0
75	570.0
76	530.0
77	568.0
78	552.0
79	502.0
80	636.0
81	594.0
82	580.0
83	576.0
84	570.0
85	468.0
86	562.0
87	636.0
88	456.0
89	580.0
90	572.0
91	494.0
92	650.0
93	608.0
94	508.0
95	614.0
96	542.0
97	560.0
98	418.0
99	574.0
100	454.0
101	568.0
102	524.0
103	536.0
104	584.0
105	504.0
106	520.0
107	620.0
108	562.0
109	594.0
110	504.0
111	620.0
112	626.0
113	490.0
114	578.0
115	636.0
116	598.0
117	586.0
118	430.0
119	542.0
120	562.0
121	394.0
122	520.0
123	612.0
124	634.0
125	492.0
126	624.0
127	538.0
128	594.0
129	526.0
130	458.0
131	652.0
132	544.0
133	484.0
134	582.0
135	644.0
136	672.0
137	638.0
138	558.0
139	554.0
140	604.0
141	522.0
142	522.0
143	642.0
144	650.0
145	572.0
146	544.0
147	558.0
148	636.0
149	512.0
150	560.0
151	632.0
152	608.0
153	654.0
154	504.0
155	638.0
156	614.0
157	424.0
158	488.0
159	572.0
160	700.0
161	558.0
162	616.0
163	516.0
164	536.0
165	700.0
166	540.0
167	406.0
168	496.0
169	574.0
170	616.0
171	470.0
172	448.0
173	592.0
174	694.0
175	552.0
176	420.0
177	636.0
178	532.0
179	594.0
180	490.0
181	500.0
182	524.0
183	540.0
184	536.0
185	512.0
186	518.0
187	646.0
188	588.0
189	616.0
190	590.0
191	586.0
192	566.0
193	568.0
194	542.0
195	528.0
196	674.0
197	630.0
198	462.0
199	504.0
200	490.0
201	518.0
202	538.0
203	526.0
204	562.0
205	426.0
206	530.0
207	556.0
208	508.0
209	582.0
210	510.0
211	552.0
212	598.0
213	528.0
214	458.0
215	510.0
216	542.0
217	508.0
218	634.0
219	608.0
220	342.0
221	568.0
222	584.0
223	554.0
224	582.0
225	516.0
226	498.0
227	490.0
228	566.0
229	580.0
230	582.0
231	614.0
232	590.0
233	538.0
234	582.0
235	598.0
236	492.0
237	598.0
238	574.0
239	492.0
240	530.0
241	476.0
242	708.0
243	636.0
244	472.0
245	488.0
246	526.0
247	598.0
248	516.0
249	566.0
250	534.0
251	578.0
252	470.0
253	628.0
254	604.0
255	542.0
256	552.0
257	558.0
258	550.0
259	546.0
260	468.0
261	484.0
262	502.0
263	446.0
264	594.0
265	642.0
266	674.0
267	594.0
268	534.0
269	444.0
270	618.0
271	658.0
272	654.0
273	600.0
274	566.0
275	576.0
276	600.0
277	628.0
278	520.0
279	594.0
280	514.0
281	560.0
282	460.0
283	502.0
284	544.0
285	556.0
286	556.0
287	574.0
288	610.0
289	520.0
290	482.0
291	564.0
292	512.0
293	564.0
294	546.0
295	544.0
296	638.0
297	628.0
298	704.0
299	530.0
300	650.0
301	494.0
302	718.0
303	594.0
304	552.0
305	446.0
306	542.0
307	596.0
308	492.0
309	518.0
310	452.0
311	440.0
312	530.0
313	560.0
314	472.0
315	546.0
316	534.0
317	590.0
318	634.0
319	582.0
320	402.0
321	630.0
322	510.0
323	430.0
324	656.0
325	544.0
326	604.0
327	544.0
328	562.0
329	604.0
330	502.0
331	626.0
332	536.0
333	542.0
334	504.0
335	556.0
336	490.0
337	618.0
338	552.0
339	606.0
340	530.0
341	598.0
342	558.0
343	554.0
344	520.0
345	596.0
346	550.0
347	522.0
348	568.0
349	654.0
350	590.0
351	636.0
352	478.0
353	550.0
354	568.0
355	540.0
356	448.0
357	514.0
358	628.0
359	564.0
360	550.0
361	648.0
362	546.0
363	520.0
364	546.0
365	530.0
366	620.0
367	586.0
368	576.0
369	640.0
370	570.0
371	618.0
372	450.0
373	582.0
374	500.0
375	548.0
376	616.0
377	552.0
378	712.0
379	556.0
380	516.0
381	570.0
382	582.0
383	414.0
384	486.0
385	446.0
386	424.0
387	584.0
388	694.0
389	654.0
390	634.0
391	628.0
392	566.0
393	584.0
394	574.0
395	468.0
396	508.0
397	518.0
398	622.0
399	504.0
400	536.0
401	476.0
402	596.0
403	576.0
404	522.0
405	536.0
406	592.0
407	604.0
408	578.0
409	658.0
410	518.0
411	580.0
412	470.0
413	440.0
414	618.0
415	504.0
416	668.0
417	536.0
418	574.0
419	578.0
420	586.0
421	542.0
422	644.0
423	622.0
424	540.0
425	630.0
426	530.0
427	512.0
428	566.0
429	474.0
430	576.0
431	576.0
432	482.0
433	460.0
434	482.0
435	606.0
436	526.0
437	486.0
438	580.0
439	478.0
440	592.0
441	518.0
442	472.0
443	594.0
444	524.0
445	618.0
446	526.0
447	530.0
448	726.0
449	542.0
450	614.0
451	554.0
452	564.0
453	520.0
454	514.0
455	510.0
456	546.0
457	564.0
458	606.0
459	566.0
460	572.0
461	564.0
462	608.0
463	532.0
464	616.0
465	548.0
466	518.0
467	588.0
468	514.0
469	628.0
470	516.0
471	582.0
472	680.0
473	596.0
474	532.0
475	644.0
476	516.0
477	484.0
478	572.0
479	484.0
480	576.0
481	572.0
482	454.0
483	638.0
484	588.0
485	500.0
486	592.0
487	702.0
488	634.0
489	534.0
490	634.0
491	678.0
492	512.0
493	594.0
494	660.0
495	532.0
496	500.0
497	572.0
498	592.0
499	506.0
500	610.0
501	544.0
502	558.0
503	490.0
504	516.0
505	486.0
506	450.0
507	574.0
508	554.0
509	416.0
510	688.0
511	506.0
512	650.0
513	564.0
514	420.0
515	554.0
516	494.0
517	602.0
518	628.0
519	514.0
520	538.0
521	562.0
522	610.0
523	560.0
524	630.0
525	686.0
526	618.0
527	530.0
528	542.0
529	604.0
530	604.0
531	462.0
532	584.0
533	508.0
534	506.0
535	610.0
536	588.0
537	598.0
538	538.0
539	620.0
540	594.0
541	648.0
542	512.0
543	568.0
544	488.0
545	652.0
546	546.0
547	580.0
548	618.0
549	590.0
550	562.0
551	526.0
552	518.0
553	538.0
554	488.0
555	666.0
556	436.0
557	532.0
558	582.0
559	654.0
560	620.0
561	600.0
562	574.0
563	504.0
564	636.0
565	624.0
566	556.0
567	510.0
568	626.0
569	554.0
570	494.0
571	474.0
572	534.0
573	510.0
574	524.0
575	482.0
576	452.0
577	528.0
578	532.0
579	600.0
580	548.0
581	572.0
582	410.0
583	466.0
584	592.0
585	564.0
586	634.0
587	604.0
588	502.0
589	538.0
590	590.0
591	606.0
592	568.0
593	590.0
594	502.0
595	612.0
596	468.0
597	496.0
598	596.0
599	610.0
600	590.0
601	566.0
602	474.0
603	586.0
604	574.0
605	454.0
606	582.0
607	596.0
608	564.0
609	768.0
610	566.0
611	488.0
612	554.0
613	472.0
614	606.0
615	560.0
616	678.0
617	514.0
618	542.0
619	614.0
620	550.0
621	602.0
622	434.0
623	522.0
624	478.0
625	578.0
626	456.0
627	492.0
628	674.0
629	558.0
630	622.0
631	468.0
632	572.0
633	600.0
634	600.0
635	516.0
636	572.0
637	452.0
638	600.0
639	474.0
640	528.0
641	608.0
642	588.0
643	458.0
644	626.0
645	526.0
646	690.0
647	508.0
648	428.0
649	570.0
650	602.0
651	466.0
652	640.0
653	644.0
654	638.0
655	578.0
656	496.0
657	594.0
658	556.0
659	450.0
660	706.0
661	540.0
662	434.0
663	504.0
664	576.0
665	628.0
666	640.0
667	496.0
668	594.0
669	610.0
670	604.0
671	604.0
672	602.0
673	564.0
674	502.0
675	512.0
676	452.0
677	560.0
678	614.0
679	548.0
680	682.0
681	480.0
682	534.0
683	612.0
684	488.0
685	576.0
686	662.0
687	594.0
688	546.0
689	638.0
690	554.0
691	518.0
692	548.0
693	566.0
694	562.0
695	532.0
696	572.0
697	580.0
698	592.0
699	526.0
700	526.0
701	544.0
702	516.0
703	602.0
704	540.0
705	484.0
706	446.0
707	532.0
708	512.0
709	590.0
710	528.0
711	616.0
712	534.0
713	550.0
714	576.0
715	530.0
716	512.0
717	544.0
718	562.0
719	488.0
720	704.0
721	428.0
722	544.0
723	556.0
724	566.0
725	636.0
726	624.0
727	554.0
728	548.0
729	570.0
730	516.0
731	520.0
732	606.0
733	650.0
734	454.0
735	534.0
736	620.0
737	564.0
738	520.0
739	614.0
740	668.0
741	540.0
742	644.0
743	550.0
744	638.0
745	540.0
746	448.0
747	632.0
748	504.0
749	624.0
750	552.0
751	642.0
752	518.0
753	672.0
754	516.0
755	472.0
756	666.0
757	542.0
758	512.0
759	576.0
760	470.0
761	640.0
762	524.0
763	620.0
764	624.0
765	504.0
766	562.0
767	576.0
768	580.0
769	516.0
770	556.0
771	564.0
772	602.0
773	548.0
774	570.0
775	484.0
776	554.0
777	482.0
778	656.0
779	632.0
780	488.0
781	548.0
782	606.0
783	488.0
784	540.0
785	568.0
786	622.0
787	446.0
788	474.0
789	618.0
790	584.0
791	438.0
792	492.0
793	670.0
794	574.0
795	554.0
796	386.0
797	506.0
798	586.0
799	606.0
800	494.0
801	486.0
802	680.0
803	468.0
804	540.0
805	526.0
806	576.0
807	584.0
808	510.0
809	568.0
810	638.0
811	418.0
812	626.0
813	604.0
814	590.0
815	562.0
816	590.0
817	618.0
818	462.0
819	624.0
820	616.0
821	590.0
822	556.0
823	496.0
824	498.0
825	618.0
826	512.0
827	602.0
828	556.0
829	566.0
830	498.0
831	572.0
832	646.0
833	536.0
834	540.0
835	518.0
836	544.0
837	652.0
838	448.0
839	588.0
840	514.0
841	576.0
842	552.0
843	512.0
844	654.0
845	584.0
846	638.0
847	556.0
848	570.0
849	504.0
850	650.0
851	572.0
852	598.0
853	564.0
854	618.0
855	520.0
856	534.0
857	622.0
858	604.0
859	496.0
860	686.0
861	546.0
862	556.0
863	642.0
864	618.0
865	522.0
866	564.0
867	488.0
868	626.0
869	604.0
870	482.0
871	598.0
872	508.0
873	554.0
874	594.0
875	612.0
876	490.0
877	530.0
878	726.0
879	532.0
880	586.0
881	534.0
882	576.0
883	554.0
884	510.0
885	452.0
886	552.0
887	574.0
888	598.0
889	668.0
890	636.0
891	638.0
892	570.0
893	618.0
894	556.0
895	562.0
896	498.0
897	522.0
898	582.0
899	576.0
900	580.0
901	520.0
902	544.0
903	664.0
904	536.0
905	568.0
906	568.0
907	654.0
908	610.0
909	614.0
910	414.0
911	364.0
912	396.0
913	620.0
914	574.0
915	532.0
916	492.0
917	498.0
918	568.0
919	606.0
920	550.0
921	506.0
922	556.0
923	514.0
924	530.0
925	548.0
926	542.0
927	576.0
928	498.0
929	452.0
930	512.0
931	508.0
932	598.0
933	596.0
934	590.0
935	544.0
936	612.0
937	584.0
938	594.0
939	450.0
940	474.0
941	548.0
942	504.0
943	546.0
944	636.0
945	550.0
946	494.0
947	606.0
948	556.0
949	572.0
950	500.0
951	508.0
952	558.0
953	496.0
954	626.0
955	534.0
956	628.0
957	512.0
958	456.0
959	592.0
960	632.0
961	530.0
962	604.0
963	536.0
964	474.0
965	540.0
966	532.0
967	486.0
968	554.0
969	494.0
970	572.0
971	458.0
972	622.0
973	518.0
974	550.0
975	552.0
976	574.0
977	508.0
978	574.0
979	594.0
980	544.0
981	512.0
982	604.0
983	548.0
984	534.0
985	548.0
986	670.0
987	490.0
988	602.0
989	546.0
990	554.0
991	490.0
992	602.0
993	522.0
994	572.0
995	620.0
996	478.0
997	456.0
998	550.0
999	606.0
1000	626.0
1001	448.0
1002	526.0
1003	620.0
1004	588.0
1005	450.0
1006	612.0
1007	532.0
1008	544.0
1009	630.0
1010	598.0
1011	492.0
1012	572.0
1013	576.0
1014	586.0
1015	472.0
1016	532.0
1017	608.0
1018	618.0
1019	606.0
1020	684.0
1021	522.0
1022	666.0
1023	616.0
1024	530.0
1025	600.0
1026	530.0
1027	520.0
1028	488.0
1029	430.0
1030	604.0
1031	642.0
1032	550.0
1033	508.0
1034	558.0
1035	592.0
1036	594.0
1037	660.0
1038	546.0
1039	474.0
1040	520.0
1041	540.0
1042	570.0
1043	504.0
1044	570.0
1045	588.0
1046	500.0
1047	492.0
1048	480.0
1049	506.0
1050	550.0
1051	704.0
1052	654.0
1053	598.0
1054	648.0
1055	642.0
1056	526.0
1057	544.0
1058	622.0
1059	544.0
1060	614.0
1061	442.0
1062	526.0
1063	544.0
1064	470.0
1065	526.0
1066	572.0
1067	524.0
1068	572.0
1069	642.0
1070	626.0
1071	526.0
1072	502.0
1073	500.0
1074	540.0
1075	464.0
1076	498.0
1077	514.0
1078	624.0
1079	484.0
1080	580.0
1081	566.0
1082	506.0
1083	496.0
1084	484.0
1085	516.0
1086	554.0
1087	566.0
1088	514.0
1089	470.0
1090	524.0
1091	722.0
1092	608.0
1093	482.0
1094	572.0
1095	560.0
1096	456.0
1097	496.0
1098	590.0
1099	626.0
1100	500.0
1101	524.0
1102	484.0
1103	580.0
1104	474.0
1105	574.0
1106	468.0
1107	518.0
1108	530.0
1109	404.0
1110	588.0
1111	536.0
1112	548.0
1113	564.0
1114	664.0
1115	608.0
1116	514.0
1117	500.0
1118	614.0
1119	522.0
1120	548.0
1121	608.0
1122	390.0
1123	472.0
1124	554.0
1125	594.0
1126	468.0
1127	626.0
1128	646.0
1129	484.0
1130	568.0
1131	472.0
1132	430.0
1133	554.0
1134	568.0
1135	648.0
1136	570.0
1137	512.0
1138	500.0
1139	556.0
1140	636.0
1141	474.0
1142	580.0
1143	512.0
1144	540.0
1145	612.0
1146	512.0
1147	564.0
1148	616.0
1149	460.0
1150	512.0
1151	524.0
1152	636.0
1153	482.0
1154	504.0
1155	546.0
1156	532.0
1157	608.0
1158	588.0
1159	718.0
1160	606.0
1161	580.0
1162	464.0
1163	554.0
1164	676.0
1165	568.0
1166	554.0
1167	538.0
1168	574.0
1169	422.0
1170	668.0
1171	550.0
1172	480.0
1173	600.0
1174	542.0
1175	616.0
1176	584.0
1177	540.0
1178	602.0
1179	538.0
1180	442.0
1181	614.0
1182	674.0
1183	534.0
1184	502.0
1185	516.0
1186	546.0
1187	616.0
1188	602.0
1189	564.0
1190	554.0
1191	452.0
1192	568.0
1193	636.0
1194	662.0
1195	526.0
1196	510.0
1197	656.0
1198	610.0
1199	522.0
1200	574.0
1201	534.0
1202	470.0
1203	620.0
1204	468.0
1205	572.0
1206	638.0
1207	570.0
1208	676.0
1209	624.0
1210	586.0
1211	604.0
1212	376.0
1213	562.0
1214	668.0
1215	482.0
1216	592.0
1217	602.0
1218	514.0
1219	666.0
1220	576.0
1221	492.0
1222	684.0
1223	570.0
1224	452.0
1225	570.0
1226	594.0
1227	638.0
1228	436.0
1229	472.0
1230	662.0
1231	646.0
1232	544.0
1233	528.0
1234	476.0
1235	572.0
1236	532.0
1237	580.0
1238	594.0
1239	586.0
1240	664.0
1241	462.0
1242	502.0
1243	506.0
1244	638.0
1245	512.0
1246	568.0
1247	632.0
1248	594.0
1249	622.0
1250	520.0
1251	494.0
1252	570.0
1253	498.0
1254	534.0
1255	502.0
1256	590.0
1257	538.0
1258	518.0
1259	636.0
1260	520.0
1261	530.0
1262	612.0
1263	532.0
1264	574.0
1265	560.0
1266	514.0
1267	612.0
1268	604.0
1269	576.0
1270	480.0
1271	566.0
1272	556.0
1273	572.0
1274	508.0
1275	560.0
1276	586.0
1277	614.0
1278	556.0
1279	638.0
1280	510.0
1281	550.0
1282	536.0
1283	706.0
1284	606.0
1285	654.0
1286	496.0
1287	610.0
1288	636.0
1289	576.0
1290	548.0
1291	724.0
1292	592.0
1293	682.0
1294	470.0
1295	530.0
1296	560.0
1297	584.0
1298	490.0
1299	538.0
1300	598.0
1301	578.0
1302	614.0
1303	458.0
1304	560.0
1305	498.0
1306	452.0
1307	468.0
1308	532.0
1309	474.0
1310	506.0
1311	536.0
1312	642.0
1313	574.0
1314	430.0
1315	614.0
1316	526.0
1317	692.0
1318	538.0
1319	668.0
1320	600.0
1321	536.0
1322	544.0
1323	576.0
1324	524.0
1325	502.0
1326	406.0
1327	442.0
1328	584.0
1329	670.0
1330	588.0
1331	590.0
1332	512.0
1333	490.0
1334	704.0
1335	596.0
1336	526.0
1337	482.0
1338	582.0
1339	630.0
1340	676.0
1341	454.0
1342	608.0
1343	530.0
1344	612.0
1345	514.0
1346	544.0
1347	552.0
1348	564.0
1349	606.0
1350	544.0
1351	624.0
1352	466.0
1353	588.0
1354	758.0
1355	602.0
1356	558.0
1357	678.0
1358	546.0
1359	522.0
1360	492.0
1361	538.0
1362	704.0
1363	614.0
1364	450.0
1365	646.0
1366	532.0
1367	632.0
1368	604.0
1369	440.0
1370	636.0
1371	582.0
1372	656.0
1373	656.0
1374	592.0
1375	586.0
1376	532.0
1377	460.0
1378	578.0
1379	620.0
1380	504.0
1381	562.0
1382	666.0
1383	598.0
1384	634.0
1385	632.0
1386	592.0
1387	488.0
1388	464.0
1389	418.0
1390	560.0
1391	636.0
1392	610.0
1393	580.0
1394	592.0
1395	532.0
1396	508.0
1397	366.0
1398	490.0
1399	646.0
1400	518.0
1401	634.0
1402	438.0
1403	618.0
1404	394.0
1405	498.0
1406	524.0
1407	666.0
1408	640.0
1409	420.0
1410	590.0
1411	614.0
1412	618.0
1413	508.0
1414	474.0
1415	648.0
1416	536.0
1417	640.0
1418	552.0
1419	606.0
1420	578.0
1421	638.0
1422	522.0
1423	594.0
1424	568.0
1425	498.0
1426	512.0
1427	552.0
1428	676.0
1429	480.0
1430	596.0
1431	650.0
1432	528.0
1433	514.0
1434	616.0
1435	520.0
1436	476.0
1437	490.0
1438	502.0
1439	464.0
1440	566.0
1441	524.0
1442	548.0
1443	596.0
1444	554.0
1445	458.0
1446	480.0
1447	618.0
1448	616.0
1449	492.0
1450	570.0
1451	506.0
1452	584.0
1453	550.0
1454	474.0
1455	652.0
1456	580.0
1457	556.0
1458	616.0
1459	560.0
1460	594.0
1461	704.0
1462	434.0
1463	476.0
1464	622.0
1465	530.0
1466	488.0
1467	588.0
1468	522.0
1469	580.0
1470	566.0
1471	494.0
1472	596.0
1473	542.0
1474	582.0
1475	670.0
1476	466.0
1477	624.0
1478	642.0
1479	590.0
1480	644.0
1481	588.0
1482	570.0
1483	570.0
1484	566.0
1485	606.0
1486	620.0
1487	608.0
1488	546.0
1489	526.0
1490	580.0
1491	636.0
1492	590.0
1493	614.0
1494	476.0
1495	564.0
1496	580.0
1497	294.0
1498	662.0
1499	584.0
1500	630.0
1501	550.0
1502	468.0
1503	488.0
1504	476.0
1505	490.0
1506	528.0
1507	632.0
1508	632.0
1509	596.0
1510	506.0
1511	526.0
1512	578.0
1513	610.0
1514	496.0
1515	584.0
1516	590.0
1517	506.0
1518	506.0
1519	606.0
1520	486.0
1521	492.0
1522	524.0
1523	598.0
1524	540.0
1525	558.0
1526	560.0
1527	616.0
1528	526.0
1529	506.0
1530	594.0
1531	596.0
1532	494.0
1533	590.0
1534	444.0
1535	552.0
1536	574.0
1537	642.0
1538	470.0
1539	496.0
1540	560.0
1541	646.0
1542	656.0
1543	548.0
1544	642.0
1545	640.0
1546	520.0
1547	498.0
1548	604.0
1549	626.0
1550	536.0
1551	710.0
1552	500.0
1553	450.0
1554	680.0
1555	546.0
1556	548.0
1557	496.0
1558	600.0
1559	518.0
1560	564.0
1561	556.0
1562	478.0
1563	524.0
1564	482.0
1565	514.0
1566	542.0
1567	572.0
1568	502.0
1569	566.0
1570	644.0
1571	620.0
1572	502.0
1573	662.0
1574	520.0
1575	502.0
1576	386.0
1577	556.0
1578	478.0
1579	556.0
1580	584.0
1581	524.0
1582	558.0
1583	576.0
1584	626.0
1585	426.0
1586	576.0
1587	636.0
1588	512.0
1589	620.0
1590	558.0
1591	624.0
1592	492.0
1593	632.0
1594	550.0
1595	634.0
1596	500.0
1597	482.0
1598	618.0
1599	454.0
1600	660.0
1601	548.0
1602	536.0
1603	638.0
1604	368.0
1605	594.0
1606	578.0
1607	574.0
1608	560.0
1609	654.0
1610	638.0
1611	374.0
1612	646.0
1613	604.0
1614	544.0
1615	542.0
1616	656.0
1617	568.0
1618	466.0
1619	562.0
1620	566.0
1621	600.0
1622	584.0
1623	586.0
1624	566.0
1625	522.0
1626	516.0
1627	614.0
1628	618.0
1629	586.0
1630	408.0
1631	516.0
1632	496.0
1633	510.0
1634	342.0
1635	560.0
1636	560.0
1637	582.0
1638	570.0
1639	662.0
1640	598.0
1641	546.0
1642	576.0
1643	664.0
1644	652.0
1645	644.0
1646	542.0
1647	572.0
1648	444.0
1649	624.0
1650	588.0
1651	510.0
1652	546.0
1653	554.0
1654	600.0
1655	516.0
1656	530.0
1657	626.0
1658	534.0
1659	624.0
1660	472.0
1661	586.0
1662	502.0
1663	614.0
1664	486.0
1665	566.0
1666	634.0
1667	634.0
1668	518.0
1669	532.0
1670	602.0
1671	544.0
1672	394.0
1673	500.0
1674	660.0
1675	388.0
1676	624.0
1677	556.0
1678	480.0
1679	516.0
1680	470.0
1681	596.0
1682	406.0
1683	570.0
1684	678.0
1685	636.0
1686	430.0
1687	530.0
1688	654.0
1689	602.0
1690	640.0
1691	574.0
1692	564.0
1693	696.0
1694	500.0
1695	578.0
1696	488.0
1697	542.0
1698	586.0
1699	614.0
1700	540.0
1701	628.0
1702	472.0
1703	562.0
1704	570.0
1705	640.0
1706	646.0
1707	476.0
1708	604.0
1709	562.0
1710	638.0
1711	592.0
1712	558.0
1713	492.0
1714	594.0
1715	564.0
1716	650.0
1717	488.0
1718	630.0
1719	598.0
1720	518.0
1721	640.0
1722	610.0
1723	592.0
1724	514.0
1725	518.0
1726	492.0
1727	602.0
1728	614.0
1729	578.0
1730	600.0
1731	576.0
1732	600.0
1733	504.0
1734	460.0
1735	634.0
1736	500.0
1737	502.0
1738	566.0
1739	606.0
1740	504.0
1741	540.0
1742	568.0
1743	560.0
1744	592.0
1745	616.0
1746	538.0
1747	610.0
1748	562.0
1749	618.0
1750	620.0
1751	464.0
1752	546.0
1753	642.0
1754	510.0
1755	514.0
1756	644.0
1757	606.0
1758	556.0
1759	548.0
1760	622.0
1761	558.0
1762	396.0
1763	520.0
1764	618.0
1765	554.0
1766	558.0
1767	484.0
1768	556.0
1769	598.0
1770	596.0
1771	542.0
1772	564.0
1773	644.0
1774	626.0
1775	718.0
1776	678.0
1777	640.0
1778	604.0
1779	534.0
1780	686.0
1781	576.0
1782	622.0
1783	580.0
1784	592.0
1785	512.0
1786	556.0
1787	600.0
1788	664.0
1789	660.0
1790	522.0
1791	630.0
1792	630.0
1793	552.0
1794	540.0
1795	586.0
1796	402.0
1797	506.0
1798	588.0
1799	440.0
1800	562.0
1801	574.0
1802	574.0
1803	514.0
1804	630.0
1805	416.0
1806	540.0
1807	492.0
1808	504.0
1809	654.0
1810	426.0
1811	642.0
1812	598.0
1813	548.0
1814	546.0
1815	596.0
1816	536.0
1817	566.0
1818	592.0
1819	408.0
1820	520.0
1821	634.0
1822	432.0
1823	632.0
1824	550.0
1825	470.0
1826	504.0
1827	524.0
1828	546.0
1829	662.0
1830	594.0
1831	704.0
1832	610.0
1833	550.0
1834	510.0
1835	552.0
1836	558.0
1837	548.0
1838	530.0
1839	616.0
1840	582.0
1841	618.0
1842	486.0
1843	642.0
1844	612.0
1845	564.0
1846	626.0
1847	620.0
1848	604.0
1849	520.0
1850	640.0
1851	598.0
1852	580.0
1853	562.0
1854	518.0
1855	538.0
1856	506.0
1857	652.0
1858	548.0
1859	530.0
1860	416.0
1861	652.0
1862	678.0
1863	634.0
1864	578.0
1865	522.0
1866	678.0
1867	426.0
1868	646.0
1869	572.0
1870	538.0
1871	596.0
1872	584.0
1873	598.0
1874	440.0
1875	644.0
1876	594.0
1877	498.0
1878	562.0
1879	580.0
1880	572.0
1881	486.0
1882	574.0
1883	520.0
1884	614.0
1885	600.0
1886	626.0
1887	572.0
1888	552.0
1889	538.0
1890	626.0
1891	552.0
1892	536.0
1893	546.0
1894	602.0
1895	574.0
1896	634.0
1897	588.0
1898	646.0
1899	620.0
1900	562.0
1901	490.0
1902	580.0
1903	596.0
1904	604.0
1905	474.0
1906	486.0
1907	494.0
1908	672.0
1909	598.0
1910	426.0
1911	566.0
1912	544.0
1913	576.0
1914	434.0
1915	584.0
1916	570.0
1917	612.0
1918	668.0
1919	656.0
1920	564.0
1921	468.0
1922	564.0
1923	644.0
1924	594.0
1925	640.0
1926	496.0
1927	488.0
1928	690.0
1929	486.0
1930	622.0
1931	436.0
1932	506.0
1933	590.0
1934	596.0
1935	460.0
1936	606.0
1937	512.0
1938	594.0
1939	568.0
1940	638.0
1941	560.0
1942	678.0
1943	548.0
1944	548.0
1945	638.0
1946	708.0
1947	604.0
1948	482.0
1949	578.0
1950	570.0
1951	558.0
1952	630.0
1953	498.0
1954	472.0
1955	556.0
1956	568.0
1957	484.0
1958	626.0
1959	700.0
1960	584.0
1961	540.0
1962	534.0
1963	670.0
1964	566.0
1965	550.0
1966	594.0
1967	580.0
1968	588.0
1969	614.0
1970	644.0
1971	528.0
1972	532.0
1973	688.0
1974	532.0
1975	522.0
1976	562.0
1977	482.0
1978	572.0
1979	514.0
1980	706.0
1981	608.0
1982	542.0
1983	478.0
1984	612.0
1985	498.0
1986	564.0
1987	560.0
1988	464.0
1989	634.0
1990	544.0
1991	516.0
1992	568.0
1993	550.0
1994	654.0
1995	590.0
1996	648.0
1997	646.0
1998	648.0
1999	538.0
2000	640.0
2001	486.0
2002	620.0
2003	514.0
2004	550.0
2005	708.0
2006	646.0
2007	540.0
2008	644.0
2009	500.0
2010	502.0
2011	574.0
2012	708.0
2013	436.0
2014	560.0
2015	592.0
2016	538.0
2017	562.0
2018	658.0
2019	502.0
2020	556.0
2021	606.0
2022	554.0
2023	554.0
2024	636.0
2025	488.0
2026	634.0
2027	572.0
2028	592.0
2029	704.0
2030	638.0
2031	570.0
2032	634.0
2033	482.0
2034	558.0
2035	572.0
2036	562.0
2037	686.0
2038	382.0
2039	660.0
2040	630.0
2041	590.0
2042	510.0
2043	558.0
2044	572.0
2045	558.0
2046	496.0
2047	464.0
2048	660.0
2049	488.0
2050	588.0
2051	612.0
2052	560.0
2053	490.0
2054	550.0
2055	510.0
2056	522.0
2057	566.0
2058	550.0
2059	590.0
2060	520.0
2061	430.0
2062	454.0
2063	702.0
2064	644.0
2065	646.0
2066	634.0
2067	354.0
2068	496.0
2069	614.0
2070	564.0
2071	450.0
2072	622.0
2073	494.0
2074	724.0
2075	584.0
2076	612.0
2077	630.0
2078	592.0
2079	496.0
2080	632.0
2081	650.0
2082	658.0
2083	506.0
2084	568.0
2085	640.0
2086	566.0
2087	626.0
2088	614.0
2089	394.0
2090	592.0
2091	460.0
2092	632.0
2093	580.0
2094	568.0
2095	648.0
2096	494.0
2097	664.0
2098	558.0
2099	614.0
2100	514.0
2101	630.0
2102	536.0
2103	536.0
2104	592.0
2105	536.0
2106	636.0
2107	536.0
2108	564.0
2109	566.0
2110	532.0
2111	616.0
2112	484.0
2113	524.0
2114	556.0
2115	644.0
2116	546.0
2117	600.0
2118	528.0
2119	556.0
2120	558.0
2121	548.0
2122	592.0
2123	616.0
2124	480.0
2125	578.0
2126	622.0
2127	698.0
2128	562.0
2129	532.0
2130	612.0
2131	538.0
2132	572.0
2133	582.0
2134	600.0
2135	518.0
2136	570.0
2137	646.0
2138	608.0
2139	590.0
2140	638.0
2141	666.0
2142	620.0
2143	574.0
2144	604.0
2145	628.0
2146	672.0
2147	658.0
2148	534.0
2149	522.0
2150	610.0
2151	540.0
2152	642.0
2153	622.0
2154	466.0
2155	732.0
2156	550.0
2157	534.0
2158	546.0
2159	532.0
2160	564.0
2161	590.0
2162	540.0
2163	548.0
2164	754.0
2165	522.0
2166	580.0
2167	650.0
2168	602.0
2169	652.0
2170	624.0
2171	492.0
2172	526.0
2173	648.0
2174	594.0
2175	552.0
2176	506.0
2177	584.0
2178	554.0
2179	670.0
2180	652.0
2181	496.0
2182	608.0
2183	670.0
2184	644.0
2185	672.0
2186	632.0
2187	650.0
2188	622.0
2189	502.0
2190	604.0
2191	472.0
2192	492.0
2193	610.0
2194	516.0
2195	522.0
2196	464.0
2197	548.0
2198	552.0
2199	528.0
2200	544.0
2201	554.0
2202	596.0
2203	514.0
2204	528.0
2205	618.0
2206	464.0
2207	558.0
2208	512.0
2209	620.0
2210	548.0
2211	566.0
2212	564.0
2213	558.0
2214	526.0
2215	640.0
2216	578.0
2217	642.0
2218	722.0
2219	570.0
2220	564.0
2221	630.0
2222	546.0
2223	466.0
2224	504.0
2225	500.0
2226	634.0
2227	548.0
2228	632.0
2229	520.0
2230	570.0
2231	614.0
2232	566.0
2233	652.0
2234	610.0
2235	574.0
2236	512.0
2237	512.0
2238	608.0
2239	700.0
2240	610.0
2241	624.0
2242	538.0
2243	530.0
2244	624.0
2245	552.0
2246	514.0
2247	590.0
2248	580.0
2249	556.0
2250	520.0
2251	550.0
2252	706.0
2253	590.0
2254	628.0
2255	388.0
2256	478.0
2257	640.0
2258	600.0
2259	568.0
2260	620.0
2261	632.0
2262	578.0
2263	536.0
2264	514.0
2265	514.0
2266	616.0
2267	646.0
2268	638.0
2269	626.0
2270	532.0
2271	608.0
2272	592.0
2273	548.0
2274	512.0
2275	676.0
2276	674.0
2277	494.0
2278	608.0
2279	504.0
2280	552.0
2281	504.0
2282	690.0
2283	606.0
2284	646.0
2285	630.0
2286	526.0
2287	578.0
2288	648.0
2289	606.0
2290	568.0
2291	670.0
2292	550.0
2293	672.0
2294	498.0
2295	664.0
2296	584.0
2297	698.0
2298	566.0
2299	432.0
2300	660.0
2301	620.0
2302	672.0
2303	568.0
2304	638.0
2305	522.0
2306	552.0
2307	534.0
2308	588.0
2309	656.0
2310	554.0
2311	640.0
2312	574.0
2313	588.0
2314	588.0
2315	518.0
2316	530.0
2317	566.0
2318	654.0
2319	488.0
2320	498.0
2321	546.0
2322	546.0
2323	588.0
2324	470.0
2325	608.0
2326	600.0
2327	554.0
2328	536.0
2329	566.0
2330	454.0
2331	628.0
2332	568.0
2333	590.0
2334	498.0
2335	730.0
2336	628.0
2337	658.0
2338	578.0
2339	564.0
2340	562.0
2341	550.0
2342	620.0
2343	576.0
2344	516.0
2345	452.0
2346	458.0
2347	574.0
2348	550.0
2349	540.0
2350	582.0
2351	626.0
2352	596.0
2353	550.0
2354	566.0
2355	722.0
2356	644.0
2357	560.0
2358	652.0
2359	628.0
2360	528.0
2361	602.0
2362	592.0
2363	528.0
2364	710.0
2365	692.0
2366	536.0
2367	584.0
2368	584.0
2369	472.0
2370	588.0
2371	476.0
2372	536.0
2373	514.0
2374	508.0
2375	684.0
2376	668.0
2377	664.0
2378	706.0
2379	594.0
2380	598.0
2381	562.0
2382	602.0
2383	666.0
2384	618.0
2385	604.0
2386	542.0
2387	570.0
2388	610.0
2389	616.0
2390	588.0
2391	544.0
2392	608.0
2393	612.0
2394	732.0
2395	546.0
2396	504.0
2397	548.0
2398	612.0
2399	546.0
2400	612.0
2401	596.0
2402	612.0
2403	498.0
2404	500.0
2405	566.0
2406	652.0
2407	562.0
2408	546.0
2409	512.0
2410	598.0
2411	514.0
2412	556.0
2413	686.0
2414	716.0
2415	600.0
2416	692.0
2417	658.0
2418	590.0
2419	562.0
2420	638.0
2421	584.0
2422	594.0
2423	618.0
2424	680.0
2425	560.0
2426	528.0
2427	582.0
2428	588.0
2429	600.0
2430	620.0
2431	582.0
2432	550.0
2433	642.0
2434	614.0
2435	564.0
2436	524.0
2437	610.0
2438	652.0
2439	588.0
2440	718.0
2441	550.0
2442	694.0
2443	582.0
2444	602.0
2445	558.0
2446	566.0
2447	542.0
2448	632.0
2449	624.0
2450	594.0
2451	614.0
2452	658.0
2453	580.0
2454	620.0
2455	584.0
2456	474.0
2457	580.0
2458	592.0
2459	644.0
2460	614.0
2461	542.0
2462	614.0
2463	614.0
2464	672.0
2465	714.0
2466	638.0
2467	532.0
2468	604.0
2469	462.0
2470	708.0
2471	588.0
2472	666.0
2473	646.0
2474	694.0
2475	590.0
2476	620.0
2477	590.0
2478	628.0
2479	578.0
2480	610.0
2481	594.0
2482	734.0
2483	644.0
2484	506.0
2485	760.0
2486	582.0
2487	700.0
2488	640.0
2489	518.0
2490	648.0
2491	570.0
2492	650.0
2493	576.0
2494	632.0
2495	666.0
2496	614.0
2497	582.0
2498	642.0
2499	648.0
2500	612.0
2501	678.0
2502	650.0
2503	524.0
2504	632.0
2505	592.0
2506	708.0
2507	622.0
2508	598.0
2509	674.0
2510	624.0
2511	580.0
2512	652.0
2513	708.0
2514	514.0
2515	690.0
2516	560.0
2517	784.0
2518	568.0
2519	484.0
2520	592.0
2521	690.0
2522	632.0
2523	684.0
2524	622.0
2525	634.0
2526	664.0
2527	612.0
2528	632.0
2529	534.0
2530	668.0
2531	598.0
2532	676.0
2533	708.0
2534	578.0
2535	712.0
2536	526.0
2537	718.0
2538	542.0
2539	672.0
2540	636.0
2541	650.0
2542	600.0
2543	582.0
2544	564.0
2545	612.0
2546	542.0
2547	544.0
2548	610.0
2549	596.0
2550	706.0
2551	590.0
2552	506.0
2553	600.0
2554	638.0
2555	530.0
2556	458.0
2557	530.0
2558	506.0
2559	700.0
2560	654.0
2561	628.0
2562	654.0
2563	540.0
2564	562.0
2565	500.0
2566	658.0
2567	592.0
2568	664.0
2569	632.0
2570	686.0
2571	668.0
2572	608.0
2573	528.0
2574	590.0
2575	464.0
2576	596.0
2577	596.0
2578	720.0
2579	646.0
2580	610.0
2581	622.0
2582	686.0
2583	578.0
2584	588.0
2585	670.0
2586	674.0
2587	614.0
2588	522.0
2589	626.0
2590	514.0
2591	658.0
2592	632.0
2593	670.0
2594	618.0
2595	674.0
2596	610.0
2597	650.0
2598	682.0
2599	430.0
2600	758.0
2601	474.0
2602	678.0
2603	638.0
2604	668.0
2605	812.0
2606	558.0
2607	670.0
2608	606.0
2609	616.0
2610	748.0
2611	628.0
2612	732.0
2613	636.0
2614	678.0
2615	706.0
2616	500.0
2617	560.0
2618	570.0
2619	656.0
2620	612.0
2621	586.0
2622	582.0
2623	484.0
2624	608.0
2625	694.0
2626	636.0
2627	708.0
2628	608.0
2629	578.0
2630	558.0
2631	636.0
2632	710.0
2633	552.0
2634	596.0
2635	658.0
2636	716.0
2637	692.0
2638	532.0
2639	624.0
2640	704.0
2641	658.0
2642	544.0
2643	608.0
2644	658.0
2645	752.0
2646	550.0
2647	594.0
2648	588.0
2649	614.0
2650	632.0
2651	708.0
2652	676.0
2653	592.0
2654	592.0
2655	622.0
2656	564.0
2657	616.0
2658	610.0
2659	582.0
2660	620.0
2661	618.0
2662	712.0
2663	612.0
2664	624.0
2665	622.0
2666	554.0
2667	514.0
2668	630.0
2669	650.0
2670	702.0
2671	774.0
2672	700.0
2673	570.0
2674	498.0
2675	676.0
2676	692.0
2677	570.0
2678	614.0
2679	662.0
2680	562.0
2681	494.0
2682	600.0
2683	676.0
2684	658.0
2685	652.0
2686	502.0
2687	640.0
2688	706.0
2689	648.0
2690	666.0
2691	576.0
2692	708.0
2693	700.0
2694	618.0
2695	594.0
2696	598.0
2697	656.0
2698	596.0
2699	624.0
2700	682.0
2701	670.0
2702	610.0
2703	686.0
2704	544.0
2705	636.0
2706	532.0
2707	608.0
2708	752.0
2709	628.0
2710	548.0
2711	496.0
2712	752.0
2713	1308.0
2714	1818.0
2715	1912.0
2716	2226.0
2717	1928.0
2718	1728.0
2719	1380.0
2720	942.0
2721	654.0
2722	768.0
2723	658.0
2724	680.0
2725	722.0
2726	634.0
2727	690.0
2728	564.0
2729	630.0
2730	726.0
2731	578.0
2732	790.0
2733	700.0
2734	626.0
2735	584.0
2736	694.0
2737	572.0
2738	688.0
2739	634.0
2740	610.0
2741	786.0
2742	628.0
2743	668.0
2744	628.0
2745	568.0
2746	740.0
2747	666.0
