0	1146.0
1	1178.0
2	1360.0
3	1232.0
4	1032.0
5	1210.0
6	1288.0
7	1204.0
8	1092.0
9	1298.0
10	1156.0
11	1156.0
12	1364.0
13	1490.0
14	1212.0
15	1200.0
16	1368.0
17	1324.0
18	1238.0
19	1528.0
20	1504.0
21	1496.0
22	1280.0
23	1172.0
24	1336.0
25	1320.0
26	1280.0
27	1308.0
28	1536.0
29	1246.0
30	1436.0
31	1392.0
32	1468.0
33	1216.0
34	1362.0
35	1464.0
36	1262.0
37	1252.0
38	1416.0
39	1252.0
40	1398.0
41	1358.0
42	1192.0
43	1422.0
44	1468.0
45	1194.0
46	1390.0
47	1298.0
48	1112.0
49	1296.0
50	1544.0
51	1452.0
52	1370.0
53	1044.0
54	1164.0
55	1300.0
56	1364.0
57	1172.0
58	1560.0
59	1228.0
60	1674.0
61	1392.0
62	1238.0
63	1344.0
64	1320.0
65	1400.0
66	1304.0
67	1386.0
68	1502.0
69	1446.0
70	1282.0
71	1176.0
72	1060.0
73	1376.0
74	1336.0
75	1526.0
76	1384.0
77	1480.0
78	1192.0
79	1274.0
80	1304.0
81	1296.0
82	1140.0
83	1252.0
84	1350.0
85	1256.0
86	1498.0
87	1288.0
88	1468.0
89	1492.0
90	1176.0
91	1168.0
92	1272.0
93	1298.0
94	1148.0
95	1434.0
96	1300.0
97	1304.0
98	1124.0
99	1124.0
100	1196.0
101	1292.0
102	1372.0
103	1224.0
104	1236.0
105	1490.0
106	1302.0
107	1328.0
108	1330.0
109	1288.0
110	1128.0
111	980.0
112	944.0
113	1212.0
114	1056.0
115	1170.0
116	1038.0
117	1050.0
118	1160.0
119	1482.0
120	1252.0
121	1294.0
122	1084.0
123	1456.0
124	1262.0
125	1324.0
126	1522.0
127	1452.0
128	1312.0
129	1360.0
130	1400.0
131	1322.0
132	1420.0
133	1276.0
134	1432.0
135	1258.0
136	1208.0
137	1462.0
138	1292.0
139	1526.0
140	1216.0
141	1484.0
142	1288.0
143	1206.0
144	1328.0
145	1212.0
146	1340.0
147	1338.0
148	1472.0
149	1404.0
150	1322.0
151	1324.0
152	1474.0
153	1314.0
154	1108.0
155	1296.0
156	1382.0
157	1264.0
158	1336.0
159	1472.0
160	1372.0
161	1414.0
162	1268.0
163	1542.0
164	1356.0
165	1456.0
166	1242.0
167	1322.0
168	1340.0
169	1464.0
170	1350.0
171	1684.0
172	1496.0
173	1484.0
174	1376.0
175	1400.0
176	1320.0
177	1296.0
178	1238.0
179	1290.0
180	1472.0
181	1302.0
182	1244.0
183	1366.0
184	1228.0
185	1608.0
186	1548.0
187	1122.0
188	1038.0
189	1146.0
190	1288.0
191	1114.0
192	1304.0
193	1254.0
194	1164.0
195	1146.0
196	1228.0
197	1424.0
198	1414.0
199	1268.0
200	1556.0
201	1186.0
202	1078.0
203	1302.0
204	1354.0
205	1388.0
206	1192.0
207	1180.0
208	1344.0
209	1504.0
210	1230.0
211	1224.0
212	1250.0
213	1294.0
214	1304.0
215	1412.0
216	1266.0
217	1344.0
218	1440.0
219	1344.0
220	1396.0
221	1204.0
222	1248.0
223	1240.0
224	1248.0
225	1324.0
226	1224.0
227	1324.0
228	1284.0
229	1056.0
230	1312.0
231	1460.0
232	1108.0
233	1160.0
234	1446.0
235	1436.0
236	1264.0
237	1218.0
238	1520.0
239	1424.0
240	1300.0
241	1286.0
242	1288.0
243	1330.0
244	1368.0
245	1532.0
246	944.0
247	1096.0
248	1020.0
249	1308.0
250	1152.0
251	1194.0
252	1156.0
253	1396.0
254	1100.0
255	1224.0
256	1216.0
257	948.0
258	1468.0
259	1378.0
260	1158.0
261	1516.0
262	1416.0
263	1184.0
264	1220.0
265	1378.0
266	1672.0
267	1272.0
268	1268.0
269	1304.0
270	1304.0
271	1244.0
272	1268.0
273	1198.0
274	964.0
275	1266.0
276	1168.0
277	1224.0
278	1244.0
279	1296.0
280	1264.0
281	1348.0
282	1280.0
283	1286.0
284	1378.0
285	1144.0
286	1348.0
287	1556.0
288	1372.0
289	1488.0
290	1336.0
291	1460.0
292	1342.0
293	1354.0
294	1322.0
295	1364.0
296	1344.0
297	1370.0
298	1156.0
299	1356.0
300	1376.0
301	1568.0
302	1332.0
303	1196.0
304	1212.0
305	1252.0
306	1210.0
307	1366.0
308	1228.0
309	1612.0
310	1320.0
311	1254.0
312	1368.0
313	1180.0
314	1272.0
315	1164.0
316	1272.0
317	1222.0
318	1242.0
319	1234.0
320	1188.0
321	1184.0
322	1280.0
323	1264.0
324	1424.0
325	1294.0
326	1342.0
327	1392.0
328	1476.0
329	1196.0
330	1268.0
331	1226.0
332	1180.0
333	1288.0
334	1224.0
335	1254.0
336	1188.0
337	1140.0
338	1540.0
339	1280.0
340	1202.0
341	1186.0
342	1224.0
343	1164.0
344	1534.0
345	1240.0
346	1424.0
347	1264.0
348	1416.0
349	1284.0
350	1482.0
351	1384.0
352	1404.0
353	1352.0
354	1252.0
355	1198.0
356	1334.0
357	1372.0
358	1268.0
359	1316.0
360	1192.0
361	1350.0
362	1376.0
363	1474.0
364	1452.0
365	1510.0
366	1180.0
367	1398.0
368	1380.0
369	1110.0
370	1328.0
371	1468.0
372	1278.0
373	1324.0
374	1332.0
375	1136.0
376	1240.0
377	1108.0
378	1140.0
379	1244.0
380	1318.0
381	1224.0
382	1252.0
383	1368.0
384	1428.0
385	1408.0
386	1172.0
387	1372.0
388	1316.0
389	1142.0
390	1224.0
391	1312.0
392	1216.0
393	1052.0
394	1244.0
395	1140.0
396	1260.0
397	1304.0
398	1310.0
399	1290.0
400	1308.0
401	1140.0
402	1262.0
403	1276.0
404	1506.0
405	1312.0
406	1100.0
407	1216.0
408	1228.0
409	1392.0
410	1088.0
411	1380.0
412	1420.0
413	1560.0
414	1318.0
415	1272.0
416	1318.0
417	1320.0
418	1272.0
419	1152.0
420	1286.0
421	1244.0
422	1452.0
423	1370.0
424	1152.0
425	1336.0
426	980.0
427	1328.0
428	1248.0
429	1222.0
430	1224.0
431	1272.0
432	1188.0
433	1300.0
434	1280.0
435	1416.0
436	1440.0
437	1260.0
438	1252.0
439	1398.0
440	1262.0
441	1356.0
442	1280.0
443	1384.0
444	1244.0
445	1124.0
446	1360.0
447	1218.0
448	1296.0
449	1188.0
450	1196.0
451	1156.0
452	1150.0
453	1040.0
454	1134.0
455	1016.0
456	1176.0
457	1184.0
458	1048.0
459	1172.0
460	1266.0
461	1202.0
462	1152.0
463	1348.0
464	1184.0
465	1172.0
466	1340.0
467	1412.0
468	1482.0
469	1334.0
470	1080.0
471	1424.0
472	1176.0
473	1240.0
474	1216.0
475	1272.0
476	1160.0
477	1202.0
478	976.0
479	1100.0
480	976.0
481	1124.0
482	1080.0
483	1232.0
484	1212.0
485	1434.0
486	962.0
487	960.0
488	1064.0
489	1216.0
490	1198.0
491	1194.0
492	1180.0
493	1178.0
494	1262.0
495	1252.0
496	1312.0
497	1372.0
498	1244.0
499	1358.0
500	1170.0
501	1292.0
502	1220.0
503	1332.0
504	1328.0
505	1054.0
506	1196.0
507	1328.0
508	1312.0
509	1210.0
510	1208.0
511	1246.0
512	1430.0
513	1320.0
514	1378.0
515	1260.0
516	1360.0
517	1288.0
518	1160.0
519	1300.0
520	1196.0
521	1084.0
522	1270.0
523	1376.0
524	1338.0
525	1368.0
526	1196.0
527	1212.0
528	1252.0
529	1324.0
530	1552.0
531	1420.0
532	1250.0
533	1224.0
534	1392.0
535	1302.0
536	1240.0
537	1488.0
538	1344.0
539	1358.0
540	1244.0
541	1372.0
542	1212.0
543	1246.0
544	1484.0
545	1126.0
546	1232.0
547	1348.0
548	1394.0
549	1328.0
550	1360.0
551	1140.0
552	1276.0
553	1080.0
554	1254.0
555	1200.0
556	1236.0
557	1384.0
558	1360.0
559	1382.0
560	1156.0
561	1178.0
562	1188.0
563	1226.0
564	1318.0
565	1488.0
566	1246.0
567	1524.0
568	1348.0
569	1220.0
570	1348.0
571	1224.0
572	1244.0
573	1284.0
574	1288.0
575	1280.0
576	1336.0
577	1304.0
578	1460.0
579	1236.0
580	1252.0
581	1444.0
582	1316.0
583	1186.0
584	1340.0
585	1208.0
586	1036.0
587	980.0
588	1388.0
589	1184.0
590	1356.0
591	1430.0
592	1362.0
593	1140.0
594	1228.0
595	1204.0
596	972.0
597	1388.0
598	1168.0
599	1078.0
600	1072.0
601	838.0
602	916.0
603	1060.0
604	860.0
605	864.0
606	872.0
607	1008.0
608	1204.0
609	1296.0
610	1108.0
611	1208.0
612	1226.0
613	1368.0
614	1154.0
615	1360.0
616	1244.0
617	1368.0
618	1416.0
619	1264.0
620	1180.0
621	1206.0
622	1376.0
623	1228.0
624	1440.0
625	1344.0
626	1122.0
627	1276.0
628	1348.0
629	1300.0
630	1230.0
631	1092.0
632	1308.0
633	1284.0
634	1380.0
635	1372.0
636	1484.0
637	1334.0
638	1136.0
639	1100.0
640	1112.0
641	1040.0
642	1320.0
643	1480.0
644	1584.0
645	1428.0
646	1228.0
647	1580.0
648	1396.0
649	1404.0
650	1388.0
651	1230.0
652	1372.0
653	1424.0
654	1188.0
655	1380.0
656	1376.0
657	1264.0
658	1064.0
659	1242.0
660	1236.0
661	1024.0
662	1600.0
663	1408.0
664	1152.0
665	1184.0
666	1284.0
667	1322.0
668	1304.0
669	1244.0
670	1144.0
671	1338.0
672	1380.0
673	1304.0
674	1156.0
675	1246.0
676	1140.0
677	1164.0
678	1420.0
679	1278.0
680	1300.0
681	1228.0
682	1404.0
683	1420.0
684	1468.0
685	1488.0
686	1338.0
687	1194.0
688	1284.0
689	1448.0
690	1336.0
691	1276.0
692	1262.0
693	1280.0
694	1324.0
695	1332.0
696	1256.0
697	1334.0
698	1516.0
699	1198.0
700	1144.0
701	1258.0
702	1196.0
703	894.0
704	980.0
705	930.0
706	1006.0
707	1096.0
708	1122.0
709	996.0
710	1398.0
711	1092.0
712	1158.0
713	972.0
714	1204.0
715	1032.0
716	1400.0
717	1416.0
718	1306.0
719	1336.0
720	1208.0
721	1314.0
722	1502.0
723	1276.0
724	1320.0
725	1384.0
726	1656.0
727	1168.0
728	1796.0
729	1252.0
730	1248.0
731	1268.0
732	1332.0
733	1186.0
734	1476.0
735	1348.0
736	1420.0
737	1348.0
738	1368.0
739	1216.0
740	1404.0
741	1288.0
742	1314.0
743	1368.0
744	1308.0
745	1392.0
746	1152.0
747	1394.0
748	1376.0
749	1296.0
750	1444.0
751	1508.0
752	1064.0
753	1228.0
754	1058.0
755	1344.0
756	1092.0
757	1200.0
758	1288.0
759	1056.0
760	1372.0
761	1156.0
762	1396.0
763	1304.0
764	1164.0
765	1384.0
766	1456.0
767	1376.0
768	1448.0
769	1104.0
770	1118.0
771	1308.0
772	1164.0
773	1356.0
774	1270.0
775	1388.0
776	1224.0
777	1238.0
778	1300.0
779	1122.0
780	1226.0
781	1130.0
782	1088.0
783	1016.0
784	1236.0
785	816.0
786	962.0
787	976.0
788	1272.0
789	1160.0
790	1334.0
791	1212.0
792	1156.0
793	1538.0
794	1260.0
795	1296.0
796	1372.0
797	1478.0
798	1320.0
799	1448.0
800	1324.0
801	1270.0
802	1340.0
803	1460.0
804	1300.0
805	1172.0
806	1102.0
807	1492.0
808	1340.0
809	1336.0
810	1364.0
811	1184.0
812	1212.0
813	1284.0
814	1376.0
815	1248.0
816	1196.0
817	1230.0
818	1274.0
819	1398.0
820	1308.0
821	1196.0
822	1214.0
823	1250.0
824	1004.0
825	1316.0
826	1176.0
827	1218.0
828	1592.0
829	1350.0
830	1116.0
831	1208.0
832	1280.0
833	1474.0
834	1312.0
835	1364.0
836	1226.0
837	1308.0
838	1256.0
839	1208.0
840	1302.0
841	1012.0
842	1160.0
843	1172.0
844	1372.0
845	1268.0
846	1168.0
847	1262.0
848	1268.0
849	1196.0
850	1168.0
851	1132.0
852	1024.0
853	1054.0
854	1224.0
855	918.0
856	818.0
857	994.0
858	1084.0
859	1268.0
860	1376.0
861	1052.0
862	1218.0
863	1396.0
864	1240.0
865	1176.0
866	1196.0
867	1172.0
868	1264.0
869	1080.0
870	1136.0
871	1424.0
872	1218.0
873	1180.0
874	1236.0
875	1004.0
876	1212.0
877	1208.0
878	1192.0
879	1308.0
880	1162.0
881	1052.0
882	1160.0
883	1206.0
884	1284.0
885	1226.0
886	1212.0
887	1356.0
888	1456.0
889	1232.0
890	1320.0
891	1180.0
892	1132.0
893	1356.0
894	1432.0
895	1284.0
896	1254.0
897	1050.0
898	1268.0
899	1384.0
900	1328.0
901	1420.0
902	1226.0
903	1160.0
904	1308.0
905	1532.0
906	1220.0
907	1298.0
908	1242.0
909	1144.0
910	1294.0
911	1466.0
912	1156.0
913	1284.0
914	1100.0
915	1320.0
916	1160.0
917	1124.0
918	1252.0
919	1416.0
920	1260.0
921	1170.0
922	1324.0
923	1166.0
924	1242.0
925	1204.0
926	1168.0
927	1248.0
928	1348.0
929	1230.0
930	1188.0
931	1364.0
932	1164.0
933	1296.0
934	1402.0
935	1100.0
936	1306.0
937	1384.0
938	1208.0
939	1328.0
940	1170.0
941	1212.0
942	1032.0
943	952.0
944	1088.0
945	1304.0
946	1100.0
947	1104.0
948	1014.0
949	1118.0
950	1196.0
951	1184.0
952	1216.0
953	1144.0
954	1396.0
955	1364.0
956	1144.0
957	1128.0
958	1392.0
959	1244.0
960	1144.0
961	1432.0
962	1330.0
963	1296.0
964	1214.0
965	1114.0
966	1208.0
967	1460.0
968	1080.0
969	1228.0
970	1292.0
971	1078.0
972	1404.0
973	1212.0
974	1080.0
975	1038.0
976	1292.0
977	1344.0
978	1128.0
979	1342.0
980	1258.0
981	1238.0
982	1204.0
983	1468.0
984	1308.0
985	1220.0
986	1352.0
987	1400.0
988	1220.0
989	1384.0
990	1072.0
991	1172.0
992	1068.0
993	1148.0
994	1076.0
995	1134.0
996	1292.0
997	1192.0
998	1308.0
999	1278.0
1000	1520.0
1001	1302.0
1002	1194.0
1003	1324.0
1004	1320.0
1005	1324.0
1006	1512.0
1007	1284.0
1008	1276.0
1009	1088.0
1010	1296.0
1011	1352.0
1012	1448.0
1013	1288.0
1014	1466.0
1015	1322.0
1016	1180.0
1017	1028.0
1018	1208.0
1019	1528.0
1020	1212.0
1021	1268.0
1022	1292.0
1023	1172.0
1024	1428.0
1025	1394.0
1026	1184.0
1027	1140.0
1028	1228.0
1029	1244.0
1030	1400.0
1031	1228.0
1032	1358.0
1033	1452.0
1034	1316.0
1035	1412.0
1036	1198.0
1037	1292.0
1038	1368.0
1039	1262.0
1040	1438.0
1041	1382.0
1042	1342.0
1043	1424.0
1044	1344.0
1045	1168.0
1046	1380.0
1047	1106.0
1048	1296.0
1049	1392.0
1050	1340.0
1051	1264.0
1052	1324.0
1053	1264.0
1054	1212.0
1055	1314.0
1056	1152.0
1057	1564.0
1058	1464.0
1059	1528.0
1060	1188.0
1061	1280.0
1062	1464.0
1063	1312.0
1064	1364.0
1065	1196.0
1066	1336.0
1067	1320.0
1068	1484.0
1069	1258.0
1070	1366.0
1071	1372.0
1072	1340.0
1073	1492.0
1074	1416.0
1075	1320.0
1076	1380.0
1077	1550.0
1078	1472.0
1079	1212.0
1080	1232.0
1081	1252.0
1082	1388.0
1083	1272.0
1084	1642.0
1085	1338.0
1086	1356.0
1087	1264.0
1088	1336.0
1089	1360.0
1090	1210.0
1091	1340.0
1092	1244.0
1093	1336.0
1094	1404.0
1095	1386.0
1096	1152.0
1097	1312.0
1098	1416.0
1099	1164.0
1100	1140.0
1101	1556.0
1102	1384.0
1103	1416.0
1104	1140.0
1105	1464.0
1106	1320.0
1107	1410.0
1108	1222.0
1109	1236.0
1110	1456.0
1111	1450.0
1112	1408.0
1113	1232.0
1114	1330.0
1115	1380.0
1116	1428.0
1117	1322.0
1118	1476.0
1119	1452.0
1120	1092.0
1121	1368.0
1122	1314.0
1123	1244.0
1124	1416.0
1125	1314.0
1126	1284.0
1127	1116.0
1128	1368.0
1129	1312.0
1130	1368.0
1131	1580.0
1132	1268.0
1133	1488.0
1134	1176.0
1135	1412.0
1136	1044.0
1137	1364.0
1138	1260.0
1139	1166.0
1140	1228.0
1141	1240.0
1142	1384.0
1143	1412.0
1144	1170.0
1145	1236.0
1146	1256.0
1147	1184.0
1148	1130.0
1149	1304.0
1150	1280.0
1151	1154.0
1152	1404.0
1153	1272.0
1154	1336.0
1155	1468.0
1156	1148.0
1157	1234.0
1158	1424.0
1159	1362.0
1160	1364.0
1161	1200.0
1162	1224.0
1163	1072.0
1164	1308.0
1165	1306.0
1166	1332.0
1167	1392.0
1168	1208.0
1169	1352.0
1170	1188.0
1171	1468.0
1172	1368.0
1173	1302.0
1174	1294.0
1175	1400.0
1176	1360.0
1177	1364.0
1178	1454.0
1179	1208.0
1180	1322.0
1181	1208.0
1182	1424.0
1183	1320.0
1184	1308.0
1185	1234.0
1186	1472.0
1187	1220.0
1188	1284.0
1189	1270.0
1190	1168.0
1191	1452.0
1192	1408.0
1193	1102.0
1194	1216.0
1195	988.0
1196	1156.0
1197	1210.0
1198	1204.0
1199	948.0
1200	1262.0
1201	1144.0
1202	1428.0
1203	1224.0
1204	1096.0
1205	1268.0
1206	1432.0
1207	1100.0
1208	1332.0
1209	1388.0
1210	1154.0
1211	1336.0
1212	1368.0
1213	1112.0
1214	1164.0
1215	1262.0
1216	1246.0
1217	1360.0
1218	1238.0
1219	1072.0
1220	1210.0
1221	1004.0
1222	1228.0
1223	1180.0
1224	1340.0
1225	1392.0
1226	1212.0
1227	1260.0
1228	1308.0
1229	1172.0
1230	1280.0
1231	1390.0
1232	1064.0
1233	1270.0
1234	1342.0
1235	1344.0
1236	1354.0
1237	1396.0
1238	1328.0
1239	1012.0
1240	1100.0
1241	1228.0
1242	1324.0
1243	1116.0
1244	1156.0
1245	1056.0
1246	1024.0
1247	1404.0
1248	1170.0
1249	1248.0
1250	1470.0
1251	1576.0
1252	1252.0
1253	1328.0
1254	1320.0
1255	1062.0
1256	1560.0
1257	1324.0
1258	1228.0
1259	1192.0
1260	1022.0
1261	1416.0
1262	1356.0
1263	1380.0
1264	1216.0
1265	1324.0
1266	1496.0
1267	1184.0
1268	1192.0
1269	1272.0
1270	1116.0
1271	1252.0
1272	1460.0
1273	1140.0
1274	1204.0
1275	1452.0
1276	1124.0
1277	940.0
1278	1364.0
1279	1532.0
1280	1300.0
1281	1500.0
1282	1200.0
1283	1176.0
1284	1318.0
1285	1088.0
1286	1314.0
1287	1148.0
1288	1154.0
1289	1204.0
1290	1132.0
1291	1372.0
1292	1380.0
1293	1158.0
1294	1034.0
1295	994.0
1296	1134.0
1297	900.0
1298	842.0
1299	1046.0
1300	960.0
1301	1208.0
1302	1292.0
1303	1276.0
1304	1280.0
1305	1340.0
1306	1356.0
1307	1324.0
1308	1330.0
1309	1140.0
1310	1172.0
1311	1388.0
1312	1244.0
1313	1596.0
1314	1472.0
1315	1224.0
1316	1368.0
1317	1176.0
1318	1384.0
1319	1120.0
1320	1206.0
1321	1212.0
1322	1236.0
1323	1202.0
1324	1170.0
1325	1244.0
1326	1342.0
1327	1312.0
1328	1440.0
1329	1346.0
1330	1274.0
1331	1320.0
1332	1152.0
1333	1164.0
1334	1312.0
1335	1348.0
1336	1252.0
1337	1362.0
1338	1544.0
1339	1228.0
1340	1258.0
1341	1164.0
1342	1418.0
1343	1236.0
1344	1008.0
1345	1364.0
1346	1332.0
1347	1188.0
1348	1172.0
1349	1066.0
1350	1300.0
1351	1524.0
1352	1428.0
1353	1452.0
1354	1240.0
1355	1296.0
1356	1076.0
1357	1484.0
1358	1140.0
1359	1196.0
1360	1260.0
1361	1368.0
1362	1480.0
1363	1140.0
1364	1224.0
1365	1344.0
1366	1406.0
1367	1150.0
1368	1016.0
1369	1312.0
1370	1208.0
1371	1294.0
1372	1372.0
1373	1236.0
1374	1244.0
1375	1316.0
1376	1276.0
1377	1210.0
1378	1536.0
1379	1156.0
1380	1144.0
1381	1216.0
1382	1188.0
1383	1266.0
1384	1326.0
1385	1184.0
1386	1254.0
1387	1214.0
1388	1384.0
1389	1228.0
1390	1160.0
1391	1482.0
1392	1248.0
1393	1480.0
1394	1204.0
1395	1368.0
1396	1276.0
1397	1288.0
1398	1446.0
1399	1408.0
1400	1412.0
1401	1520.0
1402	1154.0
1403	1480.0
1404	1320.0
1405	1356.0
1406	1258.0
1407	1098.0
1408	1260.0
1409	1260.0
1410	1328.0
1411	1316.0
1412	1152.0
1413	1498.0
1414	1544.0
1415	1320.0
1416	1462.0
1417	1342.0
1418	1308.0
1419	1272.0
1420	1200.0
1421	1200.0
1422	1256.0
1423	1214.0
1424	1330.0
1425	1376.0
1426	1176.0
1427	1180.0
1428	1188.0
1429	1140.0
1430	1332.0
1431	1348.0
1432	1132.0
1433	1296.0
1434	1448.0
1435	1382.0
1436	1256.0
1437	1200.0
1438	1306.0
1439	1264.0
1440	1302.0
1441	1158.0
1442	1458.0
1443	1236.0
1444	1236.0
1445	1154.0
1446	1418.0
1447	1346.0
1448	1200.0
1449	1092.0
1450	1136.0
1451	1176.0
1452	1344.0
1453	1164.0
1454	1074.0
1455	892.0
1456	1032.0
1457	1156.0
1458	1128.0
1459	1098.0
1460	1120.0
1461	1308.0
1462	1122.0
1463	1146.0
1464	1422.0
1465	1288.0
1466	1276.0
1467	1388.0
1468	1426.0
1469	1372.0
1470	1254.0
1471	1352.0
1472	1112.0
1473	1412.0
1474	1046.0
1475	1404.0
1476	1430.0
1477	1216.0
1478	1068.0
1479	1380.0
1480	1042.0
1481	1302.0
1482	1136.0
1483	1416.0
1484	1252.0
1485	1304.0
1486	1424.0
1487	1044.0
1488	1306.0
1489	992.0
1490	1016.0
1491	1396.0
1492	1168.0
1493	1332.0
1494	1064.0
1495	984.0
1496	1232.0
1497	1196.0
1498	1088.0
1499	1008.0
1500	908.0
1501	1038.0
1502	1420.0
1503	1300.0
1504	1326.0
1505	1396.0
1506	1228.0
1507	1390.0
1508	1220.0
1509	1230.0
1510	1056.0
1511	1460.0
1512	1204.0
1513	1176.0
1514	1216.0
1515	1332.0
1516	1308.0
1517	1242.0
1518	1194.0
1519	1350.0
1520	1264.0
1521	1320.0
1522	1104.0
1523	1184.0
1524	1396.0
1525	1138.0
1526	1584.0
1527	1208.0
1528	1254.0
1529	1252.0
1530	1026.0
1531	1342.0
1532	1274.0
1533	1236.0
1534	1380.0
1535	1192.0
1536	1304.0
1537	1290.0
1538	1168.0
1539	1072.0
1540	1260.0
1541	1468.0
1542	1264.0
1543	1446.0
1544	1288.0
1545	1456.0
1546	1336.0
1547	1364.0
1548	1208.0
1549	1532.0
1550	1304.0
1551	1212.0
1552	1242.0
1553	1152.0
1554	1262.0
1555	1260.0
1556	1356.0
1557	1516.0
1558	1228.0
1559	1074.0
1560	1068.0
1561	1104.0
1562	1068.0
1563	1100.0
1564	1212.0
1565	1348.0
1566	1228.0
1567	1212.0
1568	1256.0
1569	1292.0
1570	1264.0
1571	1104.0
1572	1326.0
1573	1400.0
1574	1344.0
1575	1276.0
1576	1166.0
1577	1096.0
1578	974.0
1579	1390.0
1580	1424.0
1581	1364.0
1582	1208.0
1583	1224.0
1584	1264.0
1585	1250.0
1586	1278.0
1587	1400.0
1588	1312.0
1589	1160.0
1590	1244.0
1591	1072.0
1592	1220.0
1593	1110.0
1594	1212.0
1595	1316.0
1596	1092.0
1597	1162.0
1598	1268.0
1599	1296.0
1600	1128.0
1601	1124.0
1602	1304.0
1603	1272.0
1604	1356.0
1605	1126.0
1606	1024.0
1607	1276.0
1608	1152.0
1609	1236.0
1610	1220.0
1611	1052.0
1612	1108.0
1613	1128.0
1614	1094.0
1615	1236.0
1616	1140.0
1617	1132.0
1618	1204.0
1619	1444.0
1620	1180.0
1621	1180.0
1622	1262.0
1623	1104.0
1624	1340.0
1625	1164.0
1626	1356.0
1627	1238.0
1628	1180.0
1629	1200.0
1630	1360.0
1631	1086.0
1632	1228.0
1633	1398.0
1634	1224.0
1635	1424.0
1636	1450.0
1637	1108.0
1638	1172.0
1639	1188.0
1640	1330.0
1641	1254.0
1642	1132.0
1643	1224.0
1644	1278.0
1645	1208.0
1646	1200.0
1647	1128.0
1648	1224.0
1649	1162.0
1650	1214.0
1651	1080.0
1652	1288.0
1653	1108.0
1654	1142.0
1655	1004.0
1656	996.0
1657	992.0
1658	1196.0
1659	1174.0
1660	1360.0
1661	1250.0
1662	1496.0
1663	1132.0
1664	970.0
1665	1476.0
1666	1144.0
1667	1008.0
1668	1188.0
1669	1244.0
1670	1312.0
1671	1432.0
1672	1196.0
1673	1202.0
1674	1244.0
1675	1314.0
1676	1280.0
1677	1194.0
1678	1186.0
1679	1100.0
1680	1156.0
1681	1324.0
1682	1308.0
1683	1304.0
1684	1376.0
1685	1260.0
1686	1208.0
1687	1256.0
1688	1260.0
1689	1540.0
1690	1190.0
1691	1232.0
1692	1278.0
1693	1356.0
1694	1336.0
1695	1178.0
1696	1468.0
1697	1208.0
1698	1120.0
1699	1228.0
1700	1238.0
1701	1436.0
1702	1160.0
1703	1122.0
1704	1100.0
1705	1246.0
1706	1128.0
1707	1288.0
1708	1288.0
1709	1264.0
1710	1048.0
1711	1080.0
1712	1384.0
1713	1118.0
1714	1140.0
1715	1236.0
1716	1134.0
1717	1154.0
1718	1302.0
1719	1076.0
1720	1238.0
1721	1352.0
1722	1184.0
1723	1188.0
1724	1356.0
1725	1508.0
1726	1096.0
1727	1356.0
1728	1256.0
1729	1074.0
1730	1448.0
1731	1244.0
1732	1332.0
1733	1300.0
1734	1144.0
1735	1264.0
1736	1340.0
1737	1070.0
1738	1436.0
1739	1110.0
1740	1192.0
1741	1354.0
1742	1316.0
1743	1354.0
1744	1108.0
1745	1344.0
1746	1392.0
1747	1268.0
1748	1248.0
1749	1202.0
1750	1476.0
1751	1170.0
1752	1420.0
1753	1186.0
1754	1170.0
1755	1192.0
1756	1260.0
1757	1048.0
1758	1094.0
1759	1396.0
1760	1324.0
1761	1348.0
1762	1188.0
1763	1456.0
1764	984.0
1765	1320.0
1766	1228.0
1767	1000.0
1768	1244.0
1769	1302.0
1770	1186.0
1771	1278.0
1772	1036.0
1773	1122.0
1774	1272.0
1775	1224.0
1776	1364.0
1777	1362.0
1778	1204.0
1779	1364.0
1780	1280.0
1781	1076.0
1782	1146.0
1783	1324.0
1784	1322.0
1785	1244.0
1786	1174.0
1787	1374.0
1788	1116.0
1789	1136.0
1790	1196.0
1791	1400.0
1792	1240.0
1793	1176.0
1794	1296.0
1795	1406.0
1796	1224.0
1797	1490.0
1798	1436.0
1799	1112.0
1800	1242.0
1801	1188.0
1802	1284.0
1803	1210.0
1804	1266.0
1805	1168.0
1806	1344.0
1807	1212.0
1808	1280.0
1809	1296.0
1810	1100.0
1811	1352.0
1812	1388.0
1813	1176.0
1814	1256.0
1815	1060.0
1816	1316.0
1817	1316.0
1818	1096.0
1819	1304.0
1820	1284.0
1821	1400.0
1822	1308.0
1823	1400.0
1824	1032.0
1825	1312.0
1826	1348.0
1827	1396.0
1828	1432.0
1829	1194.0
1830	1284.0
1831	1096.0
1832	1572.0
1833	1208.0
1834	1260.0
1835	1352.0
1836	1228.0
1837	1408.0
1838	1162.0
1839	1316.0
1840	1288.0
1841	1296.0
1842	1392.0
1843	1172.0
1844	1206.0
1845	1396.0
1846	1142.0
1847	1186.0
1848	1168.0
1849	1376.0
1850	1276.0
1851	1036.0
1852	1264.0
1853	1260.0
1854	1176.0
1855	1232.0
1856	968.0
1857	1162.0
1858	1332.0
1859	1128.0
1860	1148.0
1861	1384.0
1862	1138.0
1863	1040.0
1864	1190.0
1865	1156.0
1866	1224.0
1867	1168.0
1868	1226.0
1869	1248.0
1870	1328.0
1871	1090.0
1872	1040.0
1873	1396.0
1874	1202.0
1875	1260.0
1876	1308.0
1877	1220.0
1878	1264.0
1879	1008.0
1880	1088.0
1881	1176.0
1882	1080.0
1883	1198.0
1884	1218.0
1885	912.0
1886	1258.0
1887	1256.0
1888	1184.0
1889	1276.0
1890	1324.0
1891	1056.0
1892	1254.0
1893	1144.0
1894	1312.0
1895	1286.0
1896	1080.0
1897	1358.0
1898	1046.0
1899	1484.0
1900	1188.0
1901	1272.0
1902	1176.0
1903	1208.0
1904	1164.0
1905	1364.0
1906	1256.0
1907	1228.0
1908	1094.0
1909	1230.0
1910	1268.0
1911	1032.0
1912	1108.0
1913	1224.0
1914	1298.0
1915	1152.0
1916	856.0
1917	1148.0
1918	1108.0
1919	1202.0
1920	1096.0
1921	1404.0
1922	1088.0
1923	1068.0
1924	1000.0
1925	1268.0
1926	1268.0
1927	1348.0
1928	1364.0
1929	1168.0
1930	1130.0
1931	1218.0
1932	1200.0
1933	1096.0
1934	1100.0
1935	1372.0
1936	1328.0
1937	1294.0
1938	1108.0
1939	1368.0
1940	1238.0
1941	1250.0
1942	1200.0
1943	1212.0
1944	1076.0
1945	1160.0
1946	1436.0
1947	1348.0
1948	1260.0
1949	1194.0
1950	1110.0
1951	1528.0
1952	1262.0
1953	1336.0
1954	1244.0
1955	1276.0
1956	1190.0
1957	1188.0
1958	1122.0
1959	1140.0
1960	986.0
1961	924.0
1962	1144.0
1963	1230.0
1964	1328.0
1965	1042.0
1966	1264.0
1967	1122.0
1968	1084.0
1969	1280.0
1970	1308.0
1971	1254.0
1972	1320.0
1973	1210.0
1974	1152.0
1975	1238.0
1976	1088.0
1977	1096.0
1978	1118.0
1979	1076.0
1980	902.0
1981	1128.0
1982	1020.0
1983	1246.0
1984	1286.0
1985	1308.0
1986	1126.0
1987	1184.0
1988	1236.0
1989	1144.0
1990	1272.0
1991	1130.0
1992	1180.0
1993	1074.0
1994	1486.0
1995	1110.0
1996	1280.0
1997	1254.0
1998	1256.0
1999	1068.0
2000	1148.0
2001	1216.0
2002	1236.0
2003	1272.0
2004	1000.0
2005	1060.0
2006	1168.0
2007	1244.0
2008	1304.0
2009	1222.0
2010	1168.0
2011	1328.0
2012	1402.0
2013	1044.0
2014	1192.0
2015	1136.0
2016	1116.0
2017	1288.0
2018	1434.0
2019	1264.0
2020	1210.0
2021	1252.0
2022	1206.0
2023	1232.0
2024	1200.0
2025	1164.0
2026	1122.0
2027	1136.0
2028	1128.0
2029	1254.0
2030	1140.0
2031	1324.0
2032	1304.0
2033	1220.0
2034	1098.0
2035	1314.0
2036	1148.0
2037	1322.0
2038	1172.0
2039	1284.0
2040	1364.0
2041	1336.0
2042	992.0
2043	1250.0
2044	1252.0
2045	1222.0
2046	1046.0
2047	1370.0
2048	1170.0
2049	1260.0
2050	1244.0
2051	1220.0
2052	1224.0
2053	1108.0
2054	1172.0
2055	1372.0
2056	1200.0
2057	1304.0
2058	1228.0
2059	1076.0
2060	1056.0
2061	1188.0
2062	1038.0
2063	1122.0
2064	1194.0
2065	1214.0
2066	1162.0
2067	1012.0
2068	1222.0
2069	1244.0
2070	1388.0
2071	1056.0
2072	1404.0
2073	1146.0
2074	1204.0
2075	1090.0
2076	1332.0
2077	1294.0
2078	1188.0
2079	1224.0
2080	1496.0
2081	1312.0
2082	1038.0
2083	1398.0
2084	1176.0
2085	1092.0
2086	1188.0
2087	1240.0
2088	1348.0
2089	1224.0
2090	1396.0
2091	1218.0
2092	1458.0
2093	896.0
2094	1092.0
2095	1372.0
2096	1282.0
2097	1216.0
2098	1048.0
2099	1138.0
2100	1160.0
2101	1112.0
2102	1032.0
2103	1192.0
2104	1288.0
2105	1120.0
2106	1496.0
2107	1396.0
2108	1018.0
2109	1224.0
2110	1080.0
2111	1328.0
2112	1104.0
2113	1300.0
2114	1148.0
2115	958.0
2116	1304.0
2117	1148.0
2118	1276.0
2119	1274.0
2120	1108.0
2121	1312.0
2122	1498.0
2123	1436.0
2124	1088.0
2125	1276.0
2126	1196.0
2127	1104.0
2128	1384.0
2129	1272.0
2130	1460.0
2131	1296.0
2132	1150.0
2133	1114.0
2134	1320.0
2135	1508.0
2136	1320.0
2137	1302.0
2138	1340.0
2139	1454.0
2140	1258.0
2141	1276.0
2142	1316.0
2143	1160.0
2144	1060.0
2145	1206.0
2146	1130.0
2147	1400.0
2148	1236.0
2149	1236.0
2150	1376.0
2151	1320.0
2152	1448.0
2153	1240.0
2154	1360.0
2155	1388.0
2156	1144.0
2157	1124.0
2158	1340.0
2159	1380.0
2160	1264.0
2161	1360.0
2162	1128.0
2163	1168.0
2164	1068.0
2165	1404.0
2166	1448.0
2167	1372.0
2168	1212.0
2169	1512.0
2170	1280.0
2171	1290.0
2172	1352.0
2173	1204.0
2174	920.0
2175	1210.0
2176	1544.0
2177	1180.0
2178	1240.0
2179	1020.0
2180	1134.0
2181	1164.0
2182	1110.0
2183	1208.0
2184	1260.0
2185	1148.0
2186	1070.0
2187	1232.0
2188	988.0
2189	1392.0
2190	1380.0
2191	1184.0
2192	1240.0
2193	1246.0
2194	1408.0
2195	1280.0
2196	1284.0
2197	1152.0
2198	1068.0
2199	1080.0
2200	1134.0
2201	1340.0
2202	1284.0
2203	1276.0
2204	1336.0
2205	1304.0
2206	1136.0
2207	1196.0
2208	1480.0
2209	1272.0
2210	1560.0
2211	1340.0
2212	1182.0
2213	920.0
2214	1140.0
2215	1218.0
2216	1096.0
2217	1180.0
2218	1260.0
2219	1234.0
2220	1068.0
2221	1184.0
2222	1040.0
2223	1144.0
2224	1208.0
2225	1232.0
2226	1188.0
2227	1328.0
2228	1272.0
2229	1148.0
2230	1234.0
2231	1376.0
2232	1118.0
2233	1376.0
2234	1040.0
2235	1400.0
2236	1224.0
2237	1042.0
2238	1316.0
2239	1304.0
2240	1372.0
2241	1200.0
2242	1166.0
2243	1418.0
2244	1232.0
2245	1332.0
2246	1086.0
2247	1204.0
2248	1080.0
2249	1184.0
2250	1182.0
2251	1380.0
2252	1296.0
2253	1148.0
2254	1060.0
2255	1124.0
2256	1192.0
2257	1208.0
2258	1234.0
2259	1244.0
2260	1290.0
2261	1516.0
2262	1308.0
2263	1230.0
2264	1272.0
2265	1360.0
2266	1088.0
2267	1222.0
2268	1464.0
2269	1276.0
2270	1288.0
2271	1372.0
2272	1376.0
2273	1232.0
2274	1406.0
2275	1174.0
2276	1258.0
2277	1108.0
2278	1340.0
2279	1080.0
2280	1208.0
2281	1224.0
2282	1240.0
2283	1160.0
2284	1198.0
2285	1302.0
2286	1146.0
2287	1336.0
2288	1136.0
2289	1200.0
2290	1040.0
2291	872.0
2292	1312.0
2293	1058.0
2294	1268.0
2295	1408.0
2296	1536.0
2297	932.0
2298	1208.0
2299	1200.0
2300	1280.0
2301	1128.0
2302	1168.0
2303	1252.0
2304	1250.0
2305	1420.0
2306	1320.0
2307	1358.0
2308	1338.0
2309	1252.0
2310	1350.0
2311	1490.0
2312	1196.0
2313	1448.0
2314	1296.0
2315	1138.0
2316	1232.0
2317	1368.0
2318	1236.0
2319	1096.0
2320	1176.0
2321	1232.0
2322	1444.0
2323	1344.0
2324	1240.0
2325	1332.0
2326	1308.0
2327	1372.0
2328	1260.0
2329	1340.0
2330	1328.0
2331	1564.0
2332	1428.0
2333	1404.0
2334	1192.0
2335	1544.0
2336	1258.0
2337	1264.0
2338	1222.0
2339	1444.0
2340	1328.0
2341	1210.0
2342	1270.0
2343	1528.0
2344	1324.0
2345	1206.0
2346	1066.0
2347	1336.0
2348	1548.0
2349	1108.0
2350	1402.0
2351	1316.0
2352	1434.0
2353	1348.0
2354	1340.0
2355	1246.0
2356	1236.0
2357	1148.0
2358	1500.0
2359	1104.0
2360	1484.0
2361	1384.0
2362	1472.0
2363	1312.0
2364	1128.0
2365	1336.0
2366	934.0
2367	1372.0
2368	1492.0
2369	1406.0
2370	1320.0
2371	1328.0
2372	1360.0
2373	1268.0
2374	1280.0
2375	1384.0
2376	1334.0
2377	1560.0
2378	1248.0
2379	1396.0
2380	1500.0
2381	1384.0
2382	1346.0
2383	1120.0
2384	1250.0
2385	1408.0
2386	1336.0
2387	1478.0
2388	1404.0
2389	1322.0
2390	1486.0
2391	1460.0
2392	1120.0
2393	1256.0
2394	1236.0
2395	1492.0
2396	1332.0
2397	1292.0
2398	1240.0
2399	1232.0
2400	1248.0
2401	1376.0
2402	1356.0
2403	1416.0
2404	1316.0
2405	1344.0
2406	1312.0
2407	1200.0
2408	1324.0
2409	1288.0
2410	1358.0
2411	1170.0
2412	1412.0
2413	1396.0
2414	1478.0
2415	1374.0
2416	1296.0
2417	1336.0
2418	1220.0
2419	1348.0
2420	1348.0
2421	1480.0
2422	1138.0
2423	1202.0
2424	1120.0
2425	1112.0
2426	1196.0
2427	1236.0
2428	1336.0
2429	1552.0
2430	1108.0
2431	1292.0
2432	1496.0
2433	1480.0
2434	1522.0
2435	1548.0
2436	1336.0
2437	1232.0
2438	1316.0
2439	1500.0
2440	1320.0
2441	1232.0
2442	1540.0
2443	1416.0
2444	1264.0
2445	1216.0
2446	1480.0
2447	1384.0
2448	1442.0
2449	1076.0
2450	1388.0
2451	1478.0
2452	1304.0
2453	1052.0
2454	1286.0
2455	1296.0
2456	1520.0
2457	1436.0
2458	1368.0
2459	1704.0
2460	1372.0
2461	1412.0
2462	1458.0
2463	1446.0
2464	1492.0
2465	1382.0
2466	1444.0
2467	1500.0
2468	1276.0
2469	1312.0
2470	1180.0
2471	1300.0
2472	1040.0
2473	1446.0
2474	1544.0
2475	1224.0
2476	1112.0
2477	1576.0
2478	1536.0
2479	1136.0
2480	1412.0
2481	1190.0
2482	1432.0
2483	1458.0
2484	1476.0
2485	1216.0
2486	1296.0
2487	1452.0
2488	1412.0
2489	1296.0
2490	1460.0
2491	1426.0
2492	1468.0
2493	1500.0
2494	1514.0
2495	1324.0
2496	1520.0
2497	1308.0
2498	1338.0
2499	1380.0
2500	1500.0
2501	1450.0
2502	1540.0
2503	1236.0
2504	1544.0
2505	1714.0
2506	1396.0
2507	1432.0
2508	1404.0
2509	1484.0
2510	1772.0
2511	1564.0
2512	1580.0
2513	1434.0
2514	1340.0
2515	1420.0
2516	1460.0
2517	1596.0
2518	1348.0
2519	1058.0
2520	1738.0
2521	1352.0
2522	1472.0
2523	1196.0
2524	1384.0
2525	1580.0
2526	1476.0
2527	1528.0
2528	1520.0
2529	1198.0
2530	1370.0
2531	1708.0
2532	1440.0
2533	1520.0
2534	1588.0
2535	1404.0
2536	1688.0
2537	1568.0
2538	1480.0
2539	1684.0
2540	1484.0
2541	1720.0
2542	1342.0
2543	1620.0
2544	1672.0
2545	1494.0
2546	1512.0
2547	1576.0
2548	1518.0
2549	1416.0
2550	1400.0
2551	1354.0
2552	1288.0
2553	1668.0
2554	1616.0
2555	1448.0
2556	1472.0
2557	1544.0
2558	1496.0
2559	1670.0
2560	1410.0
2561	1280.0
2562	1378.0
2563	1192.0
2564	1422.0
2565	1332.0
2566	1396.0
2567	1354.0
2568	1212.0
2569	1538.0
2570	1148.0
2571	1486.0
2572	1272.0
2573	1724.0
2574	1182.0
2575	1196.0
2576	1756.0
2577	1512.0
2578	1590.0
2579	1272.0
2580	1464.0
2581	1520.0
2582	1412.0
2583	1606.0
2584	1432.0
2585	1600.0
2586	1752.0
2587	1656.0
2588	1236.0
2589	1612.0
2590	1744.0
2591	1256.0
2592	1692.0
2593	1752.0
2594	1632.0
2595	1544.0
2596	1904.0
2597	1492.0
2598	1648.0
2599	1754.0
2600	1548.0
2601	1556.0
2602	1336.0
2603	1856.0
2604	1670.0
2605	1748.0
2606	1664.0
2607	1576.0
2608	1964.0
2609	1456.0
2610	1714.0
2611	1246.0
2612	1456.0
2613	1562.0
2614	1772.0
2615	1948.0
2616	1796.0
2617	1708.0
2618	1808.0
2619	1748.0
2620	1732.0
2621	1744.0
2622	1720.0
2623	1892.0
2624	1656.0
2625	1324.0
2626	1812.0
2627	1624.0
2628	1652.0
2629	1584.0
2630	1480.0
2631	1792.0
2632	1550.0
2633	1828.0
2634	1472.0
2635	1372.0
2636	1680.0
2637	1716.0
2638	1772.0
2639	1568.0
2640	1544.0
2641	1756.0
2642	1588.0
2643	1788.0
2644	1736.0
2645	1432.0
2646	1768.0
2647	1660.0
2648	2012.0
2649	1916.0
2650	1764.0
2651	1792.0
2652	1440.0
2653	1728.0
2654	1668.0
2655	1392.0
2656	1896.0
2657	1480.0
2658	1568.0
2659	1712.0
2660	1760.0
2661	1752.0
2662	1412.0
2663	1636.0
2664	1720.0
2665	1648.0
2666	1808.0
2667	1304.0
2668	1940.0
2669	1758.0
2670	1910.0
2671	1984.0
2672	1772.0
2673	1716.0
2674	1904.0
2675	1696.0
2676	1664.0
2677	1896.0
2678	1848.0
2679	1700.0
2680	1888.0
2681	1434.0
2682	1752.0
2683	1892.0
2684	1488.0
2685	1832.0
2686	1740.0
2687	1684.0
2688	1640.0
2689	1574.0
2690	1916.0
2691	1860.0
2692	1852.0
2693	1608.0
2694	1944.0
2695	1892.0
2696	1548.0
2697	1920.0
2698	1960.0
2699	1908.0
2700	2040.0
2701	1768.0
2702	1896.0
2703	1864.0
2704	1912.0
2705	1898.0
2706	1740.0
2707	1944.0
2708	1880.0
2709	1464.0
2710	1862.0
2711	2048.0
2712	1976.0
2713	1744.0
2714	1882.0
2715	2066.0
2716	2120.0
2717	1780.0
2718	1992.0
2719	1884.0
2720	1808.0
2721	2200.0
2722	2080.0
2723	1936.0
2724	1948.0
2725	1928.0
2726	2056.0
2727	1876.0
2728	2052.0
2729	2036.0
2730	2044.0
2731	2036.0
2732	1700.0
2733	2340.0
2734	1960.0
2735	2140.0
2736	1880.0
2737	2024.0
2738	1832.0
2739	1940.0
2740	1964.0
2741	1912.0
2742	2144.0
2743	2052.0
2744	2020.0
2745	2256.0
2746	2292.0
2747	1852.0
