0	38.0
1	36.0
2	80.0
3	60.0
4	72.0
5	76.0
6	8.0
7	60.0
8	56.0
9	40.0
10	24.0
11	48.0
12	24.0
13	48.0
14	20.0
15	52.0
16	64.0
17	48.0
18	96.0
19	38.0
20	24.0
21	100.0
22	12.0
23	52.0
24	64.0
25	68.0
26	36.0
27	60.0
28	44.0
29	24.0
30	38.0
31	80.0
32	68.0
33	20.0
34	72.0
35	4.0
36	36.0
37	88.0
38	8.0
39	28.0
40	60.0
41	32.0
42	84.0
43	44.0
44	4.0
45	52.0
46	72.0
47	64.0
48	68.0
49	68.0
50	24.0
51	60.0
52	48.0
53	72.0
54	52.0
55	48.0
56	24.0
57	44.0
58	80.0
59	60.0
60	56.0
61	56.0
62	56.0
63	76.0
64	120.0
65	76.0
66	64.0
67	28.0
68	104.0
69	48.0
70	64.0
71	60.0
72	38.0
73	16.0
74	32.0
75	44.0
76	96.0
77	24.0
78	38.0
79	92.0
80	52.0
81	56.0
82	64.0
83	88.0
84	84.0
85	28.0
86	60.0
87	38.0
88	68.0
89	68.0
90	40.0
91	38.0
92	76.0
93	64.0
94	84.0
95	32.0
96	32.0
97	56.0
98	12.0
99	100.0
100	48.0
101	44.0
102	24.0
103	8.0
104	44.0
105	36.0
106	32.0
107	40.0
108	44.0
109	104.0
110	68.0
111	72.0
112	48.0
113	60.0
114	20.0
115	48.0
116	8.0
117	24.0
118	84.0
119	112.0
120	16.0
121	92.0
122	124.0
123	76.0
124	44.0
125	40.0
126	64.0
127	52.0
128	48.0
129	112.0
130	52.0
131	28.0
132	72.0
133	60.0
134	32.0
135	38.0
136	60.0
137	32.0
138	12.0
139	60.0
140	48.0
141	44.0
142	24.0
143	38.0
144	36.0
145	32.0
146	72.0
147	64.0
148	4.0
149	36.0
150	0.0
151	38.0
152	48.0
153	44.0
154	88.0
155	24.0
156	44.0
157	32.0
158	76.0
159	32.0
160	38.0
161	48.0
162	56.0
163	96.0
164	52.0
165	68.0
166	68.0
167	32.0
168	4.0
169	68.0
170	38.0
171	32.0
172	48.0
173	8.0
174	84.0
175	48.0
176	52.0
177	40.0
178	60.0
179	60.0
180	44.0
181	40.0
182	52.0
183	28.0
184	28.0
185	44.0
186	24.0
187	48.0
188	38.0
189	48.0
190	48.0
191	60.0
192	12.0
193	4.0
194	72.0
195	52.0
196	72.0
197	36.0
198	68.0
199	60.0
200	64.0
201	36.0
202	44.0
203	32.0
204	32.0
205	32.0
206	40.0
207	92.0
208	38.0
209	52.0
210	120.0
211	24.0
212	12.0
213	38.0
214	52.0
215	48.0
216	16.0
217	24.0
218	76.0
219	56.0
220	84.0
221	64.0
222	20.0
223	88.0
224	60.0
225	40.0
226	44.0
227	36.0
228	24.0
229	68.0
230	0.0
231	60.0
232	72.0
233	52.0
234	24.0
235	64.0
236	64.0
237	60.0
238	12.0
239	16.0
240	56.0
241	38.0
242	64.0
243	38.0
244	76.0
245	44.0
246	44.0
247	52.0
248	52.0
249	28.0
250	16.0
251	40.0
252	60.0
253	44.0
254	38.0
255	92.0
256	48.0
257	38.0
258	60.0
259	12.0
260	100.0
261	24.0
262	8.0
263	44.0
264	36.0
265	12.0
266	8.0
267	36.0
268	80.0
269	64.0
270	32.0
271	48.0
272	40.0
273	20.0
274	8.0
275	68.0
276	72.0
277	12.0
278	48.0
279	0.0
280	36.0
281	56.0
282	4.0
283	38.0
284	56.0
285	68.0
286	72.0
287	64.0
288	72.0
289	48.0
290	28.0
291	38.0
292	32.0
293	28.0
294	56.0
295	48.0
296	36.0
297	20.0
298	32.0
299	40.0
300	38.0
301	16.0
302	44.0
303	40.0
304	52.0
305	52.0
306	16.0
307	64.0
308	56.0
309	64.0
310	38.0
311	8.0
312	12.0
313	40.0
314	16.0
315	48.0
316	12.0
317	72.0
318	88.0
319	48.0
320	0.0
321	68.0
322	44.0
323	32.0
324	36.0
325	32.0
326	40.0
327	48.0
328	48.0
329	52.0
330	28.0
331	88.0
332	38.0
333	28.0
334	44.0
335	20.0
336	52.0
337	0.0
338	24.0
339	60.0
340	92.0
341	28.0
342	84.0
343	84.0
344	72.0
345	12.0
346	44.0
347	84.0
348	24.0
349	64.0
350	48.0
351	60.0
352	68.0
353	56.0
354	72.0
355	0.0
356	68.0
357	36.0
358	76.0
359	48.0
360	38.0
361	16.0
362	56.0
363	16.0
364	8.0
365	28.0
366	68.0
367	16.0
368	36.0
369	72.0
370	52.0
371	28.0
372	36.0
373	56.0
374	32.0
375	44.0
376	52.0
377	76.0
378	32.0
379	44.0
380	84.0
381	38.0
382	40.0
383	38.0
384	44.0
385	4.0
386	72.0
387	76.0
388	40.0
389	96.0
390	32.0
391	24.0
392	48.0
393	56.0
394	16.0
395	52.0
396	44.0
397	64.0
398	8.0
399	44.0
400	12.0
401	60.0
402	20.0
403	56.0
404	80.0
405	40.0
406	16.0
407	132.0
408	60.0
409	28.0
410	48.0
411	20.0
412	52.0
413	44.0
414	28.0
415	36.0
416	72.0
417	20.0
418	12.0
419	12.0
420	48.0
421	8.0
422	52.0
423	36.0
424	56.0
425	76.0
426	16.0
427	56.0
428	20.0
429	36.0
430	56.0
431	16.0
432	38.0
433	12.0
434	76.0
435	64.0
436	52.0
437	36.0
438	48.0
439	64.0
440	24.0
441	4.0
442	48.0
443	40.0
444	48.0
445	56.0
446	48.0
447	52.0
448	12.0
449	32.0
450	20.0
451	48.0
452	0.0
453	8.0
454	48.0
455	24.0
456	72.0
457	36.0
458	48.0
459	24.0
460	52.0
461	16.0
462	36.0
463	108.0
464	48.0
465	56.0
466	88.0
467	52.0
468	40.0
469	8.0
470	64.0
471	52.0
472	68.0
473	38.0
474	48.0
475	24.0
476	28.0
477	12.0
478	16.0
479	20.0
480	36.0
481	64.0
482	80.0
483	40.0
484	40.0
485	76.0
486	44.0
487	40.0
488	12.0
489	24.0
490	20.0
491	38.0
492	68.0
493	24.0
494	8.0
495	16.0
496	20.0
497	72.0
498	64.0
499	64.0
500	64.0
501	96.0
502	8.0
503	0.0
504	96.0
505	72.0
506	68.0
507	72.0
508	40.0
509	20.0
510	28.0
511	20.0
512	68.0
513	16.0
514	12.0
515	40.0
516	36.0
517	32.0
518	0.0
519	20.0
520	20.0
521	8.0
522	40.0
523	12.0
524	28.0
525	12.0
526	20.0
527	4.0
528	38.0
529	4.0
530	24.0
531	24.0
532	44.0
533	16.0
534	52.0
535	38.0
536	24.0
537	84.0
538	84.0
539	36.0
540	28.0
541	48.0
542	8.0
543	56.0
544	38.0
545	52.0
546	20.0
547	60.0
548	8.0
549	20.0
550	8.0
551	4.0
552	64.0
553	64.0
554	104.0
555	16.0
556	68.0
557	4.0
558	72.0
559	0.0
560	38.0
561	38.0
562	24.0
563	38.0
564	8.0
565	16.0
566	56.0
567	44.0
568	28.0
569	20.0
570	48.0
571	104.0
572	76.0
573	60.0
574	80.0
575	36.0
576	52.0
577	38.0
578	0.0
579	40.0
580	60.0
581	40.0
582	56.0
583	80.0
584	68.0
585	4.0
586	36.0
587	76.0
588	12.0
589	32.0
590	36.0
591	0.0
592	24.0
593	28.0
594	36.0
595	60.0
596	60.0
597	72.0
598	68.0
599	24.0
600	44.0
601	52.0
602	48.0
603	44.0
604	38.0
605	32.0
606	16.0
607	38.0
608	60.0
609	8.0
610	16.0
611	28.0
612	24.0
613	12.0
614	52.0
615	76.0
616	56.0
617	16.0
618	28.0
619	48.0
620	12.0
621	38.0
622	48.0
623	48.0
624	38.0
625	28.0
626	52.0
627	72.0
628	12.0
629	56.0
630	0.0
631	12.0
632	40.0
633	32.0
634	40.0
635	68.0
636	40.0
637	52.0
638	64.0
639	44.0
640	36.0
641	28.0
642	76.0
643	64.0
644	24.0
645	56.0
646	28.0
647	16.0
648	36.0
649	88.0
650	0.0
651	60.0
652	38.0
653	52.0
654	38.0
655	52.0
656	40.0
657	20.0
658	0.0
659	32.0
660	28.0
661	48.0
662	20.0
663	84.0
664	20.0
665	4.0
666	38.0
667	16.0
668	40.0
669	36.0
670	12.0
671	0.0
672	24.0
673	0.0
674	60.0
675	52.0
676	48.0
677	44.0
678	12.0
679	20.0
680	36.0
681	32.0
682	48.0
683	56.0
684	28.0
685	60.0
686	32.0
687	84.0
688	116.0
689	24.0
690	8.0
691	32.0
692	12.0
693	38.0
694	20.0
695	56.0
696	40.0
697	76.0
698	38.0
699	20.0
700	28.0
701	16.0
702	48.0
703	4.0
704	44.0
705	20.0
706	24.0
707	38.0
708	60.0
709	24.0
710	24.0
711	44.0
712	56.0
713	16.0
714	16.0
715	8.0
716	76.0
717	64.0
718	44.0
719	36.0
720	60.0
721	36.0
722	60.0
723	16.0
724	24.0
725	16.0
726	76.0
727	80.0
728	48.0
729	44.0
730	136.0
731	44.0
732	68.0
733	16.0
734	4.0
735	24.0
736	64.0
737	52.0
738	20.0
739	20.0
740	40.0
741	0.0
742	0.0
743	68.0
744	68.0
745	44.0
746	38.0
747	92.0
748	28.0
749	38.0
750	38.0
751	4.0
752	36.0
753	38.0
754	38.0
755	32.0
756	8.0
757	4.0
758	28.0
759	38.0
760	40.0
761	64.0
762	36.0
763	52.0
764	56.0
765	56.0
766	38.0
767	56.0
768	24.0
769	0.0
770	28.0
771	44.0
772	16.0
773	8.0
774	38.0
775	28.0
776	12.0
777	38.0
778	38.0
779	40.0
780	72.0
781	24.0
782	40.0
783	60.0
784	38.0
785	38.0
786	24.0
787	48.0
788	36.0
789	80.0
790	36.0
791	36.0
792	20.0
793	8.0
794	28.0
795	52.0
796	68.0
797	56.0
798	38.0
799	44.0
800	32.0
801	8.0
802	68.0
803	16.0
804	44.0
805	12.0
806	44.0
807	38.0
808	38.0
809	40.0
810	56.0
811	84.0
812	76.0
813	68.0
814	0.0
815	32.0
816	88.0
817	12.0
818	44.0
819	24.0
820	16.0
821	12.0
822	12.0
823	8.0
824	56.0
825	20.0
826	12.0
827	20.0
828	16.0
829	72.0
830	44.0
831	24.0
832	52.0
833	32.0
834	60.0
835	12.0
836	32.0
837	24.0
838	32.0
839	40.0
840	38.0
841	28.0
842	36.0
843	4.0
844	38.0
845	48.0
846	8.0
847	48.0
848	8.0
849	32.0
850	40.0
851	12.0
852	28.0
853	96.0
854	16.0
855	68.0
856	32.0
857	60.0
858	4.0
859	4.0
860	20.0
861	12.0
862	38.0
863	52.0
864	80.0
865	12.0
866	38.0
867	24.0
868	64.0
869	52.0
870	16.0
871	20.0
872	38.0
873	52.0
874	12.0
875	84.0
876	24.0
877	72.0
878	48.0
879	4.0
880	20.0
881	48.0
882	40.0
883	32.0
884	52.0
885	48.0
886	38.0
887	24.0
888	36.0
889	12.0
890	88.0
891	32.0
892	64.0
893	88.0
894	44.0
895	80.0
896	38.0
897	24.0
898	4.0
899	32.0
900	64.0
901	4.0
902	64.0
903	0.0
904	8.0
905	0.0
906	16.0
907	32.0
908	20.0
909	24.0
910	80.0
911	16.0
912	24.0
913	48.0
914	20.0
915	92.0
916	36.0
917	36.0
918	0.0
919	36.0
920	38.0
921	8.0
922	28.0
923	4.0
924	0.0
925	38.0
926	20.0
927	76.0
928	36.0
929	56.0
930	36.0
931	56.0
932	36.0
933	76.0
934	48.0
935	38.0
936	44.0
937	72.0
938	40.0
939	32.0
940	38.0
941	16.0
942	4.0
943	28.0
944	52.0
945	28.0
946	24.0
947	38.0
948	4.0
949	76.0
950	38.0
951	36.0
952	16.0
953	76.0
954	24.0
955	44.0
956	20.0
957	38.0
958	38.0
959	84.0
960	40.0
961	100.0
962	72.0
963	36.0
964	32.0
965	24.0
966	88.0
967	16.0
968	0.0
969	8.0
970	44.0
971	12.0
972	12.0
973	64.0
974	28.0
975	84.0
976	56.0
977	20.0
978	24.0
979	24.0
980	60.0
981	48.0
982	24.0
983	8.0
984	24.0
985	16.0
986	20.0
987	28.0
988	44.0
989	40.0
990	38.0
991	44.0
992	64.0
993	44.0
994	48.0
995	38.0
996	72.0
997	24.0
998	36.0
999	8.0
1000	38.0
1001	12.0
1002	96.0
1003	38.0
1004	36.0
1005	4.0
1006	32.0
1007	40.0
1008	24.0
1009	32.0
1010	48.0
1011	4.0
1012	56.0
1013	48.0
1014	88.0
1015	12.0
1016	40.0
1017	28.0
1018	32.0
1019	32.0
1020	38.0
1021	16.0
1022	56.0
1023	32.0
1024	40.0
1025	28.0
1026	48.0
1027	28.0
1028	12.0
1029	16.0
1030	12.0
1031	38.0
1032	72.0
1033	4.0
1034	32.0
1035	12.0
1036	32.0
1037	4.0
1038	32.0
1039	52.0
1040	32.0
1041	36.0
1042	38.0
1043	38.0
1044	44.0
1045	56.0
1046	92.0
1047	44.0
1048	36.0
1049	64.0
1050	56.0
1051	8.0
1052	72.0
1053	60.0
1054	12.0
1055	64.0
1056	40.0
1057	38.0
1058	38.0
1059	32.0
1060	0.0
1061	44.0
1062	52.0
1063	24.0
1064	44.0
1065	68.0
1066	44.0
1067	52.0
1068	72.0
1069	24.0
1070	4.0
1071	40.0
1072	38.0
1073	32.0
1074	32.0
1075	16.0
1076	38.0
1077	24.0
1078	38.0
1079	52.0
1080	8.0
1081	4.0
1082	8.0
1083	24.0
1084	28.0
1085	38.0
1086	12.0
1087	8.0
1088	80.0
1089	44.0
1090	38.0
1091	36.0
1092	4.0
1093	8.0
1094	38.0
1095	28.0
1096	32.0
1097	0.0
1098	24.0
1099	24.0
1100	36.0
1101	32.0
1102	52.0
1103	38.0
1104	20.0
1105	20.0
1106	40.0
1107	44.0
1108	44.0
1109	56.0
1110	40.0
1111	44.0
1112	44.0
1113	48.0
1114	60.0
1115	56.0
1116	24.0
1117	52.0
1118	68.0
1119	56.0
1120	20.0
1121	44.0
1122	48.0
1123	28.0
1124	44.0
1125	56.0
1126	48.0
1127	96.0
1128	16.0
1129	36.0
1130	12.0
1131	16.0
1132	12.0
1133	4.0
1134	24.0
1135	38.0
1136	38.0
1137	88.0
1138	40.0
1139	32.0
1140	44.0
1141	12.0
1142	24.0
1143	28.0
1144	52.0
1145	38.0
1146	60.0
1147	64.0
1148	4.0
1149	24.0
1150	36.0
1151	20.0
1152	24.0
1153	68.0
1154	48.0
1155	48.0
1156	24.0
1157	52.0
1158	76.0
1159	8.0
1160	16.0
1161	38.0
1162	38.0
1163	36.0
1164	4.0
1165	44.0
1166	36.0
1167	20.0
1168	28.0
1169	28.0
1170	48.0
1171	40.0
1172	32.0
1173	38.0
1174	60.0
1175	48.0
1176	20.0
1177	12.0
1178	40.0
1179	64.0
1180	40.0
1181	36.0
1182	40.0
1183	28.0
1184	12.0
1185	56.0
1186	36.0
1187	0.0
1188	108.0
1189	4.0
1190	38.0
1191	76.0
1192	28.0
1193	0.0
1194	48.0
1195	96.0
1196	44.0
1197	56.0
1198	36.0
1199	44.0
1200	40.0
1201	20.0
1202	44.0
1203	52.0
1204	40.0
1205	48.0
1206	52.0
1207	4.0
1208	8.0
1209	24.0
1210	76.0
1211	84.0
1212	16.0
1213	12.0
1214	60.0
1215	52.0
1216	20.0
1217	68.0
1218	48.0
1219	0.0
1220	16.0
1221	36.0
1222	48.0
1223	88.0
1224	44.0
1225	36.0
1226	64.0
1227	28.0
1228	32.0
1229	0.0
1230	72.0
1231	20.0
1232	36.0
1233	36.0
1234	8.0
1235	56.0
1236	8.0
1237	56.0
1238	44.0
1239	44.0
1240	44.0
1241	4.0
1242	16.0
1243	52.0
1244	32.0
1245	36.0
1246	36.0
1247	38.0
1248	16.0
1249	24.0
1250	38.0
1251	32.0
1252	32.0
1253	8.0
1254	32.0
1255	16.0
1256	84.0
1257	80.0
1258	60.0
1259	48.0
1260	12.0
1261	52.0
1262	32.0
1263	72.0
1264	48.0
1265	52.0
1266	24.0
1267	38.0
1268	38.0
1269	44.0
1270	8.0
1271	64.0
1272	48.0
1273	72.0
1274	56.0
1275	68.0
1276	60.0
1277	76.0
1278	20.0
1279	76.0
1280	32.0
1281	36.0
1282	104.0
1283	52.0
1284	36.0
1285	28.0
1286	28.0
1287	16.0
1288	8.0
1289	60.0
1290	16.0
1291	32.0
1292	38.0
1293	32.0
1294	72.0
1295	38.0
1296	38.0
1297	68.0
1298	40.0
1299	0.0
1300	68.0
1301	48.0
1302	48.0
1303	38.0
1304	68.0
1305	32.0
1306	36.0
1307	28.0
1308	48.0
1309	28.0
1310	92.0
1311	60.0
1312	28.0
1313	44.0
1314	28.0
1315	52.0
1316	38.0
1317	24.0
1318	48.0
1319	12.0
1320	38.0
1321	38.0
1322	20.0
1323	40.0
1324	40.0
1325	48.0
1326	16.0
1327	36.0
1328	40.0
1329	0.0
1330	38.0
1331	24.0
1332	20.0
1333	38.0
1334	72.0
1335	36.0
1336	38.0
1337	56.0
1338	48.0
1339	12.0
1340	38.0
1341	40.0
1342	44.0
1343	0.0
1344	40.0
1345	20.0
1346	52.0
1347	8.0
1348	32.0
1349	100.0
1350	36.0
1351	16.0
1352	28.0
1353	64.0
1354	16.0
1355	48.0
1356	24.0
1357	48.0
1358	12.0
1359	38.0
1360	36.0
1361	20.0
1362	38.0
1363	48.0
1364	48.0
1365	44.0
1366	28.0
1367	20.0
1368	38.0
1369	52.0
1370	40.0
1371	48.0
1372	44.0
1373	38.0
1374	32.0
1375	0.0
1376	28.0
1377	44.0
1378	28.0
1379	32.0
1380	52.0
1381	8.0
1382	8.0
1383	28.0
1384	38.0
1385	44.0
1386	12.0
1387	12.0
1388	32.0
1389	48.0
1390	72.0
1391	38.0
1392	24.0
1393	16.0
1394	32.0
1395	38.0
1396	76.0
1397	38.0
1398	56.0
1399	32.0
1400	56.0
1401	24.0
1402	4.0
1403	68.0
1404	24.0
1405	92.0
1406	38.0
1407	48.0
1408	20.0
1409	60.0
1410	12.0
1411	8.0
1412	38.0
1413	8.0
1414	20.0
1415	64.0
1416	38.0
1417	40.0
1418	48.0
1419	16.0
1420	12.0
1421	0.0
1422	38.0
1423	38.0
1424	38.0
1425	16.0
1426	38.0
1427	38.0
1428	40.0
1429	12.0
1430	38.0
1431	36.0
1432	28.0
1433	28.0
1434	36.0
1435	38.0
1436	24.0
1437	16.0
1438	40.0
1439	36.0
1440	52.0
1441	38.0
1442	44.0
1443	8.0
1444	32.0
1445	16.0
1446	24.0
1447	16.0
1448	32.0
1449	40.0
1450	32.0
1451	38.0
1452	52.0
1453	12.0
1454	72.0
1455	56.0
1456	0.0
1457	20.0
1458	12.0
1459	44.0
1460	8.0
1461	44.0
1462	28.0
1463	28.0
1464	40.0
1465	52.0
1466	44.0
1467	38.0
1468	28.0
1469	48.0
1470	38.0
1471	60.0
1472	84.0
1473	76.0
1474	48.0
1475	48.0
1476	96.0
1477	60.0
1478	28.0
1479	72.0
1480	32.0
1481	38.0
1482	32.0
1483	20.0
1484	28.0
1485	40.0
1486	56.0
1487	88.0
1488	120.0
1489	24.0
1490	52.0
1491	52.0
1492	12.0
1493	56.0
1494	40.0
1495	4.0
1496	40.0
1497	80.0
1498	80.0
1499	60.0
1500	48.0
1501	48.0
1502	48.0
1503	20.0
1504	56.0
1505	12.0
1506	28.0
1507	16.0
1508	8.0
1509	20.0
1510	20.0
1511	8.0
1512	48.0
1513	28.0
1514	4.0
1515	36.0
1516	64.0
1517	88.0
1518	44.0
1519	36.0
1520	38.0
1521	12.0
1522	24.0
1523	0.0
1524	28.0
1525	16.0
1526	28.0
1527	20.0
1528	72.0
1529	24.0
1530	20.0
1531	112.0
1532	24.0
1533	24.0
1534	20.0
1535	104.0
1536	40.0
1537	48.0
1538	48.0
1539	60.0
1540	38.0
1541	32.0
1542	38.0
1543	38.0
1544	64.0
1545	72.0
1546	40.0
1547	24.0
1548	32.0
1549	38.0
1550	12.0
1551	28.0
1552	56.0
1553	38.0
1554	52.0
1555	38.0
1556	12.0
1557	48.0
1558	36.0
1559	8.0
1560	38.0
1561	40.0
1562	48.0
1563	68.0
1564	38.0
1565	52.0
1566	28.0
1567	36.0
1568	32.0
1569	68.0
1570	24.0
1571	48.0
1572	52.0
1573	44.0
1574	60.0
1575	48.0
1576	16.0
1577	28.0
1578	38.0
1579	36.0
1580	38.0
1581	24.0
1582	20.0
1583	92.0
1584	8.0
1585	24.0
1586	24.0
1587	4.0
1588	24.0
1589	16.0
1590	20.0
1591	38.0
1592	68.0
1593	12.0
1594	24.0
1595	32.0
1596	0.0
1597	56.0
1598	92.0
1599	36.0
1600	52.0
1601	8.0
1602	52.0
1603	32.0
1604	40.0
1605	32.0
1606	48.0
1607	8.0
1608	24.0
1609	38.0
1610	8.0
1611	44.0
1612	28.0
1613	48.0
1614	60.0
1615	0.0
1616	60.0
1617	40.0
1618	4.0
1619	38.0
1620	36.0
1621	32.0
1622	20.0
1623	52.0
1624	100.0
1625	40.0
1626	40.0
1627	32.0
1628	8.0
1629	40.0
1630	24.0
1631	44.0
1632	16.0
1633	80.0
1634	4.0
1635	16.0
1636	60.0
1637	12.0
1638	20.0
1639	20.0
1640	68.0
1641	12.0
1642	52.0
1643	28.0
1644	56.0
1645	16.0
1646	38.0
1647	44.0
1648	80.0
1649	40.0
1650	24.0
1651	24.0
1652	48.0
1653	48.0
1654	24.0
1655	56.0
1656	38.0
1657	76.0
1658	4.0
1659	36.0
1660	64.0
1661	44.0
1662	12.0
1663	56.0
1664	64.0
1665	4.0
1666	12.0
1667	48.0
1668	24.0
1669	36.0
1670	24.0
1671	48.0
1672	56.0
1673	32.0
1674	38.0
1675	24.0
1676	4.0
1677	60.0
1678	12.0
1679	44.0
1680	40.0
1681	28.0
1682	44.0
1683	88.0
1684	38.0
1685	44.0
1686	56.0
1687	64.0
1688	60.0
1689	44.0
1690	76.0
1691	8.0
1692	38.0
1693	40.0
1694	16.0
1695	52.0
1696	68.0
1697	0.0
1698	44.0
1699	52.0
1700	44.0
1701	36.0
1702	12.0
1703	20.0
1704	52.0
1705	48.0
1706	8.0
1707	28.0
1708	16.0
1709	96.0
1710	40.0
1711	100.0
1712	64.0
1713	104.0
1714	8.0
1715	32.0
1716	48.0
1717	80.0
1718	68.0
1719	20.0
1720	16.0
1721	20.0
1722	12.0
1723	12.0
1724	28.0
1725	20.0
1726	48.0
1727	36.0
1728	88.0
1729	72.0
1730	20.0
1731	32.0
1732	36.0
1733	44.0
1734	28.0
1735	44.0
1736	36.0
1737	20.0
1738	38.0
1739	32.0
1740	44.0
1741	40.0
1742	44.0
1743	36.0
1744	38.0
1745	24.0
1746	56.0
1747	56.0
1748	44.0
1749	0.0
1750	16.0
1751	120.0
1752	36.0
1753	80.0
1754	40.0
1755	24.0
1756	32.0
1757	40.0
1758	60.0
1759	44.0
1760	56.0
1761	44.0
1762	12.0
1763	32.0
1764	68.0
1765	68.0
1766	20.0
1767	40.0
1768	28.0
1769	60.0
1770	44.0
1771	32.0
1772	16.0
1773	28.0
1774	72.0
1775	64.0
1776	56.0
1777	60.0
1778	48.0
1779	38.0
1780	52.0
1781	52.0
1782	38.0
1783	36.0
1784	12.0
1785	32.0
1786	44.0
1787	64.0
1788	38.0
1789	52.0
1790	40.0
1791	88.0
1792	76.0
1793	16.0
1794	44.0
1795	20.0
1796	32.0
1797	16.0
1798	24.0
1799	12.0
1800	8.0
1801	12.0
1802	60.0
1803	16.0
1804	16.0
1805	32.0
1806	60.0
1807	32.0
1808	64.0
1809	32.0
1810	44.0
1811	32.0
1812	68.0
1813	52.0
1814	24.0
1815	76.0
1816	44.0
1817	12.0
1818	12.0
1819	60.0
1820	64.0
1821	48.0
1822	64.0
1823	60.0
1824	24.0
1825	60.0
1826	68.0
1827	16.0
1828	32.0
1829	38.0
1830	88.0
1831	52.0
1832	56.0
1833	32.0
1834	32.0
1835	76.0
1836	80.0
1837	72.0
1838	48.0
1839	84.0
1840	56.0
1841	24.0
1842	20.0
1843	12.0
1844	12.0
1845	40.0
1846	44.0
1847	0.0
1848	48.0
1849	36.0
1850	48.0
1851	24.0
1852	36.0
1853	16.0
1854	28.0
1855	52.0
1856	72.0
1857	56.0
1858	16.0
1859	52.0
1860	32.0
1861	0.0
1862	16.0
1863	48.0
1864	64.0
1865	96.0
1866	4.0
1867	68.0
1868	38.0
1869	16.0
1870	32.0
1871	32.0
1872	100.0
1873	24.0
1874	76.0
1875	72.0
1876	38.0
1877	0.0
1878	12.0
1879	38.0
1880	20.0
1881	76.0
1882	24.0
1883	38.0
1884	32.0
1885	68.0
1886	52.0
1887	38.0
1888	12.0
1889	20.0
1890	48.0
1891	36.0
1892	44.0
1893	40.0
1894	38.0
1895	28.0
1896	32.0
1897	38.0
1898	28.0
1899	44.0
1900	36.0
1901	44.0
1902	24.0
1903	36.0
1904	32.0
1905	76.0
1906	28.0
1907	32.0
1908	38.0
1909	4.0
1910	88.0
1911	24.0
1912	96.0
1913	28.0
1914	52.0
1915	44.0
1916	36.0
1917	52.0
1918	48.0
1919	80.0
1920	68.0
1921	20.0
1922	32.0
1923	8.0
1924	28.0
1925	12.0
1926	60.0
1927	20.0
1928	16.0
1929	60.0
1930	20.0
1931	60.0
1932	56.0
1933	60.0
1934	52.0
1935	52.0
1936	0.0
1937	72.0
1938	24.0
1939	36.0
1940	48.0
1941	76.0
1942	20.0
1943	48.0
1944	12.0
1945	24.0
1946	56.0
1947	76.0
1948	48.0
1949	12.0
1950	24.0
1951	12.0
1952	4.0
1953	40.0
1954	48.0
1955	88.0
1956	88.0
1957	72.0
1958	28.0
1959	32.0
1960	64.0
1961	48.0
1962	16.0
1963	56.0
1964	20.0
1965	64.0
1966	44.0
1967	80.0
1968	36.0
1969	40.0
1970	80.0
1971	32.0
1972	24.0
1973	38.0
1974	28.0
1975	44.0
1976	80.0
1977	44.0
1978	28.0
1979	24.0
1980	68.0
1981	52.0
1982	0.0
1983	12.0
1984	56.0
1985	16.0
1986	68.0
1987	72.0
1988	44.0
1989	68.0
1990	38.0
1991	72.0
1992	64.0
1993	40.0
1994	32.0
1995	44.0
1996	40.0
1997	0.0
1998	24.0
1999	32.0
2000	48.0
2001	44.0
2002	44.0
2003	68.0
2004	36.0
2005	44.0
2006	80.0
2007	38.0
2008	36.0
2009	32.0
2010	44.0
2011	104.0
2012	20.0
2013	60.0
2014	24.0
2015	56.0
2016	8.0
2017	36.0
2018	44.0
2019	24.0
2020	44.0
2021	92.0
2022	44.0
2023	24.0
2024	48.0
2025	44.0
2026	36.0
2027	96.0
2028	8.0
2029	44.0
2030	52.0
2031	100.0
2032	20.0
2033	20.0
2034	32.0
2035	44.0
2036	72.0
2037	40.0
2038	12.0
2039	28.0
2040	44.0
2041	92.0
2042	60.0
2043	56.0
2044	40.0
2045	20.0
2046	84.0
2047	56.0
2048	28.0
2049	28.0
2050	56.0
2051	40.0
2052	48.0
2053	80.0
2054	84.0
2055	32.0
2056	8.0
2057	56.0
2058	108.0
2059	12.0
2060	20.0
2061	20.0
2062	36.0
2063	80.0
2064	52.0
2065	48.0
2066	64.0
2067	44.0
2068	40.0
2069	48.0
2070	40.0
2071	44.0
2072	52.0
2073	52.0
2074	44.0
2075	60.0
2076	52.0
2077	88.0
2078	44.0
2079	48.0
2080	32.0
2081	84.0
2082	68.0
2083	60.0
2084	56.0
2085	24.0
2086	4.0
2087	16.0
2088	38.0
2089	32.0
2090	4.0
2091	72.0
2092	36.0
2093	32.0
2094	40.0
2095	40.0
2096	96.0
2097	40.0
2098	52.0
2099	28.0
2100	116.0
2101	60.0
2102	52.0
2103	68.0
2104	16.0
2105	8.0
2106	60.0
2107	40.0
2108	68.0
2109	38.0
2110	76.0
2111	40.0
2112	40.0
2113	76.0
2114	48.0
2115	44.0
2116	64.0
2117	40.0
2118	28.0
2119	64.0
2120	24.0
2121	52.0
2122	84.0
2123	64.0
2124	20.0
2125	28.0
2126	20.0
2127	60.0
2128	68.0
2129	28.0
2130	20.0
2131	24.0
2132	80.0
2133	38.0
2134	60.0
2135	56.0
2136	60.0
2137	4.0
2138	12.0
2139	48.0
2140	20.0
2141	40.0
2142	24.0
2143	80.0
2144	36.0
2145	28.0
2146	52.0
2147	12.0
2148	28.0
2149	60.0
2150	48.0
2151	68.0
2152	40.0
2153	24.0
2154	60.0
2155	16.0
2156	38.0
2157	40.0
2158	64.0
2159	0.0
2160	12.0
2161	76.0
2162	56.0
2163	52.0
2164	116.0
2165	76.0
2166	38.0
2167	16.0
2168	16.0
2169	12.0
2170	12.0
2171	56.0
2172	60.0
2173	24.0
2174	92.0
2175	88.0
2176	0.0
2177	72.0
2178	88.0
2179	84.0
2180	36.0
2181	76.0
2182	92.0
2183	56.0
2184	52.0
2185	8.0
2186	68.0
2187	76.0
2188	32.0
2189	32.0
2190	28.0
2191	48.0
2192	44.0
2193	64.0
2194	32.0
2195	40.0
2196	28.0
2197	84.0
2198	44.0
2199	60.0
2200	56.0
2201	84.0
2202	4.0
2203	52.0
2204	44.0
2205	38.0
2206	100.0
2207	64.0
2208	8.0
2209	56.0
2210	32.0
2211	80.0
2212	72.0
2213	48.0
2214	52.0
2215	120.0
2216	16.0
2217	24.0
2218	60.0
2219	72.0
2220	38.0
2221	32.0
2222	32.0
2223	40.0
2224	24.0
2225	38.0
2226	84.0
2227	24.0
2228	8.0
2229	60.0
2230	24.0
2231	64.0
2232	24.0
2233	32.0
2234	28.0
2235	8.0
2236	12.0
2237	48.0
2238	8.0
2239	80.0
2240	28.0
2241	56.0
2242	8.0
2243	12.0
2244	16.0
2245	48.0
2246	72.0
2247	20.0
2248	24.0
2249	8.0
2250	38.0
2251	92.0
2252	40.0
2253	68.0
2254	52.0
2255	20.0
2256	72.0
2257	38.0
2258	40.0
2259	0.0
2260	36.0
2261	48.0
2262	48.0
2263	56.0
2264	0.0
2265	64.0
2266	44.0
2267	52.0
2268	92.0
2269	36.0
2270	38.0
2271	44.0
2272	80.0
2273	56.0
2274	48.0
2275	40.0
2276	88.0
2277	80.0
2278	72.0
2279	38.0
2280	76.0
2281	36.0
2282	4.0
2283	24.0
2284	38.0
2285	44.0
2286	24.0
2287	24.0
2288	16.0
2289	40.0
2290	38.0
2291	44.0
2292	44.0
2293	32.0
2294	88.0
2295	72.0
2296	68.0
2297	0.0
2298	80.0
2299	64.0
