0	109028.0
1	108648.0
2	108636.0
3	109384.0
4	109964.0
5	111084.0
6	110768.0
7	109196.0
8	110572.0
9	110972.0
10	109868.0
11	111752.0
12	109932.0
13	109400.0
14	109416.0
15	111132.0
16	109780.0
17	108948.0
18	108612.0
19	109268.0
20	109620.0
21	109636.0
22	109084.0
23	108228.0
24	109168.0
25	110304.0
26	110408.0
27	110636.0
28	111148.0
29	110668.0
30	111056.0
31	111000.0
32	109796.0
33	110104.0
34	111568.0
35	111620.0
36	111216.0
37	110372.0
38	109624.0
39	112004.0
40	111352.0
41	110912.0
42	111960.0
43	111564.0
44	111860.0
45	113044.0
46	111032.0
47	111524.0
48	109884.0
49	109480.0
50	111364.0
51	110504.0
52	111368.0
53	111228.0
54	111116.0
55	112016.0
56	111316.0
57	112928.0
58	112468.0
59	112164.0
60	112596.0
61	112876.0
62	112748.0
63	112664.0
64	112308.0
65	112412.0
66	112480.0
67	111636.0
68	111672.0
69	111448.0
70	111824.0
71	111448.0
72	112284.0
73	110328.0
74	110656.0
75	110612.0
76	110472.0
77	111776.0
78	111096.0
79	110500.0
80	111516.0
81	111012.0
82	110080.0
83	110324.0
84	111764.0
85	111228.0
86	110556.0
87	111904.0
88	112028.0
89	114052.0
90	111608.0
91	111224.0
92	111204.0
93	112712.0
94	111540.0
95	112728.0
96	112564.0
97	113024.0
98	112756.0
99	111748.0
100	113392.0
101	111784.0
102	113296.0
103	113540.0
104	111924.0
105	111728.0
106	111964.0
107	113116.0
108	112084.0
109	112144.0
110	112784.0
111	111400.0
112	112168.0
113	113080.0
114	111612.0
115	111280.0
116	110668.0
117	111532.0
118	112108.0
119	111484.0
120	111044.0
121	114052.0
122	112032.0
123	111124.0
124	111984.0
125	112104.0
126	112320.0
127	113900.0
128	113592.0
129	113016.0
130	113516.0
131	112900.0
132	111376.0
133	113128.0
134	112596.0
135	112592.0
136	112764.0
137	113236.0
138	112192.0
139	110316.0
140	111148.0
141	110232.0
142	111632.0
143	111964.0
144	112368.0
145	112180.0
146	111372.0
147	113360.0
148	111052.0
149	111976.0
150	111768.0
151	114028.0
152	113388.0
153	113252.0
154	113344.0
155	114332.0
156	112592.0
157	112820.0
158	114028.0
159	114300.0
160	113784.0
161	114892.0
162	112824.0
163	113728.0
164	114124.0
165	112080.0
166	112652.0
167	112420.0
168	114948.0
169	114480.0
170	113952.0
171	113768.0
172	114732.0
173	111564.0
174	111000.0
175	110944.0
176	113168.0
177	112012.0
178	113876.0
179	113440.0
180	113828.0
181	110972.0
182	110736.0
183	112488.0
184	113780.0
185	113640.0
186	114212.0
187	114376.0
188	113588.0
189	114064.0
190	111560.0
191	111800.0
192	113408.0
193	114364.0
194	113252.0
195	113608.0
196	112884.0
197	112884.0
198	111784.0
199	111884.0
200	111988.0
201	111416.0
202	111384.0
203	112444.0
204	113520.0
205	114120.0
206	111856.0
207	111636.0
208	111804.0
209	114360.0
210	113620.0
211	114540.0
212	114716.0
213	114864.0
214	114292.0
215	112252.0
216	111928.0
217	113588.0
218	115304.0
219	114080.0
220	112356.0
221	114168.0
222	115052.0
223	111884.0
224	108248.0
225	111320.0
226	111124.0
227	111780.0
228	111272.0
229	111456.0
230	112504.0
231	110864.0
232	110692.0
233	110404.0
234	111864.0
235	114092.0
236	113604.0
237	112316.0
238	110760.0
239	111496.0
240	109000.0
241	108756.0
242	112960.0
243	112548.0
244	112252.0
245	111840.0
246	111700.0
247	111244.0
248	110572.0
249	109408.0
250	110552.0
251	112160.0
252	113428.0
253	112092.0
254	113180.0
255	113204.0
256	111092.0
257	111960.0
258	109496.0
259	111572.0
260	111596.0
261	112576.0
262	112672.0
263	111132.0
264	111352.0
265	109704.0
266	110392.0
267	111188.0
268	110400.0
269	110548.0
270	109796.0
271	110676.0
272	112448.0
273	111292.0
274	109984.0
275	110768.0
276	109536.0
277	111108.0
278	110464.0
279	109940.0
280	111136.0
281	110832.0
282	110468.0
283	109488.0
284	111708.0
285	111304.0
286	110852.0
287	110772.0
288	109796.0
289	108828.0
290	108228.0
291	108076.0
292	111372.0
293	111928.0
294	111776.0
295	110300.0
296	110440.0
297	110520.0
298	110180.0
299	106720.0
300	108104.0
301	109416.0
302	108916.0
303	108748.0
304	110128.0
305	111388.0
306	109608.0
307	109720.0
308	111088.0
309	110008.0
310	111816.0
311	111404.0
312	111932.0
313	111792.0
314	112784.0
315	111644.0
316	110848.0
317	112200.0
318	113796.0
319	111460.0
320	111656.0
321	113260.0
322	112960.0
323	110084.0
324	109348.0
325	109460.0
326	110160.0
327	111184.0
328	110636.0
329	111040.0
330	108576.0
331	110328.0
332	110848.0
333	109156.0
334	112860.0
335	110124.0
336	112020.0
337	111244.0
338	112776.0
339	111756.0
340	110616.0
341	109524.0
342	111444.0
343	111688.0
344	111000.0
345	111520.0
346	111372.0
347	111840.0
348	110360.0
349	108104.0
350	109728.0
351	110908.0
352	109788.0
353	108656.0
354	110024.0
355	109472.0
356	110640.0
357	108392.0
358	108820.0
359	109108.0
360	109816.0
361	110096.0
362	110536.0
363	110708.0
364	111232.0
365	109872.0
366	109244.0
367	110944.0
368	111176.0
369	111408.0
370	111024.0
371	108796.0
372	110296.0
373	109268.0
374	108048.0
375	111340.0
376	111248.0
377	111344.0
378	110520.0
379	111408.0
380	111980.0
381	109628.0
382	110408.0
383	110440.0
384	112096.0
385	111184.0
386	109720.0
387	111412.0
388	112816.0
389	111804.0
390	108772.0
391	109836.0
392	110356.0
393	110852.0
394	110188.0
395	109540.0
396	111272.0
397	110668.0
398	108836.0
399	108992.0
400	107296.0
401	110192.0
402	109852.0
403	109756.0
404	108980.0
405	108288.0
406	109064.0
407	108052.0
408	108156.0
409	108596.0
410	109136.0
411	108000.0
412	109628.0
413	109996.0
414	109052.0
415	109180.0
416	108208.0
417	109588.0
418	108800.0
419	108072.0
420	108452.0
421	109136.0
422	109240.0
423	107420.0
424	106800.0
425	107784.0
426	108172.0
427	108252.0
428	108156.0
429	108396.0
430	109172.0
431	107580.0
432	105904.0
433	106884.0
434	108520.0
435	108696.0
436	107740.0
437	107028.0
438	109476.0
439	109188.0
440	106560.0
441	107276.0
442	108596.0
443	110204.0
444	108436.0
445	108172.0
446	108200.0
447	108868.0
448	106160.0
449	107708.0
450	108128.0
451	108444.0
452	109004.0
453	109052.0
454	110032.0
455	111780.0
456	108800.0
457	108536.0
458	107852.0
459	110064.0
460	108904.0
461	110464.0
462	109888.0
463	109788.0
464	108952.0
465	108764.0
466	108288.0
467	109544.0
468	108236.0
469	109280.0
470	109228.0
471	110104.0
472	111148.0
473	108992.0
474	109264.0
475	109316.0
476	111356.0
477	111924.0
478	111040.0
479	111644.0
480	112392.0
481	111800.0
482	110532.0
483	112128.0
484	113092.0
485	114352.0
486	113860.0
487	114504.0
488	112636.0
489	113436.0
490	112072.0
491	112976.0
492	114540.0
493	113348.0
494	113540.0
495	112800.0
496	111796.0
497	114200.0
498	112000.0
499	111276.0
500	111896.0
501	113236.0
502	111188.0
503	111344.0
504	111432.0
505	111676.0
506	111560.0
507	111372.0
508	111152.0
509	112500.0
510	111548.0
511	112428.0
512	111804.0
513	111580.0
514	111112.0
515	109916.0
516	108900.0
517	108644.0
518	109308.0
519	108856.0
520	110084.0
521	109896.0
522	110716.0
523	108248.0
524	108800.0
525	107756.0
526	110100.0
527	110484.0
528	108592.0
529	109900.0
530	108476.0
531	109036.0
532	107812.0
533	107396.0
534	109760.0
535	108048.0
536	109108.0
537	109044.0
538	109136.0
539	108340.0
540	106284.0
541	107480.0
542	109884.0
543	109024.0
544	109020.0
545	109464.0
546	110844.0
547	109796.0
548	109056.0
549	108172.0
550	108484.0
551	109708.0
552	108592.0
553	110300.0
554	108136.0
555	110304.0
556	108152.0
557	108108.0
558	108236.0
559	110128.0
560	110380.0
561	108388.0
562	108220.0
563	109328.0
564	109276.0
565	107624.0
566	107640.0
567	109560.0
568	109796.0
569	110660.0
570	109020.0
571	109768.0
572	109280.0
573	107648.0
574	107584.0
575	108384.0
576	110904.0
577	110556.0
578	110412.0
579	109608.0
580	109016.0
581	108876.0
582	109228.0
583	109176.0
584	110456.0
585	109128.0
586	110412.0
587	108844.0
588	110032.0
589	110224.0
590	108876.0
591	108108.0
592	109652.0
593	108460.0
594	108088.0
595	110228.0
596	111192.0
597	111300.0
598	110004.0
599	108800.0
600	110320.0
601	109948.0
602	110732.0
603	109992.0
604	110232.0
605	111436.0
606	112128.0
607	110168.0
608	109544.0
609	110848.0
610	109980.0
611	110116.0
612	111192.0
613	112060.0
614	111464.0
615	109188.0
616	108280.0
617	110752.0
618	111736.0
619	110912.0
620	109700.0
621	110396.0
622	110736.0
623	107664.0
624	108032.0
625	109552.0
626	109968.0
627	110316.0
628	109772.0
629	109440.0
630	113128.0
631	111576.0
632	111440.0
633	111020.0
634	112636.0
635	110584.0
636	111132.0
637	111716.0
638	112276.0
639	110344.0
640	110040.0
641	109420.0
642	109944.0
643	112096.0
644	110392.0
645	109488.0
646	109376.0
647	110260.0
648	108944.0
649	108952.0
650	109960.0
651	109780.0
652	111144.0
653	110792.0
654	110040.0
655	110952.0
656	108524.0
657	108864.0
658	108008.0
659	109172.0
660	109952.0
661	109172.0
662	109532.0
663	110056.0
664	112020.0
665	108812.0
666	108796.0
667	111160.0
668	111532.0
669	111664.0
670	111092.0
671	111492.0
672	111980.0
673	111092.0
674	110844.0
675	112176.0
676	112048.0
677	109512.0
678	113512.0
679	111784.0
680	112104.0
681	110956.0
682	110368.0
683	110232.0
684	111596.0
685	112048.0
686	111796.0
687	112224.0
688	112360.0
689	110952.0
690	110452.0
691	109608.0
692	111388.0
693	110460.0
694	110616.0
695	112768.0
696	112780.0
697	113116.0
698	110932.0
699	110980.0
700	111840.0
701	113628.0
702	112744.0
703	111720.0
704	113704.0
705	113800.0
706	112652.0
707	112280.0
708	112840.0
709	112744.0
710	112496.0
711	113192.0
712	111564.0
713	113064.0
714	109988.0
715	110796.0
716	111504.0
717	112620.0
718	113632.0
719	114596.0
720	111656.0
721	114864.0
722	114544.0
723	112076.0
724	112560.0
725	113048.0
726	113440.0
727	113052.0
728	112540.0
729	114772.0
730	114540.0
731	113092.0
732	113848.0
733	112064.0
734	113308.0
735	114908.0
736	113464.0
737	113332.0
738	115032.0
739	114004.0
740	111684.0
741	112192.0
742	112508.0
743	111404.0
744	111920.0
745	111840.0
746	113120.0
747	113484.0
748	109748.0
749	110140.0
750	111216.0
751	113288.0
752	113136.0
753	111328.0
754	112168.0
755	111276.0
756	111096.0
757	109992.0
758	111512.0
759	113960.0
760	113164.0
761	113712.0
762	113828.0
763	114280.0
764	110556.0
765	111312.0
766	110608.0
767	112412.0
768	111852.0
769	113324.0
770	112188.0
771	111900.0
772	111908.0
773	111576.0
774	111748.0
775	112600.0
776	113424.0
777	113828.0
778	113048.0
779	114588.0
780	113672.0
781	115084.0
782	114052.0
783	114472.0
784	117024.0
785	115164.0
786	116364.0
787	115748.0
788	116720.0
789	114884.0
790	113028.0
791	112852.0
792	114532.0
793	114400.0
794	114516.0
795	113752.0
796	115224.0
797	115664.0
798	113776.0
799	114240.0
800	114396.0
801	114532.0
802	114868.0
803	113364.0
804	114796.0
805	113496.0
806	113700.0
807	112860.0
808	114864.0
809	114472.0
810	114840.0
811	113792.0
812	112980.0
813	116036.0
814	114240.0
815	113812.0
816	114888.0
817	114064.0
818	114244.0
819	115108.0
820	115392.0
821	114692.0
822	114448.0
823	112344.0
824	114104.0
825	113104.0
826	115356.0
827	116228.0
828	115076.0
829	117664.0
830	116420.0
831	115344.0
832	116364.0
833	115756.0
834	118828.0
835	118160.0
836	117856.0
837	118860.0
838	118148.0
839	118444.0
840	115204.0
841	115148.0
842	117192.0
843	116488.0
844	114452.0
845	116872.0
846	116672.0
847	115196.0
848	114232.0
849	113404.0
850	113568.0
851	115872.0
852	114264.0
853	115396.0
854	115936.0
855	117144.0
856	114372.0
857	115144.0
858	114284.0
859	118168.0
860	116544.0
861	118660.0
862	116588.0
863	118060.0
864	116356.0
865	114800.0
866	116496.0
867	118640.0
868	119228.0
869	116664.0
870	118120.0
871	117252.0
872	118704.0
873	116480.0
874	113452.0
875	116584.0
876	114492.0
877	115584.0
878	115924.0
879	115632.0
880	117104.0
881	115492.0
882	114628.0
883	115912.0
884	116600.0
885	116920.0
886	117284.0
887	118108.0
888	115616.0
889	116012.0
890	114912.0
891	114732.0
892	118432.0
893	117336.0
894	116852.0
895	118776.0
896	118468.0
897	118364.0
898	116204.0
899	115076.0
900	117744.0
901	117376.0
902	117900.0
903	116784.0
904	118380.0
905	118508.0
906	117008.0
907	116428.0
908	116824.0
909	117056.0
910	118680.0
911	117776.0
912	117728.0
913	117256.0
914	117492.0
915	115644.0
916	116360.0
917	117388.0
918	119228.0
919	118712.0
920	118360.0
921	119000.0
922	118560.0
923	117480.0
924	118152.0
925	119268.0
926	118688.0
927	118224.0
928	119168.0
929	118488.0
930	120108.0
931	117408.0
932	118020.0
933	118720.0
934	120708.0
935	118696.0
936	119532.0
937	118036.0
938	118200.0
939	118036.0
940	115884.0
941	117512.0
942	119388.0
943	118996.0
944	118432.0
945	118428.0
946	118768.0
947	117812.0
948	116360.0
949	116260.0
950	116380.0
951	116968.0
952	117092.0
953	116312.0
954	116740.0
955	115492.0
956	115056.0
957	116132.0
958	114204.0
959	115944.0
960	116668.0
961	118196.0
962	118580.0
963	119824.0
964	117784.0
965	117592.0
966	115804.0
967	118124.0
968	117888.0
969	120128.0
970	118396.0
971	119108.0
972	118380.0
973	116180.0
974	114632.0
975	117244.0
976	119188.0
977	118372.0
978	118680.0
979	117756.0
980	117164.0
981	115816.0
982	117840.0
983	115208.0
984	118704.0
985	116820.0
986	117984.0
987	118016.0
988	119412.0
989	117112.0
990	114728.0
991	117220.0
992	118228.0
993	119280.0
994	117652.0
995	118240.0
996	119084.0
997	120024.0
998	117016.0
999	117740.0
1000	118316.0
1001	118172.0
1002	117716.0
1003	117652.0
1004	117364.0
1005	117480.0
1006	116064.0
1007	115736.0
1008	116268.0
1009	120296.0
1010	119148.0
1011	120104.0
1012	119060.0
1013	119328.0
1014	120632.0
1015	118656.0
1016	117704.0
1017	119640.0
1018	118288.0
1019	120304.0
1020	120516.0
1021	120996.0
1022	121044.0
1023	120128.0
1024	118420.0
1025	120052.0
1026	121384.0
1027	121436.0
1028	120028.0
1029	120704.0
1030	121592.0
1031	119252.0
1032	117276.0
1033	117720.0
1034	119624.0
1035	119028.0
1036	119600.0
1037	119904.0
1038	120628.0
1039	120068.0
1040	118240.0
1041	117024.0
1042	119412.0
1043	118800.0
1044	119576.0
1045	118896.0
1046	119204.0
1047	121684.0
1048	118616.0
1049	118564.0
1050	119220.0
1051	121440.0
1052	121792.0
1053	120420.0
1054	120144.0
1055	119764.0
1056	119660.0
1057	118604.0
1058	119860.0
1059	120028.0
1060	120188.0
1061	119228.0
1062	119636.0
1063	120400.0
1064	119656.0
1065	118932.0
1066	119288.0
1067	120400.0
1068	120196.0
1069	121420.0
1070	120020.0
1071	121824.0
1072	121084.0
1073	119552.0
1074	118192.0
1075	120076.0
1076	121408.0
1077	121228.0
1078	120200.0
1079	121220.0
1080	121440.0
1081	121572.0
1082	118132.0
1083	119612.0
1084	121184.0
1085	121332.0
1086	121844.0
1087	120704.0
1088	120216.0
1089	119904.0
1090	119056.0
1091	120196.0
1092	121776.0
1093	122156.0
1094	122984.0
1095	122032.0
1096	121100.0
1097	122704.0
1098	122436.0
1099	121652.0
1100	121204.0
1101	123084.0
1102	121164.0
1103	122036.0
1104	121544.0
1105	121916.0
1106	120496.0
1107	121064.0
1108	119796.0
1109	121632.0
1110	121632.0
1111	121632.0
1112	121044.0
1113	122100.0
1114	120136.0
1115	118460.0
1116	121212.0
1117	121528.0
1118	120916.0
1119	121204.0
1120	121608.0
1121	121728.0
1122	121100.0
1123	120980.0
1124	120988.0
1125	121540.0
1126	122868.0
1127	123088.0
1128	122388.0
1129	122712.0
1130	122584.0
1131	120796.0
1132	120428.0
1133	121152.0
1134	121784.0
1135	121804.0
1136	120712.0
1137	119756.0
1138	121268.0
1139	120960.0
1140	121220.0
1141	119244.0
1142	122908.0
1143	121460.0
1144	121732.0
1145	120264.0
1146	120072.0
1147	120388.0
1148	119768.0
1149	119220.0
1150	118708.0
1151	120932.0
1152	120084.0
1153	120988.0
1154	120460.0
1155	121732.0
1156	120308.0
1157	118956.0
1158	119408.0
1159	120000.0
1160	119080.0
1161	118624.0
1162	118476.0
1163	117800.0
1164	116984.0
1165	116388.0
1166	116588.0
1167	117928.0
1168	119056.0
1169	117868.0
1170	115464.0
1171	115912.0
1172	116396.0
1173	116388.0
1174	115196.0
1175	117320.0
1176	116272.0
1177	116152.0
1178	116668.0
1179	116352.0
1180	116484.0
1181	118168.0
1182	116176.0
1183	115212.0
1184	118024.0
1185	117532.0
1186	117508.0
1187	115612.0
1188	117644.0
1189	115752.0
1190	116756.0
1191	116988.0
1192	118312.0
1193	118312.0
1194	118080.0
1195	119100.0
1196	118868.0
1197	120760.0
1198	118140.0
1199	116540.0
1200	120104.0
1201	120240.0
1202	120384.0
1203	120252.0
1204	119396.0
1205	120028.0
1206	119784.0
1207	118452.0
1208	118068.0
1209	120124.0
1210	120780.0
1211	120044.0
1212	119712.0
1213	119068.0
1214	119788.0
1215	118692.0
1216	119860.0
1217	118604.0
1218	120108.0
1219	121892.0
1220	120360.0
1221	119644.0
1222	120056.0
1223	119344.0
1224	118444.0
1225	121172.0
1226	119632.0
1227	120892.0
1228	120820.0
1229	121088.0
1230	121024.0
1231	120736.0
1232	120108.0
1233	118548.0
1234	120984.0
1235	121944.0
1236	121732.0
1237	121232.0
1238	120696.0
1239	121520.0
1240	121124.0
1241	121504.0
1242	119740.0
1243	119888.0
1244	119804.0
1245	118996.0
1246	120464.0
1247	120820.0
1248	119368.0
1249	120180.0
1250	120444.0
1251	119656.0
1252	120728.0
1253	119636.0
1254	121220.0
1255	122188.0
1256	121600.0
1257	120284.0
1258	121468.0
1259	122044.0
1260	122896.0
1261	120636.0
1262	122056.0
1263	121232.0
1264	120976.0
1265	121252.0
1266	120664.0
1267	121804.0
1268	122104.0
1269	121280.0
1270	121228.0
1271	120780.0
1272	121632.0
1273	118816.0
1274	120388.0
1275	121912.0
1276	121428.0
1277	120976.0
1278	121116.0
1279	120308.0
1280	122128.0
1281	119656.0
1282	120608.0
1283	121264.0
1284	122096.0
1285	121056.0
1286	119908.0
1287	121680.0
1288	119968.0
1289	121224.0
1290	120744.0
1291	119548.0
1292	121452.0
1293	120800.0
1294	120108.0
1295	119888.0
1296	120004.0
1297	118420.0
1298	119308.0
1299	118932.0
1300	119728.0
1301	119172.0
1302	118464.0
1303	120248.0
1304	119708.0
1305	119476.0
1306	120140.0
1307	119148.0
1308	120108.0
1309	120384.0
1310	121148.0
1311	120696.0
1312	120984.0
1313	120948.0
1314	120168.0
1315	119756.0
1316	121336.0
1317	120632.0
1318	120620.0
1319	122240.0
1320	120676.0
1321	120748.0
1322	121344.0
1323	118180.0
1324	120756.0
1325	121780.0
1326	119820.0
1327	119316.0
1328	119196.0
1329	119540.0
1330	119420.0
1331	119060.0
1332	119748.0
1333	118108.0
1334	120392.0
1335	120244.0
1336	119788.0
1337	121000.0
1338	119572.0
1339	119312.0
1340	119848.0
1341	121328.0
1342	120492.0
1343	121788.0
1344	121912.0
1345	122332.0
1346	120764.0
1347	120940.0
1348	121096.0
1349	121272.0
1350	121720.0
1351	121636.0
1352	120204.0
1353	120284.0
1354	120024.0
1355	119876.0
1356	120316.0
1357	120716.0
1358	118704.0
1359	120216.0
1360	120820.0
1361	119300.0
1362	119244.0
1363	120844.0
1364	119424.0
1365	119472.0
1366	120220.0
1367	121284.0
1368	119956.0
1369	119928.0
1370	119588.0
1371	119112.0
1372	120656.0
1373	119048.0
1374	119588.0
1375	118536.0
1376	118624.0
1377	118780.0
1378	117460.0
1379	116916.0
1380	116660.0
1381	115560.0
1382	116564.0
1383	116360.0
1384	116312.0
1385	115748.0
1386	115312.0
1387	117420.0
1388	115432.0
1389	116652.0
1390	116052.0
1391	117264.0
1392	115536.0
1393	117588.0
1394	118144.0
1395	117824.0
1396	117564.0
1397	118228.0
1398	119852.0
1399	118780.0
1400	119408.0
1401	117516.0
1402	119288.0
1403	119728.0
1404	118692.0
1405	118192.0
1406	117348.0
1407	118100.0
1408	117536.0
1409	116668.0
1410	118368.0
1411	119788.0
1412	117836.0
1413	118004.0
1414	117320.0
1415	117972.0
1416	118856.0
1417	118488.0
1418	118636.0
1419	119900.0
1420	118348.0
1421	118572.0
1422	117164.0
1423	119132.0
1424	119472.0
1425	117288.0
1426	119264.0
1427	119308.0
1428	118116.0
1429	117216.0
1430	117952.0
1431	118260.0
1432	116716.0
1433	116504.0
1434	116948.0
1435	115212.0
1436	116468.0
1437	115016.0
1438	115984.0
1439	115840.0
1440	114696.0
1441	116396.0
1442	115628.0
1443	116320.0
1444	116400.0
1445	116280.0
1446	115652.0
1447	114428.0
1448	115376.0
1449	114828.0
1450	114508.0
1451	114884.0
1452	114108.0
1453	115984.0
1454	115740.0
1455	115200.0
1456	116780.0
1457	114084.0
1458	114732.0
1459	112900.0
1460	110764.0
1461	112136.0
1462	110148.0
1463	109176.0
1464	109344.0
1465	111808.0
1466	109644.0
1467	110380.0
1468	109800.0
1469	109668.0
1470	111448.0
1471	110700.0
1472	109208.0
1473	110716.0
1474	110232.0
1475	110652.0
1476	110240.0
1477	109888.0
1478	110308.0
1479	110640.0
1480	109700.0
1481	109960.0
1482	111108.0
1483	109228.0
1484	109420.0
1485	110520.0
1486	108656.0
1487	110844.0
1488	109428.0
1489	110076.0
1490	110316.0
1491	110292.0
1492	109104.0
1493	108672.0
1494	109280.0
1495	110080.0
1496	108964.0
1497	109144.0
1498	111040.0
1499	113168.0
1500	112300.0
1501	110848.0
1502	112904.0
1503	112448.0
1504	113576.0
1505	112216.0
1506	113200.0
1507	114004.0
1508	113080.0
1509	112980.0
1510	113476.0
1511	113852.0
1512	112188.0
1513	112316.0
1514	112376.0
1515	114588.0
1516	112772.0
1517	112116.0
1518	112344.0
1519	111744.0
1520	112060.0
1521	111800.0
1522	110736.0
1523	112628.0
1524	113232.0
1525	111480.0
1526	111696.0
1527	110984.0
1528	112856.0
1529	113136.0
1530	112484.0
1531	113816.0
1532	113964.0
1533	115112.0
1534	112504.0
1535	114048.0
1536	113964.0
1537	114568.0
1538	112020.0
1539	113116.0
1540	113904.0
1541	114016.0
1542	112232.0
1543	110888.0
1544	112008.0
1545	112060.0
1546	111544.0
1547	111984.0
1548	113028.0
1549	111140.0
1550	111396.0
1551	111380.0
1552	112560.0
1553	111576.0
1554	112996.0
1555	111880.0
1556	112832.0
1557	114492.0
1558	112160.0
1559	111384.0
1560	111136.0
1561	113296.0
1562	111652.0
1563	112008.0
1564	111664.0
1565	112768.0
1566	112832.0
1567	111696.0
1568	111652.0
1569	111440.0
1570	110780.0
1571	111228.0
1572	108696.0
1573	109972.0
1574	111952.0
1575	110256.0
1576	108716.0
1577	109616.0
1578	110076.0
1579	109528.0
1580	109700.0
1581	111244.0
1582	111040.0
1583	111368.0
1584	111720.0
1585	111984.0
1586	111844.0
1587	111072.0
1588	112516.0
1589	112676.0
1590	113120.0
1591	113664.0
1592	110084.0
1593	111008.0
1594	112816.0
1595	110648.0
1596	110860.0
1597	110548.0
1598	113044.0
1599	112796.0
1600	110116.0
1601	108844.0
1602	109056.0
1603	109324.0
1604	108344.0
1605	108988.0
1606	110016.0
1607	111468.0
1608	109840.0
1609	109872.0
1610	108680.0
1611	108452.0
1612	107376.0
1613	108468.0
1614	106616.0
1615	109712.0
1616	109804.0
1617	107892.0
1618	107056.0
1619	107160.0
1620	107540.0
1621	107596.0
1622	107252.0
1623	107560.0
1624	108700.0
1625	106008.0
1626	106016.0
1627	106464.0
1628	106708.0
1629	105468.0
1630	106948.0
1631	106544.0
1632	107320.0
1633	106660.0
1634	106852.0
1635	108144.0
1636	106712.0
1637	105968.0
1638	106768.0
1639	107924.0
1640	108712.0
1641	109784.0
1642	107696.0
1643	107500.0
1644	107512.0
1645	108900.0
1646	107540.0
1647	106576.0
1648	110020.0
1649	108304.0
1650	108344.0
1651	106888.0
1652	106812.0
1653	106396.0
1654	106500.0
1655	105216.0
1656	107048.0
1657	106912.0
1658	107408.0
1659	106200.0
1660	105632.0
1661	105408.0
1662	107928.0
1663	105844.0
1664	105060.0
1665	106836.0
1666	108540.0
1667	104316.0
1668	106196.0
1669	106128.0
1670	106704.0
1671	106964.0
1672	106000.0
1673	107344.0
1674	108228.0
1675	106300.0
1676	104824.0
1677	106792.0
1678	107460.0
1679	107128.0
1680	104912.0
1681	105644.0
1682	105080.0
1683	105416.0
1684	102836.0
1685	103596.0
1686	105828.0
1687	104808.0
1688	104864.0
1689	104140.0
1690	105708.0
1691	106908.0
1692	104988.0
1693	105528.0
1694	104820.0
1695	106576.0
1696	104968.0
1697	105208.0
1698	105268.0
1699	106376.0
1700	106012.0
1701	105676.0
1702	104728.0
1703	105560.0
1704	106936.0
1705	104872.0
1706	106108.0
1707	106648.0
1708	106460.0
1709	104640.0
1710	105168.0
1711	105652.0
1712	104148.0
1713	102456.0
1714	103820.0
1715	104596.0
1716	103164.0
1717	102904.0
1718	102180.0
1719	102572.0
1720	103336.0
1721	104760.0
1722	102488.0
1723	104996.0
1724	105624.0
1725	104308.0
1726	102552.0
1727	103000.0
1728	103048.0
1729	102676.0
1730	100652.0
1731	101852.0
1732	103608.0
1733	102904.0
1734	100708.0
1735	102292.0
1736	103420.0
1737	101700.0
1738	100872.0
1739	101416.0
1740	102064.0
1741	103412.0
1742	100604.0
1743	100240.0
1744	100360.0
1745	101076.0
1746	99076.0
1747	101044.0
1748	101896.0
1749	101740.0
1750	102004.0
1751	100204.0
1752	101196.0
1753	102024.0
1754	103436.0
1755	101348.0
1756	101716.0
1757	103656.0
1758	102844.0
1759	101532.0
1760	100192.0
1761	102988.0
1762	102660.0
1763	100520.0
1764	100228.0
1765	103048.0
1766	100832.0
1767	98716.0
1768	98732.0
1769	99652.0
1770	100536.0
1771	98384.0
1772	99004.0
1773	101392.0
1774	101288.0
1775	100816.0
1776	99572.0
1777	100292.0
1778	100056.0
1779	100812.0
1780	100248.0
1781	100752.0
1782	102216.0
1783	101672.0
1784	100312.0
1785	102228.0
1786	101948.0
1787	102756.0
1788	102312.0
1789	101268.0
1790	101816.0
1791	103380.0
1792	102620.0
1793	100384.0
1794	100820.0
1795	101652.0
1796	99776.0
1797	100796.0
1798	101132.0
1799	100724.0
1800	100052.0
1801	98552.0
1802	98552.0
1803	100080.0
1804	98788.0
1805	97996.0
1806	100804.0
1807	100420.0
1808	101260.0
1809	99192.0
1810	99224.0
1811	99304.0
1812	100376.0
1813	98672.0
1814	100416.0
1815	101144.0
1816	100708.0
1817	99440.0
1818	99520.0
1819	98924.0
1820	100428.0
1821	99140.0
1822	98444.0
1823	99056.0
1824	99928.0
1825	99484.0
1826	98364.0
1827	97948.0
1828	97984.0
1829	99420.0
1830	97792.0
1831	99336.0
1832	101412.0
1833	100736.0
1834	98904.0
1835	99824.0
1836	100460.0
1837	100700.0
1838	101008.0
1839	101052.0
1840	102092.0
1841	102736.0
1842	101608.0
1843	98628.0
1844	100212.0
1845	98916.0
1846	99376.0
1847	98704.0
1848	100304.0
1849	100572.0
1850	99512.0
1851	97064.0
1852	97376.0
1853	98748.0
1854	99424.0
1855	97104.0
1856	98028.0
1857	100372.0
1858	100024.0
1859	97420.0
1860	97944.0
1861	98676.0
1862	97680.0
1863	98344.0
1864	98400.0
1865	100100.0
1866	99816.0
1867	99220.0
1868	97768.0
1869	97952.0
1870	97416.0
1871	96888.0
1872	96912.0
1873	99852.0
1874	99384.0
1875	97760.0
1876	96540.0
1877	96232.0
1878	96028.0
1879	95784.0
1880	93848.0
1881	96908.0
1882	97404.0
1883	96680.0
1884	95412.0
1885	96920.0
1886	95816.0
1887	96004.0
1888	95600.0
1889	97036.0
1890	98792.0
1891	98032.0
1892	98296.0
1893	97532.0
1894	97084.0
1895	97972.0
1896	96232.0
1897	96704.0
1898	98144.0
1899	97400.0
1900	97724.0
1901	95296.0
1902	96736.0
1903	96852.0
1904	95744.0
1905	95864.0
1906	94908.0
1907	95344.0
1908	94728.0
1909	95000.0
1910	94508.0
1911	96232.0
1912	94108.0
1913	94856.0
1914	95656.0
1915	96652.0
1916	95580.0
1917	94268.0
1918	95468.0
1919	96060.0
1920	97228.0
1921	96208.0
1922	94860.0
1923	96556.0
1924	97996.0
1925	96032.0
1926	94424.0
1927	95640.0
1928	94800.0
1929	95276.0
1930	94412.0
1931	95348.0
1932	95448.0
1933	94976.0
1934	93260.0
1935	92352.0
1936	93728.0
1937	93664.0
1938	92548.0
1939	91736.0
1940	95728.0
1941	93236.0
1942	93744.0
1943	92000.0
1944	93356.0
1945	94108.0
1946	93040.0
1947	92672.0
1948	94576.0
1949	94232.0
1950	93488.0
1951	92228.0
1952	92336.0
1953	93584.0
1954	93124.0
1955	91888.0
1956	92896.0
1957	95408.0
1958	94248.0
1959	91680.0
1960	92360.0
1961	93864.0
1962	91616.0
1963	91624.0
1964	92552.0
1965	92068.0
1966	93440.0
1967	90484.0
1968	91808.0
1969	90812.0
1970	91296.0
1971	91844.0
1972	92068.0
1973	93296.0
1974	94312.0
1975	92364.0
1976	90816.0
1977	91268.0
1978	92760.0
1979	91048.0
1980	91240.0
1981	92340.0
1982	94304.0
1983	94092.0
1984	91604.0
1985	92744.0
1986	92568.0
1987	92460.0
1988	90996.0
1989	92092.0
1990	92968.0
1991	93136.0
1992	90464.0
1993	90224.0
1994	90888.0
1995	91356.0
1996	89556.0
1997	88852.0
1998	92272.0
1999	92828.0
2000	90112.0
2001	91300.0
2002	92788.0
2003	92028.0
2004	91504.0
2005	90384.0
2006	92944.0
2007	92864.0
2008	93564.0
2009	91860.0
2010	91256.0
2011	91716.0
2012	90088.0
2013	89292.0
2014	89140.0
2015	92100.0
2016	91600.0
2017	89708.0
2018	88392.0
2019	87644.0
2020	87944.0
2021	86676.0
2022	86840.0
2023	89048.0
2024	89212.0
2025	88144.0
2026	86000.0
2027	88824.0
2028	87732.0
2029	88004.0
2030	86912.0
2031	89040.0
2032	90276.0
2033	91292.0
2034	89420.0
2035	89332.0
2036	90700.0
2037	90028.0
2038	88896.0
2039	89612.0
2040	90576.0
2041	89028.0
2042	87252.0
2043	89196.0
2044	87976.0
2045	87544.0
2046	86224.0
2047	86316.0
2048	87780.0
2049	89864.0
2050	88908.0
2051	88768.0
2052	86776.0
2053	89044.0
2054	87060.0
2055	88304.0
2056	89652.0
2057	90220.0
2058	90232.0
2059	88040.0
2060	88568.0
2061	89292.0
2062	88364.0
2063	86804.0
2064	88220.0
2065	88956.0
2066	89428.0
2067	88076.0
2068	86872.0
2069	86604.0
2070	87136.0
2071	85952.0
2072	85676.0
2073	88552.0
2074	88376.0
2075	85372.0
2076	84816.0
2077	85576.0
2078	84964.0
2079	83688.0
2080	83444.0
2081	84600.0
2082	85864.0
2083	85424.0
2084	83296.0
2085	84692.0
2086	84628.0
2087	85836.0
2088	83672.0
2089	84692.0
2090	86084.0
2091	86940.0
2092	84480.0
2093	83944.0
2094	85368.0
2095	83988.0
2096	84088.0
2097	84816.0
2098	86588.0
2099	85892.0
2100	85424.0
2101	83404.0
2102	84248.0
2103	83372.0
2104	82328.0
2105	81992.0
2106	83584.0
2107	83980.0
2108	85592.0
2109	82608.0
2110	82996.0
2111	83976.0
2112	83276.0
2113	82984.0
2114	83544.0
2115	84512.0
2116	85144.0
2117	82444.0
2118	82612.0
2119	81248.0
2120	83632.0
2121	81692.0
2122	82024.0
2123	84056.0
2124	84784.0
2125	82624.0
2126	81220.0
2127	82176.0
2128	82504.0
2129	81464.0
2130	81188.0
2131	83440.0
2132	83992.0
2133	82700.0
2134	81116.0
2135	81020.0
2136	80848.0
2137	82044.0
2138	80516.0
2139	82172.0
2140	82224.0
2141	82532.0
2142	82376.0
2143	82964.0
2144	82192.0
2145	81780.0
2146	81872.0
2147	81968.0
2148	84284.0
2149	84336.0
2150	83208.0
2151	81416.0
2152	80996.0
2153	81660.0
2154	80980.0
2155	80300.0
2156	82684.0
2157	83316.0
2158	83132.0
2159	81608.0
2160	81588.0
2161	80976.0
2162	80764.0
2163	80300.0
2164	79312.0
2165	80516.0
2166	80828.0
2167	78124.0
2168	78872.0
2169	80188.0
2170	78808.0
2171	79720.0
2172	78888.0
2173	80520.0
2174	81308.0
2175	78988.0
2176	76788.0
2177	78648.0
2178	78400.0
2179	78832.0
2180	77932.0
2181	78412.0
2182	79236.0
2183	79516.0
2184	76920.0
2185	76660.0
2186	76932.0
2187	75956.0
2188	74664.0
2189	75940.0
2190	76352.0
2191	76368.0
2192	74512.0
2193	76096.0
2194	74444.0
2195	75584.0
2196	75504.0
2197	73852.0
2198	77320.0
2199	76820.0
2200	75048.0
2201	74944.0
2202	75132.0
2203	75464.0
2204	74580.0
2205	74640.0
2206	74780.0
2207	77108.0
2208	77248.0
2209	73760.0
2210	74488.0
2211	76680.0
2212	74140.0
2213	73716.0
2214	73440.0
2215	75132.0
2216	74836.0
2217	72672.0
2218	72056.0
2219	72604.0
2220	72788.0
2221	71832.0
2222	71372.0
2223	73596.0
2224	73856.0
2225	73016.0
2226	71932.0
2227	72044.0
2228	72184.0
2229	73404.0
2230	71540.0
2231	73928.0
2232	73532.0
2233	73792.0
2234	72576.0
2235	72860.0
2236	73960.0
2237	73236.0
2238	72568.0
2239	73740.0
2240	75460.0
2241	76908.0
2242	73648.0
2243	72336.0
2244	73180.0
2245	73060.0
2246	71592.0
2247	72176.0
2248	74536.0
2249	75752.0
2250	74448.0
2251	72596.0
2252	73816.0
2253	73076.0
2254	72732.0
2255	72188.0
2256	72376.0
2257	74624.0
2258	73596.0
2259	71324.0
2260	71996.0
2261	73752.0
2262	72864.0
2263	71292.0
2264	72072.0
2265	75076.0
2266	74352.0
2267	73060.0
2268	71740.0
2269	71848.0
2270	72100.0
2271	71740.0
2272	71192.0
2273	73148.0
2274	72484.0
2275	70292.0
2276	71148.0
2277	70072.0
2278	71372.0
2279	70156.0
2280	69700.0
2281	71736.0
2282	72552.0
2283	71952.0
2284	69656.0
2285	71224.0
2286	70680.0
2287	70608.0
2288	70856.0
2289	71660.0
2290	72388.0
2291	72220.0
2292	71004.0
2293	69728.0
2294	71312.0
2295	70372.0
2296	71348.0
2297	70564.0
2298	72748.0
2299	70944.0
2300	70832.0
2301	69768.0
2302	68428.0
2303	69152.0
2304	69456.0
2305	69160.0
2306	69740.0
2307	70676.0
2308	72184.0
2309	68168.0
2310	67368.0
2311	68736.0
2312	67944.0
2313	68044.0
2314	68176.0
2315	69320.0
2316	69412.0
2317	67636.0
2318	69172.0
2319	68764.0
2320	68028.0
2321	67284.0
2322	67268.0
2323	69392.0
2324	69700.0
2325	68456.0
2326	67056.0
2327	67116.0
2328	67392.0
2329	66940.0
2330	66352.0
2331	67052.0
2332	67980.0
2333	67632.0
2334	65496.0
2335	65048.0
2336	65464.0
2337	64540.0
2338	64928.0
2339	65152.0
2340	66212.0
2341	67044.0
2342	65308.0
2343	65312.0
2344	65964.0
2345	64968.0
2346	64884.0
2347	64656.0
2348	67092.0
2349	66744.0
2350	65296.0
2351	64548.0
2352	66352.0
2353	64868.0
2354	66092.0
2355	64104.0
2356	64276.0
2357	65508.0
2358	65072.0
2359	62832.0
2360	63296.0
2361	63892.0
2362	64384.0
2363	62696.0
2364	62400.0
2365	62252.0
2366	63912.0
2367	62988.0
2368	62544.0
2369	63480.0
2370	62636.0
2371	62144.0
2372	62796.0
2373	63384.0
2374	65536.0
2375	64672.0
2376	63484.0
2377	63336.0
2378	64220.0
2379	62988.0
2380	62712.0
2381	64592.0
2382	65148.0
2383	64468.0
2384	62916.0
2385	62060.0
2386	62580.0
2387	62488.0
2388	61860.0
2389	60828.0
2390	63932.0
2391	63200.0
2392	61572.0
2393	60976.0
2394	60208.0
2395	60300.0
2396	60296.0
2397	60340.0
2398	61100.0
2399	63348.0
2400	60404.0
2401	59772.0
2402	60964.0
2403	60636.0
2404	60700.0
2405	60348.0
2406	61092.0
2407	62324.0
2408	62388.0
2409	61172.0
2410	61184.0
2411	61508.0
2412	60860.0
2413	60352.0
2414	59712.0
2415	61996.0
2416	61716.0
2417	59888.0
2418	59920.0
2419	61376.0
2420	60216.0
2421	59708.0
2422	59212.0
2423	59636.0
2424	60172.0
2425	59048.0
2426	58640.0
2427	59024.0
2428	59756.0
2429	59000.0
2430	59372.0
2431	58780.0
2432	60864.0
2433	60220.0
2434	59584.0
2435	59660.0
2436	58948.0
2437	59948.0
2438	59884.0
2439	58948.0
2440	61528.0
2441	60756.0
2442	59960.0
2443	59064.0
2444	59256.0
2445	58348.0
2446	58068.0
2447	58280.0
2448	59596.0
2449	59264.0
2450	59936.0
2451	57756.0
2452	57468.0
2453	56708.0
2454	56680.0
2455	56640.0
2456	57348.0
2457	57812.0
2458	58292.0
2459	57624.0
2460	57876.0
2461	56756.0
2462	56592.0
2463	57348.0
2464	57288.0
2465	58188.0
2466	58928.0
2467	57980.0
2468	57752.0
2469	58248.0
2470	58136.0
2471	58544.0
2472	56888.0
2473	56936.0
2474	57820.0
2475	57604.0
2476	56368.0
2477	55516.0
2478	57072.0
2479	55528.0
2480	54632.0
2481	56448.0
2482	56880.0
2483	55716.0
2484	55696.0
2485	56048.0
2486	55916.0
2487	56044.0
2488	55520.0
2489	55704.0
2490	58268.0
2491	56296.0
2492	55756.0
2493	55960.0
2494	56672.0
2495	54952.0
2496	55444.0
2497	55220.0
2498	56660.0
2499	55792.0
2500	55944.0
2501	54044.0
2502	55872.0
2503	54612.0
2504	55404.0
2505	53936.0
2506	55052.0
2507	54804.0
2508	54736.0
2509	54860.0
2510	53880.0
2511	53656.0
2512	53948.0
2513	54544.0
2514	53448.0
2515	55072.0
2516	55880.0
2517	54504.0
2518	53100.0
2519	54248.0
2520	54596.0
2521	54536.0
2522	54944.0
2523	54984.0
2524	54480.0
2525	55780.0
2526	54704.0
2527	53832.0
2528	53616.0
2529	53612.0
2530	53560.0
2531	53916.0
2532	54276.0
2533	54108.0
2534	52752.0
2535	51668.0
2536	53416.0
2537	52136.0
2538	51680.0
2539	51584.0
2540	53672.0
2541	52276.0
2542	51660.0
2543	51976.0
2544	51580.0
2545	51176.0
2546	51608.0
2547	51704.0
2548	52012.0
2549	52156.0
2550	52492.0
2551	51328.0
2552	51696.0
2553	52240.0
2554	51364.0
2555	51732.0
2556	51376.0
2557	52688.0
2558	53480.0
2559	51600.0
2560	51188.0
2561	52256.0
2562	51968.0
2563	50556.0
2564	50048.0
2565	51416.0
2566	51612.0
2567	51888.0
2568	51152.0
2569	50136.0
2570	51868.0
2571	51356.0
2572	50656.0
2573	51148.0
2574	51900.0
2575	50864.0
2576	49740.0
2577	50332.0
2578	51848.0
2579	51400.0
2580	50348.0
2581	51364.0
2582	52952.0
2583	51980.0
2584	51860.0
2585	50828.0
2586	51496.0
2587	50880.0
2588	51256.0
2589	51244.0
2590	52084.0
2591	51932.0
2592	51004.0
2593	49700.0
2594	50044.0
2595	51472.0
2596	49736.0
2597	49312.0
2598	50008.0
2599	50252.0
2600	49616.0
2601	49284.0
2602	49316.0
2603	50076.0
2604	49244.0
2605	49556.0
2606	50424.0
2607	50336.0
2608	50272.0
2609	48780.0
2610	48732.0
2611	49792.0
2612	48912.0
2613	50592.0
2614	50468.0
2615	50600.0
2616	49912.0
2617	48968.0
2618	49272.0
2619	49620.0
2620	50324.0
2621	49348.0
2622	49412.0
2623	49660.0
2624	49720.0
2625	49068.0
2626	49092.0
2627	48832.0
2628	49496.0
2629	48128.0
2630	47088.0
2631	48544.0
2632	49400.0
2633	48792.0
2634	48136.0
2635	48740.0
2636	49040.0
2637	49020.0
2638	49232.0
2639	49192.0
2640	49128.0
2641	49388.0
2642	48524.0
2643	48684.0
2644	49204.0
2645	47616.0
2646	48044.0
2647	48912.0
2648	48828.0
2649	48128.0
2650	49264.0
2651	47512.0
2652	47208.0
2653	48216.0
2654	47536.0
2655	47348.0
2656	46872.0
2657	48392.0
2658	48268.0
2659	46848.0
2660	48140.0
2661	47404.0
2662	47628.0
2663	48100.0
2664	47520.0
2665	48324.0
2666	47476.0
2667	48028.0
2668	47456.0
2669	47764.0
2670	47868.0
2671	47468.0
2672	47328.0
2673	47204.0
2674	48204.0
2675	47416.0
2676	47148.0
2677	47024.0
2678	48164.0
2679	47352.0
2680	47416.0
2681	46748.0
2682	46732.0
2683	47624.0
2684	46400.0
2685	47284.0
2686	46688.0
2687	47040.0
2688	46516.0
2689	46120.0
2690	46948.0
2691	45772.0
2692	45668.0
2693	46964.0
2694	45984.0
2695	46660.0
2696	45720.0
2697	45752.0
2698	45740.0
2699	45644.0
2700	46184.0
2701	45972.0
2702	46428.0
2703	47164.0
2704	46020.0
2705	45928.0
2706	46828.0
2707	46252.0
2708	46024.0
2709	46992.0
2710	45576.0
2711	46108.0
2712	45396.0
2713	46192.0
2714	44820.0
2715	45220.0
2716	45260.0
2717	45464.0
2718	44568.0
2719	45208.0
2720	44880.0
2721	44332.0
2722	44332.0
2723	45608.0
2724	44160.0
2725	44196.0
2726	45296.0
2727	45468.0
2728	45628.0
2729	44684.0
2730	44332.0
2731	44708.0
2732	44596.0
2733	44952.0
2734	44528.0
2735	45444.0
2736	44808.0
2737	43916.0
2738	43948.0
2739	44844.0
2740	44488.0
2741	44828.0
2742	45116.0
2743	44000.0
2744	44156.0
2745	44176.0
2746	44060.0
2747	43964.0
