0	38.0
1	35.0
2	38.0
3	38.0
4	38.0
5	38.0
6	38.0
7	38.0
8	24.0
9	35.0
10	38.0
11	38.0
12	38.0
13	38.0
14	38.0
15	38.0
16	38.0
17	27.0
18	38.0
19	38.0
20	38.0
21	38.0
22	38.0
23	33.0
24	38.0
25	38.0
26	28.0
27	38.0
28	26.0
29	38.0
30	35.0
31	38.0
32	30.0
33	38.0
34	38.0
35	38.0
36	31.0
37	26.0
38	38.0
39	30.0
40	31.0
41	31.0
42	34.0
43	38.0
44	34.0
45	38.0
46	34.0
47	38.0
48	24.0
49	22.0
50	29.0
51	38.0
52	31.0
53	38.0
54	30.0
55	38.0
56	38.0
57	28.0
58	22.0
59	38.0
60	38.0
61	38.0
62	30.0
63	33.0
64	20.0
65	31.0
66	38.0
67	38.0
68	38.0
69	38.0
70	24.0
71	24.0
72	28.0
73	38.0
74	38.0
75	35.0
76	38.0
77	38.0
78	38.0
79	38.0
80	38.0
81	38.0
82	38.0
83	20.0
84	28.0
85	34.0
86	38.0
87	38.0
88	37.0
89	38.0
90	12.0
91	35.0
92	33.0
93	24.0
94	38.0
95	38.0
96	38.0
97	38.0
98	38.0
99	20.0
100	38.0
101	33.0
102	38.0
103	38.0
104	38.0
105	38.0
106	36.0
107	27.0
108	38.0
109	33.0
110	30.0
111	38.0
112	38.0
113	38.0
114	38.0
115	37.0
116	38.0
117	14.0
118	18.0
119	31.0
120	38.0
121	37.0
122	38.0
123	28.0
124	38.0
125	38.0
126	22.0
127	34.0
128	28.0
129	38.0
130	38.0
131	38.0
132	38.0
133	38.0
134	38.0
135	38.0
136	38.0
137	38.0
138	38.0
139	33.0
140	38.0
141	37.0
142	31.0
143	38.0
144	33.0
145	38.0
146	38.0
147	38.0
148	30.0
149	35.0
150	38.0
151	38.0
152	38.0
153	31.0
154	30.0
155	38.0
156	24.0
157	38.0
158	28.0
159	38.0
160	38.0
161	31.0
162	38.0
163	38.0
164	38.0
165	38.0
166	29.0
167	28.0
168	38.0
169	33.0
170	38.0
171	38.0
172	22.0
173	38.0
174	38.0
175	38.0
176	35.0
177	38.0
178	18.0
179	34.0
180	38.0
181	38.0
182	38.0
183	38.0
184	38.0
185	38.0
186	37.0
187	38.0
188	38.0
189	20.0
190	38.0
191	38.0
192	20.0
193	31.0
194	20.0
195	37.0
196	38.0
197	38.0
198	38.0
199	38.0
200	38.0
201	38.0
202	26.0
203	38.0
204	38.0
205	20.0
206	18.0
207	38.0
208	38.0
209	38.0
210	38.0
211	29.0
212	26.0
213	38.0
214	38.0
215	10.0
216	38.0
217	22.0
218	38.0
219	38.0
220	28.0
221	37.0
222	38.0
223	30.0
224	38.0
225	29.0
226	27.0
227	38.0
228	38.0
229	35.0
230	38.0
231	30.0
232	33.0
233	38.0
234	38.0
235	38.0
236	31.0
237	38.0
238	35.0
239	38.0
240	37.0
241	37.0
242	38.0
243	38.0
244	38.0
245	38.0
246	38.0
247	37.0
248	38.0
249	38.0
250	26.0
251	38.0
252	38.0
253	38.0
254	38.0
255	38.0
256	33.0
257	38.0
258	22.0
259	38.0
260	28.0
261	38.0
262	38.0
263	38.0
264	38.0
265	38.0
266	38.0
267	38.0
268	38.0
269	38.0
270	33.0
271	38.0
272	31.0
273	38.0
274	38.0
275	38.0
276	18.0
277	35.0
278	35.0
279	29.0
280	38.0
281	32.0
282	22.0
283	38.0
284	38.0
285	38.0
286	38.0
287	38.0
288	38.0
289	20.0
290	38.0
291	38.0
292	38.0
293	38.0
294	38.0
295	38.0
296	38.0
297	38.0
298	33.0
299	35.0
300	35.0
301	38.0
302	38.0
303	28.0
304	38.0
305	38.0
306	31.0
307	26.0
308	38.0
309	38.0
310	38.0
311	38.0
312	38.0
313	38.0
314	38.0
315	28.0
316	38.0
317	38.0
318	26.0
319	38.0
320	14.0
321	38.0
322	38.0
323	22.0
324	38.0
325	38.0
326	38.0
327	20.0
328	37.0
329	38.0
330	38.0
331	38.0
332	38.0
333	20.0
334	33.0
335	24.0
336	31.0
337	38.0
338	22.0
339	38.0
340	38.0
341	38.0
342	20.0
343	38.0
344	38.0
345	38.0
346	31.0
347	29.0
348	18.0
349	38.0
350	28.0
351	4.0
352	38.0
353	37.0
354	38.0
355	38.0
356	38.0
357	38.0
358	38.0
359	38.0
360	38.0
361	35.0
362	38.0
363	38.0
364	33.0
365	38.0
366	38.0
367	38.0
368	38.0
369	38.0
370	37.0
371	37.0
372	16.0
373	38.0
374	35.0
375	38.0
376	38.0
377	35.0
378	38.0
379	38.0
380	24.0
381	38.0
382	32.0
383	38.0
384	38.0
385	38.0
386	37.0
387	38.0
388	38.0
389	29.0
390	38.0
391	38.0
392	35.0
393	38.0
394	35.0
395	38.0
396	22.0
397	38.0
398	38.0
399	38.0
400	38.0
401	38.0
402	38.0
403	28.0
404	30.0
405	38.0
406	34.0
407	38.0
408	37.0
409	38.0
410	38.0
411	22.0
412	38.0
413	38.0
414	35.0
415	38.0
416	38.0
417	38.0
418	38.0
419	38.0
420	28.0
421	38.0
422	38.0
423	38.0
424	38.0
425	12.0
426	22.0
427	38.0
428	35.0
429	35.0
430	38.0
431	34.0
432	38.0
433	20.0
434	38.0
435	38.0
436	38.0
437	38.0
438	30.0
439	38.0
440	20.0
441	20.0
442	38.0
443	38.0
444	38.0
445	25.0
446	38.0
447	38.0
448	38.0
449	38.0
450	38.0
451	34.0
452	20.0
453	38.0
454	38.0
455	26.0
456	38.0
457	38.0
458	38.0
459	36.0
460	33.0
461	26.0
462	28.0
463	38.0
464	38.0
465	38.0
466	29.0
467	33.0
468	38.0
469	35.0
470	38.0
471	38.0
472	30.0
473	38.0
474	38.0
475	38.0
476	32.0
477	38.0
478	33.0
479	25.0
480	37.0
481	31.0
482	26.0
483	38.0
484	38.0
485	38.0
486	38.0
487	33.0
488	38.0
489	38.0
490	35.0
491	24.0
492	38.0
493	38.0
494	33.0
495	28.0
496	38.0
497	22.0
498	29.0
499	38.0
500	38.0
501	37.0
502	26.0
503	38.0
504	31.0
505	38.0
506	38.0
507	37.0
508	37.0
509	38.0
510	38.0
511	28.0
512	24.0
513	33.0
514	38.0
515	33.0
516	35.0
517	38.0
518	38.0
519	28.0
520	38.0
521	38.0
522	27.0
523	35.0
524	20.0
525	37.0
526	38.0
527	38.0
528	31.0
529	38.0
530	38.0
531	38.0
532	38.0
533	38.0
534	38.0
535	38.0
536	31.0
537	38.0
538	38.0
539	38.0
540	26.0
541	38.0
542	31.0
543	38.0
544	30.0
545	38.0
546	38.0
547	38.0
548	38.0
549	20.0
550	38.0
551	38.0
552	33.0
553	38.0
554	38.0
555	30.0
556	38.0
557	38.0
558	20.0
559	38.0
560	31.0
561	38.0
562	38.0
563	33.0
564	22.0
565	38.0
566	14.0
567	34.0
568	38.0
569	35.0
570	38.0
571	38.0
572	38.0
573	38.0
574	38.0
575	38.0
576	38.0
577	38.0
578	38.0
579	38.0
580	20.0
581	38.0
582	38.0
583	38.0
584	38.0
585	27.0
586	38.0
587	24.0
588	33.0
589	38.0
590	38.0
591	38.0
592	38.0
593	30.0
594	38.0
595	24.0
596	38.0
597	38.0
598	33.0
599	20.0
600	38.0
601	38.0
602	35.0
603	36.0
604	38.0
605	38.0
606	38.0
607	24.0
608	38.0
609	38.0
610	38.0
611	38.0
612	38.0
613	38.0
614	33.0
615	38.0
616	38.0
617	38.0
618	38.0
619	26.0
620	38.0
621	38.0
622	31.0
623	38.0
624	33.0
625	22.0
626	38.0
627	38.0
628	38.0
629	38.0
630	38.0
631	33.0
632	38.0
633	26.0
634	38.0
635	30.0
636	38.0
637	22.0
638	38.0
639	32.0
640	38.0
641	38.0
642	31.0
643	22.0
644	38.0
645	16.0
646	22.0
647	38.0
648	38.0
649	28.0
650	38.0
651	38.0
652	38.0
653	38.0
654	38.0
655	38.0
656	38.0
657	34.0
658	38.0
659	22.0
660	14.0
661	38.0
662	38.0
663	38.0
664	35.0
665	38.0
666	18.0
667	38.0
668	26.0
669	38.0
670	38.0
671	38.0
672	38.0
673	38.0
674	38.0
675	10.0
676	38.0
677	32.0
678	38.0
679	12.0
680	38.0
681	31.0
682	31.0
683	38.0
684	26.0
685	18.0
686	38.0
687	38.0
688	38.0
689	38.0
690	38.0
691	38.0
692	38.0
693	31.0
694	38.0
695	32.0
696	22.0
697	37.0
698	38.0
699	38.0
700	38.0
701	38.0
702	27.0
703	38.0
704	38.0
705	38.0
706	38.0
707	30.0
708	38.0
709	37.0
710	30.0
711	35.0
712	38.0
713	38.0
714	38.0
715	35.0
716	32.0
717	10.0
718	20.0
719	20.0
720	38.0
721	38.0
722	38.0
723	38.0
724	38.0
725	35.0
726	20.0
727	38.0
728	38.0
729	38.0
730	38.0
731	32.0
732	33.0
733	32.0
734	21.0
735	35.0
736	20.0
737	20.0
738	28.0
739	38.0
740	38.0
741	33.0
742	35.0
743	12.0
744	38.0
745	38.0
746	29.0
747	38.0
748	37.0
749	38.0
750	35.0
751	20.0
752	38.0
753	38.0
754	38.0
755	38.0
756	33.0
757	38.0
758	38.0
759	38.0
760	38.0
761	33.0
762	38.0
763	16.0
764	38.0
765	22.0
766	27.0
767	38.0
768	38.0
769	38.0
770	28.0
771	38.0
772	20.0
773	38.0
774	38.0
775	38.0
776	33.0
777	32.0
778	38.0
779	38.0
780	38.0
781	38.0
782	10.0
783	38.0
784	38.0
785	38.0
786	20.0
787	16.0
788	29.0
789	38.0
790	37.0
791	30.0
792	38.0
793	37.0
794	38.0
795	38.0
796	38.0
797	32.0
798	33.0
799	38.0
800	38.0
801	38.0
802	35.0
803	38.0
804	27.0
805	38.0
806	38.0
807	38.0
808	32.0
809	38.0
810	38.0
811	38.0
812	38.0
813	31.0
814	37.0
815	26.0
816	33.0
817	18.0
818	38.0
819	38.0
820	38.0
821	32.0
822	38.0
823	38.0
824	38.0
825	36.0
826	29.0
827	38.0
828	38.0
829	38.0
830	38.0
831	38.0
832	32.0
833	38.0
834	38.0
835	33.0
836	30.0
837	38.0
838	38.0
839	38.0
840	38.0
841	38.0
842	29.0
843	35.0
844	31.0
845	38.0
846	38.0
847	38.0
848	38.0
849	36.0
850	38.0
851	38.0
852	37.0
853	35.0
854	38.0
855	38.0
856	38.0
857	25.0
858	38.0
859	35.0
860	38.0
861	35.0
862	38.0
863	38.0
864	29.0
865	37.0
866	38.0
867	38.0
868	35.0
869	31.0
870	38.0
871	38.0
872	38.0
873	38.0
874	38.0
875	38.0
876	38.0
877	34.0
878	38.0
879	18.0
880	35.0
881	37.0
882	38.0
883	38.0
884	38.0
885	38.0
886	38.0
887	38.0
888	38.0
889	38.0
890	28.0
891	38.0
892	38.0
893	38.0
894	16.0
895	38.0
896	38.0
897	35.0
898	38.0
899	35.0
900	30.0
901	38.0
902	38.0
903	38.0
904	38.0
905	38.0
906	38.0
907	31.0
908	26.0
909	38.0
910	38.0
911	38.0
912	37.0
913	20.0
914	38.0
915	38.0
916	28.0
917	33.0
918	14.0
919	35.0
920	38.0
921	38.0
922	38.0
923	37.0
924	37.0
925	30.0
926	27.0
927	38.0
928	38.0
929	22.0
930	33.0
931	38.0
932	35.0
933	38.0
934	28.0
935	20.0
936	38.0
937	38.0
938	38.0
939	30.0
940	38.0
941	24.0
942	38.0
943	38.0
944	38.0
945	38.0
946	38.0
947	37.0
948	38.0
949	30.0
950	20.0
951	33.0
952	38.0
953	35.0
954	22.0
955	33.0
956	38.0
957	38.0
958	35.0
959	28.0
960	10.0
961	20.0
962	38.0
963	33.0
964	31.0
965	38.0
966	38.0
967	29.0
968	38.0
969	38.0
970	38.0
971	38.0
972	38.0
973	26.0
974	38.0
975	38.0
976	29.0
977	38.0
978	38.0
979	38.0
980	26.0
981	38.0
982	38.0
983	38.0
984	38.0
985	38.0
986	38.0
987	29.0
988	38.0
989	33.0
990	38.0
991	28.0
992	38.0
993	38.0
994	38.0
995	38.0
996	18.0
997	38.0
998	38.0
999	38.0
1000	28.0
1001	35.0
1002	38.0
1003	38.0
1004	38.0
1005	38.0
1006	38.0
1007	31.0
1008	33.0
1009	38.0
1010	38.0
1011	38.0
1012	32.0
1013	24.0
1014	38.0
1015	18.0
1016	38.0
1017	38.0
1018	38.0
1019	37.0
1020	27.0
1021	14.0
1022	38.0
1023	38.0
1024	38.0
1025	38.0
1026	33.0
1027	38.0
1028	38.0
1029	38.0
1030	38.0
1031	37.0
1032	38.0
1033	33.0
1034	35.0
1035	38.0
1036	38.0
1037	38.0
1038	33.0
1039	24.0
1040	35.0
1041	14.0
1042	38.0
1043	37.0
1044	29.0
1045	38.0
1046	38.0
1047	32.0
1048	31.0
1049	38.0
1050	37.0
1051	38.0
1052	38.0
1053	26.0
1054	38.0
1055	38.0
1056	37.0
1057	14.0
1058	38.0
1059	33.0
1060	29.0
1061	35.0
1062	38.0
1063	38.0
1064	33.0
1065	27.0
1066	38.0
1067	38.0
1068	38.0
1069	37.0
1070	28.0
1071	33.0
1072	38.0
1073	33.0
1074	38.0
1075	31.0
1076	38.0
1077	38.0
1078	38.0
1079	38.0
1080	22.0
1081	32.0
1082	38.0
1083	38.0
1084	14.0
1085	38.0
1086	37.0
1087	38.0
1088	38.0
1089	18.0
1090	37.0
1091	37.0
1092	38.0
1093	38.0
1094	38.0
1095	38.0
1096	30.0
1097	38.0
1098	37.0
1099	33.0
1100	20.0
1101	33.0
1102	24.0
1103	38.0
1104	27.0
1105	20.0
1106	38.0
1107	38.0
1108	33.0
1109	38.0
1110	27.0
1111	35.0
1112	38.0
1113	38.0
1114	38.0
1115	38.0
1116	38.0
1117	26.0
1118	35.0
1119	38.0
1120	27.0
1121	38.0
1122	38.0
1123	38.0
1124	31.0
1125	38.0
1126	38.0
1127	26.0
1128	22.0
1129	38.0
1130	38.0
1131	38.0
1132	35.0
1133	38.0
1134	38.0
1135	38.0
1136	38.0
1137	33.0
1138	38.0
1139	38.0
1140	24.0
1141	38.0
1142	38.0
1143	38.0
1144	38.0
1145	38.0
1146	38.0
1147	26.0
1148	38.0
1149	38.0
1150	38.0
1151	38.0
1152	38.0
1153	38.0
1154	28.0
1155	38.0
1156	38.0
1157	38.0
1158	16.0
1159	37.0
1160	38.0
1161	38.0
1162	28.0
1163	38.0
1164	38.0
1165	10.0
1166	38.0
1167	24.0
1168	38.0
1169	38.0
1170	37.0
1171	38.0
1172	38.0
1173	35.0
1174	38.0
1175	35.0
1176	38.0
1177	31.0
1178	29.0
1179	38.0
1180	38.0
1181	38.0
1182	38.0
1183	38.0
1184	38.0
1185	35.0
1186	14.0
1187	38.0
1188	38.0
1189	38.0
1190	33.0
1191	38.0
1192	24.0
1193	38.0
1194	38.0
1195	38.0
1196	38.0
1197	38.0
1198	28.0
1199	38.0
1200	12.0
1201	38.0
1202	37.0
1203	20.0
1204	38.0
1205	22.0
1206	38.0
1207	37.0
1208	38.0
1209	38.0
1210	38.0
1211	37.0
1212	35.0
1213	33.0
1214	33.0
1215	38.0
1216	26.0
1217	22.0
1218	30.0
1219	38.0
1220	26.0
1221	38.0
1222	38.0
1223	31.0
1224	38.0
1225	38.0
1226	24.0
1227	38.0
1228	38.0
1229	37.0
1230	24.0
1231	38.0
1232	38.0
1233	38.0
1234	38.0
1235	38.0
1236	28.0
1237	38.0
1238	18.0
1239	31.0
1240	38.0
1241	26.0
1242	37.0
1243	38.0
1244	30.0
1245	35.0
1246	38.0
1247	32.0
1248	38.0
1249	38.0
1250	38.0
1251	38.0
1252	35.0
1253	38.0
1254	38.0
1255	38.0
1256	10.0
1257	38.0
1258	32.0
1259	33.0
1260	29.0
1261	38.0
1262	38.0
1263	26.0
1264	33.0
1265	38.0
1266	38.0
1267	31.0
1268	22.0
1269	20.0
1270	30.0
1271	38.0
1272	33.0
1273	38.0
1274	38.0
1275	26.0
1276	35.0
1277	38.0
1278	16.0
1279	38.0
1280	38.0
1281	38.0
1282	38.0
1283	32.0
1284	38.0
1285	38.0
1286	38.0
1287	38.0
1288	18.0
1289	38.0
1290	38.0
1291	38.0
1292	38.0
1293	35.0
1294	38.0
1295	38.0
1296	37.0
1297	38.0
1298	38.0
1299	38.0
1300	38.0
1301	37.0
1302	38.0
1303	20.0
1304	38.0
1305	37.0
1306	38.0
1307	38.0
1308	37.0
1309	18.0
1310	38.0
1311	33.0
1312	38.0
1313	38.0
1314	38.0
1315	38.0
1316	38.0
1317	38.0
1318	38.0
1319	38.0
1320	16.0
1321	18.0
1322	28.0
1323	38.0
1324	29.0
1325	38.0
1326	30.0
1327	38.0
1328	35.0
1329	38.0
1330	38.0
1331	31.0
1332	38.0
1333	38.0
1334	38.0
1335	38.0
1336	33.0
1337	20.0
1338	16.0
1339	38.0
1340	38.0
1341	38.0
1342	38.0
1343	37.0
1344	16.0
1345	38.0
1346	38.0
1347	20.0
1348	38.0
1349	38.0
1350	38.0
1351	38.0
1352	38.0
1353	29.0
1354	28.0
1355	38.0
1356	38.0
1357	38.0
1358	38.0
1359	38.0
1360	20.0
1361	38.0
1362	38.0
1363	28.0
1364	38.0
1365	38.0
1366	38.0
1367	38.0
1368	38.0
1369	38.0
1370	24.0
1371	38.0
1372	35.0
1373	38.0
1374	35.0
1375	38.0
1376	38.0
1377	38.0
1378	33.0
1379	38.0
1380	38.0
1381	38.0
1382	38.0
1383	38.0
1384	38.0
1385	38.0
1386	38.0
1387	38.0
1388	38.0
1389	38.0
1390	38.0
1391	38.0
1392	20.0
1393	35.0
1394	38.0
1395	27.0
1396	33.0
1397	33.0
1398	38.0
1399	38.0
1400	38.0
1401	31.0
1402	38.0
1403	29.0
1404	38.0
1405	35.0
1406	38.0
1407	38.0
1408	31.0
1409	35.0
1410	24.0
1411	38.0
1412	31.0
1413	38.0
1414	35.0
1415	38.0
1416	38.0
1417	24.0
1418	38.0
1419	38.0
1420	38.0
1421	38.0
1422	38.0
1423	38.0
1424	38.0
1425	30.0
1426	38.0
1427	35.0
1428	38.0
1429	31.0
1430	39.0
1431	38.0
1432	38.0
1433	10.0
1434	38.0
1435	38.0
1436	35.0
1437	20.0
1438	30.0
1439	33.0
1440	38.0
1441	20.0
1442	14.0
1443	38.0
1444	12.0
1445	24.0
1446	37.0
1447	38.0
1448	62.0
1449	50.0
1450	56.0
1451	116.0
1452	152.0
1453	204.0
1454	246.0
1455	242.0
1456	176.0
1457	156.0
1458	68.0
1459	60.0
1460	68.0
1461	48.0
1462	38.0
1463	36.0
1464	35.0
1465	38.0
1466	38.0
1467	26.0
1468	20.0
1469	38.0
1470	24.0
1471	37.0
1472	38.0
1473	38.0
1474	38.0
1475	25.0
1476	36.0
1477	38.0
1478	37.0
1479	38.0
1480	37.0
1481	26.0
1482	22.0
1483	38.0
1484	34.0
1485	35.0
1486	18.0
1487	30.0
1488	38.0
1489	20.0
1490	34.0
1491	30.0
1492	28.0
1493	38.0
1494	35.0
1495	38.0
1496	38.0
1497	20.0
1498	28.0
1499	38.0
1500	28.0
1501	38.0
1502	38.0
1503	27.0
1504	26.0
1505	38.0
1506	38.0
1507	38.0
1508	38.0
1509	38.0
1510	38.0
1511	32.0
1512	38.0
1513	38.0
1514	38.0
1515	38.0
1516	33.0
1517	27.0
1518	38.0
1519	35.0
1520	16.0
1521	38.0
1522	38.0
1523	38.0
1524	33.0
1525	37.0
1526	22.0
1527	38.0
1528	34.0
1529	38.0
1530	38.0
1531	38.0
1532	38.0
1533	38.0
1534	27.0
1535	28.0
1536	38.0
1537	38.0
1538	28.0
1539	38.0
1540	38.0
1541	24.0
1542	38.0
1543	38.0
1544	18.0
1545	38.0
1546	38.0
1547	38.0
1548	38.0
1549	20.0
1550	38.0
1551	30.0
1552	28.0
1553	38.0
1554	38.0
1555	22.0
1556	38.0
1557	38.0
1558	38.0
1559	38.0
1560	33.0
1561	38.0
1562	38.0
1563	38.0
1564	25.0
1565	38.0
1566	30.0
1567	31.0
1568	38.0
1569	38.0
1570	38.0
1571	38.0
1572	38.0
1573	38.0
1574	38.0
1575	35.0
1576	33.0
1577	38.0
1578	33.0
1579	38.0
1580	38.0
1581	35.0
1582	35.0
1583	38.0
1584	38.0
1585	38.0
1586	29.0
1587	38.0
1588	38.0
1589	38.0
1590	38.0
1591	38.0
1592	38.0
1593	38.0
1594	18.0
1595	38.0
1596	38.0
1597	38.0
1598	38.0
1599	18.0
1600	35.0
1601	24.0
1602	35.0
1603	38.0
1604	38.0
1605	33.0
1606	38.0
1607	35.0
1608	38.0
1609	38.0
1610	38.0
1611	38.0
1612	38.0
1613	38.0
1614	33.0
1615	33.0
1616	38.0
1617	38.0
1618	38.0
1619	33.0
1620	38.0
1621	35.0
1622	38.0
1623	26.0
1624	38.0
1625	38.0
1626	38.0
1627	38.0
1628	27.0
1629	38.0
1630	38.0
1631	38.0
1632	20.0
1633	38.0
1634	38.0
1635	38.0
1636	38.0
1637	30.0
1638	38.0
1639	38.0
1640	38.0
1641	33.0
1642	35.0
1643	38.0
1644	38.0
1645	38.0
1646	29.0
1647	35.0
1648	26.0
1649	38.0
1650	38.0
1651	38.0
1652	38.0
1653	38.0
1654	38.0
1655	38.0
1656	38.0
1657	38.0
1658	38.0
1659	20.0
1660	35.0
1661	26.0
1662	37.0
1663	36.0
1664	38.0
1665	38.0
1666	30.0
1667	38.0
1668	38.0
1669	28.0
1670	38.0
1671	31.0
1672	38.0
1673	33.0
1674	38.0
1675	38.0
1676	33.0
1677	38.0
1678	38.0
1679	38.0
1680	14.0
1681	38.0
1682	35.0
1683	28.0
1684	29.0
1685	22.0
1686	38.0
1687	38.0
1688	27.0
1689	38.0
1690	30.0
1691	18.0
1692	37.0
1693	29.0
1694	38.0
1695	38.0
1696	26.0
1697	38.0
1698	28.0
1699	28.0
1700	38.0
1701	38.0
1702	38.0
1703	38.0
1704	20.0
1705	38.0
1706	38.0
1707	38.0
1708	22.0
1709	38.0
1710	38.0
1711	38.0
1712	37.0
1713	38.0
1714	31.0
1715	38.0
1716	28.0
1717	38.0
1718	32.0
1719	38.0
1720	38.0
1721	38.0
1722	38.0
1723	38.0
1724	38.0
1725	38.0
1726	38.0
1727	38.0
1728	38.0
1729	38.0
1730	38.0
1731	29.0
1732	38.0
1733	25.0
1734	32.0
1735	35.0
1736	38.0
1737	38.0
1738	38.0
1739	33.0
1740	38.0
1741	38.0
1742	26.0
1743	14.0
1744	37.0
1745	38.0
1746	38.0
1747	28.0
1748	38.0
1749	38.0
1750	35.0
1751	38.0
1752	38.0
1753	38.0
1754	38.0
1755	38.0
1756	16.0
1757	38.0
1758	38.0
1759	38.0
1760	37.0
1761	38.0
1762	38.0
1763	38.0
1764	38.0
1765	38.0
1766	38.0
1767	38.0
1768	38.0
1769	37.0
1770	33.0
1771	38.0
1772	36.0
1773	24.0
1774	38.0
1775	20.0
1776	20.0
1777	28.0
1778	12.0
1779	38.0
1780	38.0
1781	28.0
1782	37.0
1783	38.0
1784	38.0
1785	38.0
1786	33.0
1787	38.0
1788	38.0
1789	38.0
1790	20.0
1791	20.0
1792	38.0
1793	38.0
1794	38.0
1795	31.0
1796	38.0
1797	38.0
1798	18.0
1799	38.0
1800	38.0
1801	38.0
1802	31.0
1803	32.0
1804	22.0
1805	38.0
1806	38.0
1807	35.0
1808	31.0
1809	38.0
1810	38.0
1811	38.0
1812	38.0
1813	38.0
1814	31.0
1815	38.0
1816	38.0
1817	37.0
1818	38.0
1819	38.0
1820	38.0
1821	38.0
1822	24.0
1823	38.0
1824	38.0
1825	38.0
1826	38.0
1827	38.0
1828	38.0
1829	38.0
1830	38.0
1831	38.0
1832	28.0
1833	38.0
1834	31.0
1835	29.0
1836	32.0
1837	38.0
1838	37.0
1839	35.0
1840	26.0
1841	16.0
1842	38.0
1843	25.0
1844	26.0
1845	38.0
1846	16.0
1847	38.0
1848	24.0
1849	31.0
1850	38.0
1851	38.0
1852	38.0
1853	38.0
1854	31.0
1855	38.0
1856	38.0
1857	38.0
1858	18.0
1859	38.0
1860	38.0
1861	38.0
1862	38.0
1863	38.0
1864	38.0
1865	31.0
1866	38.0
1867	38.0
1868	38.0
1869	38.0
1870	38.0
1871	18.0
1872	38.0
1873	38.0
1874	31.0
1875	33.0
1876	38.0
1877	38.0
1878	38.0
1879	18.0
1880	38.0
1881	33.0
1882	38.0
1883	38.0
1884	38.0
1885	38.0
1886	29.0
1887	38.0
1888	29.0
1889	38.0
1890	38.0
1891	38.0
1892	38.0
1893	38.0
1894	24.0
1895	31.0
1896	38.0
1897	38.0
1898	38.0
1899	38.0
1900	38.0
1901	31.0
1902	38.0
1903	38.0
1904	38.0
1905	38.0
1906	35.0
1907	38.0
1908	38.0
1909	38.0
1910	38.0
1911	35.0
1912	27.0
1913	38.0
1914	14.0
1915	38.0
1916	28.0
1917	24.0
1918	29.0
1919	38.0
1920	38.0
1921	38.0
1922	38.0
1923	16.0
1924	37.0
1925	27.0
1926	38.0
1927	33.0
1928	38.0
1929	35.0
1930	38.0
1931	38.0
1932	32.0
1933	36.0
1934	38.0
1935	38.0
1936	38.0
1937	22.0
1938	38.0
1939	38.0
1940	38.0
1941	28.0
1942	38.0
1943	38.0
1944	38.0
1945	38.0
1946	14.0
1947	38.0
1948	38.0
1949	38.0
1950	28.0
1951	38.0
1952	38.0
1953	28.0
1954	24.0
1955	38.0
1956	38.0
1957	38.0
1958	38.0
1959	37.0
1960	38.0
1961	34.0
1962	38.0
1963	37.0
1964	33.0
1965	30.0
1966	38.0
1967	38.0
1968	14.0
1969	33.0
1970	38.0
1971	38.0
1972	38.0
1973	34.0
1974	38.0
1975	36.0
1976	38.0
1977	35.0
1978	38.0
1979	38.0
1980	37.0
1981	38.0
1982	38.0
1983	38.0
1984	38.0
1985	38.0
1986	38.0
1987	38.0
1988	37.0
1989	28.0
1990	38.0
1991	38.0
1992	38.0
1993	38.0
1994	16.0
1995	38.0
1996	18.0
1997	32.0
1998	28.0
1999	27.0
2000	38.0
2001	38.0
2002	38.0
2003	38.0
2004	33.0
2005	16.0
2006	38.0
2007	38.0
2008	38.0
2009	38.0
2010	38.0
2011	22.0
2012	20.0
2013	29.0
2014	38.0
2015	38.0
2016	38.0
2017	38.0
2018	38.0
2019	38.0
2020	38.0
2021	37.0
2022	28.0
2023	28.0
2024	38.0
2025	38.0
2026	38.0
2027	38.0
2028	29.0
2029	38.0
2030	33.0
2031	38.0
2032	38.0
2033	38.0
2034	30.0
2035	38.0
2036	38.0
2037	38.0
2038	28.0
2039	38.0
2040	24.0
2041	38.0
2042	38.0
2043	38.0
2044	18.0
2045	38.0
2046	38.0
2047	38.0
2048	37.0
2049	33.0
2050	38.0
2051	38.0
2052	38.0
2053	38.0
2054	38.0
2055	38.0
2056	38.0
2057	37.0
2058	38.0
2059	32.0
2060	38.0
2061	30.0
2062	38.0
2063	38.0
2064	38.0
2065	18.0
2066	38.0
2067	29.0
2068	38.0
2069	18.0
2070	38.0
2071	35.0
2072	31.0
2073	38.0
2074	38.0
2075	18.0
2076	38.0
2077	38.0
2078	38.0
2079	38.0
2080	31.0
2081	38.0
2082	37.0
2083	38.0
2084	37.0
2085	38.0
2086	38.0
2087	38.0
2088	35.0
2089	26.0
2090	38.0
2091	37.0
2092	38.0
2093	31.0
2094	38.0
2095	34.0
2096	38.0
2097	38.0
2098	38.0
2099	28.0
2100	28.0
2101	38.0
2102	29.0
2103	22.0
2104	38.0
2105	38.0
2106	38.0
2107	38.0
2108	38.0
2109	38.0
2110	38.0
2111	38.0
2112	28.0
2113	38.0
2114	38.0
2115	38.0
2116	38.0
2117	38.0
2118	31.0
2119	31.0
2120	30.0
2121	29.0
2122	38.0
2123	38.0
2124	38.0
2125	38.0
2126	38.0
2127	38.0
2128	38.0
2129	35.0
2130	16.0
2131	29.0
2132	26.0
2133	34.0
2134	38.0
2135	38.0
2136	37.0
2137	38.0
2138	38.0
2139	37.0
2140	38.0
2141	37.0
2142	38.0
2143	38.0
2144	31.0
2145	29.0
2146	37.0
2147	30.0
2148	38.0
2149	31.0
2150	38.0
2151	35.0
2152	28.0
2153	37.0
2154	30.0
2155	38.0
2156	38.0
2157	38.0
2158	38.0
2159	38.0
2160	33.0
2161	37.0
2162	33.0
2163	29.0
2164	38.0
2165	38.0
2166	33.0
2167	38.0
2168	38.0
2169	38.0
2170	20.0
2171	33.0
2172	38.0
2173	38.0
2174	35.0
2175	31.0
2176	31.0
2177	38.0
2178	34.0
2179	38.0
2180	24.0
2181	38.0
2182	38.0
2183	38.0
2184	35.0
2185	31.0
2186	22.0
2187	28.0
2188	38.0
2189	30.0
2190	38.0
2191	38.0
2192	38.0
2193	37.0
2194	38.0
2195	38.0
2196	37.0
2197	38.0
2198	31.0
2199	38.0
2200	38.0
2201	38.0
2202	38.0
2203	38.0
2204	38.0
2205	38.0
2206	38.0
2207	38.0
2208	28.0
2209	20.0
2210	33.0
2211	38.0
2212	38.0
2213	38.0
2214	38.0
2215	28.0
2216	29.0
2217	38.0
2218	33.0
2219	38.0
2220	35.0
2221	38.0
2222	38.0
2223	38.0
2224	38.0
2225	38.0
2226	38.0
2227	18.0
2228	38.0
2229	22.0
2230	38.0
2231	38.0
2232	14.0
2233	38.0
2234	38.0
2235	38.0
2236	20.0
2237	38.0
2238	24.0
2239	38.0
2240	38.0
2241	38.0
2242	38.0
2243	38.0
2244	38.0
2245	38.0
2246	38.0
2247	38.0
2248	30.0
2249	38.0
2250	30.0
2251	38.0
2252	33.0
2253	31.0
2254	38.0
2255	38.0
2256	32.0
2257	38.0
2258	38.0
2259	38.0
2260	38.0
2261	38.0
2262	38.0
2263	38.0
2264	38.0
2265	38.0
2266	38.0
2267	38.0
2268	38.0
2269	38.0
2270	24.0
2271	32.0
2272	38.0
2273	35.0
2274	38.0
2275	38.0
2276	38.0
2277	29.0
2278	38.0
2279	38.0
2280	26.0
2281	38.0
2282	38.0
2283	38.0
2284	29.0
2285	38.0
2286	38.0
2287	38.0
2288	38.0
2289	38.0
2290	38.0
2291	38.0
2292	38.0
2293	38.0
2294	38.0
2295	38.0
2296	29.0
2297	26.0
2298	38.0
2299	38.0
2300	38.0
2301	38.0
2302	38.0
2303	38.0
2304	38.0
2305	27.0
2306	38.0
2307	33.0
2308	38.0
2309	38.0
2310	12.0
2311	38.0
2312	33.0
2313	26.0
2314	38.0
2315	30.0
2316	38.0
2317	38.0
2318	38.0
2319	38.0
2320	38.0
2321	38.0
2322	38.0
2323	38.0
2324	38.0
2325	28.0
2326	35.0
2327	38.0
2328	38.0
2329	12.0
2330	27.0
2331	38.0
2332	38.0
2333	14.0
2334	38.0
2335	16.0
