0	2144.0
1	2146.0
2	2150.0
3	1906.0
4	2088.0
5	1856.0
6	1968.0
7	1970.0
8	1966.0
9	2112.0
10	2016.0
11	1888.0
12	2310.0
13	2084.0
14	2132.0
15	2040.0
16	1936.0
17	1720.0
18	2024.0
19	2248.0
20	2002.0
21	2072.0
22	1976.0
23	1908.0
24	1740.0
25	1908.0
26	1688.0
27	1564.0
28	1712.0
29	1712.0
30	1922.0
31	1508.0
32	1570.0
33	1320.0
34	1356.0
35	1096.0
36	1508.0
37	1482.0
38	1520.0
39	1422.0
40	1660.0
41	1584.0
42	1784.0
43	1640.0
44	1784.0
45	1896.0
46	2092.0
47	2028.0
48	2124.0
49	2300.0
50	2240.0
51	2120.0
52	2076.0
53	2352.0
54	2336.0
55	2108.0
56	2192.0
57	2256.0
58	2272.0
59	2224.0
60	2280.0
61	2468.0
62	2154.0
63	2392.0
64	2468.0
65	2044.0
66	2372.0
67	2156.0
68	2216.0
69	2412.0
70	2096.0
71	2168.0
72	2276.0
73	2424.0
74	2420.0
75	2352.0
76	2470.0
77	2464.0
78	2176.0
79	2332.0
80	2164.0
81	2284.0
82	2288.0
83	2336.0
84	2036.0
85	2164.0
86	1960.0
87	2098.0
88	2280.0
89	2374.0
90	2568.0
91	2210.0
92	2270.0
93	1944.0
94	2100.0
95	2280.0
96	2300.0
97	2392.0
98	2450.0
99	2348.0
100	2256.0
101	2466.0
102	2438.0
103	2176.0
104	2392.0
105	2448.0
106	2268.0
107	2248.0
108	2256.0
109	2344.0
110	2100.0
111	2180.0
112	2140.0
113	2160.0
114	2338.0
115	2148.0
116	2364.0
117	2228.0
118	2480.0
119	2554.0
120	2140.0
121	2228.0
122	2364.0
123	2200.0
124	2328.0
125	2152.0
126	2336.0
127	2252.0
128	2408.0
129	2212.0
130	2264.0
131	2172.0
132	1846.0
133	1852.0
134	1970.0
135	2044.0
136	1908.0
137	2104.0
138	2084.0
139	2280.0
140	2164.0
141	2264.0
142	2224.0
143	2416.0
144	2624.0
145	2140.0
146	1872.0
147	2472.0
148	2382.0
149	2420.0
150	2200.0
151	2052.0
152	2076.0
153	1698.0
154	1504.0
155	1516.0
156	1458.0
157	1768.0
158	1362.0
159	1384.0
160	1790.0
161	1616.0
162	2016.0
163	2064.0
164	2024.0
165	2268.0
166	2284.0
167	2460.0
168	2184.0
169	2312.0
170	2508.0
171	2494.0
172	2304.0
173	2296.0
174	2524.0
175	2420.0
176	2440.0
177	2328.0
178	2144.0
179	2312.0
180	2460.0
181	2256.0
182	2120.0
183	2408.0
184	2256.0
185	2584.0
186	2348.0
187	2256.0
188	2084.0
189	2164.0
190	2424.0
191	2104.0
192	2076.0
193	2336.0
194	2392.0
195	2188.0
196	2296.0
197	2324.0
198	2396.0
199	2248.0
200	2508.0
201	2240.0
202	2244.0
203	2320.0
204	2264.0
205	2180.0
206	2128.0
207	2356.0
208	2428.0
209	2460.0
210	2296.0
211	2456.0
212	2384.0
213	2528.0
214	2464.0
215	2288.0
216	2296.0
217	2492.0
218	2200.0
219	2312.0
220	2420.0
221	2236.0
222	2004.0
223	2284.0
224	2264.0
225	2416.0
226	2484.0
227	2572.0
228	2428.0
229	2508.0
230	2356.0
231	2816.0
232	2428.0
233	2592.0
234	2396.0
235	2488.0
236	2508.0
237	2304.0
238	2396.0
239	2592.0
240	2420.0
241	2556.0
242	2264.0
243	2184.0
244	2424.0
245	2092.0
246	2260.0
247	2196.0
248	2268.0
249	2436.0
250	2416.0
251	2524.0
252	2148.0
253	2356.0
254	2572.0
255	2652.0
256	2380.0
257	2656.0
258	2384.0
259	2490.0
260	2380.0
261	2096.0
262	2336.0
263	2382.0
264	2268.0
265	2184.0
266	2252.0
267	1724.0
268	1948.0
269	1904.0
270	1696.0
271	1832.0
272	1880.0
273	2144.0
274	2296.0
275	2248.0
276	1912.0
277	2108.0
278	2348.0
279	2148.0
280	2344.0
281	2080.0
282	1960.0
283	2132.0
284	2032.0
285	2384.0
286	2140.0
287	2532.0
288	2560.0
289	2488.0
290	2476.0
291	2560.0
292	2416.0
293	2544.0
294	2584.0
295	2712.0
296	2600.0
297	2480.0
298	2604.0
299	2304.0
300	2476.0
301	2380.0
302	2608.0
303	2216.0
304	2844.0
305	2376.0
306	2320.0
307	2444.0
308	2492.0
309	2212.0
310	2420.0
311	2580.0
312	2384.0
313	2210.0
314	2168.0
315	2684.0
316	2444.0
317	2540.0
318	2216.0
319	2664.0
320	2448.0
321	2476.0
322	2404.0
323	2368.0
324	2616.0
325	2504.0
326	2672.0
327	2324.0
328	2344.0
329	2420.0
330	2628.0
331	2408.0
332	2580.0
333	2300.0
334	2472.0
335	2520.0
336	2416.0
337	2364.0
338	2416.0
339	2556.0
340	2528.0
341	2546.0
342	2388.0
343	2500.0
344	2444.0
345	2628.0
346	2396.0
347	2628.0
348	2408.0
349	2632.0
350	2324.0
351	2368.0
352	2368.0
353	2244.0
354	2712.0
355	2470.0
356	2472.0
357	2516.0
358	2296.0
359	2472.0
360	2588.0
361	2456.0
362	2496.0
363	2644.0
364	2536.0
365	2440.0
366	2408.0
367	2432.0
368	2232.0
369	2536.0
370	2240.0
371	2312.0
372	2128.0
373	1976.0
374	1872.0
375	1904.0
376	1960.0
377	2308.0
378	2512.0
379	2656.0
380	2568.0
381	2416.0
382	2284.0
383	2376.0
384	2328.0
385	2452.0
386	2480.0
387	2368.0
388	2208.0
389	2404.0
390	2340.0
391	2404.0
392	2468.0
393	2780.0
394	2432.0
395	2504.0
396	2688.0
397	2428.0
398	2044.0
399	2520.0
400	2572.0
401	2442.0
402	2424.0
403	2480.0
404	2356.0
405	2164.0
406	2260.0
407	2352.0
408	2552.0
409	2076.0
410	2238.0
411	2312.0
412	2156.0
413	2564.0
414	2262.0
415	2244.0
416	2452.0
417	2644.0
418	2476.0
419	2656.0
420	2590.0
421	2528.0
422	2580.0
423	2540.0
424	2238.0
425	2582.0
426	2412.0
427	2080.0
428	1872.0
429	2424.0
430	2568.0
431	2456.0
432	2436.0
433	2756.0
434	2520.0
435	2376.0
436	2576.0
437	2004.0
438	2568.0
439	2664.0
440	2568.0
441	2260.0
442	2468.0
443	2388.0
444	2492.0
445	2660.0
446	2252.0
447	2444.0
448	2672.0
449	2396.0
450	2484.0
451	2528.0
452	2516.0
453	2416.0
454	2696.0
455	2412.0
456	2884.0
457	2344.0
458	2352.0
459	2536.0
460	2276.0
461	2292.0
462	2336.0
463	2376.0
464	2344.0
465	2560.0
466	2072.0
467	2216.0
468	1928.0
469	2020.0
470	2052.0
471	1968.0
472	2000.0
473	1932.0
474	1932.0
475	2112.0
476	2148.0
477	2144.0
478	2240.0
479	2352.0
480	2688.0
481	2218.0
482	2652.0
483	2316.0
484	2888.0
485	2848.0
486	2536.0
487	2816.0
488	2468.0
489	2776.0
490	2456.0
491	2900.0
492	2660.0
493	2736.0
494	2456.0
495	2592.0
496	2848.0
497	2548.0
498	2832.0
499	2732.0
500	2460.0
501	2448.0
502	2592.0
503	2736.0
504	2496.0
505	2500.0
506	2756.0
507	2580.0
508	2852.0
509	2696.0
510	2332.0
511	2896.0
512	2724.0
513	2784.0
514	2596.0
515	2788.0
516	2684.0
517	2388.0
518	2708.0
519	2764.0
520	2692.0
521	2960.0
522	2596.0
523	2556.0
524	2752.0
525	2680.0
526	2740.0
527	2856.0
528	2656.0
529	2584.0
530	2464.0
531	2624.0
532	2700.0
533	2652.0
534	2720.0
535	2660.0
536	2684.0
537	2652.0
538	2628.0
539	2680.0
540	2840.0
541	2800.0
542	2536.0
543	2640.0
544	2772.0
545	2552.0
546	2780.0
547	2326.0
548	2524.0
549	2708.0
550	2644.0
551	2644.0
552	2996.0
553	2636.0
554	2772.0
555	2564.0
556	2524.0
557	2672.0
558	2612.0
559	2528.0
560	2768.0
561	2780.0
562	2984.0
563	2684.0
564	2572.0
565	2464.0
566	2464.0
567	2434.0
568	2704.0
569	2628.0
570	2624.0
571	2636.0
572	2696.0
573	2596.0
574	2640.0
575	2432.0
576	2528.0
577	2920.0
578	2600.0
579	2620.0
580	2932.0
581	2594.0
582	2512.0
583	2348.0
584	2568.0
585	2520.0
586	2656.0
587	2512.0
588	2428.0
589	2634.0
590	2636.0
591	2392.0
592	2732.0
593	2656.0
594	2302.0
595	2764.0
596	2416.0
597	2704.0
598	2492.0
599	2680.0
600	2740.0
601	2744.0
602	2880.0
603	2632.0
604	2672.0
605	2552.0
606	2444.0
607	2356.0
608	2372.0
609	2194.0
610	2400.0
611	2348.0
612	2308.0
613	2444.0
614	2200.0
615	2332.0
616	2592.0
617	2524.0
618	2528.0
619	2588.0
620	2404.0
621	2580.0
622	2464.0
623	2012.0
624	1928.0
625	1920.0
626	1602.0
627	1592.0
628	1684.0
629	1896.0
630	2290.0
631	2010.0
632	2516.0
633	2796.0
634	2776.0
635	2820.0
636	2548.0
637	2556.0
638	2744.0
639	3024.0
640	2852.0
641	2888.0
642	2848.0
643	2584.0
644	2852.0
645	2608.0
646	2812.0
647	2756.0
648	2800.0
649	2708.0
650	2904.0
651	2796.0
652	2728.0
653	2700.0
654	2852.0
655	3172.0
656	2708.0
657	3048.0
658	2748.0
659	2600.0
660	2528.0
661	2940.0
662	2820.0
663	2692.0
664	2804.0
665	2964.0
666	2724.0
667	2816.0
668	3108.0
669	2656.0
670	3128.0
671	2876.0
672	2860.0
673	2752.0
674	2984.0
675	2796.0
676	3032.0
677	2852.0
678	2892.0
679	2832.0
680	2684.0
681	2992.0
682	2668.0
683	2600.0
684	2876.0
685	2992.0
686	2682.0
687	2752.0
688	2770.0
689	3016.0
690	2848.0
691	2892.0
692	2956.0
693	2672.0
694	3052.0
695	3128.0
696	2924.0
697	2976.0
698	2916.0
699	2724.0
700	2788.0
701	2952.0
702	2812.0
703	3054.0
704	2852.0
705	3084.0
706	2816.0
707	2896.0
708	2800.0
709	2940.0
710	2976.0
711	2844.0
712	2424.0
713	2940.0
714	2956.0
715	2776.0
716	2812.0
717	3060.0
718	3038.0
719	2880.0
720	2792.0
721	2804.0
722	2692.0
723	2732.0
724	2758.0
725	2840.0
726	2932.0
727	3044.0
728	2808.0
729	2560.0
730	2724.0
731	2768.0
732	2680.0
733	2892.0
734	3132.0
735	2832.0
736	3052.0
737	2624.0
738	3004.0
739	2620.0
740	2836.0
741	2800.0
742	2716.0
743	2744.0
744	2864.0
745	3052.0
746	3068.0
747	3032.0
748	2920.0
749	2988.0
750	3164.0
751	2886.0
752	2640.0
753	2800.0
754	3012.0
755	3036.0
756	2944.0
757	2776.0
758	2952.0
759	2900.0
760	2788.0
761	3072.0
762	3104.0
763	2996.0
764	2836.0
765	2884.0
766	2984.0
767	3072.0
768	3176.0
769	3032.0
770	3000.0
771	3148.0
772	2888.0
773	3076.0
774	2804.0
775	2984.0
776	3176.0
777	2768.0
778	3216.0
779	2940.0
780	2928.0
781	3200.0
782	3072.0
783	2628.0
784	3140.0
785	2872.0
786	3272.0
787	2780.0
788	3120.0
789	3132.0
790	2984.0
791	3276.0
792	2920.0
793	2824.0
794	2816.0
795	3100.0
796	2684.0
797	2728.0
798	2880.0
799	2778.0
800	3104.0
801	2772.0
802	2916.0
803	2992.0
804	3012.0
805	2932.0
806	3200.0
807	2696.0
808	2524.0
809	2784.0
810	2412.0
811	2576.0
812	2868.0
813	2912.0
814	3076.0
815	3008.0
816	2900.0
817	3280.0
818	3076.0
819	2972.0
820	3180.0
821	3132.0
822	2960.0
823	2996.0
824	2944.0
825	2872.0
826	3028.0
827	2932.0
828	3132.0
829	2992.0
830	2752.0
831	2896.0
832	2792.0
833	2512.0
834	2760.0
835	2896.0
836	2748.0
837	2772.0
838	2724.0
839	2716.0
840	2824.0
841	2636.0
842	3068.0
843	2960.0
844	2872.0
845	2498.0
846	2244.0
847	2052.0
848	2032.0
849	2396.0
850	2240.0
851	2712.0
852	2908.0
853	2668.0
854	2768.0
855	3028.0
856	2940.0
857	2952.0
858	3032.0
859	3084.0
860	3044.0
861	3068.0
862	2888.0
863	3076.0
864	2916.0
865	3172.0
866	3052.0
867	3160.0
868	3212.0
869	3188.0
870	3020.0
871	3236.0
872	3252.0
873	3132.0
874	3200.0
875	2936.0
876	2824.0
877	3228.0
878	2864.0
879	2820.0
880	2972.0
881	2876.0
882	2852.0
883	2768.0
884	3012.0
885	2776.0
886	3112.0
887	2828.0
888	2972.0
889	3170.0
890	3028.0
891	3136.0
892	2904.0
893	2916.0
894	2900.0
895	3276.0
896	3204.0
897	3064.0
898	3096.0
899	3176.0
900	3420.0
901	3068.0
902	3228.0
903	3184.0
904	2916.0
905	3128.0
906	3492.0
907	3204.0
908	3308.0
909	3016.0
910	3224.0
911	3236.0
912	3320.0
913	2952.0
914	3060.0
915	3124.0
916	3188.0
917	2784.0
918	2760.0
919	2996.0
920	2976.0
921	3148.0
922	3128.0
923	2824.0
924	2920.0
925	3016.0
926	2844.0
927	2760.0
928	3024.0
929	2940.0
930	3260.0
931	3156.0
932	2876.0
933	3068.0
934	2960.0
935	3072.0
936	3208.0
937	2896.0
938	3062.0
939	3020.0
940	3068.0
941	3124.0
942	2864.0
943	3004.0
944	3152.0
945	2892.0
946	2884.0
947	2880.0
948	2848.0
949	2760.0
950	2628.0
951	2540.0
952	2676.0
953	2516.0
954	2864.0
955	2856.0
956	2852.0
957	2852.0
958	2508.0
959	2668.0
960	2268.0
961	2356.0
962	2200.0
963	2204.0
964	2256.0
965	2436.0
966	2576.0
967	2900.0
968	2732.0
969	2728.0
970	2660.0
971	2600.0
972	2872.0
973	3060.0
974	3176.0
975	2884.0
976	3144.0
977	3564.0
978	3020.0
979	3572.0
980	3220.0
981	3092.0
982	3248.0
983	3292.0
984	3136.0
985	3512.0
986	3520.0
987	3388.0
988	3356.0
989	3196.0
990	3508.0
991	3172.0
992	3468.0
993	3356.0
994	3504.0
995	3304.0
996	3220.0
997	3232.0
998	3472.0
999	3288.0
1000	3568.0
1001	3128.0
1002	3612.0
1003	3384.0
1004	3340.0
1005	3672.0
1006	3408.0
1007	3116.0
1008	3260.0
1009	3496.0
1010	3544.0
1011	3336.0
1012	3580.0
1013	3352.0
1014	3200.0
1015	3352.0
1016	3328.0
1017	3440.0
1018	3536.0
1019	3448.0
1020	3264.0
1021	3580.0
1022	3508.0
1023	3224.0
1024	3128.0
1025	3260.0
1026	3568.0
1027	3416.0
1028	3480.0
1029	3312.0
1030	3456.0
1031	3252.0
1032	3512.0
1033	3164.0
1034	3412.0
1035	3456.0
1036	3292.0
1037	3392.0
1038	3540.0
1039	3520.0
1040	3448.0
1041	3304.0
1042	3592.0
1043	3348.0
1044	3584.0
1045	3532.0
1046	3188.0
1047	3404.0
1048	3220.0
1049	3432.0
1050	3200.0
1051	3400.0
1052	3100.0
1053	3384.0
1054	3296.0
1055	3608.0
1056	3500.0
1057	3428.0
1058	3648.0
1059	3968.0
1060	3564.0
1061	3472.0
1062	3444.0
1063	3800.0
1064	3608.0
1065	3320.0
1066	3500.0
1067	3456.0
1068	3416.0
1069	3540.0
1070	3584.0
1071	3560.0
1072	3508.0
1073	3360.0
1074	3440.0
1075	3432.0
1076	3480.0
1077	3376.0
1078	3748.0
1079	3352.0
1080	3436.0
1081	3484.0
1082	3436.0
1083	3316.0
1084	3648.0
1085	3524.0
1086	3568.0
1087	3936.0
1088	3632.0
1089	3556.0
1090	3616.0
1091	3592.0
1092	3724.0
1093	3684.0
1094	3600.0
1095	3584.0
1096	3212.0
1097	3548.0
1098	3484.0
1099	3472.0
1100	3752.0
1101	3648.0
1102	3820.0
1103	3548.0
1104	3272.0
1105	3512.0
1106	3404.0
1107	3470.0
1108	3168.0
1109	3436.0
1110	3272.0
1111	3176.0
1112	3164.0
1113	3500.0
1114	3328.0
1115	3424.0
1116	3388.0
1117	3440.0
1118	3524.0
1119	3616.0
1120	3200.0
1121	3804.0
1122	3744.0
1123	3292.0
1124	3268.0
1125	3620.0
1126	3408.0
1127	3604.0
1128	3376.0
1129	3244.0
1130	3528.0
1131	3652.0
1132	3520.0
1133	3392.0
1134	3392.0
1135	3592.0
1136	3708.0
1137	3552.0
1138	3616.0
1139	3660.0
1140	3528.0
1141	3348.0
1142	3416.0
1143	3308.0
1144	3532.0
1145	3300.0
1146	3408.0
1147	3284.0
1148	3520.0
1149	3308.0
1150	3792.0
1151	3412.0
1152	3380.0
1153	3396.0
1154	3460.0
1155	3524.0
1156	3444.0
1157	3712.0
1158	3496.0
1159	3756.0
1160	3424.0
1161	3404.0
1162	3440.0
1163	3336.0
1164	3472.0
1165	3632.0
1166	3604.0
1167	3428.0
1168	3420.0
1169	3560.0
1170	3376.0
1171	3316.0
1172	3292.0
1173	3344.0
1174	3180.0
1175	3840.0
1176	3540.0
1177	3660.0
1178	3188.0
1179	3368.0
1180	3288.0
1181	3304.0
1182	3440.0
1183	3052.0
1184	3444.0
1185	3380.0
1186	3456.0
1187	3464.0
1188	3456.0
1189	3744.0
1190	3472.0
1191	3596.0
1192	3436.0
1193	3268.0
1194	3548.0
1195	3576.0
1196	3380.0
1197	3724.0
1198	3184.0
1199	3544.0
1200	3560.0
1201	3504.0
1202	3664.0
1203	3736.0
1204	3412.0
1205	3248.0
1206	3636.0
1207	3768.0
1208	3784.0
1209	3400.0
1210	3608.0
1211	3340.0
1212	3716.0
1213	3680.0
1214	3568.0
1215	3472.0
1216	3436.0
1217	3372.0
1218	3784.0
1219	3744.0
1220	3376.0
1221	3268.0
1222	3268.0
1223	3236.0
1224	3264.0
1225	3460.0
1226	3316.0
1227	3520.0
1228	3444.0
1229	3332.0
1230	3564.0
1231	3448.0
1232	3680.0
1233	3644.0
1234	3672.0
1235	3432.0
1236	3808.0
1237	3496.0
1238	3636.0
1239	3612.0
1240	3632.0
1241	3624.0
1242	3572.0
1243	3620.0
1244	3432.0
1245	3320.0
1246	3728.0
1247	3572.0
1248	3752.0
1249	3432.0
1250	3568.0
1251	3568.0
1252	3172.0
1253	3444.0
1254	3408.0
1255	3560.0
1256	3292.0
1257	3364.0
1258	3436.0
1259	3652.0
1260	3384.0
1261	3656.0
1262	3400.0
1263	3488.0
1264	3468.0
1265	3516.0
1266	3616.0
1267	3380.0
1268	3428.0
1269	3344.0
1270	2888.0
1271	3228.0
1272	2888.0
1273	3112.0
1274	3576.0
1275	3236.0
1276	3464.0
1277	3172.0
1278	3344.0
1279	3340.0
1280	3208.0
1281	2948.0
1282	2644.0
1283	3008.0
1284	2888.0
1285	3208.0
1286	3332.0
1287	3180.0
1288	3472.0
1289	3668.0
1290	3716.0
1291	3668.0
1292	3712.0
1293	3568.0
1294	3720.0
1295	3840.0
1296	3668.0
1297	3564.0
1298	3496.0
1299	3396.0
1300	3832.0
1301	3624.0
1302	3764.0
1303	3800.0
1304	3636.0
1305	3440.0
1306	3332.0
1307	3672.0
1308	3548.0
1309	3740.0
1310	3436.0
1311	3732.0
1312	3612.0
1313	3512.0
1314	3660.0
1315	3928.0
1316	3848.0
1317	3636.0
1318	3456.0
1319	3792.0
1320	3088.0
1321	3428.0
1322	3500.0
1323	3264.0
1324	3316.0
1325	3032.0
1326	2792.0
1327	2564.0
1328	2704.0
1329	2316.0
1330	2504.0
1331	2408.0
1332	2824.0
1333	2360.0
1334	2716.0
1335	3036.0
1336	3184.0
1337	3236.0
1338	3532.0
1339	3280.0
1340	3352.0
1341	3496.0
1342	3612.0
1343	3584.0
1344	3684.0
1345	3740.0
1346	3876.0
1347	4012.0
1348	3900.0
1349	4048.0
1350	3608.0
1351	3676.0
1352	3580.0
1353	3472.0
1354	3608.0
1355	3696.0
1356	3832.0
1357	3632.0
1358	3592.0
1359	3836.0
1360	3876.0
1361	3852.0
1362	3660.0
1363	3984.0
1364	3756.0
1365	3892.0
1366	3900.0
1367	3664.0
1368	3756.0
1369	3792.0
1370	3784.0
1371	3976.0
1372	3828.0
1373	3924.0
1374	4076.0
1375	3740.0
1376	3796.0
1377	4016.0
1378	3780.0
1379	4052.0
1380	4076.0
1381	3608.0
1382	3820.0
1383	3692.0
1384	3732.0
1385	3736.0
1386	4020.0
1387	3812.0
1388	3828.0
1389	3360.0
1390	3520.0
1391	3848.0
1392	3524.0
1393	3452.0
1394	4140.0
1395	3736.0
1396	3632.0
1397	3812.0
1398	3900.0
1399	4052.0
1400	3880.0
1401	3988.0
1402	3932.0
1403	3804.0
1404	3856.0
1405	3760.0
1406	3984.0
1407	3896.0
1408	3992.0
1409	3908.0
1410	3636.0
1411	3840.0
1412	4100.0
1413	3632.0
1414	3688.0
1415	3816.0
1416	3740.0
1417	3544.0
1418	3444.0
1419	3836.0
1420	3536.0
1421	3524.0
1422	3816.0
1423	3940.0
1424	3884.0
1425	3952.0
1426	3564.0
1427	3892.0
1428	3828.0
1429	4024.0
1430	3588.0
1431	3716.0
1432	3572.0
1433	3412.0
1434	3348.0
1435	3544.0
1436	3840.0
1437	3968.0
1438	3804.0
1439	3756.0
1440	3668.0
1441	4056.0
1442	4120.0
1443	3888.0
1444	4152.0
1445	4264.0
1446	3804.0
1447	3668.0
1448	3876.0
1449	3872.0
1450	4008.0
1451	3840.0
1452	3972.0
1453	3640.0
1454	3592.0
1455	3992.0
1456	3772.0
1457	3860.0
1458	3718.0
1459	3800.0
1460	3740.0
1461	3308.0
1462	3604.0
1463	3448.0
1464	3500.0
1465	3660.0
1466	3648.0
1467	3180.0
1468	3384.0
1469	3568.0
1470	3836.0
1471	3600.0
1472	3900.0
1473	3672.0
1474	3722.0
1475	3780.0
1476	3724.0
1477	3684.0
1478	3776.0
1479	3556.0
1480	3496.0
1481	3304.0
1482	3680.0
1483	3644.0
1484	3508.0
1485	3532.0
1486	3808.0
1487	3356.0
1488	3736.0
1489	3524.0
1490	3756.0
1491	3260.0
1492	3752.0
1493	3312.0
1494	3432.0
1495	3432.0
1496	3540.0
1497	3732.0
1498	3620.0
1499	3748.0
1500	3684.0
1501	3324.0
1502	3616.0
1503	3708.0
1504	3680.0
1505	3756.0
1506	3484.0
1507	3836.0
1508	3760.0
1509	3596.0
1510	3704.0
1511	3920.0
1512	3920.0
1513	3484.0
1514	3436.0
1515	3560.0
1516	3832.0
1517	3692.0
1518	3596.0
1519	3588.0
1520	3612.0
1521	3812.0
1522	3764.0
1523	3944.0
1524	3992.0
1525	3996.0
1526	3632.0
1527	3848.0
1528	3604.0
1529	3796.0
1530	3484.0
1531	3772.0
1532	3892.0
1533	3936.0
1534	3744.0
1535	3876.0
1536	3972.0
1537	3620.0
1538	3760.0
1539	4088.0
1540	3988.0
1541	3720.0
1542	4012.0
1543	3700.0
1544	3848.0
1545	4228.0
1546	3564.0
1547	3676.0
1548	3692.0
1549	3844.0
1550	3644.0
1551	3928.0
1552	3932.0
1553	3780.0
1554	3712.0
1555	3764.0
1556	4060.0
1557	3672.0
1558	3820.0
1559	3776.0
1560	3668.0
1561	3696.0
1562	4056.0
1563	3656.0
1564	3632.0
1565	3636.0
1566	3692.0
1567	3852.0
1568	3704.0
1569	3528.0
1570	3468.0
1571	3216.0
1572	3480.0
1573	3360.0
1574	3328.0
1575	3560.0
1576	3696.0
1577	3584.0
1578	3680.0
1579	3860.0
1580	3896.0
1581	3972.0
1582	3560.0
1583	3720.0
1584	3620.0
1585	3944.0
1586	3404.0
1587	3724.0
1588	3600.0
1589	3792.0
1590	3964.0
1591	3884.0
1592	3948.0
1593	3620.0
1594	3808.0
1595	4024.0
1596	3536.0
1597	4136.0
1598	3392.0
1599	3664.0
1600	4056.0
1601	3580.0
1602	3672.0
1603	3520.0
1604	3764.0
1605	3900.0
1606	3640.0
1607	3512.0
1608	3936.0
1609	3892.0
1610	3472.0
1611	3696.0
1612	3808.0
1613	3884.0
1614	3668.0
1615	3848.0
1616	3952.0
1617	3696.0
1618	3916.0
1619	3720.0
1620	3912.0
1621	3544.0
1622	3976.0
1623	3892.0
1624	3884.0
1625	3756.0
1626	3668.0
1627	3832.0
1628	4048.0
1629	3676.0
1630	3776.0
1631	3820.0
1632	3904.0
1633	3876.0
1634	3880.0
1635	3748.0
1636	3788.0
1637	3736.0
1638	3724.0
1639	3796.0
1640	3768.0
1641	3668.0
1642	4140.0
1643	3756.0
1644	3668.0
1645	3708.0
1646	3616.0
1647	3820.0
1648	3728.0
1649	4064.0
1650	3872.0
1651	4028.0
1652	3948.0
1653	3948.0
1654	3820.0
1655	3696.0
1656	3976.0
1657	3808.0
1658	4060.0
1659	3500.0
1660	3552.0
1661	3548.0
1662	3748.0
1663	3456.0
1664	3660.0
1665	3528.0
1666	3636.0
1667	3560.0
1668	3344.0
1669	3336.0
1670	3096.0
1671	3136.0
1672	3228.0
1673	3504.0
1674	3864.0
1675	3752.0
1676	3796.0
1677	3648.0
1678	3860.0
1679	3608.0
1680	3468.0
1681	3676.0
1682	3664.0
1683	3952.0
1684	3888.0
1685	3648.0
1686	3580.0
1687	3588.0
1688	3536.0
1689	3384.0
1690	3312.0
1691	3084.0
1692	2888.0
1693	2632.0
1694	2628.0
1695	2388.0
1696	2688.0
1697	2820.0
1698	2920.0
1699	2956.0
1700	3488.0
1701	3264.0
1702	3612.0
1703	3360.0
1704	3540.0
1705	3392.0
1706	3864.0
1707	3580.0
1708	3580.0
1709	3240.0
1710	3320.0
1711	3480.0
1712	3412.0
1713	3332.0
1714	3508.0
1715	3392.0
1716	3260.0
1717	2916.0
1718	3284.0
1719	3180.0
1720	3576.0
1721	3476.0
1722	3236.0
1723	3636.0
1724	3536.0
1725	3660.0
1726	3416.0
1727	3396.0
1728	3784.0
1729	3476.0
1730	3576.0
1731	3516.0
1732	3744.0
1733	3820.0
1734	3608.0
1735	3908.0
1736	3592.0
1737	3552.0
1738	3512.0
1739	3524.0
1740	3732.0
1741	3680.0
1742	3600.0
1743	3620.0
1744	3552.0
1745	3608.0
1746	3332.0
1747	3100.0
1748	3240.0
1749	3460.0
1750	3176.0
1751	3112.0
1752	2980.0
1753	3300.0
1754	3100.0
1755	3256.0
1756	3608.0
1757	3584.0
1758	3652.0
1759	3624.0
1760	3720.0
1761	3848.0
1762	3648.0
1763	3936.0
1764	3764.0
1765	3468.0
1766	3704.0
1767	3572.0
1768	3684.0
1769	3696.0
1770	3732.0
1771	3892.0
1772	3552.0
1773	3976.0
1774	3820.0
1775	3728.0
1776	3752.0
1777	3528.0
1778	3740.0
1779	3520.0
1780	3172.0
1781	3576.0
1782	3728.0
1783	3344.0
1784	3668.0
1785	3496.0
1786	3564.0
1787	3672.0
1788	3680.0
1789	3776.0
1790	4024.0
1791	3780.0
1792	4172.0
1793	3728.0
1794	4160.0
1795	3712.0
1796	3656.0
1797	3460.0
1798	3828.0
1799	3844.0
1800	3648.0
1801	3452.0
1802	3780.0
1803	3788.0
1804	3736.0
1805	3692.0
1806	3232.0
1807	3944.0
1808	3876.0
1809	3932.0
1810	3504.0
1811	3836.0
1812	3492.0
1813	3476.0
1814	3856.0
1815	3768.0
1816	3848.0
1817	3872.0
1818	3572.0
1819	3504.0
1820	3684.0
1821	3636.0
1822	3472.0
1823	3636.0
1824	3816.0
1825	3668.0
1826	3736.0
1827	3512.0
1828	3592.0
1829	3660.0
1830	3648.0
1831	3664.0
1832	3932.0
1833	3716.0
1834	3640.0
1835	3596.0
1836	3248.0
1837	3500.0
1838	3600.0
1839	3572.0
1840	3796.0
1841	3484.0
1842	3804.0
1843	3528.0
1844	3644.0
1845	3636.0
1846	3644.0
1847	3740.0
1848	3736.0
1849	3756.0
1850	3584.0
1851	3648.0
1852	3840.0
1853	3780.0
1854	3792.0
1855	3592.0
1856	3552.0
1857	3852.0
1858	4008.0
1859	3980.0
1860	3872.0
1861	3880.0
1862	3916.0
1863	4024.0
1864	3796.0
1865	4232.0
1866	3908.0
1867	3764.0
1868	3700.0
1869	3972.0
1870	3628.0
1871	3968.0
1872	3668.0
1873	3628.0
1874	3612.0
1875	3768.0
1876	3736.0
1877	3504.0
1878	3476.0
1879	3508.0
1880	3348.0
1881	3552.0
1882	3660.0
1883	3544.0
1884	3712.0
1885	3440.0
1886	3580.0
1887	3192.0
1888	3452.0
1889	3412.0
1890	3588.0
1891	3540.0
1892	3424.0
1893	3308.0
1894	3692.0
1895	3772.0
1896	3100.0
1897	3412.0
1898	3192.0
1899	3108.0
1900	3360.0
1901	3140.0
1902	3272.0
1903	3568.0
1904	3604.0
1905	3516.0
1906	3692.0
1907	3736.0
1908	3452.0
1909	3232.0
1910	3104.0
1911	3352.0
1912	3012.0
1913	3272.0
1914	3272.0
1915	3436.0
1916	3684.0
1917	3468.0
1918	3688.0
1919	3456.0
1920	3708.0
1921	3552.0
1922	3824.0
1923	3632.0
1924	3992.0
1925	3912.0
1926	3660.0
1927	3692.0
1928	3652.0
1929	3876.0
1930	3368.0
1931	3608.0
1932	3668.0
1933	3504.0
1934	3904.0
1935	3556.0
1936	3724.0
1937	3852.0
1938	3488.0
1939	3628.0
1940	3700.0
1941	3808.0
1942	3700.0
1943	3752.0
1944	3580.0
1945	3708.0
1946	3832.0
1947	3576.0
1948	3656.0
1949	3576.0
1950	3592.0
1951	3696.0
1952	3680.0
1953	3512.0
1954	3656.0
1955	4088.0
1956	3484.0
1957	3436.0
1958	4024.0
1959	3676.0
1960	3768.0
1961	3620.0
1962	3684.0
1963	3700.0
1964	3456.0
1965	3540.0
1966	3400.0
1967	3620.0
1968	3704.0
1969	3740.0
1970	3724.0
1971	3492.0
1972	3680.0
1973	3924.0
1974	3784.0
1975	3616.0
1976	3724.0
1977	3516.0
1978	3636.0
1979	3524.0
1980	3536.0
1981	3656.0
1982	4008.0
1983	3548.0
1984	3524.0
1985	3680.0
1986	3748.0
1987	3792.0
1988	4028.0
1989	3844.0
1990	3688.0
1991	3688.0
1992	3448.0
1993	3804.0
1994	3428.0
1995	3656.0
1996	3388.0
1997	3556.0
1998	3424.0
1999	3820.0
2000	3480.0
2001	3640.0
2002	3788.0
2003	3568.0
2004	3708.0
2005	3688.0
2006	3460.0
2007	3424.0
2008	3480.0
2009	3416.0
2010	3648.0
2011	3856.0
2012	3444.0
2013	3776.0
2014	3512.0
2015	3780.0
2016	3432.0
2017	3688.0
2018	3284.0
2019	3372.0
2020	3316.0
2021	3176.0
2022	3652.0
2023	3216.0
2024	3708.0
2025	3324.0
2026	3668.0
2027	3612.0
2028	3580.0
2029	3764.0
2030	3688.0
2031	3672.0
2032	3408.0
2033	3440.0
2034	3588.0
2035	3696.0
2036	3548.0
2037	3728.0
2038	3824.0
2039	3676.0
2040	3344.0
2041	3532.0
2042	3628.0
2043	3444.0
2044	3600.0
2045	3060.0
2046	3176.0
2047	3440.0
2048	3448.0
2049	3424.0
2050	3612.0
2051	3788.0
2052	3484.0
2053	3640.0
2054	4036.0
2055	3484.0
2056	3288.0
2057	3572.0
2058	3456.0
2059	3312.0
2060	3696.0
2061	3216.0
2062	3436.0
2063	3260.0
2064	3128.0
2065	3308.0
2066	3008.0
2067	3312.0
2068	3144.0
2069	3104.0
2070	3312.0
2071	3316.0
2072	3348.0
2073	3416.0
2074	3728.0
2075	3424.0
2076	3312.0
2077	3272.0
2078	3480.0
2079	3248.0
2080	3544.0
2081	3452.0
2082	3560.0
2083	3496.0
2084	3328.0
2085	3316.0
2086	3540.0
2087	3456.0
2088	3352.0
2089	3520.0
2090	3576.0
2091	3440.0
2092	3372.0
2093	3240.0
2094	3192.0
2095	3168.0
2096	3264.0
2097	3196.0
2098	3428.0
2099	3312.0
2100	3232.0
2101	3444.0
2102	3044.0
2103	3284.0
2104	3360.0
2105	3064.0
2106	3380.0
2107	3412.0
2108	3350.0
2109	3152.0
2110	3500.0
2111	3254.0
2112	3260.0
2113	3200.0
2114	3156.0
2115	3536.0
2116	3540.0
2117	3400.0
2118	2788.0
2119	3000.0
2120	3108.0
2121	2672.0
2122	2516.0
2123	3156.0
2124	2908.0
2125	2784.0
2126	2776.0
2127	3016.0
2128	2728.0
2129	2984.0
2130	3260.0
2131	3352.0
2132	3424.0
2133	2796.0
2134	3012.0
2135	2780.0
2136	2912.0
2137	3020.0
2138	2980.0
2139	3008.0
2140	3508.0
2141	3524.0
2142	3364.0
2143	3764.0
2144	3260.0
2145	3368.0
2146	3368.0
2147	3400.0
2148	3572.0
2149	3644.0
2150	3720.0
2151	3472.0
2152	3344.0
2153	3384.0
2154	3160.0
2155	3424.0
2156	3520.0
2157	3676.0
2158	3600.0
2159	3080.0
2160	3660.0
2161	3168.0
2162	3000.0
2163	3276.0
2164	3164.0
2165	3396.0
2166	3132.0
2167	3140.0
2168	3280.0
2169	3608.0
2170	3044.0
2171	3412.0
2172	3240.0
2173	3196.0
2174	3448.0
2175	3168.0
2176	3204.0
2177	3052.0
2178	3144.0
2179	3084.0
2180	3068.0
2181	3348.0
2182	3164.0
2183	3260.0
2184	3160.0
2185	3000.0
2186	3124.0
2187	3036.0
2188	2876.0
2189	3364.0
2190	3132.0
2191	2992.0
2192	3080.0
2193	3316.0
2194	3200.0
2195	3244.0
2196	2852.0
2197	2972.0
2198	3260.0
2199	2952.0
2200	3028.0
2201	3152.0
2202	3300.0
2203	3176.0
2204	3152.0
2205	3036.0
2206	3148.0
2207	3492.0
2208	2816.0
2209	2964.0
2210	3060.0
2211	3384.0
2212	3160.0
2213	3084.0
2214	2956.0
2215	3192.0
2216	3300.0
2217	3240.0
2218	3064.0
2219	3304.0
2220	2868.0
2221	2972.0
2222	3344.0
2223	3252.0
2224	3388.0
2225	2880.0
2226	3032.0
2227	3140.0
2228	3132.0
2229	3140.0
2230	3072.0
2231	3340.0
2232	2924.0
2233	3180.0
2234	2724.0
2235	2824.0
2236	2852.0
2237	2904.0
2238	2944.0
2239	2744.0
2240	3052.0
2241	3332.0
2242	3100.0
2243	3120.0
2244	2616.0
2245	3120.0
2246	3278.0
2247	3052.0
2248	3624.0
2249	3464.0
2250	2920.0
2251	3128.0
2252	2932.0
2253	3484.0
2254	3100.0
2255	3108.0
2256	3136.0
2257	3092.0
2258	2932.0
2259	2788.0
2260	2872.0
2261	3008.0
2262	2816.0
2263	2864.0
2264	2820.0
2265	3232.0
2266	3188.0
2267	2900.0
2268	2712.0
2269	2796.0
2270	2920.0
2271	2940.0
2272	2792.0
2273	3148.0
2274	3140.0
2275	3328.0
2276	2808.0
2277	2916.0
2278	3076.0
2279	2760.0
2280	2432.0
2281	2732.0
2282	2956.0
2283	3008.0
2284	3012.0
2285	2900.0
2286	2952.0
2287	2992.0
2288	2944.0
2289	2862.0
2290	3028.0
2291	2764.0
2292	2764.0
2293	2816.0
2294	2720.0
2295	3208.0
2296	2784.0
2297	2944.0
2298	2940.0
2299	2548.0
2300	2936.0
2301	2804.0
2302	2868.0
2303	2772.0
2304	2884.0
2305	2728.0
2306	2676.0
2307	2512.0
2308	2828.0
2309	3028.0
2310	2656.0
2311	2728.0
2312	2788.0
2313	2936.0
2314	2804.0
2315	2820.0
2316	2892.0
2317	2780.0
2318	2716.0
2319	3092.0
2320	2932.0
2321	2732.0
2322	2576.0
2323	2748.0
2324	2896.0
2325	3004.0
2326	2792.0
2327	2700.0
2328	2644.0
2329	2732.0
2330	2620.0
2331	2716.0
2332	2748.0
2333	2824.0
2334	2648.0
2335	2628.0
2336	2772.0
2337	2680.0
2338	2596.0
2339	2356.0
2340	2764.0
2341	2832.0
2342	2856.0
2343	2540.0
2344	2436.0
2345	2656.0
2346	2484.0
2347	2808.0
2348	2944.0
2349	2812.0
2350	2824.0
2351	2640.0
2352	2812.0
2353	2888.0
2354	2900.0
2355	2496.0
2356	2664.0
2357	2484.0
2358	2560.0
2359	2396.0
2360	2640.0
2361	3004.0
2362	2512.0
2363	2624.0
2364	2492.0
2365	2648.0
2366	2488.0
2367	2532.0
2368	2904.0
2369	2648.0
2370	2996.0
2371	2632.0
2372	2496.0
2373	2480.0
2374	2684.0
2375	2500.0
2376	2704.0
2377	2408.0
2378	2576.0
2379	2680.0
2380	2628.0
2381	2772.0
2382	2904.0
2383	2480.0
2384	2700.0
2385	2528.0
2386	2468.0
2387	2480.0
2388	2640.0
2389	2816.0
2390	2684.0
2391	2468.0
2392	2684.0
2393	2436.0
2394	2578.0
2395	2476.0
2396	2640.0
2397	2504.0
2398	2628.0
2399	2784.0
2400	2584.0
2401	2656.0
2402	2592.0
2403	2484.0
2404	2648.0
2405	2484.0
2406	2600.0
2407	2632.0
2408	2608.0
2409	2828.0
2410	2284.0
2411	2816.0
2412	2592.0
2413	2508.0
2414	2728.0
2415	2944.0
2416	2768.0
2417	2348.0
2418	2760.0
2419	2432.0
2420	2392.0
2421	2808.0
2422	2304.0
2423	2556.0
2424	2836.0
2425	2592.0
2426	2508.0
2427	2432.0
2428	2708.0
2429	2320.0
2430	2420.0
2431	2232.0
2432	2452.0
2433	2316.0
2434	2420.0
2435	2568.0
2436	2608.0
2437	2708.0
2438	2524.0
2439	2732.0
2440	2560.0
2441	2360.0
2442	2724.0
2443	2460.0
2444	2330.0
2445	2716.0
2446	2388.0
2447	2628.0
2448	2416.0
2449	2560.0
2450	2378.0
2451	2472.0
2452	2384.0
2453	2336.0
2454	1896.0
2455	2212.0
2456	2250.0
2457	2240.0
2458	2476.0
2459	2016.0
2460	1860.0
2461	2016.0
2462	2180.0
2463	2168.0
2464	2246.0
2465	2444.0
2466	2520.0
2467	2264.0
2468	2316.0
2469	2400.0
2470	2172.0
2471	2316.0
2472	2356.0
2473	2352.0
2474	2376.0
2475	2512.0
2476	2180.0
2477	2224.0
2478	2216.0
2479	2256.0
2480	2116.0
2481	2300.0
2482	2100.0
2483	2492.0
2484	2168.0
2485	2412.0
2486	2240.0
2487	2560.0
2488	2348.0
2489	2196.0
2490	2312.0
2491	2592.0
2492	2368.0
2493	2500.0
2494	2456.0
2495	2316.0
2496	2168.0
2497	2064.0
2498	2532.0
2499	2332.0
2500	2560.0
2501	2400.0
2502	2348.0
2503	2264.0
2504	2232.0
2505	2320.0
2506	2368.0
2507	2480.0
2508	2252.0
2509	2388.0
2510	2292.0
2511	2168.0
2512	2276.0
2513	2536.0
2514	2012.0
2515	2380.0
2516	1984.0
2517	2148.0
2518	1964.0
2519	2304.0
2520	1988.0
2521	1864.0
2522	1936.0
2523	2080.0
2524	1816.0
2525	2384.0
2526	2244.0
2527	2232.0
2528	2596.0
2529	2176.0
2530	2304.0
2531	2152.0
2532	2284.0
2533	2392.0
2534	2244.0
2535	2354.0
2536	2240.0
2537	2036.0
2538	2144.0
2539	2148.0
2540	2208.0
2541	2112.0
2542	2116.0
2543	1964.0
2544	2160.0
2545	2384.0
2546	2160.0
2547	2164.0
2548	2300.0
2549	1720.0
2550	2300.0
2551	2192.0
2552	2140.0
2553	2136.0
2554	2348.0
2555	2120.0
2556	2040.0
2557	1948.0
2558	2180.0
2559	2272.0
2560	2112.0
2561	2456.0
2562	1880.0
2563	2004.0
2564	2072.0
2565	1830.0
2566	1920.0
2567	1576.0
2568	1748.0
2569	1732.0
2570	1656.0
2571	1916.0
2572	1504.0
2573	1536.0
2574	1856.0
2575	1634.0
2576	1596.0
2577	1764.0
2578	1956.0
2579	1624.0
2580	1668.0
2581	2036.0
2582	1972.0
2583	2180.0
2584	1968.0
2585	1884.0
2586	2060.0
2587	1924.0
2588	2172.0
2589	2172.0
2590	2188.0
2591	2044.0
2592	2096.0
2593	2096.0
2594	2252.0
2595	2260.0
2596	2136.0
2597	2000.0
2598	1912.0
2599	1948.0
2600	2136.0
2601	2168.0
2602	1976.0
2603	1854.0
2604	2096.0
2605	2028.0
2606	1976.0
2607	2164.0
2608	1908.0
2609	1968.0
2610	1856.0
2611	2156.0
2612	2172.0
2613	2008.0
2614	2156.0
2615	1880.0
2616	2196.0
2617	2032.0
2618	2040.0
2619	2100.0
2620	2216.0
2621	2116.0
2622	1704.0
2623	1996.0
2624	2024.0
2625	2240.0
2626	1904.0
2627	2132.0
2628	1896.0
2629	2132.0
2630	1904.0
2631	2052.0
2632	2112.0
2633	2088.0
2634	1912.0
2635	2216.0
2636	2056.0
2637	1780.0
2638	1932.0
2639	1888.0
2640	2288.0
2641	2112.0
2642	2024.0
2643	2324.0
2644	1880.0
2645	2080.0
2646	1876.0
2647	1736.0
2648	1828.0
2649	2156.0
2650	2208.0
2651	1852.0
2652	1780.0
2653	1796.0
2654	2012.0
2655	1796.0
2656	1876.0
2657	2244.0
2658	1964.0
2659	1796.0
2660	1852.0
2661	1996.0
2662	2020.0
2663	1780.0
2664	2112.0
2665	1944.0
2666	2248.0
2667	1986.0
2668	1846.0
2669	1976.0
2670	1816.0
2671	1796.0
2672	1992.0
2673	1908.0
2674	1904.0
2675	1976.0
2676	1932.0
2677	1856.0
2678	1864.0
2679	1936.0
2680	2132.0
2681	1932.0
2682	1928.0
2683	1812.0
2684	2072.0
2685	1940.0
2686	1864.0
2687	1852.0
2688	1888.0
2689	1748.0
2690	2116.0
2691	1936.0
2692	1884.0
2693	1840.0
2694	1940.0
2695	2004.0
2696	2068.0
2697	1744.0
2698	1900.0
2699	1600.0
2700	1840.0
2701	1880.0
2702	1928.0
2703	1904.0
2704	1544.0
2705	1888.0
2706	1792.0
2707	1640.0
2708	1788.0
2709	1886.0
2710	1896.0
2711	1876.0
2712	1752.0
2713	1884.0
2714	1916.0
2715	1732.0
2716	1928.0
2717	2072.0
2718	1980.0
2719	1896.0
2720	1928.0
2721	1540.0
2722	1726.0
2723	1772.0
2724	1764.0
2725	1664.0
2726	1608.0
2727	1856.0
2728	1732.0
2729	1940.0
2730	1672.0
2731	1656.0
2732	1676.0
2733	1548.0
2734	1492.0
2735	1608.0
2736	1348.0
2737	1540.0
2738	1396.0
2739	1572.0
2740	1560.0
2741	1676.0
2742	1424.0
2743	1448.0
2744	1808.0
2745	1506.0
2746	1296.0
2747	1448.0
