0	108416.0
1	106780.0
2	107436.0
3	106892.0
4	107344.0
5	104728.0
6	107604.0
7	105760.0
8	107964.0
9	105704.0
10	107464.0
11	107684.0
12	107800.0
13	108176.0
14	110060.0
15	111004.0
16	110888.0
17	111836.0
18	110696.0
19	111456.0
20	111780.0
21	111704.0
22	112908.0
23	111624.0
24	112916.0
25	113376.0
26	111980.0
27	112296.0
28	112892.0
29	113792.0
30	113260.0
31	112712.0
32	112932.0
33	112044.0
34	114364.0
35	113292.0
36	113984.0
37	112908.0
38	112876.0
39	112256.0
40	113252.0
41	114016.0
42	113868.0
43	115112.0
44	114468.0
45	113956.0
46	114764.0
47	114816.0
48	113192.0
49	113108.0
50	113076.0
51	113792.0
52	114460.0
53	113704.0
54	114904.0
55	114804.0
56	114276.0
57	116444.0
58	115608.0
59	117012.0
60	117480.0
61	116892.0
62	117692.0
63	118520.0
64	118580.0
65	118984.0
66	119320.0
67	118012.0
68	119384.0
69	118612.0
70	118792.0
71	116540.0
72	117692.0
73	115440.0
74	115828.0
75	115612.0
76	116000.0
77	115196.0
78	115540.0
79	115412.0
80	116088.0
81	115220.0
82	116052.0
83	117848.0
84	108768.0
85	110640.0
86	112936.0
87	112420.0
88	114168.0
89	113884.0
90	115204.0
91	115664.0
92	116260.0
93	116036.0
94	117100.0
95	116744.0
96	115328.0
97	113672.0
98	113844.0
99	114580.0
100	113100.0
101	110700.0
102	111712.0
103	111576.0
104	110440.0
105	110368.0
106	108664.0
107	109984.0
108	108636.0
109	110028.0
110	111280.0
111	110184.0
112	111192.0
113	112936.0
114	112932.0
115	114964.0
116	114960.0
117	117400.0
118	117608.0
119	117788.0
120	117024.0
121	117312.0
122	118012.0
123	117528.0
124	119352.0
125	118628.0
126	117628.0
127	117680.0
128	116788.0
129	116028.0
130	115880.0
131	113504.0
132	114648.0
133	113868.0
134	112568.0
135	115656.0
136	113492.0
137	114976.0
138	115532.0
139	116272.0
140	115280.0
141	114936.0
142	117568.0
143	117872.0
144	117844.0
145	118812.0
146	117580.0
147	118692.0
148	118108.0
149	117924.0
150	118344.0
151	117668.0
152	116864.0
153	117596.0
154	117404.0
155	117652.0
156	116596.0
157	115364.0
158	115752.0
159	117660.0
160	118420.0
161	119412.0
162	118220.0
163	119940.0
164	118956.0
165	116780.0
166	116820.0
167	120064.0
168	120164.0
169	119668.0
170	118740.0
171	119256.0
172	120844.0
173	118288.0
174	118516.0
175	117900.0
176	117996.0
177	118464.0
178	117596.0
179	117416.0
180	116360.0
181	115608.0
182	116208.0
183	115632.0
184	116328.0
185	117932.0
186	117272.0
187	118292.0
188	119860.0
189	119276.0
190	121144.0
191	120832.0
192	115376.0
193	115468.0
194	116640.0
195	115320.0
196	117184.0
197	115572.0
198	114644.0
199	114732.0
200	114752.0
201	115712.0
202	115116.0
203	113904.0
204	112348.0
205	111816.0
206	111484.0
207	110168.0
208	107700.0
209	109416.0
210	108896.0
211	109576.0
212	108884.0
213	109284.0
214	110420.0
215	108856.0
216	108300.0
217	111592.0
218	112996.0
219	112984.0
220	114220.0
221	114772.0
222	115544.0
223	114992.0
224	114888.0
225	116592.0
226	117364.0
227	118236.0
228	117404.0
229	115864.0
230	115048.0
231	115276.0
232	112164.0
233	112784.0
234	114140.0
235	114660.0
236	112524.0
237	111604.0
238	112640.0
239	112712.0
240	108744.0
241	110060.0
242	113116.0
243	110716.0
244	112556.0
245	112960.0
246	114336.0
247	113056.0
248	112808.0
249	112456.0
250	115564.0
251	114916.0
252	116832.0
253	117124.0
254	117320.0
255	116596.0
256	115948.0
257	112864.0
258	113828.0
259	118748.0
260	117188.0
261	116204.0
262	116704.0
263	116760.0
264	116608.0
265	114384.0
266	114136.0
267	115744.0
268	117596.0
269	116436.0
270	115132.0
271	116404.0
272	117580.0
273	114388.0
274	114976.0
275	116496.0
276	116740.0
277	117008.0
278	115636.0
279	117728.0
280	117200.0
281	115144.0
282	114152.0
283	114624.0
284	115384.0
285	116172.0
286	113512.0
287	116204.0
288	115856.0
289	114608.0
290	112368.0
291	114664.0
292	116052.0
293	116712.0
294	114780.0
295	116884.0
296	118940.0
297	119216.0
298	115392.0
299	116400.0
300	117056.0
301	118240.0
302	119504.0
303	117956.0
304	119100.0
305	111192.0
306	116400.0
307	114776.0
308	114040.0
309	109868.0
310	109388.0
311	108904.0
312	109212.0
313	107184.0
314	106200.0
315	105096.0
316	105692.0
317	106984.0
318	107584.0
319	107068.0
320	108156.0
321	108532.0
322	109328.0
323	108608.0
324	108228.0
325	110480.0
326	112976.0
327	113296.0
328	112764.0
329	115784.0
330	116044.0
331	112512.0
332	114056.0
333	113892.0
334	114736.0
335	115948.0
336	114996.0
337	114524.0
338	114832.0
339	112484.0
340	110524.0
341	109356.0
342	114040.0
343	111128.0
344	112060.0
345	110448.0
346	109276.0
347	110988.0
348	108332.0
349	107608.0
350	107808.0
351	110568.0
352	111272.0
353	112020.0
354	112636.0
355	113588.0
356	112720.0
357	110884.0
358	111004.0
359	114652.0
360	115056.0
361	115460.0
362	117076.0
363	118232.0
364	116400.0
365	115336.0
366	114604.0
367	117516.0
368	116012.0
369	115864.0
370	113324.0
371	116240.0
372	114592.0
373	110628.0
374	112388.0
375	111192.0
376	114164.0
377	115184.0
378	114704.0
379	114728.0
380	115004.0
381	113496.0
382	112996.0
383	114372.0
384	116212.0
385	115576.0
386	116360.0
387	115756.0
388	116596.0
389	117072.0
390	114260.0
391	113576.0
392	115924.0
393	116328.0
394	115556.0
395	114924.0
396	114640.0
397	115372.0
398	112656.0
399	111832.0
400	113372.0
401	116032.0
402	115036.0
403	115472.0
404	116272.0
405	116460.0
406	115152.0
407	113776.0
408	114504.0
409	119092.0
410	116868.0
411	115988.0
412	115948.0
413	115612.0
414	114396.0
415	112048.0
416	112408.0
417	115228.0
418	114344.0
419	113744.0
420	111668.0
421	112448.0
422	113744.0
423	109676.0
424	108716.0
425	111028.0
426	111692.0
427	111824.0
428	110920.0
429	111960.0
430	113400.0
431	111396.0
432	112676.0
433	113752.0
434	115912.0
435	117224.0
436	117812.0
437	121364.0
438	121140.0
439	119976.0
440	117804.0
441	117004.0
442	120752.0
443	111804.0
444	112768.0
445	111816.0
446	112196.0
447	111220.0
448	109888.0
449	107324.0
450	109152.0
451	107708.0
452	108384.0
453	107108.0
454	106564.0
455	108788.0
456	107224.0
457	105852.0
458	106300.0
459	108016.0
460	107332.0
461	108812.0
462	109056.0
463	110308.0
464	108268.0
465	108000.0
466	108292.0
467	111176.0
468	112504.0
469	110936.0
470	111828.0
471	113192.0
472	113320.0
473	111264.0
474	110056.0
475	113224.0
476	112860.0
477	114164.0
478	113832.0
479	112444.0
480	113400.0
481	110656.0
482	109084.0
483	110304.0
484	113972.0
485	112964.0
486	112988.0
487	114308.0
488	113220.0
489	111748.0
490	110520.0
491	110736.0
492	113236.0
493	114176.0
494	113236.0
495	113876.0
496	114304.0
497	113608.0
498	110148.0
499	109468.0
500	111920.0
501	111772.0
502	111284.0
503	110684.0
504	109868.0
505	109924.0
506	111088.0
507	107828.0
508	111144.0
509	112028.0
510	111088.0
511	110232.0
512	111860.0
513	114552.0
514	113700.0
515	111384.0
516	112928.0
517	115308.0
518	117028.0
519	115928.0
520	118824.0
521	119980.0
522	119216.0
523	115696.0
524	114444.0
525	116352.0
526	117584.0
527	115480.0
528	115956.0
529	115352.0
530	113884.0
531	112780.0
532	110956.0
533	109300.0
534	112832.0
535	110784.0
536	111616.0
537	111744.0
538	112400.0
539	109096.0
540	108156.0
541	109800.0
542	113096.0
543	114712.0
544	113800.0
545	115404.0
546	115932.0
547	116368.0
548	116036.0
549	114840.0
550	116808.0
551	119884.0
552	118656.0
553	119096.0
554	120328.0
555	119288.0
556	118516.0
557	116520.0
558	117620.0
559	119600.0
560	119144.0
561	119548.0
562	118828.0
563	116332.0
564	114696.0
565	113204.0
566	114496.0
567	115084.0
568	110236.0
569	109312.0
570	108620.0
571	108864.0
572	110612.0
573	109724.0
574	110432.0
575	112080.0
576	113860.0
577	112288.0
578	113452.0
579	115228.0
580	113508.0
581	110964.0
582	110352.0
583	109276.0
584	112076.0
585	110372.0
586	110992.0
587	109544.0
588	110716.0
589	111216.0
590	108740.0
591	109472.0
592	111832.0
593	111416.0
594	110044.0
595	110040.0
596	112232.0
597	114380.0
598	111712.0
599	113480.0
600	115260.0
601	116684.0
602	116788.0
603	116320.0
604	117204.0
605	119184.0
606	117720.0
607	114824.0
608	117204.0
609	118104.0
610	118544.0
611	117232.0
612	117124.0
613	115992.0
614	114772.0
615	110204.0
616	110140.0
617	111568.0
618	111972.0
619	110456.0
620	110144.0
621	110368.0
622	108500.0
623	106608.0
624	106404.0
625	108776.0
626	109408.0
627	108364.0
628	109864.0
629	110732.0
630	112024.0
631	110440.0
632	110728.0
633	113008.0
634	115692.0
635	116156.0
636	116104.0
637	117556.0
638	118260.0
639	118180.0
640	115644.0
641	114668.0
642	118832.0
643	117348.0
644	118152.0
645	117080.0
646	116940.0
647	115128.0
648	113748.0
649	113188.0
650	114600.0
651	116848.0
652	116780.0
653	115472.0
654	115112.0
655	116116.0
656	114876.0
657	114048.0
658	114596.0
659	116232.0
660	116488.0
661	115328.0
662	117176.0
663	116196.0
664	114064.0
665	114188.0
666	112340.0
667	115360.0
668	116224.0
669	115700.0
670	116108.0
671	117000.0
672	115992.0
673	113672.0
674	112868.0
675	114800.0
676	115192.0
677	114316.0
678	115148.0
679	114140.0
680	116756.0
681	116348.0
682	114380.0
683	115724.0
684	119380.0
685	120096.0
686	120740.0
687	120612.0
688	121248.0
689	121740.0
690	120840.0
691	119272.0
692	122332.0
693	122692.0
694	122000.0
695	120212.0
696	120792.0
697	119856.0
698	118436.0
699	117916.0
700	119080.0
701	119032.0
702	118528.0
703	117992.0
704	109836.0
705	110356.0
706	108480.0
707	107216.0
708	106776.0
709	109108.0
710	109500.0
711	108416.0
712	111104.0
713	108180.0
714	109664.0
715	107308.0
716	108696.0
717	109140.0
718	109604.0
719	109032.0
720	109000.0
721	108580.0
722	111464.0
723	109480.0
724	109456.0
725	108752.0
726	112544.0
727	109588.0
728	110012.0
729	111924.0
730	110344.0
731	110608.0
732	109756.0
733	111052.0
734	112420.0
735	113540.0
736	112928.0
737	114400.0
738	114032.0
739	115184.0
740	112584.0
741	114436.0
742	115112.0
743	115740.0
744	115032.0
745	113364.0
746	115072.0
747	115348.0
748	112060.0
749	111004.0
750	111524.0
751	110252.0
752	110628.0
753	111000.0
754	108024.0
755	109112.0
756	107124.0
757	104548.0
758	105640.0
759	107156.0
760	108260.0
761	106976.0
762	107568.0
763	108376.0
764	108196.0
765	108520.0
766	108200.0
767	111680.0
768	113116.0
769	113796.0
770	113344.0
771	114496.0
772	117168.0
773	113556.0
774	115532.0
775	115744.0
776	116288.0
777	116852.0
778	118164.0
779	116352.0
780	116980.0
781	113816.0
782	113748.0
783	112832.0
784	112792.0
785	114240.0
786	114240.0
787	113024.0
788	112560.0
789	112592.0
790	111404.0
791	112580.0
792	114476.0
793	115796.0
794	115416.0
795	117924.0
796	117356.0
797	117892.0
798	116348.0
799	116528.0
800	117528.0
801	119244.0
802	117456.0
803	118600.0
804	118784.0
805	118588.0
806	116268.0
807	116260.0
808	113768.0
809	114764.0
810	114780.0
811	113648.0
812	113476.0
813	113124.0
814	113980.0
815	111308.0
816	113208.0
817	112980.0
818	114220.0
819	114012.0
820	115220.0
821	116800.0
822	116276.0
823	115940.0
824	116528.0
825	118652.0
826	118452.0
827	120388.0
828	120628.0
829	121548.0
830	121144.0
831	120308.0
832	119464.0
833	119672.0
834	120828.0
835	120804.0
836	121192.0
837	122856.0
838	121796.0
839	120228.0
840	118436.0
841	118304.0
842	118992.0
843	118680.0
844	118456.0
845	117580.0
846	116820.0
847	117300.0
848	116960.0
849	117492.0
850	118548.0
851	118552.0
852	119656.0
853	119344.0
854	119020.0
855	118700.0
856	117412.0
857	117536.0
858	118724.0
859	119588.0
860	120284.0
861	120684.0
862	118716.0
863	119876.0
864	120408.0
865	117548.0
866	117708.0
867	118060.0
868	119828.0
869	119024.0
870	118796.0
871	118488.0
872	121304.0
873	120128.0
874	112512.0
875	113448.0
876	115588.0
877	115016.0
878	116648.0
879	116620.0
880	117448.0
881	115064.0
882	117828.0
883	116232.0
884	116428.0
885	117604.0
886	117332.0
887	118388.0
888	118520.0
889	117304.0
890	116084.0
891	116048.0
892	116212.0
893	115572.0
894	115144.0
895	122144.0
896	115576.0
897	116308.0
898	116648.0
899	116516.0
900	114508.0
901	115788.0
902	115452.0
903	116700.0
904	116428.0
905	115876.0
906	118004.0
907	116684.0
908	116372.0
909	120160.0
910	119188.0
911	117288.0
912	119392.0
913	118732.0
914	118044.0
915	119268.0
916	115944.0
917	115680.0
918	115484.0
919	115824.0
920	113508.0
921	111640.0
922	111872.0
923	109984.0
924	112320.0
925	112052.0
926	111980.0
927	112484.0
928	112348.0
929	112836.0
930	114592.0
931	113632.0
932	115220.0
933	115404.0
934	116448.0
935	117508.0
936	118176.0
937	118904.0
938	119796.0
939	118800.0
940	117956.0
941	118764.0
942	120136.0
943	122240.0
944	120272.0
945	119720.0
946	119764.0
947	119380.0
948	116832.0
949	116624.0
950	116716.0
951	117844.0
952	117808.0
953	116496.0
954	117020.0
955	117540.0
956	116372.0
957	113912.0
958	113000.0
959	115648.0
960	115720.0
961	116504.0
962	116536.0
963	116740.0
964	116908.0
965	115788.0
966	117168.0
967	118024.0
968	118424.0
969	117104.0
970	117636.0
971	118304.0
972	118916.0
973	117812.0
974	116972.0
975	116164.0
976	117596.0
977	116900.0
978	117020.0
979	115660.0
980	117492.0
981	116720.0
982	115080.0
983	116768.0
984	116448.0
985	117832.0
986	117376.0
987	118236.0
988	120108.0
989	119340.0
990	117660.0
991	118368.0
992	120236.0
993	120460.0
994	121532.0
995	121896.0
996	123912.0
997	123672.0
998	123444.0
999	122760.0
1000	123056.0
1001	124340.0
1002	123500.0
1003	124484.0
1004	123952.0
1005	123144.0
1006	122008.0
1007	121168.0
1008	121904.0
1009	120688.0
1010	121048.0
1011	121012.0
1012	121556.0
1013	122632.0
1014	123388.0
1015	121704.0
1016	121672.0
1017	122820.0
1018	122836.0
1019	125472.0
1020	124160.0
1021	125016.0
1022	125424.0
1023	125452.0
1024	122680.0
1025	124788.0
1026	124224.0
1027	123292.0
1028	123328.0
1029	122648.0
1030	122584.0
1031	121568.0
1032	120316.0
1033	117956.0
1034	119620.0
1035	118896.0
1036	119164.0
1037	118680.0
1038	118848.0
1039	117920.0
1040	118592.0
1041	118580.0
1042	118904.0
1043	121244.0
1044	118512.0
1045	119944.0
1046	120700.0
1047	122432.0
1048	122488.0
1049	122436.0
1050	123888.0
1051	126564.0
1052	125120.0
1053	124776.0
1054	125348.0
1055	126556.0
1056	126512.0
1057	125852.0
1058	125252.0
1059	125372.0
1060	125700.0
1061	125112.0
1062	124780.0
1063	125352.0
1064	124428.0
1065	124104.0
1066	123968.0
1067	124076.0
1068	124764.0
1069	123484.0
1070	124360.0
1071	123104.0
1072	124712.0
1073	124052.0
1074	123932.0
1075	124048.0
1076	126116.0
1077	125092.0
1078	124996.0
1079	125668.0
1080	124912.0
1081	125884.0
1082	123460.0
1083	124796.0
1084	124376.0
1085	124888.0
1086	123992.0
1087	124132.0
1088	124208.0
1089	124272.0
1090	122476.0
1091	122616.0
1092	124408.0
1093	121756.0
1094	123216.0
1095	121712.0
1096	122976.0
1097	124552.0
1098	120944.0
1099	122864.0
1100	123644.0
1101	124336.0
1102	124392.0
1103	124892.0
1104	117604.0
1105	119108.0
1106	118880.0
1107	118072.0
1108	117520.0
1109	119868.0
1110	121076.0
1111	121104.0
1112	120748.0
1113	120540.0
1114	119192.0
1115	118840.0
1116	117272.0
1117	120840.0
1118	119124.0
1119	117472.0
1120	117412.0
1121	117916.0
1122	117752.0
1123	117744.0
1124	118120.0
1125	118008.0
1126	119200.0
1127	118280.0
1128	119180.0
1129	121036.0
1130	122884.0
1131	121044.0
1132	120900.0
1133	121124.0
1134	124136.0
1135	122912.0
1136	123232.0
1137	123200.0
1138	124024.0
1139	122540.0
1140	123928.0
1141	123648.0
1142	123320.0
1143	123808.0
1144	121988.0
1145	122048.0
1146	120416.0
1147	120824.0
1148	119000.0
1149	119556.0
1150	118224.0
1151	118356.0
1152	116996.0
1153	117832.0
1154	118612.0
1155	117764.0
1156	116912.0
1157	116012.0
1158	115076.0
1159	117372.0
1160	117844.0
1161	117488.0
1162	117624.0
1163	116860.0
1164	117024.0
1165	116532.0
1166	118860.0
1167	117856.0
1168	116996.0
1169	117700.0
1170	117876.0
1171	118508.0
1172	117464.0
1173	117072.0
1174	117556.0
1175	115508.0
1176	116364.0
1177	116588.0
1178	116572.0
1179	115620.0
1180	117404.0
1181	118108.0
1182	117908.0
1183	116816.0
1184	118616.0
1185	119692.0
1186	119612.0
1187	120200.0
1188	121980.0
1189	120032.0
1190	120404.0
1191	121180.0
1192	122420.0
1193	123132.0
1194	121316.0
1195	123072.0
1196	123192.0
1197	122052.0
1198	121796.0
1199	121868.0
1200	120916.0
1201	120416.0
1202	120000.0
1203	118580.0
1204	120152.0
1205	118488.0
1206	117064.0
1207	117516.0
1208	116500.0
1209	116592.0
1210	117864.0
1211	118324.0
1212	119104.0
1213	119572.0
1214	120260.0
1215	119236.0
1216	121112.0
1217	121672.0
1218	120960.0
1219	123272.0
1220	122676.0
1221	123148.0
1222	124840.0
1223	123432.0
1224	123912.0
1225	123368.0
1226	122684.0
1227	124324.0
1228	122768.0
1229	122320.0
1230	121296.0
1231	120484.0
1232	119216.0
1233	119856.0
1234	118732.0
1235	118448.0
1236	119452.0
1237	119684.0
1238	117552.0
1239	118056.0
1240	118608.0
1241	119648.0
1242	121148.0
1243	120280.0
1244	120200.0
1245	121592.0
1246	119392.0
1247	121944.0
1248	121036.0
1249	121972.0
1250	121600.0
1251	121872.0
1252	121540.0
1253	122540.0
1254	121792.0
1255	122408.0
1256	122124.0
1257	121388.0
1258	122220.0
1259	121596.0
1260	119844.0
1261	122092.0
1262	121664.0
1263	122676.0
1264	123716.0
1265	121116.0
1266	121060.0
1267	122616.0
1268	122120.0
1269	122868.0
1270	123868.0
1271	124240.0
1272	123972.0
1273	123332.0
1274	124092.0
1275	124516.0
1276	126256.0
1277	126996.0
1278	126768.0
1279	126372.0
1280	126184.0
1281	127100.0
1282	126184.0
1283	126336.0
1284	124072.0
1285	124816.0
1286	124440.0
1287	124792.0
1288	124216.0
1289	122824.0
1290	121900.0
1291	120968.0
1292	120740.0
1293	121064.0
1294	122328.0
1295	121512.0
1296	122056.0
1297	119740.0
1298	120324.0
1299	121696.0
1300	121276.0
1301	120888.0
1302	122600.0
1303	123512.0
1304	123892.0
1305	122488.0
1306	122276.0
1307	124000.0
1308	123704.0
1309	124260.0
1310	124812.0
1311	123692.0
1312	123376.0
1313	121680.0
1314	122180.0
1315	122092.0
1316	123176.0
1317	123308.0
1318	121672.0
1319	120348.0
1320	123116.0
1321	120596.0
1322	120232.0
1323	120604.0
1324	121804.0
1325	121580.0
1326	120348.0
1327	121584.0
1328	120864.0
1329	123580.0
1330	122728.0
1331	123712.0
1332	124404.0
1333	122344.0
1334	122744.0
1335	122540.0
1336	124052.0
1337	124544.0
1338	124120.0
1339	123508.0
1340	123160.0
1341	124412.0
1342	122184.0
1343	121956.0
1344	122160.0
1345	123488.0
1346	121884.0
1347	121276.0
1348	120600.0
1349	122780.0
1350	122888.0
1351	121584.0
1352	121492.0
1353	121132.0
1354	122340.0
1355	122688.0
1356	123644.0
1357	122956.0
1358	125404.0
1359	124984.0
1360	125768.0
1361	126232.0
1362	127896.0
1363	127084.0
1364	126040.0
1365	127152.0
1366	129096.0
1367	126500.0
1368	126072.0
1369	125848.0
1370	126880.0
1371	124364.0
1372	124968.0
1373	123168.0
1374	123436.0
1375	122568.0
1376	121980.0
1377	122088.0
1378	122924.0
1379	123352.0
1380	121060.0
1381	119956.0
1382	121828.0
1383	120280.0
1384	121836.0
1385	122620.0
1386	122840.0
1387	121636.0
1388	123024.0
1389	122388.0
1390	122744.0
1391	122480.0
1392	122280.0
1393	123588.0
1394	123524.0
1395	122324.0
1396	122784.0
1397	121768.0
1398	122280.0
1399	122908.0
1400	121240.0
1401	122836.0
1402	121472.0
1403	120648.0
1404	121444.0
1405	119904.0
1406	121032.0
1407	122716.0
1408	121980.0
1409	120796.0
1410	120788.0
1411	120968.0
1412	121480.0
1413	121328.0
1414	122332.0
1415	122836.0
1416	122128.0
1417	123060.0
1418	123104.0
1419	123512.0
1420	124864.0
1421	125248.0
1422	125332.0
1423	124480.0
1424	124800.0
1425	126124.0
1426	123920.0
1427	124816.0
1428	123732.0
1429	125564.0
1430	124976.0
1431	123660.0
1432	124096.0
1433	123504.0
1434	123420.0
1435	122032.0
1436	123736.0
1437	123812.0
1438	122656.0
1439	123284.0
1440	122816.0
1441	125164.0
1442	123872.0
1443	121708.0
1444	124480.0
1445	124096.0
1446	123616.0
1447	124412.0
1448	126536.0
1449	125516.0
1450	124584.0
1451	124452.0
1452	125492.0
1453	126928.0
1454	124972.0
1455	124740.0
1456	125864.0
1457	126228.0
1458	123628.0
1459	124956.0
1460	123036.0
1461	124432.0
1462	122804.0
1463	122788.0
1464	122624.0
1465	123564.0
1466	122160.0
1467	122688.0
1468	121712.0
1469	123368.0
1470	123360.0
1471	124268.0
1472	121848.0
1473	123664.0
1474	122492.0
1475	123228.0
1476	121912.0
1477	123036.0
1478	123300.0
1479	121468.0
1480	121356.0
1481	119676.0
1482	121752.0
1483	119712.0
1484	119364.0
1485	119560.0
1486	118504.0
1487	118052.0
1488	117104.0
1489	117548.0
1490	117236.0
1491	116340.0
1492	115272.0
1493	114716.0
1494	114476.0
1495	115824.0
1496	115200.0
1497	115700.0
1498	115140.0
1499	114632.0
1500	114468.0
1501	114944.0
1502	114952.0
1503	115220.0
1504	114736.0
1505	114828.0
1506	115980.0
1507	117584.0
1508	117884.0
1509	115456.0
1510	117004.0
1511	119156.0
1512	117904.0
1513	117376.0
1514	117020.0
1515	117080.0
1516	118800.0
1517	117864.0
1518	117460.0
1519	117412.0
1520	116796.0
1521	116936.0
1522	115804.0
1523	116408.0
1524	117656.0
1525	118752.0
1526	119468.0
1527	117720.0
1528	118492.0
1529	118896.0
1530	117968.0
1531	119036.0
1532	120240.0
1533	121364.0
1534	120596.0
1535	121508.0
1536	122648.0
1537	121676.0
1538	122816.0
1539	121684.0
1540	122656.0
1541	123800.0
1542	122328.0
1543	121888.0
1544	121408.0
1545	120384.0
1546	121656.0
1547	119040.0
1548	121148.0
1549	121144.0
1550	119456.0
1551	119748.0
1552	118748.0
1553	118180.0
1554	119728.0
1555	118596.0
1556	119904.0
1557	120972.0
1558	121568.0
1559	120188.0
1560	120756.0
1561	121612.0
1562	121004.0
1563	122420.0
1564	123152.0
1565	124336.0
1566	125080.0
1567	122268.0
1568	123564.0
1569	124512.0
1570	124288.0
1571	123764.0
1572	122728.0
1573	123216.0
1574	122880.0
1575	121888.0
1576	120812.0
1577	119668.0
1578	120924.0
1579	120932.0
1580	120120.0
1581	120044.0
1582	119984.0
1583	120448.0
1584	118824.0
1585	117872.0
1586	118952.0
1587	119236.0
1588	120868.0
1589	121000.0
1590	120988.0
1591	120444.0
1592	119872.0
1593	119420.0
1594	121432.0
1595	120616.0
1596	118288.0
1597	119148.0
1598	120488.0
1599	118356.0
1600	119564.0
1601	116824.0
1602	117484.0
1603	116100.0
1604	115400.0
1605	117016.0
1606	116344.0
1607	115732.0
1608	115436.0
1609	112660.0
1610	114248.0
1611	114040.0
1612	114984.0
1613	114276.0
1614	113876.0
1615	115196.0
1616	117396.0
1617	115120.0
1618	116584.0
1619	117180.0
1620	117284.0
1621	119004.0
1622	117168.0
1623	119000.0
1624	119180.0
1625	117820.0
1626	117444.0
1627	117980.0
1628	119940.0
1629	118864.0
1630	117748.0
1631	117488.0
1632	117672.0
1633	117740.0
1634	117084.0
1635	116424.0
1636	117664.0
1637	116596.0
1638	115116.0
1639	115752.0
1640	116852.0
1641	116064.0
1642	116124.0
1643	114884.0
1644	116728.0
1645	116604.0
1646	115904.0
1647	116256.0
1648	120328.0
1649	119384.0
1650	118200.0
1651	117088.0
1652	118108.0
1653	118240.0
1654	119488.0
1655	117996.0
1656	117288.0
1657	118404.0
1658	118064.0
1659	117488.0
1660	116884.0
1661	116792.0
1662	116200.0
1663	116640.0
1664	114848.0
1665	115360.0
1666	115456.0
1667	114192.0
1668	113996.0
1669	112808.0
1670	113152.0
1671	113776.0
1672	113184.0
1673	115628.0
1674	114684.0
1675	114696.0
1676	114876.0
1677	115508.0
1678	114868.0
1679	115700.0
1680	115424.0
1681	115660.0
1682	117540.0
1683	116164.0
1684	116768.0
1685	117160.0
1686	117012.0
1687	116520.0
1688	115668.0
1689	116040.0
1690	116448.0
1691	116456.0
1692	116460.0
1693	115356.0
1694	115096.0
1695	115108.0
1696	113448.0
1697	113876.0
1698	115672.0
1699	115880.0
1700	114808.0
1701	114040.0
1702	116900.0
1703	114544.0
1704	115760.0
1705	114128.0
1706	115136.0
1707	116476.0
1708	116600.0
1709	113560.0
1710	113644.0
1711	113892.0
1712	114484.0
1713	114584.0
1714	115120.0
1715	116408.0
1716	115764.0
1717	115176.0
1718	116344.0
1719	115972.0
1720	114716.0
1721	114440.0
1722	113476.0
1723	114060.0
1724	113068.0
1725	113132.0
1726	112244.0
1727	113736.0
1728	112580.0
1729	111512.0
1730	111028.0
1731	112224.0
1732	112740.0
1733	113084.0
1734	110688.0
1735	112316.0
1736	113144.0
1737	112272.0
1738	111668.0
1739	112264.0
1740	115588.0
1741	112552.0
1742	112276.0
1743	111668.0
1744	112352.0
1745	113572.0
1746	112644.0
1747	112480.0
1748	113480.0
1749	112536.0
1750	113856.0
1751	110556.0
1752	110876.0
1753	112384.0
1754	111312.0
1755	109148.0
1756	110080.0
1757	111940.0
1758	111100.0
1759	110100.0
1760	110452.0
1761	111120.0
1762	111372.0
1763	109576.0
1764	111080.0
1765	112036.0
1766	113736.0
1767	112784.0
1768	114276.0
1769	114060.0
1770	114348.0
1771	113664.0
1772	113480.0
1773	114940.0
1774	114172.0
1775	116480.0
1776	113920.0
1777	116444.0
1778	115168.0
1779	113968.0
1780	113316.0
1781	114036.0
1782	114156.0
1783	114304.0
1784	109976.0
1785	111380.0
1786	111764.0
1787	111052.0
1788	109224.0
1789	108040.0
1790	110844.0
1791	110388.0
1792	109572.0
1793	109320.0
1794	108976.0
1795	108876.0
1796	109544.0
1797	108556.0
1798	111372.0
1799	111200.0
1800	110436.0
1801	109796.0
1802	111660.0
1803	109616.0
1804	109064.0
1805	109504.0
1806	109912.0
1807	111304.0
1808	109192.0
1809	108184.0
1810	106908.0
1811	108408.0
1812	106876.0
1813	106636.0
1814	105752.0
1815	107076.0
1816	107080.0
1817	105380.0
1818	105048.0
1819	105164.0
1820	105596.0
1821	103392.0
1822	104688.0
1823	107204.0
1824	106948.0
1825	104992.0
1826	104976.0
1827	106112.0
1828	105388.0
1829	106292.0
1830	105340.0
1831	107544.0
1832	107020.0
1833	106152.0
1834	106428.0
1835	106440.0
1836	107868.0
1837	106796.0
1838	107476.0
1839	106660.0
1840	107864.0
1841	107604.0
1842	103964.0
1843	104712.0
1844	104772.0
1845	105164.0
1846	103756.0
1847	105012.0
1848	106116.0
1849	106920.0
1850	104592.0
1851	102832.0
1852	104080.0
1853	104816.0
1854	104520.0
1855	105180.0
1856	106640.0
1857	107860.0
1858	106516.0
1859	104292.0
1860	105968.0
1861	107292.0
1862	106648.0
1863	105980.0
1864	105400.0
1865	106724.0
1866	106956.0
1867	106688.0
1868	106316.0
1869	106352.0
1870	106548.0
1871	104484.0
1872	105600.0
1873	106084.0
1874	107192.0
1875	104792.0
1876	104468.0
1877	104812.0
1878	104796.0
1879	104928.0
1880	104104.0
1881	107192.0
1882	107712.0
1883	105664.0
1884	106680.0
1885	105092.0
1886	107592.0
1887	105864.0
1888	106588.0
1889	105528.0
1890	107484.0
1891	108592.0
1892	109216.0
1893	108716.0
1894	107576.0
1895	108132.0
1896	107972.0
1897	105100.0
1898	106932.0
1899	107596.0
1900	107524.0
1901	105008.0
1902	106248.0
1903	107108.0
1904	105028.0
1905	104872.0
1906	107852.0
1907	106720.0
1908	106520.0
1909	104348.0
1910	104212.0
1911	105224.0
1912	104468.0
1913	106484.0
1914	106928.0
1915	108844.0
1916	108228.0
1917	107436.0
1918	107964.0
1919	107696.0
1920	109496.0
1921	108996.0
1922	108304.0
1923	110976.0
1924	110072.0
1925	109292.0
1926	107164.0
1927	107936.0
1928	108880.0
1929	107324.0
1930	106556.0
1931	106748.0
1932	106828.0
1933	108304.0
1934	105228.0
1935	104496.0
1936	106672.0
1937	106908.0
1938	103140.0
1939	105412.0
1940	106988.0
1941	107356.0
1942	104840.0
1943	104512.0
1944	105928.0
1945	104908.0
1946	105448.0
1947	104448.0
1948	105204.0
1949	107380.0
1950	104784.0
1951	102804.0
1952	102864.0
1953	103404.0
1954	103956.0
1955	101728.0
1956	102924.0
1957	103280.0
1958	103796.0
1959	101380.0
1960	100448.0
1961	102380.0
1962	101444.0
1963	101580.0
1964	100336.0
1965	103324.0
1966	100884.0
1967	100676.0
1968	98756.0
1969	99544.0
1970	99148.0
1971	97748.0
1972	98052.0
1973	100936.0
1974	102180.0
1975	100140.0
1976	98752.0
1977	100844.0
1978	100284.0
1979	101004.0
1980	99736.0
1981	100432.0
1982	102060.0
1983	100736.0
1984	99596.0
1985	98936.0
1986	99480.0
1987	100452.0
1988	98420.0
1989	99304.0
1990	101060.0
1991	100688.0
1992	98068.0
1993	97680.0
1994	98008.0
1995	98676.0
1996	97544.0
1997	98144.0
1998	98972.0
1999	99732.0
2000	98372.0
2001	97804.0
2002	98840.0
2003	98792.0
2004	99168.0
2005	99004.0
2006	99836.0
2007	100656.0
2008	102440.0
2009	99496.0
2010	98200.0
2011	100300.0
2012	100440.0
2013	98668.0
2014	99940.0
2015	101812.0
2016	99848.0
2017	100524.0
2018	98060.0
2019	97496.0
2020	98844.0
2021	99420.0
2022	96992.0
2023	100572.0
2024	98716.0
2025	97316.0
2026	95396.0
2027	97772.0
2028	96616.0
2029	96296.0
2030	96448.0
2031	97668.0
2032	97580.0
2033	99580.0
2034	96912.0
2035	98128.0
2036	99536.0
2037	98552.0
2038	97488.0
2039	97220.0
2040	99156.0
2041	99504.0
2042	99172.0
2043	97820.0
2044	99280.0
2045	97276.0
2046	97664.0
2047	97532.0
2048	98172.0
2049	98924.0
2050	96972.0
2051	94840.0
2052	95724.0
2053	96516.0
2054	95600.0
2055	94156.0
2056	93744.0
2057	95972.0
2058	96020.0
2059	94732.0
2060	95144.0
2061	94936.0
2062	95324.0
2063	93808.0
2064	93276.0
2065	95616.0
2066	95544.0
2067	93176.0
2068	95392.0
2069	93432.0
2070	94760.0
2071	93488.0
2072	92340.0
2073	94416.0
2074	93476.0
2075	93180.0
2076	91872.0
2077	92468.0
2078	92804.0
2079	91564.0
2080	90836.0
2081	91436.0
2082	93712.0
2083	92216.0
2084	90824.0
2085	90308.0
2086	90980.0
2087	90420.0
2088	89616.0
2089	90956.0
2090	92928.0
2091	93244.0
2092	90708.0
2093	90252.0
2094	89760.0
2095	91712.0
2096	90792.0
2097	89952.0
2098	92156.0
2099	91776.0
2100	91792.0
2101	90240.0
2102	91968.0
2103	92072.0
2104	90496.0
2105	91556.0
2106	92240.0
2107	93728.0
2108	90516.0
2109	90080.0
2110	91096.0
2111	90052.0
2112	90764.0
2113	89908.0
2114	89596.0
2115	91740.0
2116	92300.0
2117	90840.0
2118	89580.0
2119	90188.0
2120	89740.0
2121	89280.0
2122	88804.0
2123	92424.0
2124	91396.0
2125	89908.0
2126	89148.0
2127	89540.0
2128	90040.0
2129	88924.0
2130	89524.0
2131	89292.0
2132	92160.0
2133	91068.0
2134	89680.0
2135	89884.0
2136	89920.0
2137	90456.0
2138	89900.0
2139	89492.0
2140	91504.0
2141	88944.0
2142	88784.0
2143	86960.0
2144	88144.0
2145	89656.0
2146	88148.0
2147	87696.0
2148	90028.0
2149	89092.0
2150	87120.0
2151	88156.0
2152	87924.0
2153	87852.0
2154	89116.0
2155	87628.0
2156	88720.0
2157	90748.0
2158	90408.0
2159	89728.0
2160	89892.0
2161	88432.0
2162	88824.0
2163	88308.0
2164	87952.0
2165	89540.0
2166	88592.0
2167	87536.0
2168	87292.0
2169	87036.0
2170	87812.0
2171	85776.0
2172	86828.0
2173	86724.0
2174	86704.0
2175	84864.0
2176	85228.0
2177	84556.0
2178	85788.0
2179	83792.0
2180	81052.0
2181	84388.0
2182	86652.0
2183	83668.0
2184	82628.0
2185	81956.0
2186	83844.0
2187	83176.0
2188	83608.0
2189	84016.0
2190	84920.0
2191	84056.0
2192	82728.0
2193	82100.0
2194	81444.0
2195	83572.0
2196	83220.0
2197	83268.0
2198	83352.0
2199	83560.0
2200	82840.0
2201	80688.0
2202	82444.0
2203	82152.0
2204	82304.0
2205	81340.0
2206	82012.0
2207	82000.0
2208	82592.0
2209	80680.0
2210	80100.0
2211	81116.0
2212	79248.0
2213	79532.0
2214	80188.0
2215	81140.0
2216	81768.0
2217	80284.0
2218	79948.0
2219	79972.0
2220	81656.0
2221	80116.0
2222	80744.0
2223	81612.0
2224	82676.0
2225	80616.0
2226	80512.0
2227	79824.0
2228	80452.0
2229	80512.0
2230	81316.0
2231	80712.0
2232	82620.0
2233	81724.0
2234	79044.0
2235	80396.0
2236	79084.0
2237	80224.0
2238	79692.0
2239	79432.0
2240	81696.0
2241	80772.0
2242	79556.0
2243	79224.0
2244	80308.0
2245	79892.0
2246	79924.0
2247	79612.0
2248	81044.0
2249	80700.0
2250	80344.0
2251	79100.0
2252	78932.0
2253	80164.0
2254	78820.0
2255	77784.0
2256	80004.0
2257	79212.0
2258	78744.0
2259	78488.0
2260	78400.0
2261	78696.0
2262	78100.0
2263	75372.0
2264	77312.0
2265	77932.0
2266	78048.0
2267	76488.0
2268	75760.0
2269	78544.0
2270	78208.0
2271	77744.0
2272	76772.0
2273	79256.0
2274	78652.0
2275	78192.0
2276	76304.0
2277	77036.0
2278	77192.0
2279	76756.0
2280	76716.0
