0	716.0
1	636.0
2	616.0
3	914.0
4	668.0
5	770.0
6	680.0
7	748.0
8	518.0
9	942.0
10	854.0
11	618.0
12	776.0
13	800.0
14	632.0
15	626.0
16	528.0
17	686.0
18	734.0
19	712.0
20	548.0
21	688.0
22	740.0
23	656.0
24	856.0
25	792.0
26	888.0
27	704.0
28	694.0
29	1048.0
30	716.0
31	732.0
32	642.0
33	746.0
34	746.0
35	788.0
36	760.0
37	664.0
38	746.0
39	580.0
40	714.0
41	564.0
42	752.0
43	782.0
44	676.0
45	764.0
46	816.0
47	750.0
48	696.0
49	768.0
50	834.0
51	658.0
52	972.0
53	636.0
54	838.0
55	474.0
56	856.0
57	752.0
58	674.0
59	738.0
60	848.0
61	678.0
62	632.0
63	642.0
64	760.0
65	902.0
66	734.0
67	782.0
68	894.0
69	852.0
70	700.0
71	812.0
72	752.0
73	580.0
74	754.0
75	914.0
76	784.0
77	770.0
78	912.0
79	836.0
80	864.0
81	784.0
82	664.0
83	744.0
84	858.0
85	728.0
86	604.0
87	794.0
88	836.0
89	848.0
90	774.0
91	614.0
92	630.0
93	658.0
94	690.0
95	912.0
96	784.0
97	722.0
98	782.0
99	732.0
100	642.0
101	822.0
102	772.0
103	826.0
104	736.0
105	962.0
106	870.0
107	800.0
108	696.0
109	686.0
110	622.0
111	756.0
112	772.0
113	664.0
114	760.0
115	800.0
116	856.0
117	842.0
118	794.0
119	682.0
120	696.0
121	696.0
122	790.0
123	692.0
124	788.0
125	908.0
126	976.0
127	692.0
128	594.0
129	602.0
130	748.0
131	720.0
132	768.0
133	724.0
134	788.0
135	804.0
136	808.0
137	784.0
138	844.0
139	876.0
140	892.0
141	862.0
142	796.0
143	784.0
144	924.0
145	832.0
146	840.0
147	726.0
148	882.0
149	904.0
150	756.0
151	844.0
152	836.0
153	926.0
154	784.0
155	786.0
156	778.0
157	950.0
158	738.0
159	924.0
160	840.0
161	636.0
162	1004.0
163	816.0
164	972.0
165	1008.0
166	870.0
167	872.0
168	696.0
169	674.0
170	830.0
171	604.0
172	782.0
173	748.0
174	712.0
175	860.0
176	768.0
177	648.0
178	1068.0
179	684.0
180	744.0
181	948.0
182	848.0
183	854.0
184	784.0
185	1042.0
186	818.0
187	756.0
188	710.0
189	762.0
190	820.0
191	896.0
192	620.0
193	772.0
194	666.0
195	830.0
196	808.0
197	976.0
198	888.0
199	768.0
200	696.0
201	866.0
202	732.0
203	886.0
204	736.0
205	736.0
206	672.0
207	772.0
208	760.0
209	750.0
210	758.0
211	956.0
212	812.0
213	736.0
214	784.0
215	812.0
216	866.0
217	888.0
218	792.0
219	758.0
220	916.0
221	928.0
222	750.0
223	872.0
224	908.0
225	1034.0
226	624.0
227	956.0
228	816.0
229	906.0
230	688.0
231	960.0
232	742.0
233	828.0
234	836.0
235	688.0
236	754.0
237	880.0
238	1196.0
239	868.0
240	828.0
241	792.0
242	704.0
243	950.0
244	780.0
245	848.0
246	860.0
247	844.0
248	776.0
249	884.0
250	700.0
251	838.0
252	800.0
253	936.0
254	756.0
255	828.0
256	992.0
257	912.0
258	1042.0
259	920.0
260	806.0
261	918.0
262	932.0
263	724.0
264	928.0
265	1128.0
266	810.0
267	874.0
268	912.0
269	776.0
270	802.0
271	748.0
272	966.0
273	764.0
274	842.0
275	848.0
276	786.0
277	956.0
278	800.0
279	1036.0
280	946.0
281	752.0
282	902.0
283	920.0
284	822.0
285	784.0
286	780.0
287	970.0
288	824.0
289	840.0
290	692.0
291	728.0
292	812.0
293	730.0
294	812.0
295	736.0
296	1048.0
297	696.0
298	776.0
299	816.0
300	812.0
301	976.0
302	868.0
303	856.0
304	804.0
305	824.0
306	708.0
307	888.0
308	770.0
309	656.0
310	892.0
311	750.0
312	906.0
313	884.0
314	832.0
315	720.0
316	872.0
317	988.0
318	868.0
319	784.0
320	892.0
321	804.0
322	862.0
323	948.0
324	956.0
325	830.0
326	722.0
327	912.0
328	916.0
329	750.0
330	738.0
331	874.0
332	830.0
333	930.0
334	956.0
335	920.0
336	694.0
337	912.0
338	896.0
339	736.0
340	1088.0
341	650.0
342	1040.0
343	964.0
344	868.0
345	982.0
346	1012.0
347	1104.0
348	932.0
349	1012.0
350	746.0
351	1036.0
352	846.0
353	740.0
354	832.0
355	912.0
356	1050.0
357	1028.0
358	848.0
359	700.0
360	742.0
361	1084.0
362	816.0
363	856.0
364	840.0
365	896.0
366	980.0
367	992.0
368	708.0
369	856.0
370	810.0
371	704.0
372	784.0
373	740.0
374	664.0
375	728.0
376	936.0
377	788.0
378	764.0
379	860.0
380	772.0
381	882.0
382	1008.0
383	940.0
384	796.0
385	1020.0
386	882.0
387	860.0
388	860.0
389	860.0
390	940.0
391	822.0
392	888.0
393	688.0
394	752.0
395	860.0
396	666.0
397	892.0
398	836.0
399	660.0
400	814.0
401	936.0
402	890.0
403	1014.0
404	958.0
405	924.0
406	1048.0
407	724.0
408	878.0
409	732.0
410	656.0
411	780.0
412	844.0
413	902.0
414	874.0
415	760.0
416	806.0
417	804.0
418	946.0
419	712.0
420	988.0
421	828.0
422	912.0
423	738.0
424	1040.0
425	844.0
426	640.0
427	724.0
428	692.0
429	812.0
430	892.0
431	758.0
432	976.0
433	600.0
434	1040.0
435	668.0
436	748.0
437	680.0
438	644.0
439	928.0
440	832.0
441	636.0
442	910.0
443	952.0
444	916.0
445	700.0
446	852.0
447	820.0
448	756.0
449	970.0
450	934.0
451	682.0
452	698.0
453	872.0
454	726.0
455	780.0
456	800.0
457	900.0
458	816.0
459	964.0
460	744.0
461	926.0
462	822.0
463	760.0
464	706.0
465	920.0
466	712.0
467	836.0
468	816.0
469	588.0
470	760.0
471	862.0
472	1044.0
473	872.0
474	780.0
475	896.0
476	932.0
477	724.0
478	876.0
479	772.0
480	1146.0
481	968.0
482	858.0
483	738.0
484	876.0
485	682.0
486	864.0
487	820.0
488	864.0
489	992.0
490	896.0
491	878.0
492	782.0
493	770.0
494	754.0
495	844.0
496	918.0
497	792.0
498	1012.0
499	1044.0
500	804.0
501	852.0
502	792.0
503	940.0
504	912.0
505	724.0
506	824.0
507	860.0
508	758.0
509	910.0
510	1040.0
511	882.0
512	922.0
513	956.0
514	968.0
515	920.0
516	832.0
517	832.0
518	842.0
519	776.0
520	760.0
521	952.0
522	844.0
523	760.0
524	962.0
525	728.0
526	814.0
527	732.0
528	932.0
529	828.0
530	940.0
531	932.0
532	920.0
533	924.0
534	958.0
535	828.0
536	970.0
537	772.0
538	658.0
539	858.0
540	760.0
541	746.0
542	660.0
543	672.0
544	780.0
545	862.0
546	548.0
547	806.0
548	748.0
549	780.0
550	706.0
551	716.0
552	756.0
553	566.0
554	840.0
555	810.0
556	714.0
557	712.0
558	868.0
559	856.0
560	686.0
561	736.0
562	912.0
563	750.0
564	1060.0
565	876.0
566	776.0
567	664.0
568	920.0
569	836.0
570	824.0
571	890.0
572	734.0
573	822.0
574	762.0
575	794.0
576	580.0
577	608.0
578	764.0
579	894.0
580	884.0
581	696.0
582	890.0
583	890.0
584	740.0
585	878.0
586	992.0
587	700.0
588	716.0
589	1032.0
590	804.0
591	794.0
592	858.0
593	718.0
594	712.0
595	666.0
596	736.0
597	646.0
598	718.0
599	886.0
600	724.0
601	682.0
602	862.0
603	628.0
604	744.0
605	812.0
606	810.0
607	848.0
608	708.0
609	688.0
610	788.0
611	820.0
612	832.0
613	770.0
614	848.0
615	696.0
616	712.0
617	696.0
618	930.0
619	824.0
620	1024.0
621	804.0
622	746.0
623	760.0
624	888.0
625	798.0
626	1020.0
627	792.0
628	800.0
629	758.0
630	940.0
631	758.0
632	816.0
633	880.0
634	720.0
635	696.0
636	692.0
637	932.0
638	920.0
639	888.0
640	948.0
641	1078.0
642	844.0
643	964.0
644	778.0
645	820.0
646	948.0
647	760.0
648	852.0
649	886.0
650	768.0
651	696.0
652	868.0
653	968.0
654	872.0
655	846.0
656	696.0
657	840.0
658	938.0
659	784.0
660	780.0
661	754.0
662	660.0
663	708.0
664	804.0
665	864.0
666	798.0
667	728.0
668	904.0
669	762.0
670	744.0
671	750.0
672	936.0
673	936.0
674	768.0
675	844.0
676	712.0
677	880.0
678	886.0
679	848.0
680	888.0
681	816.0
682	904.0
683	684.0
684	834.0
685	916.0
686	1026.0
687	826.0
688	826.0
689	968.0
690	824.0
691	608.0
692	740.0
693	898.0
694	796.0
695	766.0
696	862.0
697	782.0
698	828.0
699	860.0
700	814.0
701	1040.0
702	792.0
703	936.0
704	862.0
705	852.0
706	840.0
707	868.0
708	800.0
709	872.0
710	812.0
711	800.0
712	868.0
713	992.0
714	896.0
715	920.0
716	832.0
717	752.0
718	822.0
719	844.0
720	688.0
721	920.0
722	980.0
723	792.0
724	782.0
725	830.0
726	906.0
727	880.0
728	820.0
729	732.0
730	768.0
731	706.0
732	802.0
733	798.0
734	716.0
735	852.0
736	840.0
737	724.0
738	816.0
739	750.0
740	988.0
741	716.0
742	760.0
743	640.0
744	712.0
745	610.0
746	834.0
747	984.0
748	780.0
749	796.0
750	780.0
751	724.0
752	820.0
753	740.0
754	890.0
755	866.0
756	960.0
757	684.0
758	1004.0
759	832.0
760	1154.0
761	914.0
762	836.0
763	970.0
764	784.0
765	932.0
766	818.0
767	868.0
768	894.0
769	852.0
770	940.0
771	992.0
772	852.0
773	640.0
774	744.0
775	828.0
776	736.0
777	700.0
778	612.0
779	764.0
780	660.0
781	824.0
782	820.0
783	846.0
784	906.0
785	860.0
786	780.0
787	820.0
788	804.0
789	860.0
790	818.0
791	790.0
792	738.0
793	776.0
794	948.0
795	602.0
796	876.0
797	908.0
798	942.0
799	892.0
800	884.0
801	708.0
802	794.0
803	964.0
804	970.0
805	726.0
806	864.0
807	610.0
808	860.0
809	848.0
810	812.0
811	848.0
812	684.0
813	906.0
814	690.0
815	744.0
816	670.0
817	658.0
818	646.0
819	654.0
820	744.0
821	714.0
822	746.0
823	868.0
824	712.0
825	886.0
826	782.0
827	828.0
828	820.0
829	828.0
830	748.0
831	828.0
832	1052.0
833	858.0
834	842.0
835	772.0
836	622.0
837	800.0
838	798.0
839	804.0
840	828.0
841	760.0
842	644.0
843	710.0
844	656.0
845	780.0
846	780.0
847	916.0
848	900.0
849	704.0
850	560.0
851	768.0
852	660.0
853	660.0
854	728.0
855	744.0
856	638.0
857	824.0
858	720.0
859	822.0
860	908.0
861	856.0
862	644.0
863	678.0
864	820.0
865	812.0
866	688.0
867	884.0
868	982.0
869	792.0
870	980.0
871	794.0
872	976.0
873	740.0
874	780.0
875	612.0
876	656.0
877	848.0
878	762.0
879	754.0
880	590.0
881	728.0
882	770.0
883	804.0
884	752.0
885	902.0
886	930.0
887	572.0
888	720.0
889	648.0
890	698.0
891	856.0
892	916.0
893	664.0
894	702.0
895	810.0
896	882.0
897	700.0
898	836.0
899	616.0
900	564.0
901	690.0
902	574.0
903	806.0
904	900.0
905	732.0
906	756.0
907	672.0
908	856.0
909	612.0
910	624.0
911	1008.0
912	886.0
913	722.0
914	510.0
915	710.0
916	762.0
917	472.0
918	694.0
919	558.0
920	792.0
921	564.0
922	984.0
923	720.0
924	722.0
925	578.0
926	682.0
927	824.0
928	670.0
929	626.0
930	964.0
931	814.0
932	684.0
933	772.0
934	716.0
935	592.0
936	832.0
937	852.0
938	920.0
939	892.0
940	632.0
941	790.0
942	694.0
943	666.0
944	746.0
945	668.0
946	648.0
947	762.0
948	744.0
949	734.0
950	808.0
951	706.0
952	738.0
953	796.0
954	802.0
955	792.0
956	812.0
957	820.0
958	674.0
959	844.0
960	632.0
961	810.0
962	462.0
963	672.0
964	802.0
965	764.0
966	864.0
967	728.0
968	788.0
969	814.0
970	740.0
971	696.0
972	606.0
973	710.0
974	692.0
975	792.0
976	510.0
977	706.0
978	628.0
979	716.0
980	696.0
981	952.0
982	634.0
983	724.0
984	626.0
985	564.0
986	606.0
987	808.0
988	962.0
989	760.0
990	606.0
991	796.0
992	900.0
993	704.0
994	692.0
995	652.0
996	834.0
997	484.0
998	560.0
999	600.0
1000	758.0
1001	644.0
1002	622.0
1003	624.0
1004	630.0
1005	794.0
1006	876.0
1007	648.0
1008	1054.0
1009	556.0
1010	710.0
1011	1056.0
1012	704.0
1013	768.0
1014	920.0
1015	824.0
1016	688.0
1017	720.0
1018	800.0
1019	610.0
1020	954.0
1021	756.0
1022	796.0
1023	752.0
1024	642.0
1025	742.0
1026	832.0
1027	682.0
1028	588.0
1029	688.0
1030	794.0
1031	642.0
1032	852.0
1033	708.0
1034	774.0
1035	824.0
1036	806.0
1037	896.0
1038	758.0
1039	796.0
1040	596.0
1041	768.0
1042	556.0
1043	846.0
1044	720.0
1045	836.0
1046	826.0
1047	902.0
1048	882.0
1049	888.0
1050	622.0
1051	768.0
1052	644.0
1053	500.0
1054	600.0
1055	750.0
1056	744.0
1057	742.0
1058	922.0
1059	744.0
1060	728.0
1061	642.0
1062	796.0
1063	730.0
1064	744.0
1065	830.0
1066	908.0
1067	876.0
1068	784.0
1069	922.0
1070	864.0
1071	588.0
1072	808.0
1073	558.0
1074	576.0
1075	716.0
1076	898.0
1077	920.0
1078	690.0
1079	706.0
1080	546.0
1081	808.0
1082	568.0
1083	864.0
1084	704.0
1085	740.0
1086	682.0
1087	816.0
1088	776.0
1089	836.0
1090	800.0
1091	504.0
1092	616.0
1093	580.0
1094	774.0
1095	540.0
1096	804.0
1097	778.0
1098	660.0
1099	818.0
1100	812.0
1101	748.0
1102	710.0
1103	554.0
1104	586.0
1105	638.0
1106	814.0
1107	796.0
1108	646.0
1109	508.0
1110	674.0
1111	812.0
1112	836.0
1113	836.0
1114	668.0
1115	800.0
1116	692.0
1117	568.0
1118	760.0
1119	692.0
1120	568.0
1121	650.0
1122	564.0
1123	636.0
1124	800.0
1125	678.0
1126	800.0
1127	678.0
1128	466.0
1129	544.0
1130	786.0
1131	704.0
1132	880.0
1133	784.0
1134	640.0
1135	876.0
1136	596.0
1137	660.0
1138	840.0
1139	696.0
1140	754.0
1141	696.0
1142	796.0
1143	882.0
1144	764.0
1145	744.0
1146	732.0
1147	676.0
1148	586.0
1149	756.0
1150	850.0
1151	690.0
1152	632.0
1153	788.0
1154	562.0
1155	814.0
1156	824.0
1157	648.0
1158	692.0
1159	748.0
1160	808.0
1161	832.0
1162	628.0
1163	596.0
1164	708.0
1165	838.0
1166	590.0
1167	580.0
1168	798.0
1169	654.0
1170	616.0
1171	608.0
1172	752.0
1173	722.0
1174	756.0
1175	572.0
1176	770.0
1177	664.0
1178	832.0
1179	598.0
1180	784.0
1181	688.0
1182	572.0
1183	812.0
1184	796.0
1185	648.0
1186	620.0
1187	638.0
1188	756.0
1189	764.0
1190	702.0
1191	664.0
1192	660.0
1193	884.0
1194	842.0
1195	704.0
1196	756.0
1197	668.0
1198	752.0
1199	754.0
1200	842.0
1201	796.0
1202	736.0
1203	828.0
1204	812.0
1205	640.0
1206	724.0
1207	808.0
1208	796.0
1209	610.0
1210	798.0
1211	742.0
1212	762.0
1213	678.0
1214	720.0
1215	778.0
1216	672.0
1217	658.0
1218	842.0
1219	844.0
1220	598.0
1221	748.0
1222	660.0
1223	574.0
1224	670.0
1225	840.0
1226	772.0
1227	874.0
1228	584.0
1229	828.0
1230	688.0
1231	708.0
1232	828.0
1233	692.0
1234	664.0
1235	510.0
1236	554.0
1237	558.0
1238	714.0
1239	736.0
1240	726.0
1241	506.0
1242	646.0
1243	508.0
1244	668.0
1245	630.0
1246	498.0
1247	668.0
1248	624.0
1249	652.0
1250	588.0
1251	736.0
1252	702.0
1253	572.0
1254	728.0
1255	674.0
1256	632.0
1257	736.0
1258	612.0
1259	568.0
1260	448.0
1261	792.0
1262	676.0
1263	658.0
1264	740.0
1265	704.0
1266	880.0
1267	680.0
1268	680.0
1269	604.0
1270	676.0
1271	696.0
1272	758.0
1273	596.0
1274	630.0
1275	568.0
1276	660.0
1277	730.0
1278	856.0
1279	682.0
1280	716.0
1281	650.0
1282	666.0
1283	664.0
1284	674.0
1285	646.0
1286	710.0
1287	892.0
1288	622.0
1289	624.0
1290	680.0
1291	754.0
1292	784.0
1293	848.0
1294	954.0
1295	688.0
1296	656.0
1297	684.0
1298	656.0
1299	722.0
1300	690.0
1301	644.0
1302	764.0
1303	732.0
1304	748.0
1305	500.0
1306	588.0
1307	768.0
1308	802.0
1309	764.0
1310	540.0
1311	654.0
1312	718.0
1313	558.0
1314	620.0
1315	640.0
1316	764.0
1317	872.0
1318	832.0
1319	572.0
1320	676.0
1321	840.0
1322	604.0
1323	690.0
1324	624.0
1325	612.0
1326	522.0
1327	1036.0
1328	632.0
1329	728.0
1330	736.0
1331	654.0
1332	712.0
1333	652.0
1334	552.0
1335	828.0
1336	754.0
1337	788.0
1338	688.0
1339	574.0
1340	842.0
1341	706.0
1342	1004.0
1343	500.0
1344	650.0
1345	766.0
1346	554.0
1347	792.0
1348	892.0
1349	738.0
1350	568.0
1351	572.0
1352	648.0
1353	752.0
1354	456.0
1355	808.0
1356	678.0
1357	596.0
1358	712.0
1359	574.0
1360	616.0
1361	640.0
1362	726.0
1363	682.0
1364	760.0
1365	768.0
1366	666.0
1367	672.0
1368	652.0
1369	590.0
1370	784.0
1371	680.0
1372	744.0
1373	674.0
1374	660.0
1375	690.0
1376	712.0
1377	606.0
1378	604.0
1379	544.0
1380	594.0
1381	526.0
1382	628.0
1383	622.0
1384	700.0
1385	710.0
1386	376.0
1387	684.0
1388	486.0
1389	598.0
1390	552.0
1391	728.0
1392	450.0
1393	604.0
1394	832.0
1395	768.0
1396	750.0
1397	700.0
1398	576.0
1399	662.0
1400	580.0
1401	568.0
1402	572.0
1403	630.0
1404	648.0
1405	648.0
1406	708.0
1407	820.0
1408	640.0
1409	696.0
1410	672.0
1411	508.0
1412	662.0
1413	644.0
1414	650.0
1415	592.0
1416	704.0
1417	794.0
1418	592.0
1419	434.0
1420	660.0
1421	628.0
1422	682.0
1423	788.0
1424	914.0
1425	626.0
1426	664.0
1427	764.0
1428	804.0
1429	568.0
1430	480.0
1431	600.0
1432	778.0
1433	732.0
1434	770.0
1435	718.0
1436	674.0
1437	770.0
1438	838.0
1439	656.0
1440	558.0
1441	660.0
1442	568.0
1443	764.0
1444	886.0
1445	808.0
1446	694.0
1447	602.0
1448	544.0
1449	772.0
1450	716.0
1451	490.0
1452	566.0
1453	650.0
1454	668.0
1455	700.0
1456	662.0
1457	700.0
1458	680.0
1459	588.0
1460	792.0
1461	688.0
1462	568.0
1463	688.0
1464	758.0
1465	598.0
1466	550.0
1467	596.0
1468	700.0
1469	584.0
1470	704.0
1471	590.0
1472	772.0
1473	636.0
1474	446.0
1475	786.0
1476	538.0
1477	574.0
1478	552.0
1479	526.0
1480	820.0
1481	626.0
1482	410.0
1483	648.0
1484	708.0
1485	892.0
1486	734.0
1487	764.0
1488	704.0
1489	896.0
1490	628.0
1491	508.0
1492	458.0
1493	520.0
1494	732.0
1495	616.0
1496	696.0
1497	620.0
1498	656.0
1499	704.0
1500	606.0
1501	398.0
1502	668.0
1503	552.0
1504	624.0
1505	570.0
1506	636.0
1507	636.0
1508	620.0
1509	684.0
1510	748.0
1511	618.0
1512	662.0
1513	708.0
1514	694.0
1515	728.0
1516	756.0
1517	640.0
1518	656.0
1519	632.0
1520	826.0
1521	684.0
1522	716.0
1523	564.0
1524	562.0
1525	616.0
1526	714.0
1527	616.0
1528	516.0
1529	554.0
1530	670.0
1531	498.0
1532	608.0
1533	548.0
1534	734.0
1535	540.0
1536	454.0
1537	668.0
1538	772.0
1539	488.0
1540	644.0
1541	582.0
1542	528.0
1543	632.0
1544	664.0
1545	416.0
1546	576.0
1547	528.0
1548	732.0
1549	668.0
1550	518.0
1551	594.0
1552	648.0
1553	594.0
1554	704.0
1555	616.0
1556	586.0
1557	616.0
1558	484.0
1559	688.0
1560	684.0
1561	802.0
1562	762.0
1563	724.0
1564	834.0
1565	652.0
1566	646.0
1567	700.0
1568	608.0
1569	762.0
1570	658.0
1571	768.0
1572	670.0
1573	594.0
1574	734.0
1575	578.0
1576	716.0
1577	724.0
1578	708.0
1579	724.0
1580	856.0
1581	676.0
1582	570.0
1583	500.0
1584	704.0
1585	478.0
1586	584.0
1587	512.0
1588	520.0
1589	786.0
1590	778.0
1591	624.0
1592	736.0
1593	564.0
1594	730.0
1595	538.0
1596	600.0
1597	766.0
1598	530.0
1599	536.0
1600	566.0
1601	588.0
1602	836.0
1603	654.0
1604	784.0
1605	752.0
1606	756.0
1607	844.0
1608	516.0
1609	730.0
1610	514.0
1611	680.0
1612	936.0
1613	724.0
1614	654.0
1615	598.0
1616	714.0
1617	838.0
1618	578.0
1619	628.0
1620	740.0
1621	614.0
1622	626.0
1623	624.0
1624	722.0
1625	700.0
1626	728.0
1627	544.0
1628	668.0
1629	776.0
1630	848.0
1631	758.0
1632	756.0
1633	520.0
1634	700.0
1635	696.0
1636	608.0
1637	664.0
1638	628.0
1639	696.0
1640	768.0
1641	688.0
1642	686.0
1643	426.0
1644	538.0
1645	656.0
1646	664.0
1647	642.0
1648	640.0
1649	792.0
1650	716.0
1651	698.0
1652	544.0
1653	672.0
1654	600.0
1655	684.0
1656	724.0
1657	664.0
1658	560.0
1659	686.0
1660	864.0
1661	688.0
1662	764.0
1663	700.0
1664	706.0
1665	482.0
1666	588.0
1667	572.0
1668	594.0
1669	628.0
1670	594.0
1671	722.0
1672	742.0
1673	776.0
1674	566.0
1675	846.0
1676	750.0
1677	778.0
1678	758.0
1679	688.0
1680	624.0
1681	550.0
1682	802.0
1683	712.0
1684	744.0
1685	670.0
1686	780.0
1687	578.0
1688	728.0
1689	736.0
1690	736.0
1691	658.0
1692	656.0
1693	890.0
1694	650.0
1695	718.0
1696	740.0
1697	792.0
1698	782.0
1699	600.0
1700	778.0
1701	604.0
1702	712.0
1703	764.0
1704	768.0
1705	684.0
1706	600.0
1707	528.0
1708	448.0
1709	492.0
1710	632.0
1711	456.0
1712	566.0
1713	548.0
1714	694.0
1715	612.0
1716	544.0
1717	760.0
1718	692.0
1719	712.0
1720	844.0
1721	666.0
1722	590.0
1723	680.0
1724	708.0
1725	736.0
1726	628.0
1727	716.0
1728	586.0
1729	776.0
1730	630.0
1731	776.0
1732	636.0
1733	692.0
1734	592.0
1735	724.0
1736	682.0
1737	610.0
1738	602.0
1739	768.0
1740	762.0
1741	576.0
1742	720.0
1743	696.0
1744	730.0
1745	966.0
1746	580.0
1747	462.0
1748	818.0
1749	638.0
1750	632.0
1751	722.0
1752	662.0
1753	672.0
1754	604.0
1755	618.0
1756	632.0
1757	668.0
1758	794.0
1759	752.0
1760	714.0
1761	614.0
1762	632.0
1763	560.0
1764	716.0
1765	642.0
1766	632.0
1767	704.0
1768	698.0
1769	692.0
1770	730.0
1771	770.0
1772	632.0
1773	630.0
1774	612.0
1775	654.0
1776	736.0
1777	620.0
1778	672.0
1779	532.0
1780	714.0
1781	860.0
1782	672.0
1783	712.0
1784	640.0
1785	658.0
1786	730.0
1787	814.0
1788	740.0
1789	712.0
1790	800.0
1791	766.0
1792	716.0
1793	746.0
1794	548.0
1795	760.0
1796	750.0
1797	640.0
1798	744.0
1799	932.0
1800	670.0
1801	618.0
1802	820.0
1803	604.0
1804	656.0
1805	622.0
1806	564.0
1807	716.0
1808	536.0
1809	814.0
1810	828.0
1811	652.0
1812	672.0
1813	528.0
1814	778.0
1815	778.0
1816	844.0
1817	736.0
1818	598.0
1819	556.0
1820	652.0
1821	692.0
1822	728.0
1823	602.0
1824	712.0
1825	634.0
1826	610.0
1827	686.0
1828	902.0
1829	746.0
1830	530.0
1831	834.0
1832	676.0
1833	888.0
1834	580.0
1835	554.0
1836	668.0
1837	446.0
1838	706.0
1839	576.0
1840	678.0
1841	768.0
1842	666.0
1843	700.0
1844	638.0
1845	520.0
1846	552.0
1847	694.0
1848	852.0
1849	540.0
1850	600.0
1851	696.0
1852	684.0
1853	624.0
1854	932.0
1855	654.0
1856	824.0
1857	708.0
1858	588.0
1859	716.0
1860	730.0
1861	648.0
1862	802.0
1863	444.0
1864	420.0
1865	528.0
1866	644.0
1867	696.0
1868	796.0
1869	842.0
1870	794.0
1871	644.0
1872	572.0
1873	588.0
1874	596.0
1875	856.0
1876	742.0
1877	596.0
1878	594.0
1879	704.0
1880	716.0
1881	820.0
1882	874.0
1883	802.0
1884	658.0
1885	584.0
1886	566.0
1887	622.0
1888	652.0
1889	562.0
1890	622.0
1891	606.0
1892	748.0
1893	644.0
1894	852.0
1895	700.0
1896	632.0
1897	500.0
1898	704.0
1899	646.0
1900	740.0
1901	688.0
1902	868.0
1903	720.0
1904	704.0
1905	726.0
1906	816.0
1907	790.0
1908	840.0
1909	752.0
1910	576.0
1911	608.0
1912	678.0
1913	864.0
1914	674.0
1915	684.0
1916	688.0
1917	622.0
1918	580.0
1919	542.0
1920	674.0
1921	598.0
1922	738.0
1923	756.0
1924	770.0
1925	556.0
1926	688.0
1927	674.0
1928	794.0
1929	638.0
1930	580.0
1931	956.0
1932	506.0
1933	842.0
1934	852.0
1935	602.0
1936	570.0
1937	688.0
1938	652.0
1939	792.0
1940	776.0
1941	696.0
1942	610.0
1943	908.0
1944	634.0
1945	642.0
1946	570.0
1947	650.0
1948	690.0
1949	780.0
1950	818.0
1951	646.0
1952	770.0
1953	608.0
1954	798.0
1955	690.0
1956	694.0
1957	664.0
1958	786.0
1959	676.0
1960	798.0
1961	506.0
1962	532.0
1963	676.0
1964	602.0
1965	808.0
1966	618.0
1967	628.0
1968	672.0
1969	784.0
1970	696.0
1971	610.0
1972	602.0
1973	676.0
1974	758.0
1975	664.0
1976	582.0
1977	784.0
1978	734.0
1979	592.0
1980	744.0
1981	814.0
1982	720.0
1983	684.0
1984	720.0
1985	548.0
1986	696.0
1987	628.0
1988	508.0
1989	616.0
1990	720.0
1991	656.0
1992	496.0
1993	572.0
1994	604.0
1995	528.0
1996	728.0
1997	682.0
1998	606.0
1999	708.0
2000	612.0
2001	734.0
2002	622.0
2003	860.0
2004	502.0
2005	576.0
2006	736.0
2007	788.0
2008	710.0
2009	714.0
2010	662.0
2011	574.0
2012	582.0
2013	634.0
2014	724.0
2015	794.0
2016	768.0
2017	706.0
2018	598.0
2019	584.0
2020	634.0
2021	436.0
2022	856.0
2023	670.0
2024	708.0
2025	696.0
2026	534.0
2027	766.0
2028	664.0
2029	532.0
2030	720.0
2031	536.0
2032	816.0
2033	668.0
2034	726.0
2035	634.0
2036	690.0
2037	884.0
2038	626.0
2039	574.0
2040	738.0
2041	864.0
2042	552.0
2043	564.0
2044	686.0
2045	648.0
2046	578.0
2047	878.0
2048	770.0
2049	662.0
2050	614.0
2051	676.0
2052	800.0
2053	654.0
2054	720.0
2055	822.0
2056	696.0
2057	604.0
2058	746.0
2059	694.0
2060	798.0
2061	660.0
2062	658.0
2063	574.0
2064	782.0
2065	686.0
2066	496.0
2067	692.0
2068	670.0
2069	736.0
2070	562.0
2071	456.0
2072	606.0
2073	700.0
2074	492.0
2075	770.0
2076	814.0
2077	808.0
2078	746.0
2079	580.0
2080	674.0
2081	844.0
2082	896.0
2083	768.0
2084	664.0
2085	622.0
2086	788.0
2087	814.0
2088	842.0
2089	608.0
2090	668.0
2091	654.0
2092	666.0
2093	656.0
2094	706.0
2095	632.0
2096	556.0
2097	800.0
2098	724.0
2099	656.0
2100	746.0
2101	726.0
2102	656.0
2103	688.0
2104	658.0
2105	640.0
2106	686.0
2107	580.0
2108	588.0
2109	642.0
2110	690.0
2111	640.0
2112	776.0
2113	694.0
2114	610.0
2115	718.0
2116	614.0
2117	794.0
2118	600.0
2119	712.0
2120	748.0
2121	568.0
2122	654.0
2123	740.0
2124	594.0
2125	708.0
2126	562.0
2127	660.0
2128	712.0
2129	672.0
2130	552.0
2131	844.0
2132	784.0
2133	720.0
2134	776.0
2135	668.0
2136	758.0
2137	680.0
2138	676.0
2139	750.0
2140	788.0
2141	654.0
2142	584.0
2143	816.0
2144	766.0
2145	664.0
2146	710.0
2147	652.0
2148	718.0
2149	772.0
2150	708.0
2151	798.0
2152	744.0
2153	690.0
2154	834.0
2155	588.0
2156	836.0
2157	920.0
2158	604.0
2159	600.0
2160	856.0
2161	504.0
2162	656.0
2163	704.0
2164	840.0
2165	618.0
2166	762.0
2167	720.0
2168	714.0
2169	714.0
2170	588.0
2171	852.0
2172	844.0
2173	690.0
2174	574.0
2175	736.0
2176	812.0
2177	674.0
2178	854.0
2179	636.0
2180	450.0
2181	596.0
2182	750.0
2183	786.0
2184	828.0
2185	806.0
2186	638.0
2187	600.0
2188	690.0
2189	616.0
2190	760.0
2191	664.0
2192	714.0
2193	852.0
2194	528.0
2195	612.0
2196	920.0
2197	804.0
2198	638.0
2199	742.0
2200	858.0
2201	540.0
2202	766.0
2203	720.0
2204	552.0
2205	880.0
2206	680.0
2207	584.0
2208	566.0
2209	702.0
2210	770.0
2211	624.0
2212	770.0
2213	624.0
2214	540.0
2215	632.0
2216	738.0
2217	636.0
2218	508.0
2219	660.0
2220	626.0
2221	694.0
2222	664.0
2223	574.0
2224	580.0
2225	718.0
2226	590.0
2227	610.0
2228	632.0
2229	462.0
2230	658.0
2231	616.0
2232	520.0
2233	812.0
2234	690.0
2235	462.0
2236	600.0
2237	686.0
2238	834.0
2239	712.0
2240	592.0
2241	760.0
2242	468.0
2243	596.0
2244	696.0
2245	492.0
2246	586.0
2247	716.0
2248	556.0
2249	662.0
2250	646.0
2251	676.0
2252	682.0
2253	496.0
2254	794.0
2255	600.0
2256	566.0
2257	552.0
2258	660.0
2259	774.0
2260	576.0
2261	922.0
2262	790.0
2263	516.0
2264	608.0
2265	934.0
2266	628.0
2267	590.0
2268	610.0
2269	850.0
2270	642.0
2271	686.0
2272	718.0
2273	758.0
2274	600.0
2275	548.0
2276	660.0
2277	828.0
2278	680.0
2279	484.0
2280	798.0
2281	792.0
2282	630.0
2283	492.0
2284	590.0
2285	720.0
2286	824.0
2287	644.0
2288	838.0
2289	652.0
2290	554.0
2291	792.0
2292	538.0
2293	634.0
2294	666.0
2295	752.0
2296	716.0
2297	632.0
2298	684.0
2299	806.0
2300	438.0
2301	806.0
2302	816.0
2303	864.0
2304	626.0
2305	472.0
2306	772.0
2307	750.0
2308	598.0
2309	724.0
2310	622.0
2311	858.0
2312	552.0
2313	660.0
2314	800.0
2315	822.0
2316	710.0
2317	730.0
2318	740.0
2319	490.0
2320	790.0
2321	376.0
2322	572.0
2323	628.0
2324	646.0
2325	828.0
2326	744.0
2327	700.0
2328	550.0
2329	742.0
2330	552.0
2331	796.0
2332	580.0
2333	576.0
2334	528.0
2335	860.0
2336	910.0
2337	700.0
2338	558.0
2339	646.0
2340	616.0
2341	698.0
2342	816.0
2343	828.0
2344	682.0
2345	704.0
2346	724.0
2347	668.0
2348	748.0
2349	932.0
2350	850.0
2351	792.0
2352	760.0
2353	570.0
2354	514.0
2355	522.0
2356	904.0
2357	634.0
2358	606.0
2359	546.0
2360	550.0
2361	644.0
2362	680.0
2363	628.0
2364	770.0
2365	716.0
2366	810.0
2367	864.0
2368	852.0
2369	840.0
2370	672.0
2371	654.0
2372	582.0
2373	864.0
2374	758.0
2375	664.0
2376	676.0
2377	842.0
2378	708.0
2379	908.0
2380	678.0
2381	498.0
2382	550.0
2383	614.0
2384	696.0
2385	636.0
2386	618.0
2387	512.0
2388	598.0
2389	732.0
2390	652.0
2391	664.0
2392	766.0
2393	732.0
2394	622.0
2395	832.0
2396	756.0
2397	562.0
2398	690.0
2399	740.0
2400	590.0
2401	540.0
2402	854.0
2403	634.0
2404	744.0
2405	696.0
2406	964.0
2407	696.0
2408	812.0
2409	614.0
2410	732.0
2411	696.0
2412	724.0
2413	862.0
2414	634.0
2415	576.0
2416	812.0
2417	848.0
2418	792.0
2419	688.0
2420	770.0
2421	908.0
2422	772.0
2423	648.0
2424	704.0
2425	672.0
2426	672.0
2427	786.0
2428	722.0
2429	728.0
2430	670.0
2431	716.0
2432	664.0
2433	670.0
2434	706.0
2435	628.0
2436	420.0
2437	616.0
2438	798.0
2439	792.0
2440	620.0
2441	700.0
2442	600.0
2443	758.0
2444	664.0
2445	694.0
2446	768.0
2447	626.0
2448	660.0
2449	782.0
2450	682.0
2451	762.0
2452	554.0
2453	710.0
2454	688.0
2455	748.0
2456	670.0
2457	864.0
2458	936.0
2459	690.0
2460	688.0
2461	798.0
2462	546.0
2463	880.0
2464	652.0
2465	644.0
2466	716.0
2467	612.0
2468	590.0
2469	802.0
2470	592.0
2471	710.0
2472	736.0
2473	586.0
2474	690.0
2475	702.0
2476	832.0
2477	640.0
2478	780.0
2479	652.0
2480	604.0
2481	764.0
2482	756.0
2483	832.0
2484	764.0
2485	732.0
2486	690.0
2487	776.0
2488	712.0
2489	688.0
2490	766.0
2491	660.0
2492	670.0
2493	684.0
2494	552.0
2495	848.0
2496	640.0
2497	680.0
2498	698.0
2499	828.0
2500	714.0
2501	752.0
2502	754.0
2503	758.0
2504	816.0
2505	712.0
2506	668.0
2507	696.0
2508	744.0
2509	672.0
2510	828.0
2511	626.0
2512	558.0
2513	700.0
2514	576.0
2515	640.0
2516	652.0
2517	784.0
2518	660.0
2519	750.0
2520	552.0
2521	872.0
2522	908.0
2523	524.0
2524	752.0
2525	842.0
2526	720.0
2527	764.0
2528	720.0
2529	766.0
2530	524.0
2531	648.0
2532	696.0
2533	508.0
2534	590.0
2535	736.0
2536	638.0
2537	664.0
2538	1012.0
2539	660.0
2540	730.0
2541	596.0
2542	720.0
2543	704.0
2544	714.0
2545	806.0
2546	748.0
2547	662.0
2548	762.0
2549	778.0
2550	800.0
2551	580.0
2552	740.0
2553	594.0
2554	742.0
2555	618.0
2556	686.0
2557	846.0
2558	656.0
2559	726.0
2560	702.0
2561	676.0
2562	674.0
2563	860.0
2564	534.0
2565	768.0
2566	674.0
2567	784.0
2568	696.0
2569	1012.0
2570	744.0
2571	510.0
2572	624.0
2573	582.0
2574	846.0
2575	774.0
2576	578.0
2577	744.0
2578	708.0
2579	854.0
2580	552.0
2581	792.0
2582	636.0
2583	586.0
2584	668.0
2585	500.0
2586	592.0
2587	728.0
2588	452.0
2589	674.0
2590	532.0
2591	780.0
2592	724.0
2593	692.0
2594	684.0
2595	570.0
2596	668.0
2597	760.0
2598	838.0
2599	702.0
2600	598.0
2601	668.0
2602	504.0
2603	620.0
2604	756.0
2605	796.0
2606	866.0
2607	590.0
2608	908.0
2609	636.0
2610	738.0
2611	704.0
2612	662.0
2613	728.0
2614	648.0
2615	694.0
2616	700.0
2617	582.0
2618	744.0
2619	488.0
2620	724.0
2621	510.0
2622	606.0
2623	710.0
2624	516.0
2625	690.0
2626	668.0
2627	698.0
2628	746.0
2629	620.0
2630	564.0
2631	664.0
2632	572.0
2633	642.0
2634	492.0
2635	574.0
2636	568.0
2637	790.0
2638	704.0
2639	568.0
2640	740.0
2641	588.0
2642	622.0
2643	640.0
2644	616.0
2645	602.0
2646	464.0
2647	776.0
2648	674.0
2649	654.0
2650	680.0
2651	694.0
2652	708.0
2653	1032.0
2654	580.0
2655	858.0
2656	588.0
2657	656.0
2658	778.0
2659	686.0
2660	620.0
2661	600.0
2662	738.0
2663	474.0
2664	632.0
2665	676.0
2666	584.0
2667	700.0
2668	684.0
2669	574.0
2670	696.0
2671	660.0
2672	628.0
2673	832.0
2674	746.0
2675	880.0
2676	754.0
2677	610.0
2678	570.0
2679	596.0
2680	568.0
2681	720.0
2682	608.0
2683	554.0
2684	648.0
2685	458.0
2686	676.0
2687	496.0
2688	576.0
2689	592.0
2690	696.0
2691	684.0
2692	598.0
2693	716.0
2694	792.0
2695	896.0
2696	576.0
2697	698.0
2698	574.0
2699	594.0
2700	658.0
2701	646.0
2702	862.0
2703	510.0
2704	610.0
2705	794.0
2706	612.0
2707	768.0
2708	684.0
2709	560.0
2710	644.0
2711	788.0
2712	616.0
2713	658.0
2714	514.0
2715	566.0
2716	540.0
2717	524.0
2718	490.0
2719	530.0
2720	622.0
2721	602.0
2722	562.0
2723	552.0
2724	666.0
2725	736.0
2726	676.0
2727	670.0
2728	412.0
2729	426.0
2730	546.0
2731	568.0
2732	684.0
2733	650.0
2734	598.0
2735	622.0
2736	610.0
2737	764.0
2738	580.0
2739	670.0
2740	780.0
2741	660.0
2742	582.0
2743	742.0
2744	652.0
2745	482.0
2746	626.0
2747	584.0
