0	29200.0
1	28600.0
2	28276.0
3	28952.0
4	29500.0
5	28464.0
6	28012.0
7	29040.0
8	28740.0
9	28880.0
10	28540.0
11	28560.0
12	28340.0
13	27864.0
14	28736.0
15	28488.0
16	28864.0
17	28696.0
18	28960.0
19	28816.0
20	29324.0
21	29136.0
22	28792.0
23	29368.0
24	29184.0
25	28852.0
26	29512.0
27	29548.0
28	29048.0
29	29120.0
30	28568.0
31	28276.0
32	28536.0
33	28976.0
34	29720.0
35	28564.0
36	28116.0
37	28428.0
38	28500.0
39	28452.0
40	27480.0
41	28332.0
42	28280.0
43	27764.0
44	27712.0
45	27836.0
46	28152.0
47	28108.0
48	28252.0
49	27692.0
50	29024.0
51	27756.0
52	28376.0
53	29088.0
54	27948.0
55	28304.0
56	28816.0
57	28400.0
58	28140.0
59	28008.0
60	28492.0
61	28156.0
62	28076.0
63	28020.0
64	28156.0
65	28288.0
66	27344.0
67	27600.0
68	28348.0
69	27656.0
70	28128.0
71	28148.0
72	27776.0
73	27608.0
74	27944.0
75	27784.0
76	29120.0
77	28716.0
78	27904.0
79	28876.0
80	29148.0
81	28792.0
82	28864.0
83	28852.0
84	28420.0
85	28024.0
86	27996.0
87	28852.0
88	28468.0
89	27976.0
90	28704.0
91	28324.0
92	29088.0
93	28352.0
94	28608.0
95	28500.0
96	27844.0
97	28648.0
98	28952.0
99	28252.0
100	28284.0
101	28268.0
102	28788.0
103	29708.0
104	28852.0
105	28672.0
106	29100.0
107	29184.0
108	28696.0
109	28148.0
110	28980.0
111	28480.0
112	28092.0
113	29304.0
114	28512.0
115	28224.0
116	28108.0
117	28904.0
118	28504.0
119	28772.0
120	28996.0
121	28876.0
122	29316.0
123	28944.0
124	28988.0
125	28996.0
126	29268.0
127	30652.0
128	29244.0
129	29256.0
130	29364.0
131	28736.0
132	28904.0
133	28660.0
134	28976.0
135	28176.0
136	29140.0
137	28632.0
138	28480.0
139	28432.0
140	27520.0
141	28256.0
142	28248.0
143	28352.0
144	28296.0
145	28912.0
146	28844.0
147	28132.0
148	28028.0
149	28008.0
150	28584.0
151	28492.0
152	28700.0
153	28572.0
154	28916.0
155	28396.0
156	28380.0
157	29240.0
158	28336.0
159	28368.0
160	28700.0
161	28644.0
162	27952.0
163	29380.0
164	28648.0
165	28572.0
166	27660.0
167	28496.0
168	28056.0
169	27948.0
170	28448.0
171	28192.0
172	28284.0
173	28436.0
174	27912.0
175	28128.0
176	27928.0
177	28832.0
178	28428.0
179	27948.0
180	28524.0
181	28120.0
182	28448.0
183	28668.0
184	28940.0
185	29068.0
186	28896.0
187	29088.0
188	29128.0
189	29176.0
190	28468.0
191	28700.0
192	28688.0
193	27880.0
194	28536.0
195	28568.0
196	28716.0
197	28940.0
198	28644.0
199	28028.0
200	28420.0
201	28888.0
202	28336.0
203	29460.0
204	29472.0
205	29168.0
206	29404.0
207	28536.0
208	29000.0
209	29132.0
210	28824.0
211	29472.0
212	29436.0
213	29244.0
214	28500.0
215	29028.0
216	29348.0
217	29740.0
218	29116.0
219	29552.0
220	30168.0
221	29788.0
222	28984.0
223	29228.0
224	29380.0
225	28972.0
226	29488.0
227	30224.0
228	29108.0
229	29840.0
230	29304.0
231	30496.0
232	28896.0
233	29344.0
234	29096.0
235	29516.0
236	29020.0
237	29388.0
238	29200.0
239	29568.0
240	28472.0
241	29216.0
242	28900.0
243	29632.0
244	28892.0
245	29272.0
246	29088.0
247	29196.0
248	29264.0
249	29716.0
250	28556.0
251	28936.0
252	29424.0
253	29276.0
254	29620.0
255	29644.0
256	28692.0
257	29052.0
258	28716.0
259	29212.0
260	29520.0
261	29520.0
262	29484.0
263	29800.0
264	29516.0
265	28932.0
266	28364.0
267	29624.0
268	28736.0
269	28596.0
270	28828.0
271	28216.0
272	29380.0
273	28916.0
274	27984.0
275	28940.0
276	28588.0
277	29084.0
278	28408.0
279	28512.0
280	28984.0
281	28820.0
282	28620.0
283	29056.0
284	29348.0
285	29524.0
286	29556.0
287	29276.0
288	28444.0
289	29076.0
290	28820.0
291	28648.0
292	29304.0
293	29152.0
294	29500.0
295	28904.0
296	29048.0
297	29320.0
298	29008.0
299	28984.0
300	28700.0
301	28860.0
302	28888.0
303	29012.0
304	29416.0
305	29072.0
306	29168.0
307	28896.0
308	28888.0
309	29284.0
310	29056.0
311	29308.0
312	29252.0
313	29812.0
314	29204.0
315	28736.0
316	29284.0
317	29836.0
318	29636.0
319	29404.0
320	30300.0
321	29416.0
322	29128.0
323	29148.0
324	29276.0
325	28972.0
326	28860.0
327	29080.0
328	29620.0
329	29148.0
330	29716.0
331	29472.0
332	28796.0
333	29580.0
334	29960.0
335	29636.0
336	29628.0
337	29720.0
338	29824.0
339	29672.0
340	30064.0
341	30052.0
342	29808.0
343	30296.0
344	29332.0
345	30324.0
346	28820.0
347	29716.0
348	29764.0
349	29308.0
350	29156.0
351	29972.0
352	30152.0
353	29536.0
354	29084.0
355	29056.0
356	29256.0
357	29900.0
358	29492.0
359	29724.0
360	29452.0
361	29784.0
362	29804.0
363	29440.0
364	29072.0
365	28676.0
366	29012.0
367	30452.0
368	29428.0
369	29532.0
370	30196.0
371	30340.0
372	29048.0
373	29568.0
374	29156.0
375	28732.0
376	30212.0
377	29612.0
378	29296.0
379	29080.0
380	29996.0
381	28552.0
382	29220.0
383	29296.0
384	29300.0
385	28668.0
386	28980.0
387	28588.0
388	29088.0
389	28472.0
390	28852.0
391	28740.0
392	28672.0
393	29316.0
394	28856.0
395	30012.0
396	29176.0
397	29420.0
398	28980.0
399	29568.0
400	29352.0
401	29536.0
402	29564.0
403	29732.0
404	29040.0
405	29096.0
406	29376.0
407	28332.0
408	28332.0
409	28548.0
410	28680.0
411	29180.0
412	28820.0
413	28516.0
414	29908.0
415	30448.0
416	28420.0
417	29552.0
418	29712.0
419	28540.0
420	28828.0
421	29300.0
422	29304.0
423	28848.0
424	29164.0
425	29780.0
426	29752.0
427	29752.0
428	28696.0
429	29096.0
430	29584.0
431	29356.0
432	28976.0
433	29280.0
434	30132.0
435	29288.0
436	29124.0
437	29124.0
438	29124.0
439	29696.0
440	29652.0
441	29484.0
442	29220.0
443	30008.0
444	29908.0
445	30108.0
446	30000.0
447	30124.0
448	29940.0
449	30000.0
450	30280.0
451	30064.0
452	31384.0
453	30424.0
454	30452.0
455	30452.0
456	30120.0
457	29764.0
458	29236.0
459	29916.0
460	30064.0
461	29764.0
462	29756.0
463	29880.0
464	29924.0
465	29880.0
466	29856.0
467	29708.0
468	30044.0
469	29764.0
470	29404.0
471	29712.0
472	30068.0
473	30128.0
474	29892.0
475	29940.0
476	31204.0
477	30200.0
478	31068.0
479	31196.0
480	31044.0
481	30716.0
482	30780.0
483	30712.0
484	30616.0
485	30668.0
486	30764.0
487	30636.0
488	30648.0
489	30480.0
490	29852.0
491	29484.0
492	29996.0
493	29356.0
494	29664.0
495	29364.0
496	29760.0
497	29684.0
498	29264.0
499	29332.0
500	29768.0
501	29860.0
502	29504.0
503	30040.0
504	29064.0
505	29052.0
506	29204.0
507	29808.0
508	29076.0
509	29892.0
510	30232.0
511	30616.0
512	30220.0
513	30520.0
514	29864.0
515	30080.0
516	29584.0
517	30300.0
518	29916.0
519	29160.0
520	29840.0
521	29588.0
522	29620.0
523	29412.0
524	29480.0
525	29672.0
526	29716.0
527	29492.0
528	29724.0
529	30112.0
530	30040.0
531	29736.0
532	29984.0
533	29884.0
534	29864.0
535	30228.0
536	30268.0
537	30564.0
538	30540.0
539	31004.0
540	29640.0
541	30280.0
542	30632.0
543	30288.0
544	29592.0
545	29884.0
546	30204.0
547	30716.0
548	30488.0
549	29800.0
550	30020.0
551	29692.0
552	29660.0
553	30004.0
554	29456.0
555	29364.0
556	30032.0
557	29620.0
558	30520.0
559	29912.0
560	30228.0
561	30712.0
562	30992.0
563	30668.0
564	31040.0
565	31016.0
566	30840.0
567	30360.0
568	31292.0
569	31244.0
570	31080.0
571	31036.0
572	30280.0
573	30392.0
574	30352.0
575	29908.0
576	30312.0
577	30416.0
578	30816.0
579	30544.0
580	30480.0
581	30084.0
582	30328.0
583	29364.0
584	29372.0
585	29112.0
586	30196.0
587	30972.0
588	30024.0
589	30456.0
590	29848.0
591	30388.0
592	30116.0
593	30376.0
594	30164.0
595	29832.0
596	29964.0
597	30732.0
598	29616.0
599	30184.0
600	30076.0
601	30524.0
602	29492.0
603	29968.0
604	30200.0
605	29480.0
606	29124.0
607	29368.0
608	29376.0
609	30196.0
610	30144.0
611	29316.0
612	30372.0
613	30620.0
614	30120.0
615	28848.0
616	29792.0
617	29744.0
618	30152.0
619	30404.0
620	29696.0
621	29948.0
622	29580.0
623	30392.0
624	30404.0
625	29748.0
626	29924.0
627	29968.0
628	29788.0
629	30264.0
630	29644.0
631	29172.0
632	29660.0
633	30264.0
634	29484.0
635	28872.0
636	29708.0
637	30096.0
638	30084.0
639	29760.0
640	30112.0
641	29868.0
642	30516.0
643	29772.0
644	29892.0
645	30032.0
646	30864.0
647	29968.0
648	30788.0
649	29740.0
650	30524.0
651	31360.0
652	30692.0
653	30624.0
654	29856.0
655	30456.0
656	29964.0
657	30036.0
658	30616.0
659	30688.0
660	30616.0
661	30376.0
662	30596.0
663	30664.0
664	29884.0
665	30284.0
666	30196.0
667	31336.0
668	31016.0
669	30504.0
670	31208.0
671	31044.0
672	31444.0
673	31020.0
674	30964.0
675	30604.0
676	31168.0
677	30876.0
678	31200.0
679	31264.0
680	30360.0
681	30448.0
682	30164.0
683	30712.0
684	31240.0
685	30640.0
686	30652.0
687	31732.0
688	30820.0
689	31384.0
690	31240.0
691	31128.0
692	30932.0
693	31820.0
694	31976.0
695	32028.0
696	31976.0
697	31564.0
698	32044.0
699	31248.0
700	31824.0
701	32600.0
702	31996.0
703	32112.0
704	31864.0
705	31104.0
706	31764.0
707	31060.0
708	30764.0
709	31476.0
710	28764.0
711	32200.0
712	30592.0
713	30296.0
714	30512.0
715	29652.0
716	30124.0
717	30256.0
718	30912.0
719	30372.0
720	30452.0
721	30044.0
722	29904.0
723	30464.0
724	31008.0
725	30672.0
726	31204.0
727	30460.0
728	31208.0
729	31180.0
730	31004.0
731	30944.0
732	30480.0
733	31092.0
734	30520.0
735	31264.0
736	30692.0
737	31148.0
738	30956.0
739	30420.0
740	30664.0
741	30016.0
742	30352.0
743	30960.0
744	30292.0
745	30160.0
746	29908.0
747	30348.0
748	31308.0
749	31408.0
750	30828.0
751	29992.0
752	30936.0
753	30956.0
754	31036.0
755	30904.0
756	31820.0
757	31136.0
758	30720.0
759	30904.0
760	31188.0
761	31048.0
762	31100.0
763	31584.0
764	31032.0
765	30796.0
766	31048.0
767	31580.0
768	30604.0
769	30148.0
770	31124.0
771	30828.0
772	30172.0
773	30324.0
774	30304.0
775	30620.0
776	31140.0
777	30992.0
778	30444.0
779	32748.0
780	31096.0
781	30728.0
782	31272.0
783	31280.0
784	31904.0
785	31068.0
786	31364.0
787	30812.0
788	31580.0
789	32124.0
790	31372.0
791	31332.0
792	31448.0
793	31420.0
794	31952.0
795	31876.0
796	31444.0
797	32032.0
798	31232.0
799	31328.0
800	31768.0
801	31392.0
802	32044.0
803	31108.0
804	30188.0
805	28372.0
806	28520.0
807	28996.0
808	27872.0
809	28188.0
810	31320.0
811	31556.0
812	31596.0
813	31504.0
814	31716.0
815	30836.0
816	31276.0
817	31196.0
818	31592.0
819	31808.0
820	31028.0
821	31432.0
822	30944.0
823	30800.0
824	31140.0
825	30696.0
826	31064.0
827	30804.0
828	31264.0
829	30644.0
830	31372.0
831	30984.0
832	30760.0
833	30484.0
834	31496.0
835	31932.0
836	31056.0
837	31464.0
838	32188.0
839	31964.0
840	31036.0
841	28808.0
842	28896.0
843	30548.0
844	31208.0
845	31628.0
846	31432.0
847	30448.0
848	31900.0
849	31356.0
850	31172.0
851	31348.0
852	30876.0
853	31388.0
854	31008.0
855	30780.0
856	31228.0
857	32300.0
858	30760.0
859	30912.0
860	30776.0
861	31024.0
862	30476.0
863	31176.0
864	31440.0
865	31144.0
866	31444.0
867	31540.0
868	31744.0
869	32240.0
870	31824.0
871	31776.0
872	31900.0
873	31748.0
874	31304.0
875	31592.0
876	32340.0
877	31232.0
878	30692.0
879	30900.0
880	31588.0
881	30900.0
882	31012.0
883	30448.0
884	31032.0
885	30748.0
886	31172.0
887	31196.0
888	31732.0
889	32260.0
890	31196.0
891	31236.0
892	31724.0
893	32292.0
894	32212.0
895	32060.0
896	32040.0
897	32800.0
898	32944.0
899	32336.0
900	32648.0
901	32296.0
902	32656.0
903	32584.0
904	32604.0
905	32336.0
906	32664.0
907	32280.0
908	33312.0
909	31952.0
910	31052.0
911	32560.0
912	32056.0
913	31640.0
914	31652.0
915	31380.0
916	31612.0
917	32636.0
918	32224.0
919	31944.0
920	31948.0
921	31680.0
922	32220.0
923	31712.0
924	32300.0
925	29896.0
926	29884.0
927	31904.0
928	32372.0
929	32228.0
930	31924.0
931	31424.0
932	32168.0
933	32044.0
934	32552.0
935	32012.0
936	31756.0
937	31800.0
938	31260.0
939	29540.0
940	29952.0
941	30040.0
942	30276.0
943	30128.0
944	32352.0
945	31936.0
946	32600.0
947	31800.0
948	32436.0
949	32024.0
950	31708.0
951	32160.0
952	31940.0
953	32028.0
954	31164.0
955	31248.0
956	32152.0
957	31340.0
958	31612.0
959	31856.0
960	29808.0
961	31924.0
962	30612.0
963	31116.0
964	31148.0
965	31148.0
966	30380.0
967	30916.0
968	30684.0
969	31460.0
970	31344.0
971	32120.0
972	32536.0
973	29808.0
974	29940.0
975	29800.0
976	30184.0
977	29592.0
978	29396.0
979	30228.0
980	30724.0
981	30608.0
982	29912.0
983	29884.0
984	31256.0
985	31844.0
986	31304.0
987	31912.0
988	31652.0
989	31860.0
990	31400.0
991	31400.0
992	31148.0
993	32176.0
994	31936.0
995	32080.0
996	31608.0
997	31192.0
998	31332.0
999	32728.0
1000	31584.0
1001	30928.0
1002	31764.0
1003	29792.0
1004	29576.0
1005	30344.0
1006	32616.0
1007	31852.0
1008	31900.0
1009	31864.0
1010	32580.0
1011	31848.0
1012	31688.0
1013	32204.0
1014	32264.0
1015	32592.0
1016	29936.0
1017	30064.0
1018	30192.0
1019	31864.0
1020	32336.0
1021	32356.0
1022	31916.0
1023	32400.0
1024	32052.0
1025	32272.0
1026	33460.0
1027	32080.0
1028	32300.0
1029	32492.0
1030	32348.0
1031	31460.0
1032	32696.0
1033	32020.0
1034	32064.0
1035	31948.0
1036	32308.0
1037	31916.0
1038	31996.0
1039	31696.0
1040	31672.0
1041	31436.0
1042	31244.0
1043	31920.0
1044	31756.0
1045	30188.0
1046	30224.0
1047	30204.0
1048	29796.0
1049	29980.0
1050	31828.0
1051	30060.0
1052	31836.0
1053	32676.0
1054	32684.0
1055	32016.0
1056	32312.0
1057	31920.0
1058	32128.0
1059	32532.0
1060	32096.0
1061	32452.0
1062	31908.0
1063	32468.0
1064	33156.0
1065	32460.0
1066	31996.0
1067	31944.0
1068	32468.0
1069	31236.0
1070	32696.0
1071	31896.0
1072	30388.0
1073	30408.0
1074	30152.0
1075	30200.0
1076	30832.0
1077	31560.0
1078	31724.0
1079	32188.0
1080	30664.0
1081	30896.0
1082	31192.0
1083	31024.0
1084	31348.0
1085	30152.0
1086	32116.0
1087	29772.0
1088	29752.0
1089	29332.0
1090	32100.0
1091	31044.0
1092	31872.0
1093	31844.0
1094	32132.0
1095	31224.0
1096	31504.0
1097	31584.0
1098	31356.0
1099	31308.0
1100	32060.0
1101	30984.0
1102	31564.0
1103	31536.0
1104	30948.0
1105	31912.0
1106	29172.0
1107	30868.0
1108	29000.0
1109	31244.0
1110	27336.0
1111	31476.0
1112	31292.0
1113	31780.0
1114	32360.0
1115	31800.0
1116	31272.0
1117	31980.0
1118	31020.0
1119	31648.0
1120	32320.0
1121	32124.0
1122	32052.0
1123	31804.0
1124	32012.0
1125	31484.0
1126	32020.0
1127	31780.0
1128	31376.0
1129	31324.0
1130	31396.0
1131	31224.0
1132	31132.0
1133	31204.0
1134	31864.0
1135	29716.0
1136	28236.0
1137	30372.0
1138	30824.0
1139	29732.0
1140	32016.0
1141	32548.0
1142	32568.0
1143	32516.0
1144	32072.0
1145	32460.0
1146	32284.0
1147	32152.0
1148	32984.0
1149	32216.0
1150	31504.0
1151	32580.0
1152	31836.0
1153	32408.0
1154	33252.0
1155	31700.0
1156	31804.0
1157	30424.0
1158	29432.0
1159	32620.0
1160	31984.0
1161	31408.0
1162	31708.0
1163	32708.0
1164	32832.0
1165	31096.0
1166	31680.0
1167	31216.0
1168	31932.0
1169	31456.0
1170	31908.0
1171	29536.0
1172	32568.0
1173	32296.0
1174	32420.0
1175	31412.0
1176	32512.0
1177	32376.0
1178	31964.0
1179	31860.0
1180	32316.0
1181	32376.0
1182	32172.0
1183	31928.0
1184	32192.0
1185	31184.0
1186	31568.0
1187	29548.0
1188	29204.0
1189	31456.0
1190	31556.0
1191	31548.0
1192	31596.0
1193	31336.0
1194	31936.0
1195	31632.0
1196	31716.0
1197	31920.0
1198	31864.0
1199	30680.0
1200	32108.0
1201	31548.0
1202	31560.0
1203	31712.0
1204	31524.0
1205	29660.0
1206	31076.0
1207	31592.0
1208	31904.0
1209	31748.0
1210	31948.0
1211	31004.0
1212	31072.0
1213	30396.0
1214	30844.0
1215	31168.0
1216	30888.0
1217	31500.0
1218	30732.0
1219	31536.0
1220	31516.0
1221	31320.0
1222	31744.0
1223	31176.0
1224	31500.0
1225	31072.0
1226	32140.0
1227	31160.0
1228	32076.0
1229	31132.0
1230	31976.0
1231	32008.0
1232	31220.0
1233	31616.0
1234	31720.0
1235	31640.0
1236	31768.0
1237	31796.0
1238	32260.0
1239	31300.0
1240	31772.0
1241	31604.0
1242	31972.0
1243	29020.0
1244	29572.0
1245	31896.0
1246	29040.0
1247	29524.0
1248	31600.0
1249	29504.0
1250	29336.0
1251	29048.0
1252	30856.0
1253	29572.0
1254	27592.0
1255	27648.0
1256	31736.0
1257	32052.0
1258	31568.0
1259	32080.0
1260	31840.0
1261	32344.0
1262	32512.0
1263	32492.0
1264	32492.0
1265	32216.0
1266	31912.0
1267	32508.0
1268	31932.0
1269	31688.0
1270	31892.0
1271	32436.0
1272	33088.0
1273	31716.0
1274	31788.0
1275	31960.0
1276	31976.0
1277	32104.0
1278	32264.0
1279	31500.0
1280	32072.0
1281	31512.0
1282	32276.0
1283	31204.0
1284	31588.0
1285	30848.0
1286	31180.0
1287	31792.0
1288	32708.0
1289	32308.0
1290	30696.0
1291	31096.0
1292	30948.0
1293	31192.0
1294	31296.0
1295	31972.0
1296	31420.0
1297	31072.0
1298	31084.0
1299	30692.0
1300	30328.0
1301	30960.0
1302	30616.0
1303	31012.0
1304	31116.0
1305	30084.0
1306	31128.0
1307	31640.0
1308	31600.0
1309	30864.0
1310	31692.0
1311	30948.0
1312	31740.0
1313	30788.0
1314	30052.0
1315	30760.0
1316	31380.0
1317	31812.0
1318	31428.0
1319	31296.0
1320	31432.0
1321	31144.0
1322	30752.0
1323	31076.0
1324	31636.0
1325	31416.0
1326	31444.0
1327	30672.0
1328	31028.0
1329	29732.0
1330	29520.0
1331	29112.0
1332	29416.0
1333	29380.0
1334	30760.0
1335	29116.0
1336	30640.0
1337	31184.0
1338	30708.0
1339	30996.0
1340	30588.0
1341	28800.0
1342	29196.0
1343	29376.0
1344	29696.0
1345	28748.0
1346	31060.0
1347	30816.0
1348	30692.0
1349	31140.0
1350	31396.0
1351	31948.0
1352	28932.0
1353	31852.0
1354	31892.0
1355	31468.0
1356	31180.0
1357	30212.0
1358	31072.0
1359	30672.0
1360	31784.0
1361	32136.0
1362	31436.0
1363	30708.0
1364	32412.0
1365	31808.0
1366	31076.0
1367	31296.0
1368	32040.0
1369	31392.0
1370	31820.0
1371	32148.0
1372	31584.0
1373	31708.0
1374	32116.0
1375	31996.0
1376	31320.0
1377	31760.0
1378	32548.0
1379	31568.0
1380	31556.0
1381	31412.0
1382	31828.0
1383	29628.0
1384	31304.0
1385	32568.0
1386	30788.0
1387	31112.0
1388	32044.0
1389	31228.0
1390	31208.0
1391	31116.0
1392	32068.0
1393	28800.0
1394	31524.0
1395	31568.0
1396	31892.0
1397	32900.0
1398	31300.0
1399	32136.0
1400	29596.0
1401	31984.0
1402	31600.0
1403	31740.0
1404	31504.0
1405	31520.0
1406	31592.0
1407	29268.0
1408	28788.0
1409	29528.0
1410	31180.0
1411	31436.0
1412	31660.0
1413	31444.0
1414	31488.0
1415	31208.0
1416	31376.0
1417	30724.0
1418	31056.0
1419	31180.0
1420	30616.0
1421	30604.0
1422	31552.0
1423	30452.0
1424	31336.0
1425	31028.0
1426	31260.0
1427	30776.0
1428	30608.0
1429	30496.0
1430	30608.0
1431	30316.0
1432	30568.0
1433	30372.0
1434	30880.0
1435	30972.0
1436	28908.0
1437	31860.0
1438	30124.0
1439	30996.0
1440	30296.0
1441	30504.0
1442	30804.0
1443	30120.0
1444	30436.0
1445	30328.0
1446	29248.0
1447	30132.0
1448	29088.0
1449	28684.0
1450	28864.0
1451	28356.0
1452	28348.0
1453	29648.0
1454	29968.0
1455	30452.0
1456	30272.0
1457	30024.0
1458	31268.0
1459	30908.0
1460	30164.0
1461	30832.0
1462	30688.0
1463	30676.0
1464	30784.0
1465	31236.0
1466	29324.0
1467	30564.0
1468	27132.0
1469	30488.0
1470	26752.0
1471	26972.0
1472	26572.0
1473	31356.0
1474	30960.0
1475	30076.0
1476	30680.0
1477	30596.0
1478	30584.0
1479	30532.0
1480	28516.0
1481	28240.0
1482	29636.0
1483	30760.0
1484	30308.0
1485	30332.0
1486	30940.0
1487	31200.0
1488	31888.0
1489	31252.0
1490	30944.0
1491	30156.0
1492	30928.0
1493	31284.0
1494	30864.0
1495	31488.0
1496	30764.0
1497	30716.0
1498	30928.0
1499	30604.0
1500	31604.0
1501	30932.0
1502	30688.0
1503	31048.0
1504	30116.0
1505	30600.0
1506	31444.0
1507	29076.0
1508	29684.0
1509	30696.0
1510	31096.0
1511	31208.0
1512	30616.0
1513	30424.0
1514	30532.0
1515	28000.0
1516	31036.0
1517	29416.0
1518	31364.0
1519	30348.0
1520	30500.0
1521	28520.0
1522	30560.0
1523	29836.0
1524	29452.0
1525	29904.0
1526	30540.0
1527	31128.0
1528	28448.0
1529	28080.0
1530	30576.0
1531	31120.0
1532	29800.0
1533	30292.0
1534	30480.0
1535	30504.0
1536	30248.0
1537	29956.0
1538	30440.0
1539	29788.0
1540	30084.0
1541	30428.0
1542	29540.0
1543	29876.0
1544	30156.0
1545	29352.0
1546	29740.0
1547	29820.0
1548	29948.0
1549	29580.0
1550	29904.0
1551	29852.0
1552	29320.0
1553	29644.0
1554	29624.0
1555	29112.0
1556	29100.0
1557	29952.0
1558	28800.0
1559	28980.0
1560	29740.0
1561	29312.0
1562	28364.0
1563	29196.0
1564	29232.0
1565	29376.0
1566	29028.0
1567	29344.0
1568	29548.0
1569	29044.0
1570	28968.0
1571	29092.0
1572	29116.0
1573	29768.0
1574	29152.0
1575	29724.0
1576	29696.0
1577	28952.0
1578	29444.0
1579	29508.0
1580	28300.0
1581	29364.0
1582	30080.0
1583	29060.0
1584	29808.0
1585	29624.0
1586	28856.0
1587	29612.0
1588	29716.0
1589	29660.0
1590	29184.0
1591	29044.0
1592	29564.0
1593	29308.0
1594	29260.0
1595	29100.0
1596	28008.0
1597	29896.0
1598	29896.0
1599	30284.0
1600	29776.0
1601	29788.0
1602	30068.0
1603	29696.0
1604	29768.0
1605	28012.0
1606	28128.0
1607	30260.0
1608	27904.0
1609	27516.0
1610	28324.0
1611	28228.0
1612	28848.0
1613	29768.0
1614	29124.0
1615	30348.0
1616	29564.0
1617	29076.0
1618	29340.0
1619	29796.0
1620	30460.0
1621	29760.0
1622	30012.0
1623	29756.0
1624	30252.0
1625	29600.0
1626	26704.0
1627	29884.0
1628	29448.0
1629	29808.0
1630	29764.0
1631	30012.0
1632	29976.0
1633	29124.0
1634	29364.0
1635	26532.0
1636	26888.0
1637	26052.0
1638	29140.0
1639	29568.0
1640	29872.0
1641	29968.0
1642	30000.0
1643	29052.0
1644	28992.0
1645	29780.0
1646	29120.0
1647	28960.0
1648	29156.0
1649	29444.0
1650	28748.0
1651	28776.0
1652	28832.0
1653	28988.0
1654	28840.0
1655	27896.0
1656	29408.0
1657	29120.0
1658	28788.0
1659	28292.0
1660	28992.0
1661	28968.0
1662	28984.0
1663	28640.0
1664	28884.0
1665	29056.0
1666	29032.0
1667	29420.0
1668	28732.0
1669	28560.0
1670	28428.0
1671	28428.0
1672	28624.0
1673	28672.0
1674	27976.0
1675	28048.0
1676	28572.0
1677	28900.0
1678	27884.0
1679	27904.0
1680	27848.0
1681	28248.0
1682	28372.0
1683	27932.0
1684	27828.0
1685	28180.0
1686	27976.0
1687	28744.0
1688	28204.0
1689	28316.0
1690	28112.0
1691	28856.0
1692	28288.0
1693	28140.0
1694	28420.0
1695	28360.0
1696	28016.0
1697	28000.0
1698	28156.0
1699	27744.0
1700	27924.0
1701	27700.0
1702	27776.0
1703	26868.0
1704	27996.0
1705	29148.0
1706	28224.0
1707	28280.0
1708	28472.0
1709	28312.0
1710	28016.0
1711	27564.0
1712	28008.0
1713	28648.0
1714	28508.0
1715	28352.0
1716	28224.0
1717	26876.0
1718	28000.0
1719	28320.0
1720	28096.0
1721	27800.0
1722	28108.0
1723	27920.0
1724	28276.0
1725	28708.0
1726	27356.0
1727	28256.0
1728	29072.0
1729	27868.0
1730	27312.0
1731	28240.0
1732	28292.0
1733	28344.0
1734	28224.0
1735	28652.0
1736	28308.0
1737	28352.0
1738	29044.0
1739	27496.0
1740	28508.0
1741	28300.0
1742	27792.0
1743	28968.0
1744	28760.0
1745	28056.0
1746	27996.0
1747	27860.0
1748	28452.0
1749	28488.0
1750	28540.0
1751	28232.0
1752	28524.0
1753	28240.0
1754	27944.0
1755	27748.0
1756	28604.0
1757	28048.0
1758	27264.0
1759	28072.0
1760	28152.0
1761	28120.0
1762	28152.0
1763	28236.0
1764	27836.0
1765	27680.0
1766	28180.0
1767	27980.0
1768	28044.0
1769	28200.0
1770	27264.0
1771	27276.0
1772	27680.0
1773	27992.0
1774	27904.0
1775	27356.0
1776	28072.0
1777	27800.0
1778	27180.0
1779	27684.0
1780	27828.0
1781	26964.0
1782	27760.0
1783	27632.0
1784	27344.0
1785	27144.0
1786	27424.0
1787	27196.0
1788	27372.0
1789	26924.0
1790	27224.0
1791	27184.0
1792	27052.0
1793	27248.0
1794	26824.0
1795	27312.0
1796	26784.0
1797	26736.0
1798	27200.0
1799	27160.0
1800	26704.0
1801	26112.0
1802	26536.0
1803	27116.0
1804	26952.0
1805	26524.0
1806	26776.0
1807	26300.0
1808	26952.0
1809	25888.0
1810	26576.0
1811	26292.0
1812	26428.0
1813	26896.0
1814	26684.0
1815	26080.0
1816	26544.0
1817	26572.0
1818	26236.0
1819	26556.0
1820	26524.0
1821	26556.0
1822	26692.0
1823	26712.0
1824	26260.0
1825	26084.0
1826	25796.0
1827	26252.0
1828	26336.0
1829	26540.0
1830	26764.0
1831	27240.0
1832	26424.0
1833	26840.0
1834	26468.0
1835	26544.0
1836	26676.0
1837	26548.0
1838	26864.0
1839	26932.0
1840	27260.0
1841	27476.0
1842	27072.0
1843	26920.0
1844	26960.0
1845	27460.0
1846	26312.0
1847	26948.0
1848	26964.0
1849	27068.0
1850	27284.0
1851	26800.0
1852	26480.0
1853	26548.0
1854	26576.0
1855	26568.0
1856	27084.0
1857	27116.0
1858	27460.0
1859	26952.0
1860	27160.0
1861	27504.0
1862	27468.0
1863	27284.0
1864	27416.0
1865	27400.0
1866	27260.0
1867	27252.0
1868	28260.0
1869	28116.0
1870	26880.0
1871	26832.0
1872	27380.0
1873	27404.0
1874	27380.0
1875	27932.0
1876	26868.0
1877	27280.0
1878	26952.0
1879	26856.0
1880	26572.0
1881	28748.0
1882	27788.0
1883	27576.0
1884	27016.0
1885	26664.0
1886	26736.0
1887	26912.0
1888	26268.0
1889	26648.0
1890	26752.0
1891	27232.0
1892	26260.0
1893	26856.0
1894	26252.0
1895	25908.0
1896	26860.0
1897	26320.0
1898	26680.0
1899	26276.0
1900	26252.0
1901	26180.0
1902	26580.0
1903	25804.0
1904	26668.0
1905	26676.0
1906	26532.0
1907	26536.0
1908	26124.0
1909	26152.0
1910	26492.0
1911	26600.0
1912	26896.0
1913	25804.0
1914	26320.0
1915	26272.0
1916	26736.0
1917	26036.0
1918	25356.0
1919	25872.0
1920	26200.0
1921	25488.0
1922	25948.0
1923	25912.0
1924	26276.0
1925	26048.0
1926	25952.0
1927	25524.0
1928	25276.0
1929	25700.0
1930	26024.0
1931	25744.0
1932	25944.0
1933	25764.0
1934	25996.0
1935	25768.0
1936	24640.0
1937	26076.0
1938	25352.0
1939	25240.0
1940	25820.0
1941	25696.0
1942	26176.0
1943	25312.0
1944	25424.0
1945	25480.0
1946	25276.0
1947	25704.0
1948	25076.0
1949	25424.0
1950	25996.0
1951	25484.0
1952	25348.0
1953	25672.0
1954	25624.0
1955	26008.0
1956	25560.0
1957	25596.0
1958	25388.0
1959	25084.0
1960	25980.0
1961	24936.0
1962	25388.0
1963	25608.0
1964	25400.0
1965	25404.0
1966	26212.0
1967	26232.0
1968	25172.0
1969	25264.0
1970	24980.0
1971	25284.0
1972	25500.0
1973	25472.0
1974	25508.0
1975	26104.0
1976	26648.0
1977	25684.0
1978	26316.0
1979	25856.0
1980	26004.0
1981	25444.0
1982	25592.0
1983	26092.0
1984	25272.0
1985	26408.0
1986	26588.0
1987	26356.0
1988	26504.0
1989	25764.0
1990	26216.0
1991	26300.0
1992	26072.0
1993	26128.0
1994	25760.0
1995	26264.0
1996	25672.0
1997	25844.0
1998	25636.0
1999	26052.0
2000	25748.0
2001	25556.0
2002	25612.0
2003	25628.0
2004	25212.0
2005	25248.0
2006	25104.0
2007	26232.0
2008	26124.0
2009	25908.0
2010	25588.0
2011	25492.0
2012	25120.0
2013	25860.0
2014	25220.0
2015	25948.0
2016	25580.0
2017	25732.0
2018	25448.0
2019	25496.0
2020	24872.0
2021	25124.0
2022	25040.0
2023	25128.0
2024	26044.0
2025	24796.0
2026	25444.0
2027	26184.0
2028	24780.0
2029	25472.0
2030	24784.0
2031	24684.0
2032	25404.0
2033	24692.0
2034	24404.0
2035	24264.0
2036	24536.0
2037	24280.0
2038	24308.0
2039	24620.0
2040	24548.0
2041	25000.0
2042	24436.0
2043	24056.0
2044	24296.0
2045	23940.0
2046	24556.0
2047	23724.0
2048	24424.0
2049	24316.0
2050	24292.0
2051	24144.0
2052	23964.0
2053	24596.0
2054	24320.0
2055	24524.0
2056	24204.0
2057	24484.0
2058	24340.0
2059	24256.0
2060	23864.0
2061	24360.0
2062	24012.0
2063	23440.0
2064	23592.0
2065	23852.0
2066	23916.0
2067	23800.0
2068	23156.0
2069	23592.0
2070	23672.0
2071	23764.0
2072	23776.0
2073	23712.0
2074	23708.0
2075	24476.0
2076	24340.0
2077	23744.0
2078	23832.0
2079	23948.0
2080	23688.0
2081	23644.0
2082	24168.0
2083	24100.0
2084	23544.0
2085	23868.0
2086	23968.0
2087	25004.0
2088	24244.0
2089	24312.0
2090	23884.0
2091	24044.0
2092	24552.0
2093	23936.0
2094	23836.0
2095	23796.0
2096	23832.0
2097	24040.0
2098	23692.0
2099	24504.0
2100	24448.0
2101	23892.0
2102	23808.0
2103	24220.0
2104	24380.0
2105	24040.0
2106	24532.0
2107	24368.0
2108	24324.0
2109	24468.0
2110	24376.0
2111	24068.0
2112	23372.0
2113	24144.0
2114	24404.0
2115	24216.0
2116	24556.0
2117	23736.0
2118	23920.0
2119	23376.0
2120	23940.0
2121	24176.0
2122	23800.0
2123	24044.0
2124	24652.0
2125	24000.0
2126	23792.0
2127	24008.0
2128	24536.0
2129	23908.0
2130	23784.0
2131	23892.0
2132	24948.0
2133	24144.0
2134	23736.0
2135	23856.0
2136	23724.0
2137	24344.0
2138	23692.0
2139	23772.0
2140	23620.0
2141	24276.0
2142	23804.0
2143	23644.0
2144	23484.0
2145	23000.0
2146	23416.0
2147	23680.0
2148	23176.0
2149	24324.0
2150	23520.0
2151	23696.0
2152	22968.0
2153	23220.0
2154	22864.0
2155	23164.0
2156	22960.0
2157	22812.0
2158	22736.0
2159	23044.0
2160	22956.0
2161	22748.0
2162	23932.0
2163	22884.0
2164	22920.0
2165	22832.0
2166	22992.0
2167	23072.0
2168	22600.0
2169	22708.0
2170	22600.0
2171	23068.0
2172	22400.0
2173	22856.0
2174	22712.0
2175	22264.0
2176	22456.0
2177	22828.0
2178	22640.0
2179	23144.0
2180	22668.0
2181	22436.0
2182	22216.0
2183	22636.0
2184	22208.0
2185	22032.0
2186	22552.0
2187	22076.0
2188	22608.0
2189	22700.0
2190	22384.0
2191	22836.0
2192	21860.0
2193	22556.0
2194	22552.0
2195	22392.0
2196	22268.0
2197	21952.0
2198	22352.0
2199	22360.0
2200	21736.0
2201	22280.0
2202	21684.0
2203	22048.0
2204	22492.0
2205	22344.0
2206	22784.0
2207	22644.0
2208	23540.0
2209	22376.0
2210	22196.0
2211	22556.0
2212	22284.0
2213	21576.0
2214	22568.0
2215	22628.0
2216	22724.0
2217	22192.0
2218	22256.0
2219	22336.0
2220	22432.0
2221	22668.0
2222	21932.0
2223	22496.0
2224	22100.0
2225	22296.0
2226	22372.0
2227	22240.0
2228	22364.0
2229	21440.0
2230	22228.0
2231	21600.0
2232	22416.0
2233	22416.0
2234	22036.0
2235	22132.0
2236	22128.0
2237	21980.0
2238	22036.0
2239	22388.0
2240	22172.0
2241	22492.0
2242	21964.0
2243	21816.0
2244	21384.0
2245	22168.0
2246	22444.0
2247	21444.0
2248	22280.0
2249	22640.0
2250	22300.0
2251	21724.0
2252	21508.0
2253	21668.0
2254	21876.0
2255	21872.0
2256	21892.0
2257	22780.0
2258	22336.0
2259	21872.0
2260	21576.0
2261	21560.0
2262	21432.0
2263	21912.0
2264	21328.0
2265	21960.0
2266	21604.0
2267	21356.0
2268	21452.0
2269	20748.0
2270	21332.0
2271	21600.0
2272	20724.0
2273	21424.0
2274	21524.0
2275	21844.0
2276	21096.0
2277	21168.0
2278	21352.0
2279	21424.0
2280	20548.0
2281	20864.0
2282	21584.0
2283	21676.0
2284	20568.0
2285	21888.0
2286	21156.0
2287	21796.0
2288	20676.0
2289	21840.0
2290	21396.0
2291	20992.0
2292	20800.0
2293	21216.0
2294	21016.0
2295	20676.0
2296	20668.0
2297	20436.0
2298	21132.0
2299	21340.0
2300	21448.0
2301	20916.0
2302	20424.0
2303	20560.0
2304	20704.0
2305	20404.0
2306	21040.0
2307	20580.0
2308	21024.0
2309	20492.0
2310	20784.0
2311	20548.0
2312	20416.0
2313	20184.0
2314	20880.0
2315	21288.0
2316	21036.0
2317	20160.0
2318	20244.0
2319	20868.0
2320	19980.0
2321	20684.0
2322	20148.0
2323	20884.0
2324	20376.0
2325	21112.0
2326	20932.0
2327	20576.0
2328	20352.0
2329	20356.0
2330	20184.0
2331	20472.0
2332	20592.0
2333	20536.0
2334	20052.0
2335	20492.0
2336	20116.0
2337	21016.0
2338	20516.0
2339	20688.0
2340	20568.0
2341	21172.0
2342	20044.0
2343	20128.0
2344	20336.0
2345	20856.0
2346	20640.0
2347	20300.0
2348	21032.0
2349	21168.0
2350	20348.0
2351	20048.0
2352	20992.0
2353	20528.0
2354	21232.0
2355	20348.0
2356	20468.0
2357	20480.0
2358	20508.0
2359	20780.0
2360	20388.0
2361	20628.0
2362	19928.0
2363	20052.0
2364	20360.0
2365	20600.0
2366	20304.0
2367	20128.0
2368	20240.0
2369	20340.0
2370	20028.0
2371	20104.0
2372	19704.0
2373	20400.0
2374	20600.0
2375	20892.0
2376	20504.0
2377	20540.0
2378	20220.0
2379	19772.0
2380	20692.0
2381	20100.0
2382	19348.0
2383	19464.0
2384	19656.0
2385	19856.0
2386	19684.0
2387	19560.0
2388	20040.0
2389	19304.0
2390	20388.0
2391	20400.0
2392	20520.0
2393	19416.0
2394	19836.0
2395	19588.0
2396	19548.0
2397	19708.0
2398	19388.0
2399	19888.0
2400	19584.0
2401	18936.0
2402	19424.0
2403	19580.0
2404	19376.0
2405	19412.0
2406	19376.0
2407	19596.0
2408	19576.0
2409	19260.0
2410	19132.0
2411	18968.0
2412	19768.0
2413	19132.0
2414	18924.0
2415	19708.0
2416	19140.0
2417	19628.0
2418	19032.0
2419	18668.0
2420	18936.0
2421	18484.0
2422	18128.0
2423	18336.0
2424	18812.0
2425	18612.0
2426	18964.0
2427	18452.0
2428	18868.0
2429	18424.0
2430	18800.0
2431	18612.0
2432	18804.0
2433	18984.0
2434	18360.0
2435	18276.0
2436	18364.0
2437	18464.0
2438	18696.0
2439	18756.0
2440	18416.0
2441	18448.0
2442	18560.0
2443	18836.0
2444	18136.0
2445	18444.0
2446	17864.0
2447	18132.0
2448	18468.0
2449	19060.0
2450	18564.0
2451	19512.0
2452	17988.0
2453	18508.0
2454	18136.0
2455	18396.0
2456	18404.0
2457	18152.0
2458	18340.0
2459	18428.0
2460	18072.0
2461	17884.0
2462	18084.0
2463	18416.0
2464	18208.0
2465	18512.0
2466	18864.0
2467	18500.0
2468	18444.0
2469	17728.0
2470	18040.0
2471	18132.0
2472	18256.0
2473	18480.0
2474	18520.0
2475	18512.0
2476	17696.0
2477	17920.0
2478	17960.0
2479	18128.0
2480	17836.0
2481	18144.0
2482	18400.0
2483	18632.0
2484	18456.0
2485	18224.0
2486	18352.0
2487	18308.0
2488	18128.0
2489	18440.0
2490	18764.0
2491	18620.0
2492	18576.0
2493	17944.0
2494	17724.0
2495	17956.0
2496	17696.0
2497	17512.0
2498	18084.0
2499	18052.0
2500	18188.0
2501	18076.0
2502	18404.0
2503	17900.0
2504	17380.0
2505	17676.0
2506	17368.0
2507	17792.0
2508	18212.0
2509	17328.0
2510	17240.0
2511	17272.0
2512	17848.0
2513	17316.0
2514	17860.0
2515	17408.0
2516	18120.0
2517	17764.0
2518	17408.0
2519	16848.0
2520	17368.0
2521	17296.0
2522	17088.0
2523	17336.0
2524	17396.0
2525	17092.0
2526	17180.0
2527	16820.0
2528	17096.0
2529	17120.0
2530	16628.0
2531	17456.0
2532	17040.0
2533	16816.0
2534	16140.0
2535	17232.0
2536	16928.0
2537	17156.0
2538	16556.0
2539	17160.0
2540	17568.0
2541	16844.0
2542	16552.0
2543	17168.0
2544	16952.0
2545	16652.0
2546	16576.0
2547	17460.0
2548	16796.0
2549	16996.0
2550	16692.0
2551	16052.0
2552	17300.0
2553	17100.0
2554	16552.0
2555	16184.0
2556	16472.0
2557	16748.0
2558	16924.0
2559	16588.0
2560	16472.0
2561	16788.0
2562	16428.0
2563	17012.0
2564	16640.0
2565	16788.0
2566	16276.0
2567	16160.0
2568	16472.0
2569	17032.0
2570	17048.0
2571	16468.0
2572	15756.0
2573	16180.0
2574	16540.0
2575	15760.0
2576	16248.0
2577	16256.0
2578	15892.0
2579	16108.0
2580	15836.0
2581	16616.0
2582	16492.0
2583	16656.0
2584	16516.0
2585	15832.0
2586	16488.0
2587	16236.0
2588	15832.0
2589	16752.0
2590	16448.0
2591	16328.0
2592	16624.0
2593	16420.0
2594	15764.0
2595	16308.0
2596	16328.0
2597	16240.0
2598	16456.0
2599	16364.0
2600	16444.0
2601	16096.0
2602	16104.0
2603	15912.0
2604	15652.0
2605	16296.0
2606	15748.0
2607	15916.0
2608	15824.0
2609	15768.0
2610	15700.0
2611	16052.0
2612	16160.0
2613	15788.0
2614	15964.0
2615	16284.0
2616	15856.0
2617	16160.0
2618	15864.0
2619	15800.0
2620	16012.0
2621	15648.0
2622	15892.0
2623	15804.0
2624	15684.0
2625	16072.0
2626	15160.0
2627	15724.0
2628	15700.0
2629	15144.0
2630	15788.0
2631	15568.0
2632	16480.0
2633	16056.0
2634	15584.0
2635	15756.0
2636	15956.0
2637	15856.0
2638	15676.0
2639	15272.0
2640	15196.0
2641	15540.0
2642	15532.0
2643	15532.0
2644	15268.0
2645	15396.0
2646	15560.0
2647	15368.0
2648	15524.0
2649	15056.0
2650	15376.0
2651	15564.0
2652	15404.0
2653	15384.0
2654	15116.0
2655	15224.0
2656	15252.0
2657	15032.0
2658	15420.0
2659	15004.0
2660	15608.0
2661	15320.0
2662	15300.0
2663	14836.0
2664	15156.0
2665	14580.0
2666	14908.0
2667	15300.0
2668	14948.0
2669	14680.0
2670	14664.0
2671	14964.0
2672	14876.0
2673	15068.0
2674	14868.0
2675	14544.0
2676	14684.0
2677	14516.0
2678	14716.0
2679	14344.0
2680	14420.0
2681	13964.0
2682	14056.0
2683	14328.0
2684	14216.0
2685	15056.0
2686	14336.0
2687	14412.0
2688	14064.0
2689	14268.0
2690	14624.0
2691	14548.0
2692	14292.0
2693	14580.0
2694	14228.0
2695	14068.0
2696	15028.0
2697	14464.0
2698	14480.0
2699	14328.0
2700	14056.0
2701	14240.0
2702	14300.0
2703	14720.0
2704	14292.0
2705	14160.0
2706	14724.0
2707	14412.0
2708	14420.0
2709	13620.0
2710	13412.0
2711	14208.0
2712	13588.0
2713	13384.0
2714	13636.0
2715	14260.0
2716	13768.0
2717	14340.0
2718	15148.0
2719	13992.0
2720	14140.0
2721	14040.0
2722	13644.0
2723	14460.0
2724	14200.0
2725	13972.0
2726	13760.0
2727	13428.0
2728	13684.0
2729	14052.0
2730	13828.0
2731	14272.0
2732	14000.0
2733	13972.0
2734	13464.0
2735	14292.0
2736	14144.0
2737	13920.0
2738	14252.0
2739	14128.0
2740	14348.0
2741	14448.0
2742	14480.0
2743	13508.0
2744	14364.0
2745	14128.0
2746	13528.0
2747	14040.0
