0	680.0
1	596.0
2	694.0
3	564.0
4	664.0
5	580.0
6	674.0
7	670.0
8	784.0
9	622.0
10	628.0
11	604.0
12	580.0
13	562.0
14	566.0
15	616.0
16	668.0
17	540.0
18	846.0
19	572.0
20	516.0
21	612.0
22	654.0
23	726.0
24	812.0
25	706.0
26	580.0
27	676.0
28	462.0
29	700.0
30	722.0
31	698.0
32	536.0
33	576.0
34	568.0
35	592.0
36	640.0
37	612.0
38	536.0
39	558.0
40	708.0
41	704.0
42	552.0
43	538.0
44	736.0
45	748.0
46	392.0
47	568.0
48	894.0
49	734.0
50	768.0
51	612.0
52	768.0
53	732.0
54	848.0
55	690.0
56	636.0
57	702.0
58	704.0
59	604.0
60	480.0
61	578.0
62	668.0
63	676.0
64	624.0
65	854.0
66	714.0
67	672.0
68	492.0
69	694.0
70	544.0
71	564.0
72	652.0
73	700.0
74	658.0
75	806.0
76	722.0
77	548.0
78	832.0
79	584.0
80	662.0
81	544.0
82	614.0
83	660.0
84	648.0
85	780.0
86	652.0
87	734.0
88	618.0
89	760.0
90	796.0
91	700.0
92	582.0
93	666.0
94	614.0
95	434.0
96	648.0
97	540.0
98	684.0
99	546.0
100	576.0
101	672.0
102	612.0
103	622.0
104	674.0
105	680.0
106	728.0
107	588.0
108	492.0
109	584.0
110	730.0
111	790.0
112	654.0
113	816.0
114	564.0
115	590.0
116	744.0
117	704.0
118	568.0
119	582.0
120	784.0
121	688.0
122	620.0
123	566.0
124	756.0
125	632.0
126	706.0
127	776.0
128	658.0
129	758.0
130	606.0
131	842.0
132	570.0
133	592.0
134	612.0
135	616.0
136	836.0
137	578.0
138	666.0
139	784.0
140	696.0
141	652.0
142	664.0
143	700.0
144	710.0
145	540.0
146	736.0
147	576.0
148	846.0
149	688.0
150	622.0
151	728.0
152	548.0
153	564.0
154	772.0
155	680.0
156	740.0
157	538.0
158	628.0
159	670.0
160	726.0
161	588.0
162	784.0
163	718.0
164	680.0
165	682.0
166	674.0
167	500.0
168	574.0
169	820.0
170	592.0
171	698.0
172	698.0
173	600.0
174	512.0
175	720.0
176	692.0
177	618.0
178	684.0
179	580.0
180	634.0
181	624.0
182	518.0
183	788.0
184	798.0
185	588.0
186	734.0
187	678.0
188	632.0
189	504.0
190	594.0
191	792.0
192	684.0
193	720.0
194	564.0
195	708.0
196	628.0
197	684.0
198	676.0
199	636.0
200	784.0
201	620.0
202	528.0
203	444.0
204	784.0
205	764.0
206	578.0
207	534.0
208	730.0
209	656.0
210	684.0
211	638.0
212	514.0
213	608.0
214	652.0
215	666.0
216	772.0
217	602.0
218	620.0
219	498.0
220	700.0
221	682.0
222	756.0
223	622.0
224	510.0
225	476.0
226	596.0
227	816.0
228	722.0
229	708.0
230	542.0
231	656.0
232	554.0
233	608.0
234	662.0
235	664.0
236	724.0
237	610.0
238	784.0
239	680.0
240	800.0
241	704.0
242	684.0
243	634.0
244	592.0
245	696.0
246	708.0
247	728.0
248	762.0
249	748.0
250	712.0
251	696.0
252	648.0
253	744.0
254	788.0
255	714.0
256	862.0
257	752.0
258	600.0
259	726.0
260	842.0
261	724.0
262	896.0
263	614.0
264	456.0
265	616.0
266	682.0
267	864.0
268	658.0
269	868.0
270	706.0
271	626.0
272	736.0
273	776.0
274	646.0
275	562.0
276	750.0
277	624.0
278	832.0
279	564.0
280	748.0
281	756.0
282	820.0
283	662.0
284	716.0
285	582.0
286	768.0
287	702.0
288	664.0
289	708.0
290	898.0
291	696.0
292	682.0
293	712.0
294	664.0
295	634.0
296	596.0
297	526.0
298	678.0
299	748.0
300	716.0
301	680.0
302	744.0
303	546.0
304	762.0
305	760.0
306	684.0
307	544.0
308	748.0
309	774.0
310	854.0
311	716.0
312	734.0
313	728.0
314	758.0
315	590.0
316	616.0
317	774.0
318	698.0
319	762.0
320	500.0
321	638.0
322	714.0
323	572.0
324	600.0
325	686.0
326	712.0
327	696.0
328	728.0
329	796.0
330	640.0
331	614.0
332	720.0
333	668.0
334	664.0
335	704.0
336	750.0
337	520.0
338	764.0
339	680.0
340	684.0
341	668.0
342	710.0
343	868.0
344	620.0
345	676.0
346	766.0
347	676.0
348	740.0
349	716.0
350	794.0
351	774.0
352	610.0
353	624.0
354	668.0
355	556.0
356	730.0
357	476.0
358	824.0
359	714.0
360	738.0
361	684.0
362	762.0
363	744.0
364	676.0
365	506.0
366	514.0
367	664.0
368	564.0
369	700.0
370	664.0
371	652.0
372	674.0
373	742.0
374	658.0
375	620.0
376	588.0
377	720.0
378	790.0
379	568.0
380	476.0
381	874.0
382	576.0
383	680.0
384	752.0
385	712.0
386	644.0
387	830.0
388	782.0
389	710.0
390	680.0
391	674.0
392	560.0
393	622.0
394	628.0
395	714.0
396	634.0
397	750.0
398	716.0
399	596.0
400	744.0
401	744.0
402	854.0
403	762.0
404	644.0
405	704.0
406	628.0
407	612.0
408	712.0
409	696.0
410	668.0
411	730.0
412	750.0
413	768.0
414	890.0
415	820.0
416	690.0
417	536.0
418	666.0
419	760.0
420	452.0
421	748.0
422	622.0
423	844.0
424	658.0
425	472.0
426	840.0
427	562.0
428	676.0
429	580.0
430	744.0
431	644.0
432	768.0
433	656.0
434	628.0
435	640.0
436	684.0
437	704.0
438	714.0
439	658.0
440	596.0
441	874.0
442	696.0
443	846.0
444	860.0
445	680.0
446	776.0
447	544.0
448	640.0
449	604.0
450	620.0
451	684.0
452	574.0
453	766.0
454	718.0
455	720.0
456	608.0
457	744.0
458	682.0
459	698.0
460	604.0
461	680.0
462	876.0
463	834.0
464	742.0
465	742.0
466	656.0
467	604.0
468	780.0
469	702.0
470	888.0
471	634.0
472	772.0
473	742.0
474	776.0
475	596.0
476	760.0
477	840.0
478	524.0
479	652.0
480	638.0
481	780.0
482	782.0
483	786.0
484	714.0
485	748.0
486	664.0
487	672.0
488	714.0
489	880.0
490	464.0
491	720.0
492	658.0
493	728.0
494	1054.0
495	948.0
496	576.0
497	904.0
498	676.0
499	684.0
500	532.0
501	728.0
502	732.0
503	550.0
504	762.0
505	746.0
506	674.0
507	600.0
508	664.0
509	576.0
510	872.0
511	752.0
512	906.0
513	608.0
514	950.0
515	756.0
516	708.0
517	672.0
518	844.0
519	776.0
520	652.0
521	698.0
522	532.0
523	698.0
524	792.0
525	700.0
526	784.0
527	636.0
528	752.0
529	684.0
530	906.0
531	620.0
532	676.0
533	630.0
534	646.0
535	820.0
536	708.0
537	528.0
538	634.0
539	586.0
540	662.0
541	784.0
542	500.0
543	662.0
544	610.0
545	674.0
546	692.0
547	862.0
548	680.0
549	688.0
550	744.0
551	574.0
552	996.0
553	696.0
554	612.0
555	626.0
556	602.0
557	580.0
558	776.0
559	680.0
560	768.0
561	688.0
562	816.0
563	680.0
564	856.0
565	686.0
566	630.0
567	746.0
568	796.0
569	862.0
570	750.0
571	682.0
572	612.0
573	576.0
574	674.0
575	620.0
576	730.0
577	798.0
578	464.0
579	784.0
580	848.0
581	832.0
582	674.0
583	482.0
584	744.0
585	680.0
586	630.0
587	868.0
588	694.0
589	792.0
590	824.0
591	832.0
592	712.0
593	782.0
594	884.0
595	876.0
596	692.0
597	576.0
598	528.0
599	610.0
600	640.0
601	644.0
602	556.0
603	630.0
604	582.0
605	698.0
606	866.0
607	810.0
608	708.0
609	668.0
610	698.0
611	796.0
612	452.0
613	744.0
614	774.0
615	778.0
616	824.0
617	720.0
618	728.0
619	796.0
620	864.0
621	736.0
622	804.0
623	718.0
624	616.0
625	588.0
626	764.0
627	748.0
628	758.0
629	646.0
630	862.0
631	832.0
632	644.0
633	700.0
634	666.0
635	778.0
636	664.0
637	626.0
638	634.0
639	556.0
640	690.0
641	772.0
642	850.0
643	736.0
644	704.0
645	592.0
646	850.0
647	706.0
648	684.0
649	754.0
650	676.0
651	788.0
652	708.0
653	816.0
654	660.0
655	534.0
656	722.0
657	924.0
658	696.0
659	740.0
660	774.0
661	800.0
662	846.0
663	808.0
664	778.0
665	716.0
666	798.0
667	520.0
668	670.0
669	678.0
670	1000.0
671	644.0
672	644.0
673	794.0
674	868.0
675	840.0
676	648.0
677	848.0
678	632.0
679	708.0
680	846.0
681	540.0
682	782.0
683	852.0
684	832.0
685	540.0
686	760.0
687	732.0
688	650.0
689	880.0
690	740.0
691	800.0
692	572.0
693	832.0
694	880.0
695	780.0
696	580.0
697	772.0
698	804.0
699	780.0
700	732.0
701	748.0
702	846.0
703	840.0
704	492.0
705	840.0
706	620.0
707	702.0
708	914.0
709	848.0
710	568.0
711	570.0
712	548.0
713	700.0
714	690.0
715	742.0
716	448.0
717	502.0
718	602.0
719	654.0
720	706.0
721	782.0
722	684.0
723	440.0
724	688.0
725	542.0
726	686.0
727	724.0
728	768.0
729	560.0
730	706.0
731	884.0
732	708.0
733	662.0
734	758.0
735	640.0
736	772.0
737	726.0
738	636.0
739	632.0
740	782.0
741	738.0
742	724.0
743	706.0
744	748.0
745	1026.0
746	736.0
747	822.0
748	636.0
749	710.0
750	790.0
751	900.0
752	672.0
753	650.0
754	610.0
755	674.0
756	706.0
757	736.0
758	752.0
759	800.0
760	730.0
761	850.0
762	748.0
763	772.0
764	812.0
765	744.0
766	768.0
767	664.0
768	884.0
769	800.0
770	946.0
771	558.0
772	904.0
773	646.0
774	752.0
775	870.0
776	764.0
777	782.0
778	774.0
779	742.0
780	754.0
781	716.0
782	730.0
783	798.0
784	684.0
785	752.0
786	676.0
787	804.0
788	732.0
789	816.0
790	892.0
791	754.0
792	708.0
793	712.0
794	568.0
795	838.0
796	740.0
797	540.0
798	660.0
799	932.0
800	890.0
801	708.0
802	692.0
803	724.0
804	648.0
805	716.0
806	906.0
807	672.0
808	770.0
809	780.0
810	696.0
811	746.0
812	666.0
813	1040.0
814	708.0
815	776.0
816	918.0
817	724.0
818	900.0
819	822.0
820	828.0
821	712.0
822	744.0
823	742.0
824	668.0
825	578.0
826	672.0
827	708.0
828	728.0
829	856.0
830	496.0
831	722.0
832	596.0
833	822.0
834	756.0
835	696.0
836	662.0
837	488.0
838	792.0
839	802.0
840	676.0
841	892.0
842	854.0
843	760.0
844	756.0
845	788.0
846	916.0
847	642.0
848	572.0
849	572.0
850	816.0
851	600.0
852	474.0
853	570.0
854	596.0
855	728.0
856	626.0
857	642.0
858	624.0
859	798.0
860	828.0
861	860.0
862	754.0
863	738.0
864	804.0
865	642.0
866	680.0
867	638.0
868	802.0
869	806.0
870	858.0
871	656.0
872	754.0
873	728.0
874	864.0
875	792.0
876	608.0
877	980.0
878	852.0
879	920.0
880	558.0
881	798.0
882	716.0
883	876.0
884	510.0
885	720.0
886	676.0
887	822.0
888	740.0
889	570.0
890	902.0
891	792.0
892	748.0
893	694.0
894	808.0
895	848.0
896	952.0
897	892.0
898	860.0
899	800.0
900	860.0
901	768.0
902	868.0
903	982.0
904	812.0
905	690.0
906	690.0
907	604.0
908	728.0
909	724.0
910	920.0
911	652.0
912	536.0
913	598.0
914	604.0
915	644.0
916	698.0
917	698.0
918	824.0
919	732.0
920	824.0
921	674.0
922	858.0
923	672.0
924	732.0
925	700.0
926	826.0
927	754.0
928	708.0
929	640.0
930	598.0
931	682.0
932	426.0
933	652.0
934	688.0
935	556.0
936	1024.0
937	610.0
938	718.0
939	580.0
940	676.0
941	826.0
942	624.0
943	758.0
944	808.0
945	748.0
946	854.0
947	812.0
948	760.0
949	876.0
950	738.0
951	764.0
952	786.0
953	702.0
954	600.0
955	664.0
956	844.0
957	704.0
958	664.0
959	768.0
960	830.0
961	920.0
962	800.0
963	712.0
964	776.0
965	746.0
966	888.0
967	842.0
968	590.0
969	688.0
970	738.0
971	880.0
972	904.0
973	752.0
974	794.0
975	970.0
976	680.0
977	630.0
978	816.0
979	788.0
980	820.0
981	776.0
982	614.0
983	616.0
984	822.0
985	920.0
986	692.0
987	966.0
988	682.0
989	838.0
990	782.0
991	776.0
992	1048.0
993	818.0
994	824.0
995	762.0
996	860.0
997	700.0
998	612.0
999	876.0
1000	896.0
1001	740.0
1002	724.0
1003	774.0
1004	670.0
1005	784.0
1006	604.0
1007	1006.0
1008	800.0
1009	700.0
1010	968.0
1011	938.0
1012	732.0
1013	848.0
1014	782.0
1015	658.0
1016	728.0
1017	840.0
1018	748.0
1019	878.0
1020	784.0
1021	772.0
1022	628.0
1023	640.0
1024	702.0
1025	844.0
1026	828.0
1027	732.0
1028	788.0
1029	880.0
1030	820.0
1031	650.0
1032	756.0
1033	874.0
1034	792.0
1035	1052.0
1036	784.0
1037	738.0
1038	840.0
1039	790.0
1040	846.0
1041	672.0
1042	874.0
1043	800.0
1044	564.0
1045	684.0
1046	836.0
1047	774.0
1048	710.0
1049	864.0
1050	708.0
1051	706.0
1052	704.0
1053	712.0
1054	884.0
1055	800.0
1056	672.0
1057	698.0
1058	728.0
1059	768.0
1060	768.0
1061	804.0
1062	778.0
1063	544.0
1064	708.0
1065	818.0
1066	596.0
1067	698.0
1068	682.0
1069	722.0
1070	692.0
1071	532.0
1072	672.0
1073	872.0
1074	990.0
1075	802.0
1076	752.0
1077	692.0
1078	738.0
1079	822.0
1080	764.0
1081	892.0
1082	746.0
1083	706.0
1084	812.0
1085	734.0
1086	634.0
1087	678.0
1088	632.0
1089	640.0
1090	872.0
1091	828.0
1092	756.0
1093	836.0
1094	656.0
1095	764.0
1096	802.0
1097	792.0
1098	672.0
1099	622.0
1100	560.0
1101	628.0
1102	538.0
1103	724.0
1104	528.0
1105	724.0
1106	740.0
1107	616.0
1108	600.0
1109	548.0
1110	610.0
1111	942.0
1112	642.0
1113	752.0
1114	792.0
1115	818.0
1116	808.0
1117	762.0
1118	862.0
1119	808.0
1120	808.0
1121	738.0
1122	932.0
1123	688.0
1124	720.0
1125	872.0
1126	852.0
1127	946.0
1128	774.0
1129	796.0
1130	840.0
1131	752.0
1132	686.0
1133	784.0
1134	664.0
1135	694.0
1136	588.0
1137	778.0
1138	688.0
1139	720.0
1140	824.0
1141	2278.0
1142	1362.0
1143	850.0
1144	806.0
1145	680.0
1146	926.0
1147	760.0
1148	770.0
1149	598.0
1150	748.0
1151	906.0
1152	828.0
1153	848.0
1154	654.0
1155	754.0
1156	652.0
1157	622.0
1158	752.0
1159	806.0
1160	844.0
1161	924.0
1162	740.0
1163	658.0
1164	502.0
1165	736.0
1166	656.0
1167	694.0
1168	566.0
1169	488.0
1170	768.0
1171	744.0
1172	542.0
1173	716.0
1174	680.0
1175	682.0
1176	718.0
1177	678.0
1178	888.0
1179	860.0
1180	680.0
1181	848.0
1182	818.0
1183	670.0
1184	718.0
1185	674.0
1186	736.0
1187	808.0
1188	572.0
1189	618.0
1190	676.0
1191	756.0
1192	828.0
1193	692.0
1194	734.0
1195	606.0
1196	1008.0
1197	708.0
1198	792.0
1199	852.0
1200	610.0
1201	502.0
1202	776.0
1203	680.0
1204	898.0
1205	658.0
1206	662.0
1207	900.0
1208	966.0
1209	810.0
1210	870.0
1211	722.0
1212	792.0
1213	768.0
1214	812.0
1215	682.0
1216	690.0
1217	704.0
1218	670.0
1219	690.0
1220	778.0
1221	734.0
1222	770.0
1223	696.0
1224	690.0
1225	684.0
1226	712.0
1227	740.0
1228	840.0
1229	628.0
1230	716.0
1231	838.0
1232	808.0
1233	606.0
1234	824.0
1235	646.0
1236	760.0
1237	596.0
1238	624.0
1239	860.0
1240	740.0
1241	748.0
1242	700.0
1243	710.0
1244	856.0
1245	784.0
1246	718.0
1247	730.0
1248	750.0
1249	734.0
1250	640.0
1251	828.0
1252	858.0
1253	724.0
1254	868.0
1255	694.0
1256	962.0
1257	968.0
1258	706.0
1259	768.0
1260	828.0
1261	836.0
1262	744.0
1263	586.0
1264	800.0
1265	832.0
1266	752.0
1267	812.0
1268	684.0
1269	798.0
1270	730.0
1271	836.0
1272	1046.0
1273	874.0
1274	718.0
1275	584.0
1276	696.0
1277	726.0
1278	710.0
1279	828.0
1280	812.0
1281	770.0
1282	798.0
1283	836.0
1284	704.0
1285	780.0
1286	744.0
1287	804.0
1288	622.0
1289	782.0
1290	764.0
1291	562.0
1292	678.0
1293	562.0
1294	802.0
1295	616.0
1296	694.0
1297	708.0
1298	816.0
1299	804.0
1300	736.0
1301	808.0
1302	870.0
1303	680.0
1304	836.0
1305	844.0
1306	738.0
1307	590.0
1308	780.0
1309	774.0
1310	712.0
1311	588.0
1312	672.0
1313	512.0
1314	610.0
1315	702.0
1316	772.0
1317	828.0
1318	806.0
1319	834.0
1320	516.0
1321	608.0
1322	668.0
1323	612.0
1324	644.0
1325	702.0
1326	702.0
1327	680.0
1328	784.0
1329	828.0
1330	636.0
1331	654.0
1332	880.0
1333	552.0
1334	646.0
1335	604.0
1336	594.0
1337	744.0
1338	584.0
1339	710.0
1340	810.0
1341	958.0
1342	726.0
1343	804.0
1344	840.0
1345	840.0
1346	700.0
1347	664.0
1348	626.0
1349	776.0
1350	734.0
1351	704.0
1352	798.0
1353	840.0
1354	588.0
1355	594.0
1356	714.0
1357	552.0
1358	584.0
1359	750.0
1360	728.0
1361	832.0
1362	696.0
1363	766.0
1364	560.0
1365	654.0
1366	678.0
1367	782.0
1368	724.0
1369	696.0
1370	612.0
1371	590.0
1372	654.0
1373	698.0
1374	622.0
1375	562.0
1376	750.0
1377	750.0
1378	612.0
1379	664.0
1380	670.0
1381	642.0
1382	568.0
1383	840.0
1384	752.0
1385	760.0
1386	784.0
1387	662.0
1388	800.0
1389	610.0
1390	796.0
1391	664.0
1392	856.0
1393	670.0
1394	526.0
1395	702.0
1396	560.0
1397	624.0
1398	698.0
1399	708.0
1400	716.0
1401	846.0
1402	634.0
1403	592.0
1404	680.0
1405	596.0
1406	706.0
1407	816.0
1408	528.0
1409	668.0
1410	816.0
1411	708.0
1412	724.0
1413	744.0
1414	722.0
1415	450.0
1416	818.0
1417	740.0
1418	668.0
1419	574.0
1420	804.0
1421	526.0
1422	540.0
1423	490.0
1424	510.0
1425	514.0
1426	446.0
1427	520.0
1428	686.0
1429	684.0
1430	656.0
1431	692.0
1432	760.0
1433	646.0
1434	706.0
1435	558.0
1436	756.0
1437	698.0
1438	976.0
1439	992.0
1440	802.0
1441	616.0
1442	600.0
1443	692.0
1444	678.0
1445	788.0
1446	786.0
1447	844.0
1448	618.0
1449	720.0
1450	806.0
1451	734.0
1452	830.0
1453	634.0
1454	740.0
1455	712.0
1456	912.0
1457	736.0
1458	904.0
1459	584.0
1460	848.0
1461	872.0
1462	740.0
1463	966.0
1464	806.0
1465	700.0
1466	896.0
1467	926.0
1468	862.0
1469	720.0
1470	1114.0
1471	816.0
1472	852.0
1473	912.0
1474	810.0
1475	928.0
1476	946.0
1477	874.0
1478	672.0
1479	844.0
1480	782.0
1481	700.0
1482	814.0
1483	814.0
1484	822.0
1485	624.0
1486	708.0
1487	742.0
1488	930.0
1489	770.0
1490	820.0
1491	666.0
1492	932.0
1493	814.0
1494	668.0
1495	1104.0
1496	832.0
1497	1054.0
1498	966.0
1499	826.0
1500	932.0
1501	788.0
1502	836.0
1503	784.0
1504	816.0
1505	932.0
1506	776.0
1507	648.0
1508	844.0
1509	738.0
1510	874.0
1511	748.0
1512	668.0
1513	788.0
1514	612.0
1515	886.0
1516	892.0
1517	794.0
1518	722.0
1519	1014.0
1520	824.0
1521	848.0
1522	796.0
1523	830.0
1524	1012.0
1525	794.0
1526	922.0
1527	1030.0
1528	806.0
1529	796.0
1530	950.0
1531	850.0
1532	806.0
1533	864.0
1534	782.0
1535	794.0
1536	736.0
1537	732.0
1538	856.0
1539	938.0
1540	754.0
1541	816.0
1542	700.0
1543	762.0
1544	776.0
1545	822.0
1546	676.0
1547	884.0
1548	756.0
1549	632.0
1550	924.0
1551	964.0
1552	1012.0
1553	878.0
1554	852.0
1555	772.0
1556	660.0
1557	932.0
1558	720.0
1559	960.0
1560	758.0
1561	694.0
1562	706.0
1563	966.0
1564	900.0
1565	994.0
1566	878.0
1567	814.0
1568	888.0
1569	726.0
1570	868.0
1571	902.0
1572	848.0
1573	816.0
1574	838.0
1575	1000.0
1576	788.0
1577	812.0
1578	1076.0
1579	818.0
1580	870.0
1581	672.0
1582	808.0
1583	708.0
1584	1056.0
1585	846.0
1586	1022.0
1587	954.0
1588	1036.0
1589	1028.0
1590	862.0
1591	1018.0
1592	808.0
1593	856.0
1594	988.0
1595	856.0
1596	656.0
1597	1012.0
1598	860.0
1599	976.0
1600	972.0
1601	740.0
1602	776.0
1603	984.0
1604	908.0
1605	832.0
1606	744.0
1607	734.0
1608	636.0
1609	550.0
1610	730.0
1611	718.0
1612	842.0
1613	702.0
1614	792.0
1615	832.0
1616	1006.0
1617	866.0
1618	988.0
1619	812.0
1620	1016.0
1621	884.0
1622	892.0
1623	818.0
1624	928.0
1625	980.0
1626	1014.0
1627	962.0
1628	702.0
1629	892.0
1630	1024.0
1631	1028.0
1632	720.0
1633	966.0
1634	900.0
1635	918.0
1636	880.0
1637	932.0
1638	846.0
1639	980.0
1640	826.0
1641	876.0
1642	1116.0
1643	808.0
1644	1016.0
1645	770.0
1646	804.0
1647	898.0
1648	1044.0
1649	888.0
1650	1014.0
1651	1072.0
1652	832.0
1653	866.0
1654	712.0
1655	1040.0
1656	980.0
1657	968.0
1658	942.0
1659	894.0
1660	824.0
1661	1032.0
1662	938.0
1663	980.0
1664	964.0
1665	1044.0
1666	1048.0
1667	1088.0
1668	982.0
1669	1084.0
1670	904.0
1671	860.0
1672	1100.0
1673	704.0
1674	1078.0
1675	912.0
1676	958.0
1677	856.0
1678	852.0
1679	826.0
1680	896.0
1681	900.0
1682	1036.0
1683	900.0
1684	968.0
1685	976.0
1686	926.0
1687	1062.0
1688	862.0
1689	942.0
1690	966.0
1691	812.0
1692	960.0
1693	1128.0
1694	986.0
1695	956.0
1696	1018.0
1697	1104.0
1698	1048.0
1699	924.0
1700	802.0
1701	1020.0
1702	924.0
1703	1286.0
1704	1030.0
1705	1068.0
1706	1048.0
1707	916.0
1708	1152.0
1709	976.0
1710	988.0
1711	818.0
1712	1136.0
1713	1180.0
1714	864.0
1715	1008.0
1716	774.0
1717	908.0
1718	824.0
1719	802.0
1720	898.0
1721	822.0
1722	896.0
1723	900.0
1724	1048.0
1725	1156.0
1726	1028.0
1727	908.0
1728	1004.0
1729	898.0
1730	1024.0
1731	920.0
1732	948.0
1733	856.0
1734	964.0
1735	1004.0
1736	972.0
1737	954.0
1738	1020.0
1739	1152.0
1740	884.0
1741	984.0
1742	952.0
1743	1038.0
1744	1014.0
1745	1346.0
1746	928.0
1747	904.0
1748	1084.0
1749	916.0
1750	1288.0
1751	954.0
1752	928.0
1753	1020.0
1754	1064.0
1755	968.0
1756	948.0
1757	916.0
1758	1040.0
1759	972.0
1760	1080.0
1761	1074.0
1762	1130.0
1763	1074.0
1764	1044.0
1765	984.0
1766	1012.0
1767	888.0
1768	1024.0
1769	1018.0
1770	772.0
1771	952.0
1772	972.0
1773	1062.0
1774	1096.0
1775	994.0
1776	840.0
1777	1004.0
1778	1068.0
1779	1016.0
1780	1042.0
1781	808.0
1782	790.0
1783	668.0
1784	1208.0
1785	770.0
1786	1090.0
1787	1086.0
1788	986.0
1789	896.0
1790	1000.0
1791	1088.0
1792	948.0
1793	926.0
1794	1024.0
1795	1000.0
1796	1088.0
1797	978.0
1798	938.0
1799	930.0
1800	1028.0
1801	1004.0
1802	1060.0
1803	1004.0
1804	820.0
1805	1028.0
1806	1036.0
1807	1120.0
1808	1048.0
1809	1052.0
1810	1096.0
1811	906.0
1812	924.0
1813	1120.0
1814	1076.0
1815	916.0
1816	1092.0
1817	956.0
1818	1030.0
1819	954.0
1820	876.0
1821	1120.0
1822	1108.0
1823	1100.0
1824	928.0
1825	1088.0
1826	1212.0
1827	1100.0
1828	1108.0
1829	920.0
1830	1068.0
1831	846.0
1832	1032.0
1833	870.0
1834	1084.0
1835	828.0
1836	940.0
1837	880.0
1838	1276.0
1839	1116.0
1840	940.0
1841	1076.0
1842	916.0
1843	962.0
1844	1232.0
1845	1078.0
1846	994.0
1847	828.0
1848	1120.0
1849	940.0
1850	976.0
1851	984.0
1852	796.0
1853	1028.0
1854	1026.0
1855	1120.0
1856	1096.0
1857	1104.0
1858	732.0
1859	868.0
1860	984.0
1861	972.0
1862	1062.0
1863	1164.0
1864	900.0
1865	1016.0
1866	948.0
1867	1060.0
1868	1112.0
1869	1010.0
1870	920.0
1871	822.0
1872	954.0
1873	984.0
1874	1064.0
1875	1080.0
1876	1012.0
1877	836.0
1878	916.0
1879	892.0
1880	846.0
1881	984.0
1882	1092.0
1883	952.0
1884	780.0
1885	912.0
1886	972.0
1887	1124.0
1888	1100.0
1889	1020.0
1890	956.0
1891	920.0
1892	1056.0
1893	1206.0
1894	916.0
1895	1132.0
1896	1128.0
1897	932.0
1898	982.0
1899	1018.0
1900	1190.0
1901	896.0
1902	1112.0
1903	1276.0
1904	984.0
1905	1112.0
1906	908.0
1907	1116.0
1908	888.0
1909	1034.0
1910	1052.0
1911	1154.0
1912	1164.0
1913	1188.0
1914	1148.0
1915	1228.0
1916	984.0
1917	944.0
1918	956.0
1919	1014.0
1920	1168.0
1921	1040.0
1922	1124.0
1923	1080.0
1924	1028.0
1925	1140.0
1926	1228.0
1927	934.0
1928	1062.0
1929	1156.0
1930	1072.0
1931	1136.0
1932	1064.0
1933	1024.0
1934	1072.0
1935	1012.0
1936	986.0
1937	1068.0
1938	1288.0
1939	900.0
1940	912.0
1941	980.0
1942	986.0
1943	1176.0
1944	906.0
1945	1116.0
1946	1264.0
1947	1056.0
1948	1092.0
1949	852.0
1950	1204.0
1951	1046.0
1952	920.0
1953	1130.0
1954	1176.0
1955	852.0
1956	1038.0
1957	882.0
1958	788.0
1959	1100.0
1960	1276.0
1961	970.0
1962	1324.0
1963	1034.0
1964	1164.0
1965	1248.0
1966	1052.0
1967	1298.0
1968	1128.0
1969	1216.0
1970	1256.0
1971	986.0
1972	980.0
1973	1060.0
1974	1024.0
1975	1102.0
1976	1112.0
1977	1244.0
1978	1188.0
1979	1192.0
1980	1248.0
1981	1216.0
1982	1032.0
1983	1172.0
1984	1066.0
1985	968.0
1986	1292.0
1987	1024.0
1988	1202.0
1989	1156.0
1990	1112.0
1991	1024.0
1992	1108.0
1993	920.0
1994	1052.0
1995	1076.0
1996	1378.0
1997	1208.0
1998	1036.0
1999	1292.0
2000	1132.0
2001	1078.0
2002	1178.0
2003	1208.0
2004	1044.0
2005	1236.0
2006	1116.0
2007	1044.0
2008	1120.0
2009	1232.0
2010	1392.0
2011	1164.0
2012	1168.0
2013	1232.0
2014	1154.0
2015	1080.0
2016	1204.0
2017	916.0
2018	1284.0
2019	1140.0
2020	956.0
2021	1120.0
2022	1216.0
2023	1076.0
2024	1232.0
2025	1040.0
2026	1200.0
2027	1504.0
2028	1108.0
2029	1204.0
2030	1244.0
2031	1312.0
2032	1312.0
2033	980.0
2034	1138.0
2035	1132.0
2036	1252.0
2037	1100.0
2038	1356.0
2039	1158.0
2040	1178.0
2041	1104.0
2042	1200.0
2043	1168.0
2044	1208.0
2045	1204.0
2046	1186.0
2047	1112.0
2048	1264.0
2049	968.0
2050	1262.0
2051	1172.0
2052	1256.0
2053	1308.0
2054	1228.0
2055	1194.0
2056	1076.0
2057	938.0
2058	1384.0
2059	1116.0
2060	1096.0
2061	1406.0
2062	1224.0
2063	1196.0
2064	1124.0
2065	1144.0
2066	1024.0
2067	1040.0
2068	1152.0
2069	1224.0
2070	1328.0
2071	1260.0
2072	1360.0
2073	1078.0
2074	1152.0
2075	1152.0
2076	1132.0
2077	1044.0
2078	948.0
2079	1300.0
2080	1052.0
2081	980.0
2082	1208.0
2083	1120.0
2084	1054.0
2085	1078.0
2086	1236.0
2087	1164.0
2088	1222.0
2089	1144.0
2090	1064.0
2091	1006.0
2092	1188.0
2093	1208.0
2094	1336.0
2095	1104.0
2096	1300.0
2097	1284.0
2098	1264.0
2099	1184.0
2100	1100.0
2101	1020.0
2102	1018.0
2103	1146.0
2104	1408.0
2105	1208.0
2106	1292.0
2107	980.0
2108	1056.0
2109	1252.0
2110	1284.0
2111	1024.0
2112	1284.0
2113	1316.0
2114	1380.0
2115	1320.0
2116	1216.0
2117	1084.0
2118	1254.0
2119	1288.0
2120	1228.0
2121	1144.0
2122	1084.0
2123	1106.0
2124	1012.0
2125	1116.0
2126	1180.0
2127	1196.0
2128	1228.0
2129	1132.0
2130	1048.0
2131	1300.0
2132	936.0
2133	1248.0
2134	1140.0
2135	1124.0
2136	1224.0
2137	1224.0
2138	1280.0
2139	1184.0
2140	1096.0
2141	1088.0
2142	1100.0
2143	1306.0
2144	1356.0
2145	1276.0
2146	1388.0
2147	1064.0
2148	980.0
2149	1032.0
2150	1300.0
2151	1336.0
2152	1080.0
2153	1272.0
2154	1288.0
2155	1164.0
2156	1200.0
2157	1212.0
2158	956.0
2159	1016.0
2160	1064.0
2161	1040.0
2162	1196.0
2163	1212.0
2164	1024.0
2165	1032.0
2166	1092.0
2167	1282.0
2168	1048.0
2169	1236.0
2170	1140.0
2171	1080.0
2172	1152.0
2173	1120.0
2174	1408.0
2175	1140.0
2176	1412.0
2177	1146.0
2178	1176.0
2179	1032.0
2180	1196.0
2181	1376.0
2182	1294.0
2183	1092.0
2184	1274.0
2185	1084.0
2186	1448.0
2187	1280.0
2188	1344.0
2189	1220.0
2190	1348.0
2191	1372.0
2192	1132.0
2193	1218.0
2194	1192.0
2195	1428.0
2196	1204.0
2197	1212.0
2198	1186.0
2199	1334.0
2200	1428.0
2201	1148.0
2202	1232.0
2203	1140.0
2204	1150.0
2205	1520.0
2206	1140.0
2207	1424.0
2208	1352.0
2209	1480.0
2210	1214.0
2211	1178.0
2212	1156.0
2213	1156.0
2214	1236.0
2215	1032.0
2216	1504.0
2217	1252.0
2218	964.0
2219	1330.0
2220	1202.0
2221	1142.0
2222	1244.0
2223	1304.0
2224	1552.0
2225	1156.0
2226	1192.0
2227	1176.0
2228	1146.0
2229	1100.0
2230	1384.0
2231	1192.0
2232	1208.0
2233	1404.0
2234	1564.0
2235	1164.0
2236	1280.0
2237	1252.0
2238	1440.0
2239	1408.0
2240	1252.0
2241	1308.0
2242	1040.0
2243	1148.0
2244	1352.0
2245	1244.0
2246	1288.0
2247	1124.0
2248	1492.0
2249	1206.0
2250	1288.0
2251	1308.0
2252	1148.0
2253	1252.0
2254	1264.0
2255	1364.0
2256	1342.0
2257	1320.0
2258	1160.0
2259	1414.0
2260	1288.0
2261	1280.0
2262	1272.0
2263	1360.0
2264	1288.0
2265	1408.0
2266	1448.0
2267	1268.0
2268	1172.0
2269	1304.0
2270	1176.0
2271	1294.0
2272	1336.0
2273	1512.0
2274	1166.0
2275	1300.0
2276	1336.0
2277	1028.0
2278	1148.0
2279	1326.0
2280	1224.0
2281	1248.0
2282	1612.0
2283	1132.0
2284	1460.0
2285	1296.0
2286	1302.0
2287	1152.0
2288	1072.0
2289	1340.0
2290	1068.0
2291	1424.0
2292	1344.0
2293	1420.0
2294	1240.0
2295	1084.0
2296	1446.0
2297	1372.0
2298	1204.0
2299	1244.0
2300	1300.0
2301	1264.0
2302	1452.0
2303	1228.0
2304	1458.0
2305	1224.0
2306	1216.0
2307	1164.0
2308	1344.0
2309	1176.0
2310	932.0
2311	1128.0
2312	1112.0
2313	1248.0
2314	956.0
2315	1052.0
2316	1072.0
2317	1060.0
2318	872.0
2319	1148.0
2320	1148.0
2321	978.0
2322	1074.0
2323	1100.0
2324	1032.0
2325	1292.0
2326	1156.0
2327	1226.0
2328	1068.0
2329	1162.0
2330	1044.0
2331	1214.0
2332	1288.0
2333	1124.0
2334	1036.0
2335	906.0
2336	1384.0
2337	1066.0
2338	980.0
2339	1048.0
2340	1116.0
2341	904.0
2342	996.0
2343	1356.0
2344	1042.0
2345	956.0
2346	1066.0
2347	1082.0
2348	1200.0
2349	1428.0
2350	1060.0
2351	1058.0
2352	1290.0
2353	1268.0
2354	1136.0
2355	1258.0
2356	1220.0
2357	1428.0
2358	1292.0
2359	1312.0
2360	1192.0
2361	1300.0
2362	1408.0
2363	1272.0
2364	1258.0
2365	1252.0
2366	1092.0
2367	1136.0
2368	1244.0
2369	1202.0
2370	1066.0
2371	1308.0
2372	1240.0
2373	1194.0
2374	1340.0
2375	1532.0
2376	1344.0
2377	1278.0
2378	1286.0
2379	1236.0
2380	1196.0
2381	1148.0
2382	1210.0
2383	1342.0
2384	1160.0
2385	1154.0
2386	1292.0
2387	1300.0
2388	1508.0
2389	1500.0
2390	1224.0
2391	1238.0
2392	1268.0
2393	1264.0
2394	1230.0
2395	1224.0
2396	1152.0
2397	1432.0
2398	1078.0
2399	1128.0
2400	1408.0
2401	1256.0
2402	1236.0
2403	1334.0
2404	1190.0
2405	1260.0
2406	1464.0
2407	1336.0
2408	1322.0
2409	1372.0
2410	1236.0
2411	1300.0
2412	1356.0
2413	1392.0
2414	1284.0
2415	1120.0
2416	1328.0
2417	1328.0
2418	1308.0
2419	1304.0
2420	1176.0
2421	1412.0
2422	1264.0
2423	1288.0
2424	1456.0
2425	1384.0
2426	1392.0
2427	1284.0
2428	1228.0
2429	1332.0
2430	1456.0
2431	1304.0
2432	1192.0
2433	1436.0
2434	1260.0
2435	1388.0
2436	1368.0
2437	1244.0
2438	1188.0
2439	1410.0
2440	1280.0
2441	1428.0
2442	1344.0
2443	1552.0
2444	1166.0
2445	1388.0
2446	1280.0
2447	1452.0
2448	1288.0
2449	1484.0
2450	1336.0
2451	1480.0
2452	1512.0
2453	1214.0
2454	1264.0
2455	1252.0
2456	1100.0
2457	1368.0
2458	1288.0
2459	1516.0
2460	1164.0
2461	1490.0
2462	1240.0
2463	1328.0
2464	1340.0
2465	1264.0
2466	1156.0
2467	1472.0
2468	1152.0
2469	1344.0
2470	1344.0
2471	1788.0
2472	1240.0
2473	1228.0
2474	1244.0
2475	1368.0
2476	1128.0
2477	1348.0
2478	1286.0
2479	1268.0
2480	1228.0
2481	1344.0
2482	1246.0
2483	1224.0
2484	1268.0
2485	1452.0
2486	1392.0
2487	1316.0
2488	1296.0
2489	1142.0
2490	1364.0
2491	1368.0
2492	1452.0
2493	1376.0
2494	1472.0
2495	1324.0
2496	1112.0
2497	1588.0
2498	1024.0
2499	1022.0
2500	948.0
2501	1052.0
2502	980.0
2503	1132.0
2504	1072.0
2505	1116.0
2506	1352.0
2507	1256.0
2508	1136.0
2509	1232.0
2510	1456.0
2511	1120.0
2512	1428.0
2513	1352.0
2514	1404.0
2515	1344.0
2516	1512.0
2517	1220.0
2518	1540.0
2519	1288.0
2520	1564.0
2521	1292.0
2522	1316.0
2523	1412.0
2524	1288.0
2525	1280.0
2526	1364.0
2527	1356.0
2528	1240.0
2529	1134.0
2530	1392.0
2531	1524.0
2532	1104.0
2533	1308.0
2534	1396.0
2535	1370.0
2536	1236.0
2537	1352.0
2538	1276.0
2539	1336.0
2540	1468.0
2541	1168.0
2542	1336.0
2543	1372.0
2544	1508.0
2545	1310.0
2546	1488.0
2547	1456.0
2548	1422.0
2549	1442.0
2550	1190.0
2551	1404.0
2552	1504.0
2553	1236.0
2554	1328.0
2555	1064.0
2556	1256.0
2557	1306.0
2558	1368.0
2559	1224.0
2560	874.0
2561	904.0
2562	930.0
2563	1100.0
2564	1136.0
2565	1034.0
2566	1380.0
2567	1152.0
2568	1232.0
2569	1060.0
2570	1252.0
2571	1440.0
2572	1280.0
2573	1072.0
2574	1342.0
2575	1384.0
2576	1380.0
2577	1092.0
2578	1480.0
2579	1304.0
2580	1364.0
2581	1088.0
2582	1304.0
2583	1192.0
2584	1204.0
2585	1164.0
2586	1140.0
2587	1220.0
2588	1146.0
2589	1472.0
2590	1340.0
2591	1472.0
2592	1188.0
2593	1132.0
2594	1092.0
2595	1492.0
2596	1292.0
2597	1408.0
2598	1224.0
2599	1220.0
2600	1368.0
2601	1216.0
2602	1224.0
2603	1280.0
2604	1200.0
2605	1260.0
2606	1080.0
2607	1148.0
2608	1360.0
2609	1132.0
2610	1034.0
2611	1476.0
2612	1172.0
2613	1090.0
2614	1076.0
2615	1112.0
2616	1100.0
2617	1300.0
2618	1160.0
2619	1234.0
2620	1176.0
2621	1308.0
2622	1368.0
2623	1292.0
2624	1408.0
2625	1230.0
2626	1522.0
2627	1328.0
2628	1484.0
2629	1262.0
2630	1448.0
2631	1132.0
2632	1372.0
2633	1548.0
2634	1512.0
2635	1314.0
2636	1160.0
2637	1236.0
2638	1272.0
2639	1188.0
2640	972.0
2641	1256.0
2642	1304.0
2643	1380.0
2644	1234.0
2645	1408.0
2646	1284.0
2647	1192.0
2648	1204.0
2649	1244.0
2650	1346.0
2651	1344.0
2652	1168.0
2653	1392.0
2654	1180.0
2655	1336.0
2656	1200.0
2657	1262.0
2658	1272.0
2659	1480.0
2660	1276.0
2661	1000.0
2662	1496.0
2663	1100.0
2664	1188.0
2665	1398.0
2666	1012.0
2667	1064.0
2668	1064.0
2669	916.0
2670	1244.0
2671	1154.0
2672	860.0
2673	1144.0
2674	1104.0
2675	1048.0
2676	960.0
2677	1088.0
2678	1164.0
2679	1300.0
2680	1404.0
2681	1264.0
2682	1348.0
2683	1102.0
2684	1146.0
2685	1228.0
2686	1204.0
2687	1042.0
2688	1468.0
2689	1360.0
2690	1248.0
2691	1254.0
2692	1280.0
2693	1156.0
2694	1256.0
2695	1236.0
2696	1040.0
2697	1372.0
2698	1228.0
2699	1200.0
2700	1356.0
2701	1298.0
2702	1172.0
2703	1144.0
2704	1058.0
2705	1200.0
2706	1156.0
2707	1154.0
2708	1214.0
2709	1176.0
2710	904.0
2711	1112.0
2712	1444.0
2713	1076.0
2714	1096.0
2715	1112.0
2716	1264.0
2717	1016.0
2718	1040.0
2719	952.0
2720	1184.0
2721	1188.0
2722	1224.0
2723	1104.0
2724	1020.0
2725	1006.0
2726	952.0
2727	1002.0
2728	756.0
2729	996.0
2730	964.0
2731	1006.0
2732	986.0
2733	1100.0
2734	1330.0
2735	1160.0
2736	1316.0
2737	1252.0
2738	1040.0
2739	1140.0
2740	1256.0
2741	1064.0
2742	1148.0
2743	1236.0
2744	1244.0
2745	1024.0
2746	1080.0
