0	2816.0
1	2692.0
2	2792.0
3	3060.0
4	2728.0
5	2908.0
6	2756.0
7	2832.0
8	2764.0
9	2804.0
10	2808.0
11	2900.0
12	2848.0
13	3034.0
14	2652.0
15	2692.0
16	2900.0
17	2748.0
18	3068.0
19	2956.0
20	2640.0
21	2928.0
22	2896.0
23	2772.0
24	2748.0
25	2788.0
26	2984.0
27	3084.0
28	2820.0
29	2536.0
30	3072.0
31	2664.0
32	2752.0
33	2660.0
34	2652.0
35	2732.0
36	2840.0
37	2852.0
38	3100.0
39	2588.0
40	2956.0
41	2960.0
42	2788.0
43	2816.0
44	2844.0
45	2752.0
46	2892.0
47	2956.0
48	2788.0
49	2668.0
50	2532.0
51	2640.0
52	2784.0
53	2616.0
54	2520.0
55	2740.0
56	2648.0
57	2408.0
58	2500.0
59	2248.0
60	2496.0
61	2336.0
62	2092.0
63	2312.0
64	2192.0
65	2656.0
66	1988.0
67	2436.0
68	2408.0
69	2992.0
70	2668.0
71	2596.0
72	2772.0
73	3008.0
74	2800.0
75	2808.0
76	2876.0
77	2708.0
78	2776.0
79	2712.0
80	2812.0
81	2832.0
82	2816.0
83	2872.0
84	2868.0
85	2892.0
86	2340.0
87	2812.0
88	2844.0
89	2732.0
90	2788.0
91	2888.0
92	3008.0
93	2760.0
94	2840.0
95	2888.0
96	2936.0
97	3040.0
98	2528.0
99	2816.0
100	2740.0
101	2712.0
102	2692.0
103	2780.0
104	2832.0
105	2704.0
106	2956.0
107	2772.0
108	2476.0
109	2612.0
110	2680.0
111	2728.0
112	2584.0
113	2584.0
114	2688.0
115	2456.0
116	2612.0
117	2624.0
118	2812.0
119	3020.0
120	2876.0
121	2928.0
122	2624.0
123	2696.0
124	2718.0
125	2840.0
126	2908.0
127	2616.0
128	2708.0
129	2690.0
130	2872.0
131	2816.0
132	2500.0
133	2712.0
134	2624.0
135	2740.0
136	2876.0
137	2852.0
138	2704.0
139	2696.0
140	2364.0
141	2492.0
142	2756.0
143	2396.0
144	2916.0
145	2600.0
146	2420.0
147	3076.0
148	2608.0
149	2336.0
150	2672.0
151	2488.0
152	2856.0
153	2744.0
154	2864.0
155	2660.0
156	2536.0
157	2676.0
158	2868.0
159	2452.0
160	2984.0
161	2800.0
162	2700.0
163	2988.0
164	2564.0
165	2596.0
166	2660.0
167	2504.0
168	2960.0
169	2664.0
170	2604.0
171	2720.0
172	2976.0
173	2416.0
174	2912.0
175	2376.0
176	2620.0
177	2544.0
178	2704.0
179	2644.0
180	2912.0
181	2480.0
182	2680.0
183	2392.0
184	2764.0
185	2776.0
186	2340.0
187	2612.0
188	2120.0
189	1916.0
190	1812.0
191	1712.0
192	1676.0
193	1720.0
194	1868.0
195	2012.0
196	2208.0
197	2224.0
198	2236.0
199	2416.0
200	2442.0
201	2512.0
202	2240.0
203	2356.0
204	2272.0
205	2540.0
206	2272.0
207	2344.0
208	2440.0
209	2416.0
210	2076.0
211	1992.0
212	2180.0
213	2280.0
214	2152.0
215	2110.0
216	2284.0
217	2304.0
218	2510.0
219	2480.0
220	2468.0
221	2172.0
222	2656.0
223	2280.0
224	2656.0
225	2568.0
226	2524.0
227	2620.0
228	2212.0
229	2448.0
230	2644.0
231	2472.0
232	2504.0
233	2428.0
234	2328.0
235	2284.0
236	2344.0
237	2224.0
238	1960.0
239	2100.0
240	1776.0
241	2180.0
242	2388.0
243	2408.0
244	2400.0
245	2400.0
246	2576.0
247	2592.0
248	2820.0
249	2432.0
250	2704.0
251	2504.0
252	2520.0
253	2424.0
254	2616.0
255	2368.0
256	2556.0
257	2268.0
258	2312.0
259	2232.0
260	2252.0
261	2496.0
262	2584.0
263	2488.0
264	2584.0
265	2512.0
266	2460.0
267	2392.0
268	2500.0
269	2268.0
270	2448.0
271	2324.0
272	2356.0
273	2228.0
274	2648.0
275	2180.0
276	2260.0
277	2412.0
278	2452.0
279	2316.0
280	2196.0
281	2324.0
282	2252.0
283	2500.0
284	2168.0
285	2424.0
286	2206.0
287	2060.0
288	2140.0
289	1896.0
290	1896.0
291	1802.0
292	2032.0
293	1868.0
294	1912.0
295	2088.0
296	2172.0
297	2140.0
298	2204.0
299	2324.0
300	2088.0
301	2396.0
302	2448.0
303	2548.0
304	2536.0
305	2372.0
306	2372.0
307	2468.0
308	2384.0
309	2216.0
310	2324.0
311	2316.0
312	2708.0
313	2656.0
314	2308.0
315	2104.0
316	2416.0
317	2380.0
318	2460.0
319	2352.0
320	2448.0
321	2328.0
322	2432.0
323	2432.0
324	2436.0
325	2676.0
326	2268.0
327	2144.0
328	2240.0
329	2344.0
330	2548.0
331	2068.0
332	1828.0
333	1864.0
334	1992.0
335	2020.0
336	2160.0
337	2120.0
338	2396.0
339	2620.0
340	2488.0
341	2332.0
342	2436.0
343	2288.0
344	2264.0
345	2136.0
346	2604.0
347	2284.0
348	2472.0
349	2216.0
350	2472.0
351	2192.0
352	2404.0
353	2092.0
354	2360.0
355	2456.0
356	2136.0
357	2308.0
358	2248.0
359	2408.0
360	2656.0
361	2376.0
362	2704.0
363	2672.0
364	2428.0
365	2320.0
366	2276.0
367	2604.0
368	2264.0
369	2072.0
370	1962.0
371	2044.0
372	1880.0
373	1848.0
374	2284.0
375	2236.0
376	2176.0
377	2440.0
378	2228.0
379	2340.0
380	2372.0
381	2496.0
382	2418.0
383	2316.0
384	2328.0
385	2272.0
386	2320.0
387	2312.0
388	2008.0
389	2216.0
390	1988.0
391	1836.0
392	1820.0
393	1772.0
394	1476.0
395	1500.0
396	1324.0
397	1348.0
398	1188.0
399	1276.0
400	1288.0
401	1700.0
402	1812.0
403	2032.0
404	2108.0
405	2212.0
406	2312.0
407	2144.0
408	2128.0
409	2616.0
410	2096.0
411	2036.0
412	2108.0
413	2100.0
414	2100.0
415	2016.0
416	2100.0
417	2180.0
418	2208.0
419	2188.0
420	2116.0
421	2000.0
422	2076.0
423	2312.0
424	1832.0
425	2192.0
426	2356.0
427	2048.0
428	2060.0
429	2244.0
430	2184.0
431	2092.0
432	2272.0
433	2120.0
434	2372.0
435	2128.0
436	2376.0
437	2152.0
438	2336.0
439	2612.0
440	2132.0
441	2382.0
442	2384.0
443	2512.0
444	2264.0
445	2344.0
446	2504.0
447	2224.0
448	2172.0
449	2508.0
450	2232.0
451	2068.0
452	2128.0
453	2116.0
454	1998.0
455	2032.0
456	2068.0
457	2264.0
458	2240.0
459	2252.0
460	2324.0
461	2032.0
462	2116.0
463	2184.0
464	2368.0
465	2256.0
466	2528.0
467	2296.0
468	2464.0
469	2604.0
470	2312.0
471	2380.0
472	2456.0
473	2384.0
474	2408.0
475	2492.0
476	2380.0
477	2704.0
478	2488.0
479	2112.0
480	2340.0
481	2352.0
482	2684.0
483	2432.0
484	2532.0
485	2328.0
486	2288.0
487	2392.0
488	2488.0
489	2476.0
490	2396.0
491	2516.0
492	2448.0
493	2500.0
494	2368.0
495	2540.0
496	2536.0
497	2268.0
498	2536.0
499	2444.0
500	2216.0
501	2512.0
502	2264.0
503	2548.0
504	2372.0
505	2344.0
506	2216.0
507	2492.0
508	2384.0
509	2420.0
510	2348.0
511	2520.0
512	2588.0
513	2196.0
514	2344.0
515	2224.0
516	2268.0
517	2252.0
518	2190.0
519	2288.0
520	2020.0
521	2036.0
522	2008.0
523	1788.0
524	1508.0
525	1484.0
526	1284.0
527	1132.0
528	1376.0
529	1172.0
530	1600.0
531	1528.0
532	1612.0
533	1738.0
534	2108.0
535	2068.0
536	2116.0
537	1964.0
538	1868.0
539	2172.0
540	2316.0
541	2252.0
542	2176.0
543	2188.0
544	2256.0
545	2492.0
546	2468.0
547	2448.0
548	2464.0
549	2296.0
550	2228.0
551	2376.0
552	2220.0
553	2272.0
554	2244.0
555	2252.0
556	2108.0
557	2236.0
558	2588.0
559	2456.0
560	2484.0
561	2384.0
562	2328.0
563	2384.0
564	2208.0
565	2332.0
566	2504.0
567	2684.0
568	2416.0
569	2444.0
570	2432.0
571	2360.0
572	2368.0
573	2368.0
574	2232.0
575	2152.0
576	2124.0
577	2472.0
578	2444.0
579	2236.0
580	2208.0
581	2184.0
582	2292.0
583	1972.0
584	1968.0
585	2084.0
586	2048.0
587	2316.0
588	2520.0
589	2184.0
590	2260.0
591	1972.0
592	2320.0
593	2156.0
594	2300.0
595	2396.0
596	2344.0
597	2192.0
598	2240.0
599	2052.0
600	1724.0
601	1732.0
602	1628.0
603	1624.0
604	1724.0
605	1524.0
606	1588.0
607	1820.0
608	2040.0
609	2100.0
610	2356.0
611	2400.0
612	2100.0
613	2312.0
614	2332.0
615	2624.0
616	2360.0
617	2408.0
618	2460.0
619	2316.0
620	2312.0
621	2396.0
622	2556.0
623	2468.0
624	2484.0
625	2496.0
626	2448.0
627	2656.0
628	2316.0
629	2388.0
630	2388.0
631	2212.0
632	2456.0
633	2268.0
634	2416.0
635	2640.0
636	2368.0
637	2488.0
638	2412.0
639	2396.0
640	2492.0
641	2608.0
642	2596.0
643	2564.0
644	2296.0
645	2440.0
646	2520.0
647	2356.0
648	2436.0
649	2576.0
650	2504.0
651	2360.0
652	2452.0
653	2596.0
654	2512.0
655	2548.0
656	2428.0
657	2496.0
658	2308.0
659	2312.0
660	2244.0
661	2212.0
662	2276.0
663	2304.0
664	2440.0
665	2484.0
666	2472.0
667	2312.0
668	2320.0
669	2480.0
670	2180.0
671	2396.0
672	2652.0
673	2552.0
674	2368.0
675	2060.0
676	2308.0
677	2692.0
678	2276.0
679	2244.0
680	2308.0
681	2396.0
682	2200.0
683	2240.0
684	2420.0
685	1960.0
686	1900.0
687	1904.0
688	1852.0
689	1600.0
690	1548.0
691	1572.0
692	1140.0
693	1064.0
694	1068.0
695	1420.0
696	1052.0
697	968.0
698	988.0
699	1272.0
700	1072.0
701	1448.0
702	1616.0
703	1764.0
704	1576.0
705	2092.0
706	1876.0
707	1912.0
708	1942.0
709	1692.0
710	1840.0
711	1740.0
712	1588.0
713	1576.0
714	1462.0
715	1420.0
716	1504.0
717	1226.0
718	1112.0
719	828.0
720	752.0
721	884.0
722	1000.0
723	1164.0
724	1148.0
725	1384.0
726	1456.0
727	1588.0
728	1796.0
729	2112.0
730	1872.0
731	2232.0
732	2064.0
733	2060.0
734	2116.0
735	2248.0
736	2140.0
737	2180.0
738	2268.0
739	2168.0
740	2140.0
741	2332.0
742	2316.0
743	2016.0
744	1940.0
745	2108.0
746	2216.0
747	2064.0
748	2336.0
749	2078.0
750	2264.0
751	2088.0
752	2252.0
753	2094.0
754	2164.0
755	2124.0
756	2332.0
757	1888.0
758	2112.0
759	1808.0
760	1584.0
761	1440.0
762	1560.0
763	1148.0
764	1072.0
765	1328.0
766	1492.0
767	1688.0
768	1652.0
769	1804.0
770	1968.0
771	2172.0
772	2096.0
773	2324.0
774	1876.0
775	2336.0
776	2370.0
777	2380.0
778	2148.0
779	2160.0
780	2192.0
781	2108.0
782	2056.0
783	2116.0
784	2368.0
785	2224.0
786	2360.0
787	2340.0
788	2380.0
789	2476.0
790	2440.0
791	2032.0
792	2396.0
793	2352.0
794	2384.0
795	2632.0
796	2376.0
797	2388.0
798	2476.0
799	2200.0
800	2552.0
801	2516.0
802	2600.0
803	2236.0
804	2260.0
805	2200.0
806	2468.0
807	2368.0
808	2140.0
809	2572.0
810	2406.0
811	2564.0
812	2236.0
813	2272.0
814	2516.0
815	2388.0
816	2396.0
817	2484.0
818	2532.0
819	2576.0
820	2320.0
821	2024.0
822	2380.0
823	2180.0
824	2452.0
825	2456.0
826	2184.0
827	2448.0
828	2420.0
829	2224.0
830	2428.0
831	2340.0
832	2204.0
833	2560.0
834	2728.0
835	2544.0
836	2408.0
837	2476.0
838	2340.0
839	2672.0
840	2552.0
841	2564.0
842	2460.0
843	2512.0
844	2440.0
845	2480.0
846	2404.0
847	2544.0
848	2488.0
849	2504.0
850	2580.0
851	2444.0
852	2560.0
853	2520.0
854	2472.0
855	2652.0
856	2516.0
857	2292.0
858	2444.0
859	2356.0
860	2216.0
861	2316.0
862	2408.0
863	2424.0
864	1964.0
865	2372.0
866	2328.0
867	2576.0
868	2488.0
869	2384.0
870	2460.0
871	2340.0
872	2400.0
873	2352.0
874	2244.0
875	2324.0
876	2076.0
877	2392.0
878	2388.0
879	2252.0
880	2360.0
881	2300.0
882	2300.0
883	2532.0
884	2240.0
885	2368.0
886	2216.0
887	2260.0
888	1964.0
889	2060.0
890	1772.0
891	1658.0
892	1332.0
893	1500.0
894	1144.0
895	972.0
896	1228.0
897	1252.0
898	1196.0
899	1246.0
900	1096.0
901	1552.0
902	1464.0
903	1504.0
904	1648.0
905	1964.0
906	2008.0
907	2148.0
908	2192.0
909	2392.0
910	2116.0
911	2464.0
912	2280.0
913	2064.0
914	2340.0
915	2236.0
916	2220.0
917	2228.0
918	2396.0
919	2328.0
920	2124.0
921	2348.0
922	2420.0
923	2260.0
924	2296.0
925	2504.0
926	2372.0
927	2476.0
928	2556.0
929	2364.0
930	2368.0
931	2604.0
932	2180.0
933	2312.0
934	2444.0
935	2156.0
936	2196.0
937	2408.0
938	2200.0
939	2108.0
940	1764.0
941	2092.0
942	2096.0
943	1692.0
944	1130.0
945	1520.0
946	1432.0
947	1128.0
948	850.0
949	1076.0
950	1040.0
951	870.0
952	936.0
953	888.0
954	848.0
955	906.0
956	944.0
957	946.0
958	982.0
959	1088.0
960	1236.0
961	1084.0
962	1592.0
963	1384.0
964	1760.0
965	1756.0
966	1984.0
967	1848.0
968	2056.0
969	1956.0
970	2224.0
971	2204.0
972	2192.0
973	2044.0
974	2024.0
975	1848.0
976	2292.0
977	2064.0
978	1940.0
979	1996.0
980	1972.0
981	1872.0
982	1648.0
983	1884.0
984	2044.0
985	1800.0
986	2272.0
987	2040.0
988	2264.0
989	2524.0
990	1984.0
991	2244.0
992	2240.0
993	1672.0
994	1956.0
995	1744.0
996	1336.0
997	1716.0
998	1392.0
999	1408.0
1000	1440.0
1001	1460.0
1002	1620.0
1003	2108.0
1004	2020.0
1005	2072.0
1006	2244.0
1007	2124.0
1008	2424.0
1009	2108.0
1010	2348.0
1011	2388.0
1012	2444.0
1013	2080.0
1014	2108.0
1015	2016.0
1016	2016.0
1017	2044.0
1018	1964.0
1019	1992.0
1020	2016.0
1021	2112.0
1022	2192.0
1023	2320.0
1024	2344.0
1025	2188.0
1026	2152.0
1027	2548.0
1028	2328.0
1029	2312.0
1030	2490.0
1031	2564.0
1032	2400.0
1033	2316.0
1034	2732.0
1035	2568.0
1036	2644.0
1037	2332.0
1038	2744.0
1039	2764.0
1040	2640.0
1041	2136.0
1042	2392.0
1043	2264.0
1044	2088.0
1045	1880.0
1046	1832.0
1047	1796.0
1048	1832.0
1049	1708.0
1050	1948.0
1051	2028.0
1052	1972.0
1053	2180.0
1054	2488.0
1055	2228.0
1056	2236.0
1057	2348.0
1058	2500.0
1059	2252.0
1060	2484.0
1061	2568.0
1062	2592.0
1063	2672.0
1064	2480.0
1065	2392.0
1066	2524.0
1067	2740.0
1068	2376.0
1069	2852.0
1070	2648.0
1071	2804.0
1072	2572.0
1073	2708.0
1074	2616.0
1075	2536.0
1076	2412.0
1077	2664.0
1078	2636.0
1079	2460.0
1080	2624.0
1081	2428.0
1082	2764.0
1083	2524.0
1084	2728.0
1085	2656.0
1086	2560.0
1087	2616.0
1088	3028.0
1089	2716.0
1090	2516.0
1091	2768.0
1092	2552.0
1093	2824.0
1094	2640.0
1095	2656.0
1096	2560.0
1097	2752.0
1098	2384.0
1099	2776.0
1100	2468.0
1101	2688.0
1102	2416.0
1103	2384.0
1104	2560.0
1105	2376.0
1106	2264.0
1107	2204.0
1108	1944.0
1109	2168.0
1110	2400.0
1111	2492.0
1112	2476.0
1113	2700.0
1114	2528.0
1115	2728.0
1116	2716.0
1117	2588.0
1118	2400.0
1119	2560.0
1120	2660.0
1121	2400.0
1122	2704.0
1123	2600.0
1124	1996.0
1125	2212.0
1126	2116.0
1127	2204.0
1128	1744.0
1129	2044.0
1130	2316.0
1131	2156.0
1132	2300.0
1133	2460.0
1134	2270.0
1135	2392.0
1136	2668.0
1137	2620.0
1138	2716.0
1139	2476.0
1140	2396.0
1141	2516.0
1142	2592.0
1143	2628.0
1144	2540.0
1145	2512.0
1146	2780.0
1147	2792.0
1148	2560.0
1149	2284.0
1150	2664.0
1151	2700.0
1152	2580.0
1153	2404.0
1154	3268.0
1155	2544.0
1156	2788.0
1157	2680.0
1158	2564.0
1159	2592.0
1160	2820.0
1161	2768.0
1162	2732.0
1163	2692.0
1164	2596.0
1165	2444.0
1166	2536.0
1167	2680.0
1168	2696.0
1169	2600.0
1170	2616.0
1171	2552.0
1172	2772.0
1173	2660.0
1174	2564.0
1175	2880.0
1176	2656.0
1177	2968.0
1178	2596.0
1179	2792.0
1180	2740.0
1181	2644.0
1182	2696.0
1183	2380.0
1184	2900.0
1185	2852.0
1186	2540.0
1187	2488.0
1188	2548.0
1189	2424.0
1190	2528.0
1191	2636.0
1192	2416.0
1193	2464.0
1194	2324.0
1195	2228.0
1196	1908.0
1197	1924.0
1198	2004.0
1199	1620.0
1200	1752.0
1201	1964.0
1202	2104.0
1203	1940.0
1204	2268.0
1205	2056.0
1206	2056.0
1207	1736.0
1208	1532.0
1209	1680.0
1210	1748.0
1211	1672.0
1212	1824.0
1213	1868.0
1214	2004.0
1215	1968.0
1216	2148.0
1217	2296.0
1218	2444.0
1219	2224.0
1220	2868.0
1221	2588.0
1222	2876.0
1223	2392.0
1224	2552.0
1225	2652.0
1226	2512.0
1227	2408.0
1228	2324.0
1229	2436.0
1230	2336.0
1231	2236.0
1232	2160.0
1233	2100.0
1234	1948.0
1235	1816.0
1236	1632.0
1237	1360.0
1238	1204.0
1239	1296.0
1240	1260.0
1241	1576.0
1242	1676.0
1243	2128.0
1244	2124.0
1245	2204.0
1246	2440.0
1247	2172.0
1248	2552.0
1249	2656.0
1250	2320.0
1251	2392.0
1252	2500.0
1253	2368.0
1254	2284.0
1255	2512.0
1256	2512.0
1257	2052.0
1258	2360.0
1259	2464.0
1260	2420.0
1261	2516.0
1262	2464.0
1263	2512.0
1264	2548.0
1265	2256.0
1266	2444.0
1267	2512.0
1268	2492.0
1269	2588.0
1270	2584.0
1271	2552.0
1272	2880.0
1273	2552.0
1274	2700.0
1275	2516.0
1276	2660.0
1277	2664.0
1278	2656.0
1279	2732.0
1280	2652.0
1281	2568.0
1282	2704.0
1283	2780.0
1284	2784.0
1285	2808.0
1286	2540.0
1287	2628.0
1288	2676.0
1289	2800.0
1290	2808.0
1291	2648.0
1292	2620.0
1293	2536.0
1294	2460.0
1295	2380.0
1296	2332.0
1297	2512.0
1298	2380.0
1299	2372.0
1300	2368.0
1301	2536.0
1302	2192.0
1303	2376.0
1304	2212.0
1305	1912.0
1306	1528.0
1307	1312.0
1308	1234.0
1309	1392.0
1310	1116.0
1311	1212.0
1312	1284.0
1313	1176.0
1314	1534.0
1315	1668.0
1316	1900.0
1317	2036.0
1318	2232.0
1319	2168.0
1320	2108.0
1321	2224.0
1322	2056.0
1323	1932.0
1324	1896.0
1325	1920.0
1326	1960.0
1327	1728.0
1328	2028.0
1329	1712.0
1330	1624.0
1331	1336.0
1332	1216.0
1333	1124.0
1334	1124.0
1335	908.0
1336	988.0
1337	1260.0
1338	1230.0
1339	1656.0
1340	1700.0
1341	1856.0
1342	1952.0
1343	2416.0
1344	2528.0
1345	2352.0
1346	2412.0
1347	2472.0
1348	2600.0
1349	2520.0
1350	2352.0
1351	2380.0
1352	2592.0
1353	2688.0
1354	2332.0
1355	2584.0
1356	2412.0
1357	2344.0
1358	2504.0
1359	2532.0
1360	2272.0
1361	2660.0
1362	2616.0
1363	2340.0
1364	2460.0
1365	2456.0
1366	2440.0
1367	2486.0
1368	2320.0
1369	2308.0
1370	2432.0
1371	2772.0
1372	2556.0
1373	2552.0
1374	2344.0
1375	2448.0
1376	2656.0
1377	2720.0
1378	2544.0
1379	2556.0
1380	2648.0
1381	2652.0
1382	2632.0
1383	2692.0
1384	2820.0
1385	2520.0
1386	2520.0
1387	2488.0
1388	2404.0
1389	2652.0
1390	2628.0
1391	2836.0
1392	2652.0
1393	2794.0
1394	2620.0
1395	2664.0
1396	2572.0
1397	2840.0
1398	2316.0
1399	2496.0
1400	2576.0
1401	2652.0
1402	2556.0
1403	2632.0
1404	2520.0
1405	2656.0
1406	2764.0
1407	2688.0
1408	2588.0
1409	2580.0
1410	2512.0
1411	2388.0
1412	2264.0
1413	2108.0
1414	2108.0
1415	2340.0
1416	2596.0
1417	2500.0
1418	2520.0
1419	2508.0
1420	2760.0
1421	2596.0
1422	2976.0
1423	2744.0
1424	2740.0
1425	2768.0
1426	2652.0
1427	3036.0
1428	2848.0
1429	2864.0
1430	2828.0
1431	2992.0
1432	2660.0
1433	2800.0
1434	2744.0
1435	2744.0
1436	2844.0
1437	2676.0
1438	2912.0
1439	2660.0
1440	2792.0
1441	2520.0
1442	2752.0
1443	2460.0
1444	2924.0
1445	2904.0
1446	2776.0
1447	2612.0
1448	2856.0
1449	2612.0
1450	2692.0
1451	2684.0
1452	2484.0
1453	2676.0
1454	2648.0
1455	2728.0
1456	2564.0
1457	2368.0
1458	2520.0
1459	2412.0
1460	2788.0
1461	2424.0
1462	2680.0
1463	2560.0
1464	2388.0
1465	2724.0
1466	2548.0
1467	2440.0
1468	2732.0
1469	2588.0
1470	2360.0
1471	2408.0
1472	2148.0
1473	1896.0
1474	1892.0
1475	1904.0
1476	2156.0
1477	2384.0
1478	2532.0
1479	2284.0
1480	2564.0
1481	2300.0
1482	2344.0
1483	2232.0
1484	2004.0
1485	1924.0
1486	1868.0
1487	1472.0
1488	1620.0
1489	1776.0
1490	1708.0
1491	1740.0
1492	2104.0
1493	2148.0
1494	2356.0
1495	2512.0
1496	2408.0
1497	2500.0
1498	2408.0
1499	2576.0
1500	2668.0
1501	2548.0
1502	2508.0
1503	2308.0
1504	2572.0
1505	2568.0
1506	2420.0
1507	2256.0
1508	2356.0
1509	2216.0
1510	2536.0
1511	2464.0
1512	2520.0
1513	2692.0
1514	2388.0
1515	2724.0
1516	2388.0
1517	2664.0
1518	2480.0
1519	2708.0
1520	2612.0
1521	2760.0
1522	2864.0
1523	2716.0
1524	2836.0
1525	2644.0
1526	2732.0
1527	2624.0
1528	2992.0
1529	2720.0
1530	2804.0
1531	2876.0
1532	2768.0
1533	2632.0
1534	2796.0
1535	3024.0
1536	2588.0
1537	2504.0
1538	2668.0
1539	2796.0
1540	2732.0
1541	2856.0
1542	2528.0
1543	2828.0
1544	2596.0
1545	2764.0
1546	2720.0
1547	2712.0
1548	2700.0
1549	2440.0
1550	2588.0
1551	2684.0
1552	2716.0
1553	2628.0
1554	2588.0
1555	2672.0
1556	2844.0
1557	2536.0
1558	2368.0
1559	2544.0
1560	2992.0
1561	2856.0
1562	2868.0
1563	2636.0
1564	2708.0
1565	2660.0
1566	2772.0
1567	2648.0
1568	2712.0
1569	2872.0
1570	2680.0
1571	2608.0
1572	2664.0
1573	2812.0
1574	2892.0
1575	2496.0
1576	2648.0
1577	2440.0
1578	2688.0
1579	2544.0
1580	2400.0
1581	2376.0
1582	2060.0
1583	2120.0
1584	2132.0
1585	1844.0
1586	1864.0
1587	1960.0
1588	2424.0
1589	2364.0
1590	2148.0
1591	2276.0
1592	2456.0
1593	2412.0
1594	2624.0
1595	2420.0
1596	2432.0
1597	2348.0
1598	2264.0
1599	2168.0
1600	2128.0
1601	2308.0
1602	2336.0
1603	2364.0
1604	2412.0
1605	2380.0
1606	2316.0
1607	2420.0
1608	2884.0
1609	2504.0
1610	2496.0
1611	2500.0
1612	2432.0
1613	2604.0
1614	2140.0
1615	2212.0
1616	2548.0
1617	2552.0
1618	2588.0
1619	2876.0
1620	2932.0
1621	2828.0
1622	2772.0
1623	2752.0
1624	2680.0
1625	2668.0
1626	2668.0
1627	2644.0
1628	2456.0
1629	2472.0
1630	2712.0
1631	2716.0
1632	2424.0
1633	2968.0
1634	2568.0
1635	2732.0
1636	2676.0
1637	2644.0
1638	2832.0
1639	2924.0
1640	2652.0
1641	2532.0
1642	2820.0
1643	2888.0
1644	2720.0
1645	2808.0
1646	2932.0
1647	2608.0
1648	2644.0
1649	2596.0
1650	2716.0
1651	2960.0
1652	2716.0
1653	2988.0
1654	2724.0
1655	2528.0
1656	2492.0
1657	2664.0
1658	2720.0
1659	2548.0
1660	3028.0
1661	2948.0
1662	2916.0
1663	3032.0
1664	2840.0
1665	2760.0
1666	2744.0
1667	2780.0
1668	2792.0
1669	2608.0
1670	2796.0
1671	2668.0
1672	2476.0
1673	2330.0
1674	2604.0
1675	2564.0
1676	2744.0
1677	2972.0
1678	2880.0
1679	2616.0
1680	2792.0
1681	2580.0
1682	2544.0
1683	3028.0
1684	2660.0
1685	2624.0
1686	2624.0
1687	2580.0
1688	2380.0
1689	2024.0
1690	2208.0
1691	1960.0
1692	1784.0
1693	1636.0
1694	1704.0
1695	1384.0
1696	1500.0
1697	1512.0
1698	1276.0
1699	1608.0
1700	1812.0
1701	2064.0
1702	2388.0
1703	2304.0
1704	2364.0
1705	2276.0
1706	2400.0
1707	2584.0
1708	2292.0
1709	2384.0
1710	2396.0
1711	2472.0
1712	2244.0
1713	2072.0
1714	2040.0
1715	1772.0
1716	1788.0
1717	1772.0
1718	1232.0
1719	1368.0
1720	1272.0
1721	1020.0
1722	830.0
1723	976.0
1724	1044.0
1725	1008.0
1726	1444.0
1727	1480.0
1728	1692.0
1729	1832.0
1730	1976.0
1731	2128.0
1732	1916.0
1733	2060.0
1734	2216.0
1735	1912.0
1736	2064.0
1737	2120.0
1738	1856.0
1739	2060.0
1740	2144.0
1741	2176.0
1742	2252.0
1743	2508.0
1744	2392.0
1745	2320.0
1746	2404.0
1747	2488.0
1748	2216.0
1749	2400.0
1750	2252.0
1751	2464.0
1752	2376.0
1753	2528.0
1754	2448.0
1755	2252.0
1756	2428.0
1757	2400.0
1758	2412.0
1759	2416.0
1760	2448.0
1761	2412.0
1762	2304.0
1763	2536.0
1764	2588.0
1765	2412.0
1766	2908.0
1767	2656.0
1768	2616.0
1769	2576.0
1770	2700.0
1771	2376.0
1772	2496.0
1773	2824.0
1774	2628.0
1775	2836.0
1776	2768.0
1777	2832.0
1778	2548.0
1779	2644.0
1780	2814.0
1781	2544.0
1782	2536.0
1783	2632.0
1784	2704.0
1785	2396.0
1786	2340.0
1787	2660.0
1788	2356.0
1789	2772.0
1790	2536.0
1791	2592.0
1792	2560.0
1793	2394.0
1794	2584.0
1795	2668.0
1796	2568.0
1797	2672.0
1798	2568.0
1799	2684.0
1800	2828.0
1801	2784.0
1802	2516.0
1803	2716.0
1804	2844.0
1805	2692.0
1806	2418.0
1807	2356.0
1808	2784.0
1809	2664.0
1810	2580.0
1811	2640.0
1812	2868.0
1813	2684.0
1814	2720.0
1815	2944.0
1816	2572.0
1817	2732.0
1818	2728.0
1819	2628.0
1820	2544.0
1821	2752.0
1822	2692.0
1823	2648.0
1824	2696.0
1825	2952.0
1826	2696.0
1827	2548.0
1828	2440.0
1829	2652.0
1830	2492.0
1831	2720.0
1832	2412.0
1833	2256.0
1834	2376.0
1835	2452.0
1836	2548.0
1837	2692.0
1838	2640.0
1839	2516.0
1840	2800.0
1841	2468.0
1842	2924.0
1843	2812.0
1844	2764.0
1845	2584.0
1846	2932.0
1847	2688.0
1848	2832.0
1849	2528.0
1850	2764.0
1851	2640.0
1852	2832.0
1853	2572.0
1854	3048.0
1855	2604.0
1856	2672.0
1857	2728.0
1858	2596.0
1859	2772.0
1860	3068.0
1861	2700.0
1862	2736.0
1863	3112.0
1864	2948.0
1865	2500.0
1866	2600.0
1867	2808.0
1868	2704.0
1869	2712.0
1870	2764.0
1871	2828.0
1872	2784.0
1873	2672.0
1874	2648.0
1875	2748.0
1876	2480.0
1877	2716.0
1878	2708.0
1879	2696.0
1880	2480.0
1881	2392.0
1882	2784.0
1883	2664.0
1884	2684.0
1885	2804.0
1886	2900.0
1887	2664.0
1888	3104.0
1889	3156.0
1890	2984.0
1891	2780.0
1892	2764.0
1893	2852.0
1894	2796.0
1895	2576.0
1896	2912.0
1897	2820.0
1898	2764.0
1899	2548.0
1900	2816.0
1901	2768.0
1902	2836.0
1903	2712.0
1904	2888.0
1905	2612.0
1906	2792.0
1907	2416.0
1908	2676.0
1909	2900.0
1910	2692.0
1911	2380.0
1912	2740.0
1913	2568.0
1914	2452.0
1915	2456.0
1916	2692.0
1917	2744.0
1918	2660.0
1919	2600.0
1920	2704.0
1921	2848.0
1922	2792.0
1923	2736.0
1924	2728.0
1925	2752.0
1926	2740.0
1927	2728.0
1928	2512.0
1929	2876.0
1930	3168.0
1931	2568.0
1932	2728.0
1933	2788.0
1934	2832.0
1935	2760.0
1936	2636.0
1937	2676.0
1938	2748.0
1939	2356.0
1940	2616.0
1941	2288.0
1942	2476.0
1943	2520.0
1944	2440.0
1945	2556.0
1946	2152.0
1947	2288.0
1948	2160.0
1949	1828.0
1950	1780.0
1951	1672.0
1952	1664.0
1953	1932.0
1954	2116.0
1955	2148.0
1956	1796.0
1957	2036.0
1958	2176.0
1959	2168.0
1960	1972.0
1961	1964.0
1962	1496.0
1963	1520.0
1964	1556.0
1965	1240.0
1966	1292.0
1967	1084.0
1968	964.0
1969	1216.0
1970	1188.0
1971	1536.0
1972	1396.0
1973	1336.0
1974	1652.0
1975	2036.0
1976	2136.0
1977	2316.0
1978	2168.0
1979	2048.0
1980	2384.0
1981	2256.0
1982	2524.0
1983	2412.0
1984	2444.0
1985	2488.0
1986	2400.0
1987	2396.0
1988	2592.0
1989	2444.0
1990	2408.0
1991	2404.0
1992	2280.0
1993	2288.0
1994	2316.0
1995	2444.0
1996	2492.0
1997	2324.0
1998	2396.0
1999	2324.0
2000	2440.0
2001	2412.0
2002	2856.0
2003	2480.0
2004	2548.0
2005	2348.0
2006	2460.0
2007	2552.0
2008	2468.0
2009	2572.0
2010	2592.0
2011	2428.0
2012	2456.0
2013	2308.0
2014	2492.0
2015	2636.0
2016	2340.0
2017	2760.0
2018	2484.0
2019	2404.0
2020	2536.0
2021	2136.0
2022	2088.0
2023	2068.0
2024	1984.0
2025	1716.0
2026	1716.0
2027	1404.0
2028	1092.0
2029	1620.0
2030	1324.0
2031	1368.0
2032	1544.0
2033	1576.0
2034	1926.0
2035	2132.0
2036	2120.0
2037	2412.0
2038	2224.0
2039	2308.0
2040	2528.0
2041	2464.0
2042	2496.0
2043	2444.0
2044	2684.0
2045	2508.0
2046	2460.0
2047	2892.0
2048	2344.0
2049	2664.0
2050	2368.0
2051	2416.0
2052	2556.0
2053	2032.0
2054	2440.0
2055	2304.0
2056	2248.0
2057	2248.0
2058	2596.0
2059	2508.0
2060	2260.0
2061	2648.0
2062	2052.0
2063	2200.0
2064	2036.0
2065	2452.0
2066	2260.0
2067	2264.0
2068	2532.0
2069	2392.0
2070	2456.0
2071	2268.0
2072	1888.0
2073	2072.0
2074	1972.0
2075	2112.0
2076	2200.0
2077	2064.0
2078	2192.0
2079	2292.0
2080	2540.0
2081	2584.0
2082	2364.0
2083	2168.0
2084	2208.0
2085	2164.0
2086	1828.0
2087	1984.0
2088	1952.0
2089	1888.0
2090	1656.0
2091	1244.0
2092	1304.0
2093	1292.0
2094	1228.0
2095	1076.0
2096	1040.0
2097	1154.0
2098	1184.0
2099	1016.0
2100	1212.0
2101	1440.0
2102	1420.0
2103	1608.0
2104	1664.0
2105	1928.0
2106	1804.0
2107	1792.0
2108	1804.0
2109	1448.0
2110	1548.0
2111	1400.0
2112	1288.0
2113	1104.0
2114	1430.0
2115	1608.0
2116	1544.0
2117	1940.0
2118	2012.0
2119	1760.0
2120	2156.0
2121	2098.0
2122	2248.0
2123	2220.0
2124	2252.0
2125	2388.0
2126	2608.0
2127	2484.0
2128	2308.0
2129	2460.0
2130	2204.0
2131	2408.0
2132	2304.0
2133	2524.0
2134	2156.0
2135	2456.0
2136	2280.0
2137	2352.0
2138	2264.0
2139	2624.0
2140	2132.0
2141	2524.0
2142	2232.0
2143	2216.0
2144	2396.0
2145	2476.0
2146	2416.0
2147	2444.0
2148	2356.0
2149	2372.0
2150	2616.0
2151	2684.0
2152	2716.0
2153	2616.0
2154	2496.0
2155	2532.0
2156	2404.0
2157	2368.0
2158	2540.0
2159	2220.0
2160	2464.0
2161	2360.0
2162	2344.0
2163	2524.0
2164	2092.0
2165	2192.0
2166	2616.0
2167	2424.0
2168	2624.0
2169	2364.0
2170	2312.0
2171	2464.0
2172	2328.0
2173	2616.0
2174	2688.0
2175	2388.0
2176	2392.0
2177	2380.0
2178	2436.0
2179	2708.0
2180	2584.0
2181	2500.0
2182	2340.0
2183	2528.0
2184	2604.0
2185	2768.0
2186	2572.0
2187	2316.0
2188	2368.0
2189	2284.0
2190	2332.0
2191	2312.0
2192	2672.0
2193	2544.0
2194	2348.0
2195	2360.0
2196	2432.0
2197	2380.0
2198	2792.0
2199	2636.0
2200	2548.0
2201	2776.0
2202	2548.0
2203	2508.0
2204	2576.0
2205	2616.0
2206	2744.0
2207	2688.0
2208	2384.0
2209	2752.0
2210	2620.0
2211	2540.0
2212	2864.0
2213	2852.0
2214	2820.0
2215	2980.0
2216	2428.0
2217	2424.0
2218	2520.0
2219	2548.0
2220	2508.0
2221	2520.0
2222	2864.0
2223	2424.0
2224	2692.0
2225	2872.0
2226	2652.0
2227	2492.0
2228	2804.0
2229	2844.0
2230	2496.0
2231	2516.0
2232	2420.0
2233	2464.0
2234	2756.0
2235	2676.0
2236	2700.0
2237	2652.0
2238	2552.0
2239	2576.0
2240	2256.0
2241	2596.0
2242	2888.0
2243	2472.0
2244	2440.0
2245	2408.0
2246	2720.0
2247	2796.0
2248	2620.0
2249	2428.0
2250	2668.0
2251	2900.0
2252	2608.0
2253	2632.0
2254	2300.0
2255	2932.0
2256	2496.0
2257	2580.0
2258	2540.0
2259	2552.0
2260	2568.0
2261	2536.0
2262	2568.0
2263	2740.0
2264	2856.0
2265	2536.0
2266	2600.0
2267	2764.0
2268	2628.0
2269	2688.0
2270	2452.0
2271	2576.0
2272	2748.0
2273	2796.0
2274	2740.0
2275	2604.0
2276	2648.0
2277	2628.0
2278	2384.0
2279	2756.0
2280	2536.0
2281	2880.0
2282	2588.0
2283	2524.0
2284	2836.0
2285	2600.0
2286	2552.0
2287	2512.0
2288	2596.0
2289	2488.0
2290	2684.0
2291	2796.0
2292	2242.0
2293	2640.0
2294	2804.0
2295	2580.0
2296	2812.0
2297	2756.0
2298	2476.0
2299	2616.0
2300	2496.0
2301	2508.0
2302	2724.0
2303	2472.0
2304	2668.0
2305	2648.0
2306	2664.0
2307	2548.0
2308	2624.0
2309	2688.0
2310	2780.0
2311	2740.0
2312	2416.0
2313	2984.0
2314	2240.0
2315	2548.0
2316	2856.0
2317	2556.0
2318	2700.0
2319	2676.0
2320	2704.0
2321	2480.0
2322	2564.0
2323	2676.0
2324	2520.0
2325	2596.0
2326	2644.0
2327	2396.0
2328	2512.0
2329	2788.0
2330	2544.0
2331	2656.0
2332	2456.0
2333	2524.0
2334	2516.0
2335	2684.0
2336	2636.0
2337	2612.0
2338	2508.0
2339	2808.0
2340	2584.0
2341	2448.0
2342	2480.0
2343	2668.0
2344	2652.0
2345	2412.0
2346	2444.0
2347	3000.0
2348	2312.0
2349	2696.0
2350	2256.0
2351	2428.0
2352	2524.0
2353	2396.0
2354	2304.0
2355	2448.0
2356	2350.0
2357	2558.0
2358	2668.0
2359	2560.0
2360	2404.0
2361	2440.0
2362	2528.0
2363	2176.0
2364	2528.0
2365	2476.0
2366	2404.0
2367	2248.0
2368	2596.0
2369	2480.0
2370	2560.0
2371	2306.0
2372	2516.0
2373	2664.0
2374	2656.0
2375	2618.0
2376	2680.0
2377	2820.0
2378	2560.0
2379	2620.0
2380	2616.0
2381	2784.0
2382	2624.0
2383	2544.0
2384	2824.0
2385	2712.0
2386	2704.0
2387	2620.0
2388	2372.0
2389	2688.0
2390	2788.0
2391	2480.0
2392	2428.0
2393	2244.0
2394	2468.0
2395	2352.0
2396	2320.0
2397	2516.0
2398	2400.0
2399	2284.0
2400	2560.0
2401	2608.0
2402	2376.0
2403	2240.0
2404	2432.0
2405	2292.0
2406	2264.0
2407	2392.0
2408	2252.0
2409	2156.0
2410	1772.0
2411	1628.0
2412	1656.0
2413	1452.0
2414	1256.0
2415	1148.0
2416	1356.0
2417	1628.0
2418	1208.0
2419	1656.0
2420	1892.0
2421	1752.0
2422	1792.0
2423	1672.0
2424	1720.0
2425	1852.0
2426	2296.0
2427	1772.0
2428	2256.0
2429	2020.0
2430	2360.0
2431	2444.0
2432	2336.0
2433	2104.0
2434	2196.0
2435	2148.0
2436	2060.0
2437	2380.0
2438	2348.0
2439	2364.0
2440	2424.0
2441	2128.0
2442	2170.0
2443	2556.0
2444	2048.0
2445	2480.0
2446	2488.0
2447	2076.0
2448	2604.0
2449	2392.0
2450	2540.0
2451	2456.0
2452	2448.0
2453	2276.0
2454	2428.0
2455	2160.0
2456	2044.0
2457	2172.0
2458	2024.0
2459	1688.0
2460	1848.0
2461	1716.0
2462	1480.0
2463	1788.0
2464	1696.0
2465	1696.0
2466	1624.0
2467	1832.0
2468	1580.0
2469	2008.0
2470	2292.0
2471	2032.0
2472	2296.0
2473	2158.0
2474	2192.0
2475	2212.0
2476	1944.0
2477	1960.0
2478	2068.0
2479	2024.0
2480	2272.0
2481	2200.0
2482	2132.0
2483	2372.0
2484	2208.0
2485	2188.0
2486	2152.0
2487	2416.0
2488	2132.0
2489	1884.0
2490	2228.0
2491	2024.0
2492	2162.0
2493	2124.0
2494	2360.0
2495	2108.0
2496	1980.0
2497	2228.0
2498	2164.0
2499	2404.0
2500	2020.0
2501	2208.0
2502	2164.0
2503	2292.0
2504	2280.0
2505	2352.0
2506	2248.0
2507	2172.0
2508	2200.0
2509	2368.0
2510	2616.0
2511	2212.0
2512	1944.0
2513	2072.0
2514	1940.0
2515	1780.0
2516	1732.0
2517	1360.0
2518	1580.0
2519	1312.0
2520	1358.0
2521	1384.0
2522	924.0
2523	904.0
2524	1256.0
2525	1560.0
2526	1424.0
2527	1580.0
2528	1960.0
2529	1512.0
2530	1688.0
2531	1980.0
2532	1984.0
2533	2100.0
2534	2348.0
2535	2312.0
2536	2024.0
2537	2360.0
2538	2252.0
2539	2304.0
2540	1944.0
2541	2296.0
2542	2136.0
2543	2236.0
2544	2232.0
2545	2256.0
2546	1978.0
2547	1968.0
2548	2052.0
2549	1972.0
2550	2276.0
2551	1968.0
2552	2148.0
2553	1998.0
2554	1812.0
2555	2024.0
2556	2324.0
2557	2248.0
2558	2448.0
2559	2040.0
2560	2144.0
2561	2396.0
2562	2424.0
2563	2012.0
2564	2488.0
2565	2180.0
2566	2252.0
2567	2012.0
2568	2204.0
2569	2172.0
2570	2288.0
2571	1920.0
2572	2148.0
2573	2132.0
2574	1944.0
2575	1820.0
2576	1940.0
2577	2124.0
2578	1744.0
2579	1812.0
2580	1448.0
2581	1548.0
2582	1728.0
2583	1704.0
2584	2112.0
2585	2088.0
2586	2220.0
2587	2256.0
2588	1974.0
2589	2040.0
2590	1952.0
2591	2132.0
2592	2040.0
2593	2368.0
2594	2080.0
2595	2176.0
2596	2348.0
2597	1928.0
2598	2144.0
2599	2460.0
2600	2320.0
2601	2308.0
2602	2356.0
2603	2400.0
2604	2396.0
2605	2460.0
2606	2156.0
2607	2584.0
2608	2020.0
2609	2328.0
2610	2392.0
2611	2128.0
2612	2420.0
2613	2308.0
2614	1996.0
2615	2176.0
2616	2384.0
2617	2002.0
2618	2272.0
2619	1996.0
2620	2016.0
2621	1940.0
2622	2164.0
2623	2212.0
2624	2252.0
2625	2092.0
2626	2440.0
2627	1976.0
2628	2060.0
2629	2180.0
2630	1864.0
2631	2196.0
2632	1956.0
2633	2052.0
2634	1792.0
2635	2066.0
2636	2120.0
2637	2080.0
2638	1984.0
2639	2216.0
2640	2044.0
2641	2116.0
2642	2128.0
2643	1936.0
2644	1694.0
2645	1768.0
2646	1588.0
2647	1256.0
2648	1740.0
2649	1592.0
2650	2040.0
2651	2200.0
2652	1868.0
2653	1950.0
2654	2232.0
2655	1912.0
2656	1696.0
2657	2200.0
2658	2056.0
2659	2272.0
2660	2228.0
2661	2196.0
2662	2044.0
2663	1636.0
2664	1912.0
2665	2076.0
2666	1916.0
2667	1988.0
2668	2008.0
2669	2072.0
2670	2056.0
2671	2048.0
2672	2084.0
2673	2164.0
2674	2036.0
2675	2216.0
2676	2200.0
2677	1924.0
2678	2208.0
2679	2168.0
2680	2248.0
2681	2236.0
2682	1968.0
2683	2132.0
2684	2260.0
2685	2228.0
2686	2116.0
2687	2300.0
2688	2464.0
2689	2040.0
2690	2232.0
2691	2644.0
2692	2276.0
2693	2348.0
2694	2120.0
2695	2096.0
2696	2180.0
2697	2580.0
2698	2780.0
2699	2344.0
2700	2296.0
2701	2384.0
2702	2214.0
2703	2472.0
2704	2188.0
2705	2352.0
2706	2796.0
2707	2320.0
2708	2248.0
2709	2300.0
2710	2280.0
2711	2492.0
2712	2536.0
2713	2184.0
2714	1920.0
2715	2384.0
2716	2164.0
2717	2348.0
2718	2152.0
2719	2520.0
2720	2366.0
2721	2544.0
2722	2376.0
2723	2512.0
2724	2880.0
2725	2276.0
2726	2448.0
2727	2248.0
2728	2208.0
2729	2240.0
2730	2340.0
2731	2132.0
2732	2208.0
2733	2356.0
2734	2596.0
2735	2552.0
2736	2256.0
2737	2400.0
2738	2440.0
2739	2496.0
2740	2280.0
2741	2308.0
2742	2804.0
2743	2704.0
2744	2148.0
2745	2100.0
2746	2184.0
2747	2128.0
