0	376.0
1	292.0
2	402.0
3	342.0
4	442.0
5	394.0
6	394.0
7	460.0
8	350.0
9	472.0
10	382.0
11	360.0
12	466.0
13	424.0
14	326.0
15	352.0
16	424.0
17	364.0
18	334.0
19	430.0
20	328.0
21	438.0
22	348.0
23	390.0
24	418.0
25	402.0
26	386.0
27	476.0
28	394.0
29	422.0
30	312.0
31	322.0
32	370.0
33	426.0
34	438.0
35	390.0
36	350.0
37	396.0
38	296.0
39	452.0
40	430.0
41	376.0
42	408.0
43	444.0
44	488.0
45	372.0
46	448.0
47	352.0
48	340.0
49	342.0
50	432.0
51	446.0
52	278.0
53	454.0
54	426.0
55	402.0
56	462.0
57	362.0
58	238.0
59	322.0
60	370.0
61	436.0
62	468.0
63	464.0
64	436.0
65	400.0
66	428.0
67	472.0
68	402.0
69	424.0
70	406.0
71	402.0
72	360.0
73	440.0
74	386.0
75	468.0
76	388.0
77	488.0
78	508.0
79	386.0
80	440.0
81	422.0
82	366.0
83	404.0
84	472.0
85	500.0
86	338.0
87	424.0
88	358.0
89	400.0
90	310.0
91	374.0
92	344.0
93	390.0
94	410.0
95	426.0
96	406.0
97	406.0
98	352.0
99	388.0
100	478.0
101	352.0
102	372.0
103	420.0
104	382.0
105	384.0
106	462.0
107	324.0
108	336.0
109	284.0
110	350.0
111	318.0
112	338.0
113	326.0
114	428.0
115	370.0
116	422.0
117	284.0
118	358.0
119	422.0
120	362.0
121	374.0
122	360.0
123	388.0
124	476.0
125	426.0
126	312.0
127	408.0
128	458.0
129	346.0
130	426.0
131	326.0
132	380.0
133	314.0
134	392.0
135	494.0
136	414.0
137	418.0
138	436.0
139	234.0
140	316.0
141	364.0
142	372.0
143	304.0
144	346.0
145	434.0
146	440.0
147	492.0
148	414.0
149	290.0
150	416.0
151	362.0
152	430.0
153	366.0
154	430.0
155	404.0
156	346.0
157	374.0
158	450.0
159	352.0
160	300.0
161	444.0
162	468.0
163	300.0
164	392.0
165	350.0
166	408.0
167	408.0
168	354.0
169	338.0
170	396.0
171	452.0
172	436.0
173	482.0
174	498.0
175	352.0
176	318.0
177	478.0
178	362.0
179	424.0
180	348.0
181	400.0
182	296.0
183	332.0
184	444.0
185	462.0
186	300.0
187	508.0
188	454.0
189	384.0
190	280.0
191	440.0
192	424.0
193	280.0
194	462.0
195	496.0
196	520.0
197	426.0
198	250.0
199	414.0
200	408.0
201	336.0
202	396.0
203	368.0
204	400.0
205	454.0
206	412.0
207	436.0
208	378.0
209	364.0
210	448.0
211	308.0
212	328.0
213	414.0
214	504.0
215	380.0
216	340.0
217	420.0
218	448.0
219	398.0
220	304.0
221	400.0
222	374.0
223	428.0
224	406.0
225	352.0
226	390.0
227	412.0
228	294.0
229	374.0
230	414.0
231	368.0
232	380.0
233	408.0
234	368.0
235	362.0
236	324.0
237	342.0
238	384.0
239	348.0
240	492.0
241	370.0
242	444.0
243	428.0
244	426.0
245	454.0
246	414.0
247	380.0
248	356.0
249	364.0
250	480.0
251	430.0
252	432.0
253	396.0
254	336.0
255	390.0
256	468.0
257	322.0
258	364.0
259	448.0
260	392.0
261	342.0
262	350.0
263	354.0
264	412.0
265	362.0
266	380.0
267	398.0
268	432.0
269	426.0
270	372.0
271	406.0
272	368.0
273	338.0
274	344.0
275	334.0
276	360.0
277	430.0
278	282.0
279	316.0
280	422.0
281	436.0
282	304.0
283	454.0
284	384.0
285	332.0
286	346.0
287	484.0
288	324.0
289	346.0
290	458.0
291	324.0
292	430.0
293	426.0
294	420.0
295	342.0
296	352.0
297	396.0
298	302.0
299	386.0
300	392.0
301	312.0
302	324.0
303	388.0
304	420.0
305	424.0
306	370.0
307	416.0
308	424.0
309	338.0
310	394.0
311	382.0
312	304.0
313	436.0
314	334.0
315	320.0
316	380.0
317	360.0
318	368.0
319	440.0
320	430.0
321	430.0
322	316.0
323	394.0
324	468.0
325	334.0
326	372.0
327	386.0
328	334.0
329	414.0
330	304.0
331	366.0
332	302.0
333	400.0
334	318.0
335	324.0
336	274.0
337	346.0
338	450.0
339	414.0
340	476.0
341	340.0
342	382.0
343	298.0
344	436.0
345	338.0
346	392.0
347	462.0
348	284.0
349	422.0
350	368.0
351	412.0
352	410.0
353	372.0
354	232.0
355	396.0
356	378.0
357	354.0
358	416.0
359	454.0
360	352.0
361	346.0
362	338.0
363	324.0
364	398.0
365	404.0
366	464.0
367	390.0
368	396.0
369	364.0
370	412.0
371	354.0
372	408.0
373	376.0
374	448.0
375	388.0
376	392.0
377	384.0
378	364.0
379	430.0
380	476.0
381	324.0
382	498.0
383	424.0
384	370.0
385	384.0
386	450.0
387	394.0
388	370.0
389	358.0
390	482.0
391	416.0
392	460.0
393	346.0
394	366.0
395	328.0
396	396.0
397	330.0
398	276.0
399	410.0
400	468.0
401	378.0
402	424.0
403	426.0
404	368.0
405	410.0
406	386.0
407	408.0
408	428.0
409	378.0
410	352.0
411	394.0
412	460.0
413	378.0
414	438.0
415	290.0
416	438.0
417	422.0
418	420.0
419	418.0
420	368.0
421	458.0
422	406.0
423	392.0
424	400.0
425	496.0
426	358.0
427	460.0
428	404.0
429	304.0
430	362.0
431	398.0
432	466.0
433	386.0
434	360.0
435	428.0
436	246.0
437	418.0
438	334.0
439	392.0
440	264.0
441	464.0
442	290.0
443	396.0
444	326.0
445	418.0
446	378.0
447	344.0
448	326.0
449	484.0
450	422.0
451	240.0
452	388.0
453	512.0
454	354.0
455	506.0
456	382.0
457	470.0
458	360.0
459	388.0
460	286.0
461	392.0
462	376.0
463	444.0
464	386.0
465	298.0
466	440.0
467	404.0
468	354.0
469	414.0
470	366.0
471	370.0
472	392.0
473	372.0
474	346.0
475	394.0
476	454.0
477	266.0
478	422.0
479	468.0
480	478.0
481	426.0
482	348.0
483	366.0
484	372.0
485	478.0
486	398.0
487	348.0
488	352.0
489	358.0
490	480.0
491	410.0
492	354.0
493	324.0
494	376.0
495	384.0
496	484.0
497	306.0
498	436.0
499	396.0
500	398.0
501	482.0
502	366.0
503	282.0
504	422.0
505	316.0
506	352.0
507	410.0
508	362.0
509	394.0
510	412.0
511	240.0
512	418.0
513	372.0
514	326.0
515	406.0
516	398.0
517	388.0
518	290.0
519	484.0
520	400.0
521	420.0
522	302.0
523	422.0
524	398.0
525	398.0
526	364.0
527	422.0
528	420.0
529	436.0
530	486.0
531	318.0
532	450.0
533	314.0
534	426.0
535	470.0
536	422.0
537	390.0
538	316.0
539	474.0
540	422.0
541	374.0
542	362.0
543	424.0
544	406.0
545	300.0
546	346.0
547	430.0
548	296.0
549	208.0
550	368.0
551	432.0
552	414.0
553	324.0
554	388.0
555	430.0
556	418.0
557	510.0
558	338.0
559	374.0
560	356.0
561	306.0
562	416.0
563	364.0
564	322.0
565	376.0
566	488.0
567	356.0
568	432.0
569	474.0
570	350.0
571	334.0
572	532.0
573	338.0
574	366.0
575	424.0
576	366.0
577	552.0
578	402.0
579	360.0
580	420.0
581	432.0
582	394.0
583	372.0
584	354.0
585	378.0
586	406.0
587	390.0
588	400.0
589	386.0
590	358.0
591	432.0
592	444.0
593	374.0
594	440.0
595	322.0
596	424.0
597	324.0
598	388.0
599	286.0
600	390.0
601	442.0
602	372.0
603	402.0
604	500.0
605	332.0
606	494.0
607	382.0
608	356.0
609	400.0
610	246.0
611	426.0
612	446.0
613	382.0
614	470.0
615	410.0
616	308.0
617	444.0
618	302.0
619	372.0
620	382.0
621	470.0
622	330.0
623	386.0
624	366.0
625	420.0
626	426.0
627	470.0
628	470.0
629	414.0
630	480.0
631	396.0
632	492.0
633	378.0
634	296.0
635	438.0
636	514.0
637	354.0
638	258.0
639	370.0
640	380.0
641	424.0
642	410.0
643	488.0
644	370.0
645	392.0
646	376.0
647	336.0
648	458.0
649	400.0
650	436.0
651	352.0
652	414.0
653	402.0
654	364.0
655	310.0
656	362.0
657	392.0
658	376.0
659	384.0
660	316.0
661	440.0
662	442.0
663	286.0
664	494.0
665	384.0
666	368.0
667	388.0
668	420.0
669	368.0
670	376.0
671	416.0
672	344.0
673	426.0
674	466.0
675	290.0
676	426.0
677	322.0
678	382.0
679	370.0
680	342.0
681	464.0
682	436.0
683	396.0
684	332.0
685	462.0
686	334.0
687	338.0
688	298.0
689	392.0
690	346.0
691	396.0
692	488.0
693	420.0
694	426.0
695	348.0
696	398.0
697	324.0
698	368.0
699	362.0
700	372.0
701	348.0
702	350.0
703	340.0
704	452.0
705	378.0
706	414.0
707	342.0
708	352.0
709	268.0
710	332.0
711	440.0
712	404.0
713	462.0
714	444.0
715	344.0
716	370.0
717	470.0
718	304.0
719	526.0
720	318.0
721	410.0
722	414.0
723	426.0
724	380.0
725	468.0
726	358.0
727	474.0
728	458.0
729	566.0
730	346.0
731	480.0
732	428.0
733	482.0
734	392.0
735	614.0
736	558.0
737	600.0
738	628.0
739	606.0
740	860.0
741	1126.0
742	1348.0
743	1876.0
744	2524.0
745	3380.0
746	4404.0
747	6752.0
748	10936.0
749	17500.0
750	25712.0
751	32224.0
752	36496.0
753	34688.0
754	30276.0
755	23552.0
756	16088.0
757	11148.0
758	7220.0
759	4788.0
760	3184.0
761	2176.0
762	1572.0
763	1416.0
764	1070.0
765	758.0
766	806.0
767	644.0
768	600.0
769	558.0
770	540.0
771	470.0
772	296.0
773	296.0
774	362.0
775	414.0
776	450.0
777	384.0
778	380.0
779	462.0
780	270.0
781	406.0
782	468.0
783	432.0
784	360.0
785	440.0
786	408.0
787	296.0
788	428.0
789	362.0
790	292.0
791	434.0
792	466.0
793	430.0
794	432.0
795	346.0
796	444.0
797	358.0
798	352.0
799	324.0
800	312.0
801	376.0
802	380.0
803	340.0
804	364.0
805	422.0
806	416.0
807	420.0
808	448.0
809	430.0
810	456.0
811	310.0
812	316.0
813	360.0
814	386.0
815	286.0
816	374.0
817	340.0
818	390.0
819	398.0
820	412.0
821	308.0
822	384.0
823	316.0
824	436.0
825	440.0
826	414.0
827	406.0
828	370.0
829	442.0
830	254.0
831	418.0
832	432.0
833	454.0
834	348.0
835	370.0
836	334.0
837	378.0
838	382.0
839	332.0
840	422.0
841	400.0
842	452.0
843	376.0
844	462.0
845	368.0
846	356.0
847	468.0
848	372.0
849	396.0
850	368.0
851	432.0
852	346.0
853	294.0
854	460.0
855	388.0
856	340.0
857	406.0
858	432.0
859	432.0
860	486.0
861	416.0
862	494.0
863	382.0
864	426.0
865	504.0
866	442.0
867	464.0
868	368.0
869	430.0
870	354.0
871	350.0
872	466.0
873	386.0
874	314.0
875	388.0
876	334.0
877	356.0
878	388.0
879	434.0
880	438.0
881	436.0
882	398.0
883	314.0
884	374.0
885	366.0
886	408.0
887	456.0
888	260.0
889	428.0
890	394.0
891	472.0
892	488.0
893	264.0
894	410.0
895	338.0
896	350.0
897	266.0
898	388.0
899	410.0
900	258.0
901	394.0
902	346.0
903	370.0
904	518.0
905	382.0
906	334.0
907	466.0
908	368.0
909	306.0
910	318.0
911	422.0
912	384.0
913	406.0
914	402.0
915	330.0
916	506.0
917	278.0
918	378.0
919	362.0
920	410.0
921	442.0
922	422.0
923	448.0
924	464.0
925	274.0
926	370.0
927	286.0
928	330.0
929	450.0
930	512.0
931	320.0
932	388.0
933	426.0
934	410.0
935	398.0
936	412.0
937	450.0
938	468.0
939	308.0
940	370.0
941	434.0
942	442.0
943	384.0
944	440.0
945	382.0
946	276.0
947	418.0
948	436.0
949	354.0
950	312.0
951	408.0
952	282.0
953	402.0
954	368.0
955	446.0
956	410.0
957	398.0
958	464.0
959	370.0
960	422.0
961	314.0
962	454.0
963	434.0
964	392.0
965	332.0
966	348.0
967	386.0
968	386.0
969	450.0
970	372.0
971	456.0
972	462.0
973	430.0
974	490.0
975	432.0
976	344.0
977	426.0
978	424.0
979	394.0
980	414.0
981	458.0
982	366.0
983	328.0
984	374.0
985	358.0
986	330.0
987	416.0
988	370.0
989	464.0
990	374.0
991	412.0
992	434.0
993	412.0
994	448.0
995	316.0
996	368.0
997	458.0
998	332.0
999	428.0
1000	454.0
1001	402.0
1002	410.0
1003	300.0
1004	444.0
1005	320.0
1006	366.0
1007	348.0
1008	410.0
1009	430.0
1010	414.0
1011	458.0
1012	390.0
1013	420.0
1014	434.0
1015	288.0
1016	442.0
1017	322.0
1018	432.0
1019	462.0
1020	332.0
1021	360.0
1022	426.0
1023	394.0
1024	428.0
1025	392.0
1026	308.0
1027	334.0
1028	468.0
1029	344.0
1030	480.0
1031	476.0
1032	250.0
1033	374.0
1034	454.0
1035	368.0
1036	456.0
1037	382.0
1038	344.0
1039	368.0
1040	410.0
1041	334.0
1042	412.0
1043	330.0
1044	352.0
1045	410.0
1046	362.0
1047	458.0
1048	402.0
1049	348.0
1050	286.0
1051	384.0
1052	420.0
1053	372.0
1054	358.0
1055	402.0
1056	410.0
1057	396.0
1058	354.0
1059	388.0
1060	304.0
1061	362.0
1062	384.0
1063	312.0
1064	468.0
1065	362.0
1066	352.0
1067	414.0
1068	410.0
1069	432.0
1070	380.0
1071	384.0
1072	362.0
1073	406.0
1074	426.0
1075	392.0
1076	380.0
1077	248.0
1078	402.0
1079	472.0
1080	510.0
1081	476.0
1082	426.0
1083	460.0
1084	410.0
1085	320.0
1086	356.0
1087	316.0
1088	388.0
1089	350.0
1090	424.0
1091	336.0
1092	336.0
1093	388.0
1094	398.0
1095	336.0
1096	388.0
1097	470.0
1098	412.0
1099	368.0
1100	322.0
1101	344.0
1102	372.0
1103	282.0
1104	434.0
1105	344.0
1106	480.0
1107	460.0
1108	300.0
1109	414.0
1110	390.0
1111	370.0
1112	402.0
1113	344.0
1114	484.0
1115	388.0
1116	310.0
1117	440.0
1118	486.0
1119	432.0
1120	260.0
1121	434.0
1122	448.0
1123	302.0
1124	406.0
1125	400.0
1126	362.0
1127	408.0
1128	446.0
1129	424.0
1130	462.0
1131	400.0
1132	356.0
1133	384.0
1134	436.0
1135	476.0
1136	414.0
1137	456.0
1138	354.0
1139	422.0
1140	314.0
1141	422.0
1142	432.0
1143	496.0
1144	318.0
1145	272.0
1146	418.0
1147	388.0
1148	364.0
1149	284.0
1150	328.0
1151	406.0
1152	488.0
1153	428.0
1154	414.0
1155	436.0
1156	420.0
1157	292.0
1158	446.0
1159	346.0
1160	436.0
1161	352.0
1162	406.0
1163	426.0
1164	448.0
1165	318.0
1166	418.0
1167	436.0
1168	392.0
1169	484.0
1170	346.0
1171	444.0
1172	300.0
1173	334.0
1174	438.0
1175	466.0
1176	374.0
1177	410.0
1178	410.0
1179	332.0
1180	420.0
1181	496.0
1182	442.0
1183	446.0
1184	362.0
1185	364.0
1186	480.0
1187	410.0
1188	470.0
1189	424.0
1190	354.0
1191	286.0
1192	346.0
1193	384.0
1194	368.0
1195	458.0
1196	376.0
1197	352.0
1198	368.0
1199	392.0
1200	476.0
1201	382.0
1202	464.0
1203	416.0
1204	388.0
1205	420.0
1206	404.0
1207	426.0
1208	368.0
1209	326.0
1210	288.0
1211	366.0
1212	368.0
1213	292.0
1214	282.0
1215	416.0
1216	440.0
1217	370.0
1218	354.0
1219	488.0
1220	330.0
1221	460.0
1222	438.0
1223	428.0
1224	374.0
1225	410.0
1226	394.0
1227	350.0
1228	336.0
1229	394.0
1230	254.0
1231	434.0
1232	418.0
1233	426.0
1234	272.0
1235	450.0
1236	452.0
1237	294.0
1238	342.0
1239	412.0
1240	434.0
1241	412.0
1242	382.0
1243	388.0
1244	352.0
1245	398.0
1246	320.0
1247	310.0
1248	416.0
1249	448.0
1250	458.0
1251	326.0
1252	410.0
1253	408.0
1254	480.0
1255	390.0
1256	364.0
1257	406.0
1258	398.0
1259	358.0
1260	460.0
1261	312.0
1262	382.0
1263	308.0
1264	444.0
1265	434.0
1266	468.0
1267	428.0
1268	358.0
1269	384.0
1270	334.0
1271	336.0
1272	368.0
1273	374.0
1274	362.0
1275	436.0
1276	456.0
1277	378.0
1278	370.0
1279	426.0
1280	404.0
1281	416.0
1282	378.0
1283	430.0
1284	356.0
1285	310.0
1286	348.0
1287	346.0
1288	282.0
1289	448.0
1290	424.0
1291	280.0
1292	506.0
1293	488.0
1294	348.0
1295	318.0
1296	444.0
1297	428.0
1298	396.0
1299	346.0
1300	426.0
1301	462.0
1302	432.0
1303	334.0
1304	404.0
1305	338.0
1306	368.0
1307	428.0
1308	422.0
1309	480.0
1310	370.0
1311	388.0
1312	406.0
1313	392.0
1314	372.0
1315	378.0
1316	348.0
1317	424.0
1318	532.0
1319	422.0
1320	368.0
1321	388.0
1322	428.0
1323	354.0
1324	364.0
1325	366.0
1326	332.0
1327	424.0
1328	372.0
1329	396.0
1330	352.0
1331	374.0
1332	390.0
1333	434.0
1334	322.0
1335	382.0
1336	420.0
1337	326.0
1338	352.0
1339	316.0
1340	330.0
1341	394.0
1342	354.0
1343	388.0
1344	370.0
1345	438.0
1346	444.0
1347	322.0
1348	478.0
1349	412.0
1350	318.0
1351	446.0
1352	400.0
1353	370.0
1354	264.0
1355	386.0
1356	382.0
1357	404.0
1358	428.0
1359	308.0
1360	378.0
1361	386.0
1362	338.0
1363	424.0
1364	362.0
1365	404.0
1366	348.0
1367	398.0
1368	366.0
1369	396.0
1370	360.0
1371	414.0
1372	350.0
1373	492.0
1374	372.0
1375	402.0
1376	400.0
1377	320.0
1378	412.0
1379	376.0
1380	390.0
1381	404.0
1382	480.0
1383	304.0
1384	480.0
1385	418.0
1386	424.0
1387	402.0
1388	442.0
1389	424.0
1390	528.0
1391	556.0
1392	390.0
1393	344.0
1394	350.0
1395	386.0
1396	396.0
1397	360.0
1398	330.0
1399	432.0
1400	424.0
1401	418.0
1402	370.0
1403	336.0
1404	302.0
1405	352.0
1406	430.0
1407	308.0
1408	438.0
1409	426.0
1410	476.0
1411	502.0
1412	412.0
1413	386.0
1414	426.0
1415	432.0
1416	424.0
1417	306.0
1418	388.0
1419	386.0
1420	356.0
1421	290.0
1422	390.0
1423	446.0
1424	434.0
1425	424.0
1426	330.0
1427	348.0
1428	380.0
1429	466.0
1430	356.0
1431	372.0
1432	364.0
1433	340.0
1434	408.0
1435	398.0
1436	396.0
1437	442.0
1438	322.0
1439	358.0
1440	432.0
1441	446.0
1442	350.0
1443	414.0
1444	316.0
1445	382.0
1446	420.0
1447	366.0
1448	378.0
1449	414.0
1450	424.0
1451	478.0
1452	326.0
1453	380.0
1454	398.0
1455	234.0
1456	304.0
1457	444.0
1458	370.0
1459	364.0
1460	370.0
1461	366.0
1462	356.0
1463	386.0
1464	436.0
1465	454.0
1466	398.0
1467	422.0
1468	244.0
1469	412.0
1470	426.0
1471	400.0
1472	438.0
1473	444.0
1474	454.0
1475	320.0
1476	404.0
1477	472.0
1478	350.0
1479	320.0
1480	356.0
1481	374.0
1482	360.0
1483	368.0
1484	348.0
1485	356.0
1486	408.0
1487	418.0
1488	426.0
1489	386.0
1490	398.0
1491	294.0
1492	406.0
1493	442.0
1494	376.0
1495	440.0
1496	374.0
1497	496.0
1498	334.0
1499	406.0
1500	446.0
1501	456.0
1502	420.0
1503	400.0
1504	518.0
1505	482.0
1506	394.0
1507	388.0
1508	386.0
1509	444.0
1510	508.0
1511	476.0
1512	380.0
1513	400.0
1514	330.0
1515	320.0
1516	396.0
1517	440.0
1518	362.0
1519	400.0
1520	426.0
1521	492.0
1522	424.0
1523	404.0
1524	386.0
1525	440.0
1526	378.0
1527	390.0
1528	322.0
1529	378.0
1530	328.0
1531	410.0
1532	562.0
1533	338.0
1534	430.0
1535	360.0
1536	412.0
1537	468.0
1538	478.0
1539	494.0
1540	422.0
1541	342.0
1542	398.0
1543	350.0
1544	268.0
1545	300.0
1546	326.0
1547	458.0
1548	360.0
1549	388.0
1550	244.0
1551	330.0
1552	304.0
1553	420.0
1554	456.0
1555	374.0
1556	334.0
1557	344.0
1558	338.0
1559	438.0
1560	386.0
1561	474.0
1562	366.0
1563	462.0
1564	440.0
1565	268.0
1566	442.0
1567	458.0
1568	396.0
1569	424.0
1570	350.0
1571	500.0
1572	526.0
1573	384.0
1574	402.0
1575	442.0
1576	416.0
1577	486.0
1578	326.0
1579	420.0
1580	374.0
1581	428.0
1582	494.0
1583	440.0
1584	364.0
1585	312.0
1586	358.0
1587	384.0
1588	350.0
1589	446.0
1590	420.0
1591	400.0
1592	378.0
1593	436.0
1594	378.0
1595	418.0
1596	436.0
1597	486.0
1598	446.0
1599	366.0
1600	438.0
1601	494.0
1602	312.0
1603	482.0
1604	378.0
1605	418.0
1606	380.0
1607	388.0
1608	424.0
1609	310.0
1610	376.0
1611	422.0
1612	392.0
1613	412.0
1614	406.0
1615	460.0
1616	404.0
1617	410.0
1618	322.0
1619	426.0
1620	436.0
1621	440.0
1622	518.0
1623	380.0
1624	474.0
1625	396.0
1626	418.0
1627	428.0
1628	408.0
1629	392.0
1630	312.0
1631	416.0
1632	392.0
1633	314.0
1634	400.0
1635	328.0
1636	298.0
1637	330.0
1638	402.0
1639	416.0
1640	404.0
1641	496.0
1642	368.0
1643	420.0
1644	358.0
1645	440.0
1646	312.0
1647	498.0
1648	448.0
1649	334.0
1650	452.0
1651	444.0
1652	396.0
1653	444.0
1654	412.0
1655	418.0
1656	380.0
1657	334.0
1658	356.0
1659	404.0
1660	340.0
1661	326.0
1662	384.0
1663	366.0
1664	386.0
1665	296.0
1666	314.0
1667	386.0
1668	404.0
1669	452.0
1670	376.0
1671	286.0
1672	502.0
1673	318.0
1674	414.0
1675	306.0
1676	340.0
1677	400.0
1678	380.0
1679	256.0
1680	314.0
1681	428.0
1682	432.0
1683	392.0
1684	314.0
1685	316.0
1686	488.0
1687	374.0
1688	330.0
1689	412.0
1690	382.0
1691	414.0
1692	398.0
1693	362.0
1694	348.0
1695	406.0
1696	336.0
1697	530.0
1698	374.0
1699	296.0
1700	294.0
1701	350.0
1702	392.0
1703	352.0
1704	370.0
1705	458.0
1706	444.0
1707	440.0
1708	306.0
1709	432.0
1710	378.0
1711	426.0
1712	390.0
1713	358.0
1714	308.0
1715	368.0
1716	394.0
1717	244.0
1718	422.0
1719	490.0
1720	476.0
1721	496.0
1722	318.0
1723	422.0
1724	324.0
1725	306.0
1726	336.0
1727	346.0
1728	442.0
1729	322.0
1730	410.0
1731	370.0
1732	424.0
1733	430.0
1734	478.0
1735	282.0
1736	468.0
1737	330.0
1738	326.0
1739	400.0
1740	434.0
1741	352.0
1742	460.0
1743	394.0
1744	436.0
1745	444.0
1746	494.0
1747	450.0
1748	442.0
1749	350.0
1750	414.0
1751	490.0
1752	350.0
1753	380.0
1754	280.0
1755	372.0
1756	352.0
1757	364.0
1758	426.0
1759	320.0
1760	400.0
1761	438.0
1762	376.0
1763	344.0
1764	416.0
1765	428.0
1766	402.0
1767	408.0
1768	420.0
1769	282.0
1770	354.0
1771	416.0
1772	474.0
1773	382.0
1774	514.0
1775	460.0
1776	326.0
1777	258.0
1778	466.0
1779	372.0
1780	440.0
1781	344.0
1782	398.0
1783	476.0
1784	306.0
1785	416.0
1786	422.0
1787	392.0
1788	368.0
1789	412.0
1790	344.0
1791	440.0
1792	462.0
1793	294.0
1794	330.0
1795	370.0
1796	310.0
1797	430.0
1798	336.0
1799	418.0
1800	380.0
1801	330.0
1802	472.0
1803	402.0
1804	418.0
1805	420.0
1806	364.0
1807	404.0
1808	420.0
1809	388.0
1810	440.0
1811	484.0
1812	394.0
1813	380.0
1814	292.0
1815	380.0
1816	358.0
1817	404.0
1818	290.0
1819	438.0
1820	398.0
1821	340.0
1822	436.0
1823	402.0
1824	256.0
1825	392.0
1826	436.0
1827	386.0
1828	372.0
1829	400.0
1830	430.0
1831	398.0
1832	460.0
1833	404.0
1834	432.0
1835	514.0
1836	364.0
1837	466.0
1838	398.0
1839	382.0
1840	334.0
1841	406.0
1842	402.0
1843	420.0
1844	424.0
1845	394.0
1846	374.0
1847	442.0
1848	384.0
1849	270.0
1850	360.0
1851	450.0
1852	384.0
1853	360.0
1854	420.0
1855	304.0
1856	346.0
1857	414.0
1858	426.0
1859	382.0
1860	390.0
1861	412.0
1862	518.0
1863	420.0
1864	430.0
1865	338.0
1866	342.0
1867	402.0
1868	366.0
1869	314.0
1870	520.0
1871	482.0
1872	434.0
1873	384.0
1874	364.0
1875	398.0
1876	420.0
1877	494.0
1878	428.0
1879	312.0
1880	386.0
1881	398.0
1882	400.0
1883	232.0
1884	368.0
1885	426.0
1886	476.0
1887	504.0
1888	402.0
1889	428.0
1890	344.0
1891	378.0
1892	390.0
1893	492.0
1894	438.0
1895	442.0
1896	348.0
1897	354.0
1898	314.0
1899	408.0
1900	418.0
1901	470.0
1902	468.0
1903	406.0
1904	268.0
1905	446.0
1906	412.0
1907	432.0
1908	426.0
1909	312.0
1910	398.0
1911	440.0
1912	298.0
1913	464.0
1914	468.0
1915	470.0
1916	532.0
1917	446.0
1918	380.0
1919	440.0
1920	516.0
1921	460.0
1922	360.0
1923	316.0
1924	358.0
1925	370.0
1926	378.0
1927	480.0
1928	282.0
1929	450.0
1930	426.0
1931	384.0
1932	400.0
1933	392.0
1934	370.0
1935	402.0
1936	418.0
1937	504.0
1938	364.0
1939	326.0
1940	480.0
1941	386.0
1942	404.0
1943	442.0
1944	438.0
1945	394.0
1946	336.0
1947	322.0
1948	304.0
1949	366.0
1950	420.0
1951	364.0
1952	324.0
1953	354.0
1954	422.0
1955	424.0
1956	488.0
1957	420.0
1958	346.0
1959	386.0
1960	498.0
1961	420.0
1962	426.0
1963	478.0
1964	422.0
1965	464.0
1966	338.0
1967	496.0
1968	388.0
1969	410.0
1970	382.0
1971	350.0
1972	398.0
1973	366.0
1974	362.0
1975	358.0
1976	430.0
1977	388.0
1978	406.0
1979	378.0
1980	398.0
1981	474.0
1982	402.0
1983	400.0
1984	278.0
1985	398.0
1986	408.0
1987	426.0
1988	434.0
1989	406.0
1990	282.0
1991	400.0
1992	410.0
1993	458.0
1994	414.0
1995	310.0
1996	410.0
1997	344.0
1998	286.0
1999	346.0
2000	368.0
2001	362.0
2002	414.0
2003	490.0
2004	416.0
2005	416.0
2006	390.0
2007	450.0
2008	420.0
2009	364.0
2010	470.0
2011	312.0
2012	412.0
2013	304.0
2014	374.0
2015	396.0
2016	362.0
2017	378.0
2018	472.0
2019	332.0
2020	448.0
2021	394.0
2022	362.0
2023	384.0
2024	426.0
2025	354.0
2026	350.0
2027	436.0
2028	516.0
2029	422.0
2030	448.0
2031	546.0
2032	376.0
2033	360.0
2034	304.0
2035	422.0
2036	380.0
2037	426.0
2038	388.0
2039	448.0
2040	462.0
2041	448.0
2042	404.0
2043	414.0
2044	352.0
2045	302.0
2046	360.0
2047	314.0
2048	346.0
2049	492.0
2050	344.0
2051	358.0
2052	352.0
2053	422.0
2054	388.0
2055	424.0
2056	398.0
2057	442.0
2058	330.0
2059	318.0
2060	460.0
2061	382.0
2062	402.0
2063	304.0
2064	346.0
2065	452.0
2066	404.0
2067	416.0
2068	518.0
2069	388.0
2070	426.0
2071	398.0
2072	370.0
2073	370.0
2074	448.0
2075	464.0
2076	268.0
2077	398.0
2078	390.0
2079	500.0
2080	384.0
2081	442.0
2082	396.0
2083	402.0
2084	310.0
2085	428.0
2086	328.0
2087	442.0
2088	390.0
2089	278.0
2090	390.0
2091	430.0
2092	412.0
2093	420.0
2094	348.0
2095	402.0
2096	368.0
2097	410.0
2098	356.0
2099	518.0
2100	398.0
2101	352.0
2102	350.0
2103	408.0
2104	320.0
2105	442.0
2106	344.0
2107	316.0
2108	374.0
2109	444.0
2110	368.0
2111	320.0
2112	284.0
2113	366.0
2114	342.0
2115	316.0
2116	428.0
2117	442.0
2118	292.0
2119	484.0
2120	246.0
2121	332.0
2122	508.0
2123	314.0
2124	476.0
2125	322.0
2126	356.0
2127	368.0
2128	364.0
2129	454.0
2130	454.0
2131	338.0
2132	532.0
2133	310.0
2134	484.0
2135	388.0
2136	408.0
2137	336.0
2138	336.0
2139	418.0
2140	424.0
2141	438.0
2142	428.0
2143	300.0
2144	416.0
2145	364.0
2146	268.0
2147	370.0
2148	314.0
2149	348.0
2150	440.0
2151	442.0
2152	426.0
2153	430.0
2154	350.0
2155	478.0
2156	424.0
2157	468.0
2158	368.0
2159	446.0
2160	406.0
2161	442.0
2162	372.0
2163	460.0
2164	312.0
2165	420.0
2166	402.0
2167	392.0
2168	426.0
2169	280.0
2170	488.0
2171	462.0
2172	376.0
2173	448.0
2174	452.0
2175	404.0
2176	490.0
2177	364.0
2178	456.0
2179	338.0
2180	482.0
2181	380.0
2182	428.0
2183	426.0
2184	460.0
2185	424.0
2186	332.0
2187	430.0
2188	368.0
2189	282.0
2190	408.0
2191	414.0
2192	470.0
2193	376.0
2194	362.0
2195	484.0
2196	384.0
2197	412.0
2198	312.0
2199	404.0
2200	436.0
2201	452.0
2202	480.0
2203	428.0
2204	364.0
2205	380.0
2206	354.0
2207	434.0
2208	376.0
2209	314.0
2210	436.0
2211	464.0
2212	348.0
2213	496.0
2214	388.0
2215	242.0
2216	446.0
2217	356.0
2218	392.0
2219	424.0
2220	434.0
2221	492.0
2222	358.0
2223	316.0
2224	438.0
2225	368.0
2226	460.0
2227	438.0
2228	368.0
2229	412.0
2230	412.0
2231	376.0
2232	430.0
2233	364.0
2234	474.0
2235	342.0
2236	480.0
2237	422.0
2238	372.0
2239	440.0
2240	438.0
2241	436.0
2242	470.0
2243	364.0
2244	384.0
2245	412.0
2246	386.0
2247	360.0
2248	434.0
2249	448.0
2250	464.0
2251	462.0
2252	366.0
2253	426.0
2254	314.0
2255	326.0
2256	454.0
2257	412.0
2258	338.0
2259	436.0
2260	332.0
2261	422.0
2262	474.0
2263	416.0
2264	420.0
2265	476.0
2266	404.0
2267	518.0
2268	308.0
2269	392.0
2270	390.0
2271	460.0
2272	480.0
2273	478.0
2274	396.0
2275	472.0
2276	410.0
2277	400.0
2278	380.0
2279	488.0
2280	514.0
2281	484.0
2282	404.0
2283	342.0
2284	406.0
2285	388.0
2286	358.0
2287	372.0
2288	394.0
2289	442.0
2290	422.0
2291	530.0
2292	312.0
2293	362.0
2294	474.0
2295	408.0
2296	334.0
2297	342.0
2298	354.0
2299	478.0
2300	396.0
2301	436.0
2302	368.0
2303	394.0
2304	354.0
2305	328.0
2306	468.0
2307	396.0
2308	314.0
2309	408.0
2310	484.0
2311	440.0
2312	450.0
2313	434.0
2314	328.0
2315	498.0
2316	336.0
2317	374.0
2318	416.0
2319	390.0
2320	366.0
2321	506.0
2322	294.0
2323	456.0
2324	514.0
2325	350.0
2326	400.0
2327	434.0
2328	366.0
2329	400.0
2330	468.0
2331	338.0
2332	562.0
2333	438.0
2334	286.0
2335	508.0
2336	246.0
2337	510.0
2338	504.0
2339	464.0
2340	404.0
2341	402.0
2342	522.0
2343	440.0
2344	356.0
2345	446.0
2346	350.0
2347	454.0
2348	346.0
2349	412.0
2350	402.0
2351	500.0
2352	492.0
2353	448.0
2354	438.0
2355	488.0
2356	340.0
2357	276.0
2358	396.0
2359	398.0
2360	448.0
2361	444.0
2362	514.0
2363	462.0
2364	284.0
2365	394.0
2366	458.0
2367	386.0
2368	494.0
2369	426.0
2370	430.0
2371	408.0
2372	418.0
2373	484.0
2374	372.0
2375	450.0
2376	432.0
2377	340.0
2378	434.0
2379	390.0
2380	378.0
2381	480.0
2382	376.0
2383	442.0
2384	398.0
2385	366.0
2386	442.0
2387	436.0
2388	376.0
2389	440.0
2390	360.0
2391	372.0
2392	498.0
2393	402.0
2394	454.0
2395	366.0
2396	472.0
2397	414.0
2398	454.0
2399	446.0
2400	422.0
2401	404.0
2402	342.0
2403	410.0
2404	516.0
2405	446.0
2406	466.0
2407	420.0
2408	466.0
2409	510.0
2410	456.0
2411	460.0
2412	420.0
2413	438.0
2414	468.0
2415	360.0
2416	414.0
2417	386.0
2418	526.0
2419	368.0
2420	408.0
2421	476.0
2422	530.0
2423	402.0
2424	480.0
2425	384.0
2426	376.0
2427	466.0
2428	432.0
2429	400.0
2430	410.0
2431	476.0
2432	406.0
2433	386.0
2434	422.0
2435	394.0
2436	442.0
2437	446.0
2438	402.0
2439	402.0
2440	498.0
2441	406.0
2442	464.0
2443	372.0
2444	484.0
2445	460.0
2446	424.0
2447	540.0
2448	374.0
2449	402.0
2450	406.0
2451	400.0
2452	398.0
2453	366.0
2454	450.0
2455	420.0
2456	422.0
2457	334.0
2458	428.0
2459	476.0
2460	474.0
2461	454.0
2462	384.0
2463	436.0
2464	370.0
2465	406.0
2466	416.0
2467	424.0
2468	374.0
2469	452.0
2470	484.0
2471	454.0
2472	434.0
2473	426.0
2474	462.0
2475	498.0
2476	382.0
2477	458.0
2478	460.0
2479	354.0
2480	368.0
2481	448.0
2482	350.0
2483	460.0
2484	438.0
2485	394.0
2486	476.0
2487	444.0
2488	406.0
2489	470.0
2490	518.0
2491	380.0
2492	426.0
2493	432.0
2494	360.0
2495	288.0
2496	474.0
2497	436.0
2498	494.0
2499	406.0
2500	314.0
2501	420.0
2502	432.0
2503	440.0
2504	340.0
2505	466.0
2506	424.0
2507	386.0
2508	442.0
2509	324.0
2510	470.0
2511	498.0
2512	544.0
2513	524.0
2514	418.0
2515	364.0
2516	378.0
2517	308.0
2518	416.0
2519	402.0
2520	420.0
2521	340.0
2522	446.0
2523	378.0
2524	434.0
2525	480.0
2526	354.0
2527	374.0
2528	366.0
2529	496.0
2530	370.0
2531	472.0
2532	344.0
2533	438.0
2534	378.0
2535	346.0
2536	438.0
2537	484.0
2538	460.0
2539	430.0
2540	468.0
2541	458.0
2542	470.0
2543	472.0
2544	466.0
2545	494.0
2546	358.0
2547	448.0
2548	458.0
2549	424.0
2550	454.0
2551	448.0
2552	460.0
2553	358.0
2554	440.0
2555	420.0
2556	370.0
2557	394.0
2558	450.0
2559	442.0
2560	500.0
2561	514.0
2562	410.0
2563	466.0
2564	506.0
2565	488.0
2566	494.0
2567	534.0
2568	486.0
2569	410.0
2570	470.0
2571	458.0
2572	438.0
2573	350.0
2574	424.0
2575	388.0
2576	516.0
2577	556.0
2578	352.0
2579	434.0
2580	446.0
2581	616.0
2582	422.0
2583	498.0
2584	488.0
2585	452.0
2586	418.0
2587	424.0
2588	502.0
2589	420.0
2590	394.0
2591	498.0
2592	468.0
2593	400.0
2594	408.0
2595	472.0
2596	458.0
2597	466.0
2598	494.0
2599	438.0
2600	476.0
2601	476.0
2602	342.0
2603	440.0
2604	532.0
2605	366.0
2606	354.0
2607	412.0
2608	426.0
2609	448.0
2610	462.0
2611	434.0
2612	394.0
2613	456.0
2614	408.0
2615	506.0
2616	456.0
2617	464.0
2618	514.0
2619	400.0
2620	486.0
2621	418.0
2622	320.0
2623	430.0
2624	474.0
2625	510.0
2626	388.0
2627	430.0
2628	446.0
2629	418.0
2630	502.0
2631	442.0
2632	452.0
2633	498.0
2634	420.0
2635	406.0
2636	430.0
2637	446.0
2638	372.0
2639	476.0
2640	456.0
2641	440.0
2642	518.0
2643	420.0
2644	462.0
2645	498.0
2646	408.0
2647	512.0
2648	442.0
2649	400.0
2650	350.0
2651	320.0
2652	444.0
2653	430.0
2654	458.0
2655	466.0
2656	438.0
2657	428.0
2658	466.0
2659	508.0
2660	464.0
2661	398.0
2662	458.0
2663	480.0
2664	386.0
2665	438.0
2666	464.0
2667	510.0
2668	508.0
2669	492.0
2670	374.0
2671	492.0
2672	494.0
2673	388.0
2674	414.0
2675	422.0
2676	482.0
2677	452.0
2678	542.0
2679	370.0
2680	386.0
2681	532.0
2682	432.0
2683	452.0
2684	476.0
2685	478.0
2686	462.0
2687	420.0
2688	490.0
2689	512.0
2690	480.0
2691	460.0
2692	508.0
2693	514.0
2694	412.0
2695	440.0
2696	378.0
2697	358.0
2698	432.0
2699	440.0
2700	456.0
2701	464.0
2702	534.0
2703	454.0
2704	512.0
2705	562.0
2706	482.0
2707	504.0
2708	414.0
2709	528.0
2710	432.0
2711	424.0
2712	492.0
2713	380.0
2714	492.0
2715	432.0
2716	340.0
2717	504.0
2718	478.0
2719	424.0
2720	420.0
2721	390.0
2722	450.0
2723	424.0
2724	468.0
2725	496.0
2726	460.0
2727	468.0
2728	382.0
2729	358.0
2730	398.0
2731	486.0
2732	424.0
2733	478.0
2734	462.0
2735	464.0
2736	468.0
2737	492.0
2738	382.0
2739	484.0
2740	350.0
2741	482.0
2742	448.0
2743	484.0
2744	446.0
2745	492.0
2746	444.0
2747	478.0
