0	35.0
1	38.0
2	27.0
3	38.0
4	38.0
5	38.0
6	38.0
7	32.0
8	38.0
9	35.0
10	38.0
11	38.0
12	38.0
13	35.0
14	38.0
15	38.0
16	35.0
17	37.0
18	38.0
19	38.0
20	38.0
21	38.0
22	38.0
23	38.0
24	38.0
25	20.0
26	16.0
27	38.0
28	38.0
29	35.0
30	35.0
31	38.0
32	38.0
33	20.0
34	38.0
35	38.0
36	38.0
37	38.0
38	38.0
39	35.0
40	31.0
41	38.0
42	20.0
43	38.0
44	31.0
45	35.0
46	38.0
47	37.0
48	38.0
49	38.0
50	38.0
51	16.0
52	38.0
53	20.0
54	38.0
55	38.0
56	38.0
57	38.0
58	38.0
59	38.0
60	38.0
61	38.0
62	38.0
63	38.0
64	38.0
65	37.0
66	38.0
67	38.0
68	38.0
69	38.0
70	38.0
71	38.0
72	38.0
73	38.0
74	38.0
75	29.0
76	35.0
77	38.0
78	38.0
79	38.0
80	38.0
81	38.0
82	38.0
83	38.0
84	38.0
85	38.0
86	38.0
87	38.0
88	38.0
89	30.0
90	38.0
91	38.0
92	38.0
93	38.0
94	38.0
95	37.0
96	38.0
97	38.0
98	23.0
99	29.0
100	38.0
101	38.0
102	38.0
103	38.0
104	22.0
105	38.0
106	38.0
107	22.0
108	38.0
109	38.0
110	38.0
111	18.0
112	38.0
113	38.0
114	38.0
115	14.0
116	38.0
117	38.0
118	27.0
119	38.0
120	38.0
121	38.0
122	38.0
123	31.0
124	38.0
125	38.0
126	33.0
127	38.0
128	38.0
129	38.0
130	14.0
131	31.0
132	38.0
133	38.0
134	38.0
135	38.0
136	38.0
137	38.0
138	29.0
139	38.0
140	38.0
141	18.0
142	38.0
143	18.0
144	38.0
145	38.0
146	38.0
147	24.0
148	33.0
149	38.0
150	38.0
151	38.0
152	38.0
153	38.0
154	38.0
155	38.0
156	38.0
157	37.0
158	37.0
159	38.0
160	38.0
161	38.0
162	38.0
163	38.0
164	38.0
165	38.0
166	33.0
167	38.0
168	28.0
169	38.0
170	37.0
171	26.0
172	26.0
173	35.0
174	38.0
175	38.0
176	38.0
177	38.0
178	38.0
179	10.0
180	38.0
181	38.0
182	38.0
183	38.0
184	38.0
185	38.0
186	28.0
187	38.0
188	38.0
189	38.0
190	30.0
191	38.0
192	38.0
193	38.0
194	38.0
195	38.0
196	38.0
197	26.0
198	38.0
199	38.0
200	38.0
201	38.0
202	38.0
203	38.0
204	38.0
205	24.0
206	38.0
207	31.0
208	38.0
209	38.0
210	38.0
211	38.0
212	38.0
213	33.0
214	38.0
215	38.0
216	38.0
217	38.0
218	26.0
219	38.0
220	38.0
221	38.0
222	38.0
223	38.0
224	18.0
225	38.0
226	38.0
227	38.0
228	38.0
229	38.0
230	38.0
231	38.0
232	32.0
233	38.0
234	33.0
235	22.0
236	38.0
237	22.0
238	38.0
239	38.0
240	38.0
241	22.0
242	38.0
243	38.0
244	22.0
245	33.0
246	38.0
247	37.0
248	38.0
249	38.0
250	38.0
251	35.0
252	38.0
253	38.0
254	33.0
255	37.0
256	38.0
257	38.0
258	38.0
259	38.0
260	38.0
261	28.0
262	26.0
263	35.0
264	30.0
265	38.0
266	30.0
267	38.0
268	38.0
269	38.0
270	38.0
271	26.0
272	38.0
273	38.0
274	38.0
275	38.0
276	38.0
277	38.0
278	38.0
279	26.0
280	38.0
281	33.0
282	38.0
283	38.0
284	32.0
285	38.0
286	37.0
287	38.0
288	32.0
289	35.0
290	38.0
291	38.0
292	38.0
293	38.0
294	38.0
295	31.0
296	38.0
297	30.0
298	38.0
299	35.0
300	38.0
301	35.0
302	38.0
303	38.0
304	38.0
305	16.0
306	38.0
307	18.0
308	32.0
309	38.0
310	35.0
311	37.0
312	37.0
313	16.0
314	8.0
315	38.0
316	38.0
317	38.0
318	38.0
319	38.0
320	38.0
321	38.0
322	38.0
323	38.0
324	38.0
325	33.0
326	20.0
327	38.0
328	38.0
329	38.0
330	38.0
331	38.0
332	38.0
333	38.0
334	38.0
335	38.0
336	38.0
337	38.0
338	38.0
339	30.0
340	38.0
341	35.0
342	38.0
343	38.0
344	38.0
345	38.0
346	35.0
347	38.0
348	38.0
349	33.0
350	38.0
351	38.0
352	38.0
353	38.0
354	29.0
355	31.0
356	38.0
357	38.0
358	38.0
359	14.0
360	38.0
361	38.0
362	31.0
363	37.0
364	38.0
365	38.0
366	38.0
367	37.0
368	38.0
369	38.0
370	38.0
371	38.0
372	38.0
373	33.0
374	38.0
375	20.0
376	35.0
377	34.0
378	38.0
379	38.0
380	31.0
381	26.0
382	38.0
383	38.0
384	38.0
385	38.0
386	12.0
387	38.0
388	38.0
389	35.0
390	38.0
391	38.0
392	35.0
393	38.0
394	38.0
395	38.0
396	38.0
397	38.0
398	38.0
399	38.0
400	38.0
401	38.0
402	38.0
403	24.0
404	38.0
405	29.0
406	38.0
407	35.0
408	27.0
409	38.0
410	38.0
411	38.0
412	22.0
413	38.0
414	38.0
415	35.0
416	38.0
417	38.0
418	38.0
419	38.0
420	38.0
421	35.0
422	12.0
423	38.0
424	38.0
425	29.0
426	38.0
427	38.0
428	38.0
429	38.0
430	38.0
431	38.0
432	29.0
433	38.0
434	31.0
435	38.0
436	26.0
437	28.0
438	16.0
439	38.0
440	31.0
441	37.0
442	22.0
443	38.0
444	35.0
445	38.0
446	38.0
447	33.0
448	38.0
449	38.0
450	38.0
451	38.0
452	38.0
453	38.0
454	38.0
455	38.0
456	38.0
457	38.0
458	38.0
459	38.0
460	22.0
461	38.0
462	38.0
463	38.0
464	38.0
465	38.0
466	38.0
467	38.0
468	37.0
469	38.0
470	38.0
471	38.0
472	38.0
473	38.0
474	37.0
475	38.0
476	38.0
477	38.0
478	29.0
479	38.0
480	38.0
481	31.0
482	26.0
483	38.0
484	38.0
485	38.0
486	37.0
487	38.0
488	35.0
489	31.0
490	38.0
491	22.0
492	38.0
493	38.0
494	18.0
495	38.0
496	38.0
497	22.0
498	18.0
499	38.0
500	38.0
501	38.0
502	38.0
503	38.0
504	37.0
505	33.0
506	38.0
507	38.0
508	18.0
509	38.0
510	38.0
511	25.0
512	20.0
513	29.0
514	31.0
515	38.0
516	38.0
517	38.0
518	38.0
519	38.0
520	33.0
521	37.0
522	31.0
523	29.0
524	38.0
525	38.0
526	38.0
527	38.0
528	38.0
529	38.0
530	38.0
531	38.0
532	38.0
533	14.0
534	38.0
535	38.0
536	38.0
537	38.0
538	37.0
539	28.0
540	38.0
541	38.0
542	38.0
543	38.0
544	33.0
545	38.0
546	38.0
547	18.0
548	38.0
549	24.0
550	38.0
551	27.0
552	22.0
553	38.0
554	38.0
555	38.0
556	38.0
557	28.0
558	38.0
559	29.0
560	14.0
561	38.0
562	38.0
563	38.0
564	38.0
565	35.0
566	38.0
567	35.0
568	38.0
569	38.0
570	14.0
571	38.0
572	38.0
573	38.0
574	20.0
575	38.0
576	38.0
577	38.0
578	33.0
579	38.0
580	38.0
581	38.0
582	38.0
583	27.0
584	33.0
585	38.0
586	38.0
587	20.0
588	33.0
589	38.0
590	38.0
591	38.0
592	38.0
593	38.0
594	38.0
595	38.0
596	37.0
597	37.0
598	22.0
599	38.0
600	38.0
601	38.0
602	38.0
603	38.0
604	33.0
605	38.0
606	38.0
607	38.0
608	38.0
609	38.0
610	34.0
611	33.0
612	38.0
613	38.0
614	38.0
615	38.0
616	38.0
617	38.0
618	38.0
619	38.0
620	38.0
621	38.0
622	26.0
623	38.0
624	38.0
625	38.0
626	12.0
627	38.0
628	38.0
629	38.0
630	38.0
631	38.0
632	38.0
633	38.0
634	38.0
635	37.0
636	38.0
637	38.0
638	35.0
639	38.0
640	24.0
641	38.0
642	38.0
643	38.0
644	38.0
645	38.0
646	33.0
647	30.0
648	38.0
649	38.0
650	35.0
651	16.0
652	38.0
653	38.0
654	38.0
655	38.0
656	38.0
657	10.0
658	38.0
659	38.0
660	33.0
661	33.0
662	37.0
663	38.0
664	38.0
665	24.0
666	33.0
667	10.0
668	38.0
669	38.0
670	38.0
671	38.0
672	38.0
673	38.0
674	38.0
675	38.0
676	38.0
677	24.0
678	26.0
679	38.0
680	38.0
681	38.0
682	38.0
683	38.0
684	16.0
685	38.0
686	38.0
687	38.0
688	38.0
689	38.0
690	38.0
691	38.0
692	38.0
693	37.0
694	38.0
695	38.0
696	38.0
697	38.0
698	38.0
699	38.0
700	38.0
701	38.0
702	26.0
703	38.0
704	38.0
705	38.0
706	22.0
707	38.0
708	38.0
709	38.0
710	38.0
711	38.0
712	38.0
713	38.0
714	38.0
715	38.0
716	38.0
717	38.0
718	38.0
719	38.0
720	38.0
721	38.0
722	38.0
723	38.0
724	26.0
725	38.0
726	38.0
727	24.0
728	35.0
729	20.0
730	38.0
731	26.0
732	10.0
733	38.0
734	16.0
735	38.0
736	38.0
737	38.0
738	38.0
739	37.0
740	33.0
741	22.0
742	38.0
743	38.0
744	29.0
745	38.0
746	33.0
747	38.0
748	38.0
749	38.0
750	33.0
751	31.0
752	38.0
753	38.0
754	38.0
755	38.0
756	20.0
757	38.0
758	35.0
759	38.0
760	12.0
761	37.0
762	33.0
763	38.0
764	38.0
765	28.0
766	38.0
767	38.0
768	38.0
769	38.0
770	25.0
771	29.0
772	38.0
773	38.0
774	8.0
775	38.0
776	38.0
777	37.0
778	38.0
779	10.0
780	38.0
781	38.0
782	38.0
783	20.0
784	38.0
785	38.0
786	20.0
787	29.0
788	38.0
789	33.0
790	38.0
791	38.0
792	24.0
793	38.0
794	38.0
795	38.0
796	20.0
797	38.0
798	38.0
799	38.0
800	38.0
801	38.0
802	38.0
803	28.0
804	26.0
805	33.0
806	38.0
807	38.0
808	38.0
809	38.0
810	38.0
811	38.0
812	38.0
813	38.0
814	38.0
815	38.0
816	38.0
817	38.0
818	38.0
819	38.0
820	38.0
821	27.0
822	38.0
823	37.0
824	38.0
825	38.0
826	33.0
827	38.0
828	38.0
829	38.0
830	38.0
831	32.0
832	38.0
833	16.0
834	38.0
835	22.0
836	38.0
837	38.0
838	38.0
839	24.0
840	38.0
841	38.0
842	38.0
843	12.0
844	38.0
845	38.0
846	38.0
847	38.0
848	38.0
849	38.0
850	38.0
851	38.0
852	38.0
853	38.0
854	38.0
855	38.0
856	37.0
857	38.0
858	29.0
859	38.0
860	38.0
861	26.0
862	38.0
863	38.0
864	27.0
865	28.0
866	38.0
867	38.0
868	38.0
869	28.0
870	38.0
871	38.0
872	38.0
873	26.0
874	38.0
875	38.0
876	38.0
877	38.0
878	38.0
879	33.0
880	38.0
881	38.0
882	38.0
883	38.0
884	38.0
885	38.0
886	38.0
887	20.0
888	38.0
889	38.0
890	35.0
891	38.0
892	38.0
893	38.0
894	38.0
895	20.0
896	38.0
897	38.0
898	27.0
899	38.0
900	18.0
901	33.0
902	38.0
903	38.0
904	28.0
905	38.0
906	24.0
907	38.0
908	38.0
909	38.0
910	38.0
911	38.0
912	38.0
913	33.0
914	38.0
915	38.0
916	38.0
917	38.0
918	29.0
919	38.0
920	37.0
921	33.0
922	38.0
923	38.0
924	38.0
925	38.0
926	38.0
927	20.0
928	36.0
929	35.0
930	38.0
931	27.0
932	38.0
933	38.0
934	38.0
935	31.0
936	38.0
937	25.0
938	38.0
939	38.0
940	33.0
941	38.0
942	38.0
943	38.0
944	38.0
945	38.0
946	38.0
947	35.0
948	38.0
949	38.0
950	38.0
951	24.0
952	38.0
953	14.0
954	38.0
955	38.0
956	29.0
957	38.0
958	38.0
959	38.0
960	35.0
961	38.0
962	38.0
963	38.0
964	38.0
965	35.0
966	38.0
967	38.0
968	38.0
969	38.0
970	38.0
971	38.0
972	38.0
973	33.0
974	38.0
975	38.0
976	33.0
977	35.0
978	38.0
979	38.0
980	38.0
981	38.0
982	35.0
983	38.0
984	38.0
985	35.0
986	38.0
987	27.0
988	35.0
989	38.0
990	35.0
991	35.0
992	38.0
993	38.0
994	38.0
995	33.0
996	38.0
997	38.0
998	27.0
999	38.0
1000	38.0
1001	24.0
1002	26.0
1003	33.0
1004	38.0
1005	38.0
1006	38.0
1007	37.0
1008	38.0
1009	26.0
1010	38.0
1011	38.0
1012	38.0
1013	38.0
1014	38.0
1015	38.0
1016	33.0
1017	35.0
1018	30.0
1019	14.0
1020	38.0
1021	38.0
1022	38.0
1023	38.0
1024	38.0
1025	38.0
1026	38.0
1027	38.0
1028	38.0
1029	37.0
1030	38.0
1031	38.0
1032	35.0
1033	33.0
1034	33.0
1035	38.0
1036	38.0
1037	38.0
1038	38.0
1039	22.0
1040	33.0
1041	20.0
1042	35.0
1043	20.0
1044	38.0
1045	35.0
1046	38.0
1047	38.0
1048	38.0
1049	38.0
1050	38.0
1051	38.0
1052	38.0
1053	38.0
1054	38.0
1055	38.0
1056	38.0
1057	38.0
1058	38.0
1059	38.0
1060	24.0
1061	31.0
1062	38.0
1063	38.0
1064	30.0
1065	38.0
1066	38.0
1067	38.0
1068	31.0
1069	35.0
1070	28.0
1071	38.0
1072	38.0
1073	38.0
1074	35.0
1075	35.0
1076	26.0
1077	33.0
1078	38.0
1079	38.0
1080	38.0
1081	38.0
1082	35.0
1083	38.0
1084	37.0
1085	38.0
1086	16.0
1087	38.0
1088	28.0
1089	38.0
1090	38.0
1091	31.0
1092	38.0
1093	38.0
1094	29.0
1095	38.0
1096	38.0
1097	38.0
1098	38.0
1099	38.0
1100	38.0
1101	38.0
1102	38.0
1103	38.0
1104	38.0
1105	38.0
1106	14.0
1107	35.0
1108	20.0
1109	38.0
1110	14.0
1111	38.0
1112	33.0
1113	30.0
1114	35.0
1115	38.0
1116	38.0
1117	31.0
1118	38.0
1119	33.0
1120	38.0
1121	37.0
1122	33.0
1123	38.0
1124	38.0
1125	38.0
1126	38.0
1127	38.0
1128	38.0
1129	16.0
1130	38.0
1131	38.0
1132	38.0
1133	38.0
1134	38.0
1135	38.0
1136	38.0
1137	38.0
1138	38.0
1139	38.0
1140	38.0
1141	28.0
1142	38.0
1143	38.0
1144	38.0
1145	27.0
1146	35.0
1147	38.0
1148	38.0
1149	38.0
1150	38.0
1151	38.0
1152	38.0
1153	38.0
1154	29.0
1155	38.0
1156	38.0
1157	38.0
1158	38.0
1159	38.0
1160	38.0
1161	38.0
1162	38.0
1163	38.0
1164	38.0
1165	38.0
1166	29.0
1167	38.0
1168	38.0
1169	38.0
1170	20.0
1171	33.0
1172	38.0
1173	38.0
1174	38.0
1175	38.0
1176	31.0
1177	29.0
1178	38.0
1179	38.0
1180	26.0
1181	38.0
1182	35.0
1183	29.0
1184	35.0
1185	18.0
1186	28.0
1187	38.0
1188	38.0
1189	25.0
1190	37.0
1191	38.0
1192	38.0
1193	37.0
1194	38.0
1195	38.0
1196	38.0
1197	29.0
1198	38.0
1199	38.0
1200	38.0
1201	38.0
1202	38.0
1203	38.0
1204	38.0
1205	38.0
1206	35.0
1207	38.0
1208	33.0
1209	38.0
1210	38.0
1211	35.0
1212	38.0
1213	31.0
1214	38.0
1215	29.0
1216	38.0
1217	38.0
1218	38.0
1219	38.0
1220	35.0
1221	38.0
1222	38.0
1223	37.0
1224	38.0
1225	38.0
1226	38.0
1227	28.0
1228	38.0
1229	38.0
1230	31.0
1231	22.0
1232	38.0
1233	38.0
1234	38.0
1235	38.0
1236	38.0
1237	38.0
1238	38.0
1239	35.0
1240	38.0
1241	22.0
1242	38.0
1243	28.0
1244	14.0
1245	38.0
1246	37.0
1247	38.0
1248	38.0
1249	38.0
1250	33.0
1251	38.0
1252	38.0
1253	38.0
1254	38.0
1255	27.0
1256	38.0
1257	38.0
1258	35.0
1259	38.0
1260	33.0
1261	38.0
1262	37.0
1263	38.0
1264	18.0
1265	38.0
1266	38.0
1267	38.0
1268	38.0
1269	38.0
1270	38.0
1271	38.0
1272	38.0
1273	38.0
1274	12.0
1275	38.0
1276	20.0
1277	29.0
1278	28.0
1279	38.0
1280	38.0
1281	38.0
1282	33.0
1283	38.0
1284	27.0
1285	38.0
1286	33.0
1287	38.0
1288	31.0
1289	29.0
1290	38.0
1291	38.0
1292	38.0
1293	33.0
1294	38.0
1295	38.0
1296	38.0
1297	33.0
1298	35.0
1299	38.0
1300	25.0
1301	31.0
1302	35.0
1303	8.0
1304	37.0
1305	38.0
1306	38.0
1307	38.0
1308	38.0
1309	38.0
1310	38.0
1311	38.0
1312	38.0
1313	38.0
1314	38.0
1315	38.0
1316	38.0
1317	38.0
1318	38.0
1319	37.0
1320	38.0
1321	38.0
1322	38.0
1323	38.0
1324	38.0
1325	36.0
1326	38.0
1327	38.0
1328	38.0
1329	38.0
1330	38.0
1331	38.0
1332	8.0
1333	38.0
1334	24.0
1335	33.0
1336	38.0
1337	37.0
1338	38.0
1339	37.0
1340	38.0
1341	38.0
1342	38.0
1343	38.0
1344	38.0
1345	38.0
1346	38.0
1347	38.0
1348	38.0
1349	38.0
1350	38.0
1351	38.0
1352	38.0
1353	38.0
1354	37.0
1355	38.0
1356	38.0
1357	38.0
1358	38.0
1359	38.0
1360	38.0
1361	38.0
1362	38.0
1363	31.0
1364	35.0
1365	38.0
1366	38.0
1367	38.0
1368	38.0
1369	38.0
1370	38.0
1371	38.0
1372	37.0
1373	38.0
1374	38.0
1375	37.0
1376	24.0
1377	38.0
1378	38.0
1379	14.0
1380	27.0
1381	22.0
1382	38.0
1383	38.0
1384	38.0
1385	38.0
1386	38.0
1387	38.0
1388	38.0
1389	38.0
1390	38.0
1391	38.0
1392	35.0
1393	38.0
1394	38.0
1395	27.0
1396	38.0
1397	38.0
1398	38.0
1399	38.0
1400	24.0
1401	38.0
1402	38.0
1403	38.0
1404	38.0
1405	38.0
1406	38.0
1407	38.0
1408	38.0
1409	38.0
1410	32.0
1411	38.0
1412	38.0
1413	38.0
1414	38.0
1415	38.0
1416	18.0
1417	38.0
1418	27.0
1419	32.0
1420	38.0
1421	38.0
1422	38.0
1423	28.0
1424	34.0
1425	22.0
1426	38.0
1427	38.0
1428	37.0
1429	38.0
1430	38.0
1431	38.0
1432	12.0
1433	38.0
1434	31.0
1435	38.0
1436	12.0
1437	29.0
1438	38.0
1439	38.0
1440	30.0
1441	35.0
1442	38.0
1443	38.0
1444	38.0
1445	38.0
1446	20.0
1447	35.0
1448	31.0
1449	38.0
1450	38.0
1451	38.0
1452	38.0
1453	31.0
1454	28.0
1455	32.0
1456	38.0
1457	38.0
1458	38.0
1459	38.0
1460	38.0
1461	31.0
1462	38.0
1463	38.0
1464	38.0
1465	38.0
1466	38.0
1467	38.0
1468	38.0
1469	38.0
1470	38.0
1471	35.0
1472	38.0
1473	38.0
1474	38.0
1475	38.0
1476	38.0
1477	38.0
1478	28.0
1479	38.0
1480	36.0
1481	33.0
1482	38.0
1483	34.0
1484	33.0
1485	38.0
1486	38.0
1487	35.0
1488	38.0
1489	38.0
1490	38.0
1491	38.0
1492	38.0
1493	27.0
1494	36.0
1495	38.0
1496	38.0
1497	24.0
1498	38.0
1499	31.0
1500	38.0
1501	38.0
1502	31.0
1503	38.0
1504	38.0
1505	38.0
1506	37.0
1507	38.0
1508	31.0
1509	38.0
1510	38.0
1511	32.0
1512	37.0
1513	18.0
1514	38.0
1515	38.0
1516	38.0
1517	38.0
1518	38.0
1519	38.0
1520	38.0
1521	38.0
1522	38.0
1523	38.0
1524	38.0
1525	38.0
1526	38.0
1527	35.0
1528	38.0
1529	22.0
1530	26.0
1531	38.0
1532	30.0
1533	38.0
1534	38.0
1535	38.0
1536	38.0
1537	38.0
1538	38.0
1539	38.0
1540	38.0
1541	38.0
1542	38.0
1543	33.0
1544	38.0
1545	38.0
1546	38.0
1547	38.0
1548	38.0
1549	12.0
1550	38.0
1551	29.0
1552	38.0
1553	38.0
1554	32.0
1555	38.0
1556	38.0
1557	35.0
1558	28.0
1559	38.0
1560	38.0
1561	38.0
1562	38.0
1563	38.0
1564	38.0
1565	38.0
1566	38.0
1567	38.0
1568	38.0
1569	38.0
1570	38.0
1571	38.0
1572	10.0
1573	38.0
1574	38.0
1575	31.0
1576	38.0
1577	38.0
1578	38.0
1579	29.0
1580	38.0
1581	38.0
1582	38.0
1583	20.0
1584	37.0
1585	18.0
1586	12.0
1587	29.0
1588	38.0
1589	38.0
1590	38.0
1591	33.0
1592	35.0
1593	38.0
1594	38.0
1595	30.0
1596	38.0
1597	30.0
1598	35.0
1599	38.0
1600	38.0
1601	31.0
1602	12.0
1603	38.0
1604	38.0
1605	22.0
1606	33.0
1607	31.0
1608	38.0
1609	38.0
1610	38.0
1611	38.0
1612	38.0
1613	38.0
1614	38.0
1615	38.0
1616	38.0
1617	38.0
1618	33.0
1619	38.0
1620	33.0
1621	38.0
1622	30.0
1623	31.0
1624	38.0
1625	38.0
1626	38.0
1627	29.0
1628	38.0
1629	38.0
1630	38.0
1631	38.0
1632	38.0
1633	38.0
1634	38.0
1635	16.0
1636	38.0
1637	38.0
1638	38.0
1639	35.0
1640	27.0
1641	38.0
1642	18.0
1643	38.0
1644	35.0
1645	38.0
1646	38.0
1647	38.0
1648	38.0
1649	29.0
1650	38.0
1651	38.0
1652	38.0
1653	38.0
1654	38.0
1655	38.0
1656	38.0
1657	38.0
1658	38.0
1659	38.0
1660	38.0
1661	38.0
1662	24.0
1663	38.0
1664	38.0
1665	37.0
1666	22.0
1667	38.0
1668	38.0
1669	29.0
1670	38.0
1671	38.0
1672	38.0
1673	38.0
1674	33.0
1675	38.0
1676	38.0
1677	38.0
1678	35.0
1679	37.0
1680	38.0
1681	38.0
1682	38.0
1683	38.0
1684	38.0
1685	26.0
1686	38.0
1687	33.0
1688	38.0
1689	38.0
1690	38.0
1691	31.0
1692	35.0
1693	38.0
1694	38.0
1695	38.0
1696	16.0
1697	38.0
1698	38.0
1699	38.0
1700	38.0
1701	38.0
1702	34.0
1703	38.0
1704	38.0
1705	38.0
1706	38.0
1707	38.0
1708	38.0
1709	38.0
1710	38.0
1711	30.0
1712	37.0
1713	38.0
1714	37.0
1715	38.0
1716	38.0
1717	29.0
1718	29.0
1719	38.0
1720	38.0
1721	38.0
1722	38.0
1723	38.0
1724	38.0
1725	38.0
1726	38.0
1727	38.0
1728	38.0
1729	38.0
1730	33.0
1731	22.0
1732	14.0
1733	38.0
1734	38.0
1735	38.0
1736	38.0
1737	22.0
1738	26.0
1739	31.0
1740	38.0
1741	38.0
1742	38.0
1743	38.0
1744	38.0
1745	38.0
1746	30.0
1747	38.0
1748	36.0
1749	38.0
1750	38.0
1751	38.0
1752	38.0
1753	35.0
1754	38.0
1755	38.0
1756	38.0
1757	28.0
1758	26.0
1759	38.0
1760	38.0
1761	38.0
1762	38.0
1763	38.0
1764	37.0
1765	33.0
1766	16.0
1767	38.0
1768	38.0
1769	38.0
1770	38.0
1771	30.0
1772	38.0
1773	20.0
1774	33.0
1775	38.0
1776	38.0
1777	33.0
1778	20.0
1779	38.0
1780	38.0
1781	38.0
1782	38.0
1783	38.0
1784	38.0
1785	20.0
1786	38.0
1787	38.0
1788	20.0
1789	38.0
1790	38.0
1791	38.0
1792	38.0
1793	38.0
1794	38.0
1795	27.0
1796	38.0
1797	34.0
1798	38.0
1799	38.0
1800	22.0
1801	38.0
1802	38.0
1803	38.0
1804	38.0
1805	38.0
1806	38.0
1807	38.0
1808	38.0
1809	38.0
1810	38.0
1811	38.0
1812	24.0
1813	38.0
1814	26.0
1815	29.0
1816	38.0
1817	26.0
1818	22.0
1819	38.0
1820	38.0
1821	29.0
1822	38.0
1823	38.0
1824	38.0
1825	38.0
1826	38.0
1827	35.0
1828	38.0
1829	38.0
1830	18.0
1831	35.0
1832	38.0
1833	38.0
1834	38.0
1835	38.0
1836	31.0
1837	37.0
1838	38.0
1839	38.0
1840	38.0
1841	38.0
1842	31.0
1843	31.0
1844	20.0
1845	38.0
1846	38.0
1847	38.0
1848	26.0
1849	38.0
1850	38.0
1851	38.0
1852	38.0
1853	38.0
1854	38.0
1855	38.0
1856	38.0
1857	38.0
1858	38.0
1859	38.0
1860	32.0
1861	38.0
1862	38.0
1863	38.0
1864	38.0
1865	38.0
1866	38.0
1867	38.0
1868	29.0
1869	28.0
1870	38.0
1871	38.0
1872	35.0
1873	38.0
1874	38.0
1875	29.0
1876	35.0
1877	30.0
1878	30.0
1879	38.0
1880	38.0
1881	38.0
1882	38.0
1883	38.0
1884	38.0
1885	38.0
1886	38.0
1887	38.0
1888	38.0
1889	38.0
1890	38.0
1891	38.0
1892	38.0
1893	25.0
1894	38.0
1895	30.0
1896	38.0
1897	38.0
1898	38.0
1899	38.0
1900	38.0
1901	38.0
1902	38.0
1903	31.0
1904	24.0
1905	20.0
1906	31.0
1907	38.0
1908	38.0
1909	38.0
1910	20.0
1911	38.0
1912	38.0
1913	27.0
1914	38.0
1915	38.0
1916	38.0
1917	38.0
1918	38.0
1919	38.0
1920	38.0
1921	38.0
1922	38.0
1923	38.0
1924	38.0
1925	33.0
1926	28.0
1927	38.0
1928	35.0
1929	38.0
1930	38.0
1931	38.0
1932	38.0
1933	27.0
1934	38.0
1935	38.0
1936	38.0
1937	38.0
1938	38.0
1939	38.0
1940	38.0
1941	38.0
1942	35.0
1943	38.0
1944	38.0
1945	38.0
1946	38.0
1947	38.0
1948	29.0
1949	38.0
1950	38.0
1951	30.0
1952	33.0
1953	35.0
1954	22.0
1955	38.0
1956	38.0
1957	35.0
1958	18.0
1959	38.0
1960	38.0
1961	37.0
1962	38.0
1963	38.0
1964	38.0
1965	38.0
1966	20.0
1967	38.0
1968	38.0
1969	20.0
1970	20.0
1971	12.0
1972	38.0
1973	20.0
1974	4.0
1975	38.0
1976	38.0
1977	38.0
1978	37.0
1979	38.0
1980	35.0
1981	38.0
1982	38.0
1983	38.0
1984	38.0
1985	38.0
1986	35.0
1987	38.0
1988	35.0
1989	38.0
1990	38.0
1991	38.0
1992	38.0
1993	28.0
1994	38.0
1995	38.0
1996	38.0
1997	38.0
1998	38.0
1999	35.0
2000	38.0
2001	32.0
2002	38.0
2003	28.0
2004	38.0
2005	38.0
2006	38.0
2007	38.0
2008	14.0
2009	26.0
2010	38.0
2011	38.0
2012	38.0
2013	38.0
2014	38.0
2015	18.0
2016	38.0
2017	38.0
2018	38.0
2019	33.0
2020	38.0
2021	38.0
2022	38.0
2023	38.0
2024	30.0
2025	24.0
2026	38.0
2027	31.0
2028	38.0
2029	35.0
2030	35.0
2031	38.0
2032	38.0
2033	34.0
2034	38.0
2035	35.0
2036	26.0
2037	28.0
2038	38.0
2039	38.0
2040	38.0
2041	33.0
2042	38.0
2043	38.0
2044	38.0
2045	38.0
2046	35.0
2047	33.0
2048	38.0
2049	38.0
2050	38.0
2051	38.0
2052	28.0
2053	38.0
2054	38.0
2055	38.0
2056	38.0
2057	38.0
2058	38.0
2059	38.0
2060	38.0
2061	37.0
2062	38.0
2063	38.0
2064	38.0
2065	38.0
2066	38.0
2067	35.0
2068	38.0
2069	38.0
2070	38.0
2071	38.0
2072	38.0
2073	38.0
2074	30.0
2075	38.0
2076	38.0
2077	38.0
2078	38.0
2079	38.0
2080	38.0
2081	38.0
2082	38.0
2083	38.0
2084	38.0
2085	37.0
2086	27.0
2087	38.0
2088	38.0
2089	38.0
2090	38.0
2091	37.0
2092	38.0
2093	38.0
2094	38.0
2095	38.0
2096	38.0
2097	38.0
2098	38.0
2099	38.0
2100	38.0
2101	33.0
2102	38.0
2103	38.0
2104	38.0
2105	38.0
2106	32.0
2107	38.0
2108	38.0
2109	38.0
2110	38.0
2111	37.0
2112	38.0
2113	38.0
2114	38.0
2115	38.0
2116	38.0
2117	30.0
2118	38.0
2119	38.0
2120	30.0
2121	38.0
2122	33.0
2123	38.0
2124	38.0
2125	38.0
2126	38.0
2127	38.0
2128	35.0
2129	38.0
2130	38.0
2131	20.0
2132	38.0
2133	38.0
2134	38.0
2135	31.0
2136	38.0
2137	36.0
2138	31.0
2139	37.0
2140	38.0
2141	38.0
2142	38.0
2143	38.0
2144	38.0
2145	38.0
2146	33.0
2147	38.0
2148	38.0
2149	38.0
2150	38.0
2151	38.0
2152	38.0
2153	38.0
2154	38.0
2155	24.0
2156	38.0
2157	38.0
2158	38.0
2159	33.0
2160	38.0
2161	38.0
2162	38.0
2163	16.0
2164	38.0
2165	38.0
2166	36.0
2167	38.0
2168	37.0
2169	38.0
2170	38.0
2171	38.0
2172	38.0
2173	27.0
2174	38.0
2175	38.0
2176	38.0
2177	38.0
2178	38.0
2179	38.0
2180	38.0
2181	38.0
2182	38.0
2183	38.0
2184	38.0
2185	38.0
2186	38.0
2187	38.0
2188	27.0
2189	38.0
2190	37.0
2191	38.0
2192	38.0
2193	35.0
2194	38.0
2195	38.0
2196	38.0
2197	38.0
2198	38.0
2199	16.0
2200	38.0
2201	38.0
2202	38.0
2203	38.0
2204	38.0
2205	38.0
2206	38.0
2207	38.0
2208	38.0
2209	38.0
2210	37.0
2211	38.0
2212	38.0
2213	38.0
2214	38.0
2215	38.0
2216	38.0
2217	38.0
2218	38.0
2219	38.0
2220	38.0
2221	38.0
2222	38.0
2223	38.0
2224	38.0
2225	31.0
2226	31.0
2227	31.0
2228	38.0
2229	38.0
2230	12.0
2231	38.0
2232	38.0
2233	38.0
2234	38.0
2235	38.0
2236	33.0
2237	38.0
2238	38.0
2239	38.0
2240	38.0
2241	38.0
2242	30.0
2243	38.0
2244	35.0
2245	35.0
2246	38.0
2247	37.0
2248	38.0
2249	38.0
2250	38.0
2251	31.0
2252	38.0
2253	38.0
2254	38.0
2255	38.0
2256	34.0
2257	38.0
2258	38.0
2259	38.0
2260	33.0
2261	38.0
2262	38.0
2263	38.0
2264	38.0
2265	38.0
2266	38.0
2267	38.0
2268	38.0
2269	38.0
2270	12.0
2271	38.0
2272	38.0
2273	38.0
2274	38.0
2275	38.0
2276	38.0
2277	38.0
2278	38.0
2279	38.0
2280	38.0
2281	38.0
2282	38.0
2283	38.0
2284	38.0
2285	38.0
2286	38.0
2287	29.0
2288	38.0
2289	38.0
2290	29.0
2291	38.0
2292	38.0
2293	38.0
2294	38.0
2295	38.0
2296	38.0
2297	38.0
2298	38.0
2299	38.0
2300	37.0
2301	38.0
2302	38.0
2303	38.0
2304	38.0
2305	38.0
2306	38.0
2307	38.0
2308	30.0
2309	38.0
2310	38.0
2311	38.0
2312	38.0
2313	38.0
2314	38.0
2315	38.0
2316	38.0
2317	38.0
2318	38.0
2319	38.0
2320	38.0
2321	38.0
2322	38.0
2323	38.0
2324	38.0
2325	38.0
2326	38.0
2327	38.0
2328	38.0
2329	38.0
2330	35.0
2331	37.0
2332	38.0
2333	38.0
2334	38.0
2335	38.0
2336	38.0
2337	38.0
2338	38.0
2339	38.0
2340	38.0
2341	38.0
2342	38.0
2343	38.0
2344	38.0
2345	38.0
2346	38.0
2347	38.0
2348	38.0
2349	38.0
2350	38.0
2351	38.0
2352	38.0
2353	38.0
2354	38.0
2355	38.0
2356	38.0
2357	38.0
2358	38.0
2359	38.0
2360	38.0
2361	38.0
2362	38.0
2363	35.0
2364	38.0
2365	38.0
2366	38.0
2367	38.0
2368	38.0
2369	38.0
2370	38.0
2371	28.0
2372	38.0
2373	38.0
2374	38.0
2375	38.0
2376	38.0
2377	38.0
2378	38.0
2379	38.0
2380	38.0
2381	38.0
2382	38.0
2383	38.0
2384	38.0
2385	38.0
2386	33.0
2387	38.0
2388	38.0
2389	38.0
2390	38.0
2391	38.0
2392	38.0
2393	38.0
2394	38.0
2395	29.0
2396	37.0
2397	38.0
2398	38.0
2399	38.0
2400	38.0
2401	38.0
2402	38.0
2403	38.0
2404	38.0
2405	38.0
2406	38.0
2407	38.0
2408	38.0
2409	38.0
2410	38.0
2411	38.0
2412	38.0
2413	38.0
2414	38.0
2415	38.0
2416	38.0
2417	38.0
2418	38.0
2419	38.0
2420	38.0
2421	38.0
2422	38.0
2423	38.0
2424	38.0
2425	38.0
2426	38.0
2427	38.0
2428	38.0
2429	38.0
2430	38.0
2431	38.0
2432	38.0
2433	38.0
2434	38.0
2435	38.0
2436	38.0
2437	37.0
2438	38.0
2439	38.0
2440	38.0
2441	38.0
2442	38.0
2443	38.0
2444	38.0
2445	38.0
2446	38.0
2447	38.0
2448	38.0
2449	38.0
2450	38.0
2451	38.0
2452	38.0
2453	38.0
2454	38.0
2455	38.0
2456	38.0
2457	38.0
2458	38.0
2459	38.0
2460	38.0
2461	38.0
2462	33.0
2463	38.0
2464	38.0
2465	38.0
2466	38.0
2467	29.0
2468	38.0
2469	38.0
2470	38.0
2471	38.0
2472	38.0
2473	38.0
2474	38.0
2475	38.0
2476	38.0
2477	38.0
2478	38.0
2479	38.0
2480	38.0
2481	38.0
2482	38.0
2483	38.0
2484	38.0
2485	38.0
2486	38.0
2487	38.0
2488	38.0
2489	38.0
2490	38.0
2491	38.0
2492	38.0
2493	38.0
2494	38.0
2495	38.0
2496	38.0
2497	38.0
2498	38.0
2499	38.0
2500	38.0
2501	38.0
2502	38.0
2503	38.0
2504	38.0
2505	38.0
2506	27.0
2507	38.0
2508	38.0
2509	38.0
2510	38.0
2511	38.0
2512	38.0
2513	38.0
2514	38.0
2515	38.0
2516	38.0
2517	38.0
2518	38.0
2519	38.0
2520	38.0
2521	38.0
2522	38.0
2523	38.0
2524	38.0
2525	38.0
2526	37.0
2527	38.0
2528	38.0
2529	38.0
2530	38.0
2531	38.0
2532	38.0
2533	38.0
2534	29.0
2535	38.0
2536	38.0
2537	38.0
2538	38.0
2539	38.0
2540	38.0
2541	38.0
2542	38.0
2543	38.0
2544	38.0
2545	38.0
2546	38.0
2547	38.0
2548	38.0
2549	38.0
2550	38.0
2551	38.0
2552	38.0
2553	38.0
2554	38.0
2555	38.0
2556	38.0
2557	38.0
2558	38.0
2559	38.0
2560	38.0
2561	38.0
2562	38.0
2563	38.0
2564	38.0
2565	38.0
2566	38.0
2567	38.0
2568	38.0
2569	38.0
2570	38.0
2571	38.0
2572	38.0
2573	38.0
2574	38.0
2575	38.0
2576	38.0
2577	38.0
2578	38.0
2579	38.0
2580	38.0
2581	38.0
2582	38.0
2583	38.0
2584	38.0
2585	38.0
2586	38.0
2587	38.0
2588	38.0
2589	38.0
2590	38.0
2591	38.0
2592	38.0
2593	38.0
2594	38.0
2595	38.0
2596	38.0
2597	38.0
2598	38.0
2599	38.0
2600	38.0
2601	38.0
2602	38.0
2603	38.0
2604	38.0
2605	38.0
2606	38.0
2607	38.0
2608	38.0
2609	32.0
2610	38.0
2611	38.0
2612	38.0
2613	38.0
2614	38.0
2615	38.0
2616	38.0
2617	38.0
2618	38.0
2619	38.0
2620	38.0
2621	38.0
2622	38.0
2623	38.0
2624	38.0
2625	38.0
2626	38.0
2627	38.0
2628	38.0
2629	38.0
2630	38.0
2631	38.0
2632	38.0
2633	38.0
2634	38.0
2635	38.0
2636	38.0
2637	38.0
2638	38.0
2639	38.0
2640	38.0
2641	38.0
2642	38.0
2643	38.0
2644	38.0
2645	38.0
2646	38.0
2647	38.0
2648	38.0
2649	38.0
2650	38.0
2651	38.0
2652	38.0
2653	38.0
2654	38.0
2655	38.0
2656	38.0
2657	38.0
2658	38.0
2659	38.0
2660	38.0
2661	38.0
2662	38.0
2663	38.0
2664	38.0
2665	38.0
2666	38.0
2667	38.0
2668	38.0
2669	38.0
2670	38.0
2671	38.0
2672	38.0
2673	38.0
2674	38.0
2675	38.0
2676	38.0
2677	38.0
2678	38.0
2679	38.0
2680	38.0
2681	38.0
2682	38.0
2683	38.0
2684	38.0
2685	38.0
2686	38.0
2687	38.0
2688	38.0
2689	38.0
2690	38.0
2691	38.0
2692	38.0
2693	38.0
2694	38.0
2695	38.0
2696	38.0
2697	38.0
2698	38.0
2699	38.0
2700	38.0
2701	38.0
2702	38.0
2703	38.0
2704	38.0
2705	38.0
2706	38.0
2707	38.0
2708	38.0
2709	38.0
2710	38.0
2711	38.0
2712	38.0
2713	38.0
2714	38.0
2715	38.0
2716	38.0
2717	38.0
2718	38.0
2719	38.0
2720	38.0
2721	38.0
2722	38.0
2723	38.0
2724	38.0
2725	38.0
2726	38.0
2727	38.0
2728	38.0
2729	38.0
2730	38.0
2731	38.0
2732	38.0
2733	38.0
2734	38.0
2735	38.0
2736	38.0
2737	38.0
2738	38.0
2739	38.0
2740	38.0
2741	38.0
2742	38.0
2743	38.0
2744	38.0
2745	38.0
2746	38.0
2747	38.0
