0	13780.0
1	13644.0
2	14052.0
3	14224.0
4	13524.0
5	13432.0
6	13924.0
7	13480.0
8	13564.0
9	13784.0
10	13344.0
11	14096.0
12	13624.0
13	14160.0
14	13524.0
15	14124.0
16	13480.0
17	13584.0
18	13700.0
19	13804.0
20	14108.0
21	13332.0
22	13236.0
23	13676.0
24	13624.0
25	13712.0
26	13556.0
27	13152.0
28	13716.0
29	13452.0
30	13208.0
31	13448.0
32	13432.0
33	13200.0
34	13364.0
35	13644.0
36	13196.0
37	14536.0
38	13372.0
39	13220.0
40	13464.0
41	13792.0
42	13416.0
43	13536.0
44	14248.0
45	13460.0
46	13544.0
47	13768.0
48	13292.0
49	13916.0
50	13320.0
51	13216.0
52	14092.0
53	13784.0
54	13360.0
55	13672.0
56	13332.0
57	13608.0
58	13492.0
59	13416.0
60	13112.0
61	13700.0
62	13836.0
63	13660.0
64	13228.0
65	14148.0
66	13912.0
67	13856.0
68	13520.0
69	13832.0
70	13996.0
71	13824.0
72	13840.0
73	14044.0
74	13736.0
75	13692.0
76	13564.0
77	13856.0
78	13536.0
79	13920.0
80	13656.0
81	13468.0
82	14092.0
83	14268.0
84	14196.0
85	14444.0
86	13832.0
87	13680.0
88	14264.0
89	13900.0
90	14284.0
91	14372.0
92	14180.0
93	13312.0
94	14164.0
95	14092.0
96	14220.0
97	13868.0
98	14196.0
99	14360.0
100	13856.0
101	14584.0
102	13896.0
103	14116.0
104	13844.0
105	14128.0
106	13948.0
107	14176.0
108	14336.0
109	14148.0
110	14348.0
111	14008.0
112	14568.0
113	14132.0
114	14304.0
115	14208.0
116	13976.0
117	14452.0
118	14456.0
119	14692.0
120	13808.0
121	14452.0
122	14008.0
123	14120.0
124	14172.0
125	14032.0
126	14240.0
127	14560.0
128	14240.0
129	14304.0
130	14252.0
131	14228.0
132	13576.0
133	14104.0
134	14696.0
135	14308.0
136	14088.0
137	13908.0
138	14232.0
139	13448.0
140	13992.0
141	13272.0
142	13876.0
143	13276.0
144	13516.0
145	14000.0
146	14000.0
147	13088.0
148	13448.0
149	13752.0
150	13480.0
151	13636.0
152	13576.0
153	13740.0
154	14264.0
155	13484.0
156	13920.0
157	14664.0
158	13728.0
159	13960.0
160	13444.0
161	14104.0
162	14116.0
163	13692.0
164	13888.0
165	13468.0
166	14036.0
167	13904.0
168	13828.0
169	14172.0
170	14364.0
171	14476.0
172	13796.0
173	13580.0
174	13800.0
175	13080.0
176	13748.0
177	13712.0
178	13860.0
179	14024.0
180	13404.0
181	13832.0
182	14020.0
183	13968.0
184	14128.0
185	13944.0
186	13776.0
187	13780.0
188	13460.0
189	13992.0
190	13680.0
191	13532.0
192	13732.0
193	14356.0
194	13956.0
195	13736.0
196	13756.0
197	13212.0
198	13856.0
199	13704.0
200	14352.0
201	14476.0
202	14440.0
203	13880.0
204	14316.0
205	14144.0
206	14252.0
207	14512.0
208	14648.0
209	14528.0
210	14496.0
211	14184.0
212	14908.0
213	14644.0
214	14456.0
215	14000.0
216	14068.0
217	13892.0
218	13804.0
219	14068.0
220	13928.0
221	14884.0
222	14048.0
223	13952.0
224	14388.0
225	14676.0
226	14636.0
227	14544.0
228	14372.0
229	13888.0
230	13984.0
231	14376.0
232	14696.0
233	14024.0
234	14600.0
235	14200.0
236	14608.0
237	14652.0
238	14076.0
239	14368.0
240	14728.0
241	14228.0
242	14480.0
243	13924.0
244	14060.0
245	13700.0
246	13888.0
247	14380.0
248	14308.0
249	13428.0
250	14252.0
251	14644.0
252	14260.0
253	13316.0
254	14252.0
255	14024.0
256	14024.0
257	14212.0
258	14036.0
259	14432.0
260	14216.0
261	12492.0
262	12708.0
263	13448.0
264	13848.0
265	14536.0
266	14220.0
267	14064.0
268	13820.0
269	13212.0
270	12736.0
271	14436.0
272	14096.0
273	13964.0
274	14592.0
275	13904.0
276	13968.0
277	14240.0
278	14240.0
279	14208.0
280	14064.0
281	14384.0
282	14312.0
283	14344.0
284	14592.0
285	14424.0
286	13920.0
287	13472.0
288	13600.0
289	14804.0
290	14304.0
291	14336.0
292	14288.0
293	14124.0
294	14644.0
295	14652.0
296	14580.0
297	14608.0
298	14556.0
299	14616.0
300	14716.0
301	14132.0
302	14324.0
303	13684.0
304	14284.0
305	13752.0
306	14144.0
307	13920.0
308	14212.0
309	14168.0
310	14520.0
311	14428.0
312	14152.0
313	14544.0
314	14268.0
315	14908.0
316	14304.0
317	12844.0
318	12960.0
319	14780.0
320	14248.0
321	14556.0
322	14968.0
323	14716.0
324	14704.0
325	14488.0
326	14908.0
327	14932.0
328	14636.0
329	14588.0
330	14208.0
331	14640.0
332	14988.0
333	14692.0
334	14660.0
335	14692.0
336	14952.0
337	15096.0
338	14744.0
339	15208.0
340	14284.0
341	14924.0
342	14860.0
343	13132.0
344	13940.0
345	13316.0
346	13464.0
347	13628.0
348	14960.0
349	14884.0
350	13504.0
351	13904.0
352	13748.0
353	13272.0
354	14332.0
355	13948.0
356	13056.0
357	13492.0
358	13196.0
359	13368.0
360	13480.0
361	14912.0
362	14696.0
363	14720.0
364	14808.0
365	15164.0
366	14608.0
367	14692.0
368	13336.0
369	13220.0
370	13408.0
371	14896.0
372	14976.0
373	14604.0
374	14620.0
375	14612.0
376	14376.0
377	14072.0
378	14920.0
379	14464.0
380	14964.0
381	14608.0
382	14256.0
383	14428.0
384	14340.0
385	14836.0
386	15128.0
387	14204.0
388	13692.0
389	12872.0
390	13424.0
391	12900.0
392	12900.0
393	12856.0
394	13400.0
395	13260.0
396	12676.0
397	14388.0
398	14532.0
399	14548.0
400	14112.0
401	14104.0
402	13712.0
403	13756.0
404	13768.0
405	13568.0
406	14216.0
407	14652.0
408	14584.0
409	14256.0
410	12720.0
411	13112.0
412	12948.0
413	13252.0
414	12828.0
415	13196.0
416	14608.0
417	14896.0
418	14204.0
419	15596.0
420	14372.0
421	14740.0
422	14504.0
423	14544.0
424	14772.0
425	14724.0
426	14784.0
427	14824.0
428	14972.0
429	13928.0
430	14136.0
431	13676.0
432	14900.0
433	14588.0
434	14800.0
435	15104.0
436	14996.0
437	13292.0
438	13656.0
439	13236.0
440	13548.0
441	13644.0
442	13912.0
443	14328.0
444	14920.0
445	14968.0
446	15416.0
447	15172.0
448	14532.0
449	15240.0
450	15068.0
451	13860.0
452	13864.0
453	15044.0
454	14016.0
455	13600.0
456	15416.0
457	13776.0
458	13608.0
459	13356.0
460	16592.0
461	15016.0
462	15692.0
463	15204.0
464	15488.0
465	15268.0
466	13588.0
467	13656.0
468	13412.0
469	13968.0
470	13572.0
471	14532.0
472	15216.0
473	15044.0
474	15208.0
475	15512.0
476	13360.0
477	13528.0
478	13552.0
479	14124.0
480	14904.0
481	15148.0
482	14860.0
483	14836.0
484	15560.0
485	14980.0
486	15068.0
487	15156.0
488	14656.0
489	14880.0
490	13660.0
491	12900.0
492	13396.0
493	13248.0
494	14756.0
495	14704.0
496	13888.0
497	13148.0
498	13160.0
499	13884.0
500	13316.0
501	14820.0
502	12840.0
503	14148.0
504	14416.0
505	14992.0
506	14596.0
507	14740.0
508	14780.0
509	14604.0
510	14772.0
511	14976.0
512	14116.0
513	13300.0
514	14932.0
515	14812.0
516	14632.0
517	14640.0
518	12880.0
519	13300.0
520	14416.0
521	12876.0
522	13808.0
523	13888.0
524	13124.0
525	13296.0
526	13496.0
527	13080.0
528	13424.0
529	13304.0
530	13736.0
531	14124.0
532	14984.0
533	14776.0
534	14988.0
535	15240.0
536	14784.0
537	13956.0
538	13548.0
539	14052.0
540	13776.0
541	13664.0
542	13428.0
543	14456.0
544	14100.0
545	13928.0
546	14888.0
547	13676.0
548	13808.0
549	13624.0
550	13880.0
551	13864.0
552	13660.0
553	14012.0
554	14076.0
555	14208.0
556	14232.0
557	14124.0
558	13832.0
559	14956.0
560	14172.0
561	15548.0
562	15680.0
563	15568.0
564	15576.0
565	16040.0
566	16100.0
567	15584.0
568	15288.0
569	15768.0
570	14176.0
571	15948.0
572	15780.0
573	13972.0
574	14172.0
575	14064.0
576	14072.0
577	13920.0
578	14100.0
579	13876.0
580	13932.0
581	13912.0
582	13928.0
583	13840.0
584	14140.0
585	13904.0
586	14452.0
587	13980.0
588	13880.0
589	14396.0
590	15824.0
591	15364.0
592	15352.0
593	15940.0
594	16056.0
595	15328.0
596	13980.0
597	13876.0
598	13884.0
599	15144.0
600	15360.0
601	14900.0
602	13988.0
603	13944.0
604	13428.0
605	13924.0
606	13372.0
607	13616.0
608	13596.0
609	13804.0
610	13640.0
611	14104.0
612	13568.0
613	13916.0
614	13884.0
615	13828.0
616	15216.0
617	15152.0
618	15780.0
619	15640.0
620	15252.0
621	15252.0
622	15340.0
623	13896.0
624	15276.0
625	14412.0
626	14392.0
627	14992.0
628	16568.0
629	15720.0
630	14992.0
631	14400.0
632	14540.0
633	14164.0
634	14128.0
635	13628.0
636	15580.0
637	15368.0
638	15504.0
639	14852.0
640	15404.0
641	15080.0
642	13728.0
643	15340.0
644	14072.0
645	13744.0
646	14044.0
647	15440.0
648	15168.0
649	15784.0
650	15364.0
651	15452.0
652	15568.0
653	15572.0
654	14184.0
655	14240.0
656	14268.0
657	15320.0
658	14076.0
659	14444.0
660	13704.0
661	13944.0
662	14756.0
663	13824.0
664	14424.0
665	14148.0
666	13524.0
667	14064.0
668	14304.0
669	14496.0
670	14532.0
671	14428.0
672	14688.0
673	13908.0
674	14372.0
675	14196.0
676	15732.0
677	14508.0
678	15372.0
679	16060.0
680	16004.0
681	14412.0
682	16256.0
683	14932.0
684	14716.0
685	14508.0
686	14364.0
687	14628.0
688	15032.0
689	14668.0
690	14308.0
691	14892.0
692	14608.0
693	14440.0
694	14464.0
695	14436.0
696	14424.0
697	16096.0
698	15780.0
699	15752.0
700	16772.0
701	15848.0
702	16008.0
703	14392.0
704	14316.0
705	14812.0
706	14504.0
707	14636.0
708	14332.0
709	14184.0
710	16044.0
711	15472.0
712	16168.0
713	15740.0
714	15324.0
715	14092.0
716	14320.0
717	14524.0
718	14164.0
719	14196.0
720	14112.0
721	13632.0
722	14036.0
723	14248.0
724	14096.0
725	14012.0
726	15452.0
727	14284.0
728	14272.0
729	13904.0
730	14232.0
731	14160.0
732	14444.0
733	14592.0
734	14576.0
735	15028.0
736	14704.0
737	14376.0
738	13844.0
739	14200.0
740	14392.0
741	14436.0
742	14720.0
743	14292.0
744	14340.0
745	14052.0
746	14960.0
747	13904.0
748	14244.0
749	14812.0
750	14372.0
751	14236.0
752	14196.0
753	14088.0
754	13960.0
755	14696.0
756	14244.0
757	15492.0
758	14416.0
759	15180.0
760	14460.0
761	13964.0
762	14816.0
763	14568.0
764	14596.0
765	14756.0
766	15060.0
767	14552.0
768	14920.0
769	14416.0
770	14872.0
771	14716.0
772	14512.0
773	14784.0
774	14572.0
775	14660.0
776	14652.0
777	14604.0
778	14208.0
779	14376.0
780	14660.0
781	14876.0
782	14932.0
783	15184.0
784	15072.0
785	14880.0
786	15200.0
787	15668.0
788	14864.0
789	14896.0
790	14708.0
791	14896.0
792	14940.0
793	14908.0
794	15244.0
795	14984.0
796	15828.0
797	14824.0
798	14936.0
799	16452.0
800	16548.0
801	16388.0
802	16396.0
803	16168.0
804	16400.0
805	14884.0
806	15316.0
807	15016.0
808	14800.0
809	14832.0
810	15128.0
811	15328.0
812	15000.0
813	15132.0
814	15100.0
815	14948.0
816	15060.0
817	14584.0
818	15636.0
819	14788.0
820	14532.0
821	14952.0
822	14784.0
823	14908.0
824	16676.0
825	16080.0
826	16204.0
827	15864.0
828	16024.0
829	15984.0
830	15060.0
831	14968.0
832	15204.0
833	14752.0
834	14720.0
835	14888.0
836	14708.0
837	14664.0
838	14396.0
839	14932.0
840	14648.0
841	14524.0
842	14796.0
843	14864.0
844	15132.0
845	14364.0
846	14476.0
847	16392.0
848	16776.0
849	14600.0
850	15012.0
851	14436.0
852	14668.0
853	14460.0
854	15132.0
855	14772.0
856	14760.0
857	14696.0
858	14972.0
859	14888.0
860	14740.0
861	15076.0
862	14872.0
863	14560.0
864	14448.0
865	14520.0
866	15548.0
867	15096.0
868	15092.0
869	15396.0
870	15144.0
871	14596.0
872	14616.0
873	13824.0
874	14732.0
875	14588.0
876	15220.0
877	14960.0
878	16728.0
879	15872.0
880	16484.0
881	15508.0
882	14748.0
883	14964.0
884	14608.0
885	14820.0
886	14624.0
887	14368.0
888	14592.0
889	14556.0
890	15812.0
891	16028.0
892	15476.0
893	15300.0
894	14508.0
895	15176.0
896	15104.0
897	16244.0
898	17500.0
899	16652.0
900	16940.0
901	17288.0
902	15072.0
903	15236.0
904	15668.0
905	15324.0
906	14844.0
907	14828.0
908	15048.0
909	15508.0
910	14932.0
911	16520.0
912	16516.0
913	14860.0
914	15444.0
915	15448.0
916	15088.0
917	15392.0
918	15576.0
919	14896.0
920	15692.0
921	15324.0
922	17276.0
923	14876.0
924	15360.0
925	15116.0
926	15148.0
927	15480.0
928	14956.0
929	15060.0
930	17132.0
931	17020.0
932	17420.0
933	16644.0
934	17000.0
935	16440.0
936	16332.0
937	16212.0
938	16800.0
939	15088.0
940	15748.0
941	14796.0
942	15444.0
943	15272.0
944	15200.0
945	15368.0
946	15416.0
947	15664.0
948	15692.0
949	15600.0
950	15324.0
951	15144.0
952	16416.0
953	16556.0
954	15172.0
955	15480.0
956	15268.0
957	15032.0
958	14616.0
959	15376.0
960	15356.0
961	15244.0
962	14828.0
963	15308.0
964	15072.0
965	14908.0
966	14972.0
967	15480.0
968	15256.0
969	14508.0
970	15844.0
971	14712.0
972	14692.0
973	14960.0
974	15104.0
975	14892.0
976	15272.0
977	14828.0
978	14708.0
979	14444.0
980	15252.0
981	15116.0
982	14560.0
983	14760.0
984	14628.0
985	15008.0
986	14732.0
987	15048.0
988	15240.0
989	17064.0
990	16852.0
991	14904.0
992	16800.0
993	16604.0
994	15248.0
995	14864.0
996	14956.0
997	15224.0
998	15304.0
999	15180.0
1000	15268.0
1001	15260.0
1002	14948.0
1003	15552.0
1004	15104.0
1005	15204.0
1006	15024.0
1007	15296.0
1008	14752.0
1009	14908.0
1010	15164.0
1011	15240.0
1012	15912.0
1013	15140.0
1014	15052.0
1015	15076.0
1016	15120.0
1017	14828.0
1018	15740.0
1019	15464.0
1020	15544.0
1021	16596.0
1022	15840.0
1023	15464.0
1024	15464.0
1025	15100.0
1026	15192.0
1027	15564.0
1028	15568.0
1029	15668.0
1030	15524.0
1031	15704.0
1032	15296.0
1033	15568.0
1034	17036.0
1035	16092.0
1036	15488.0
1037	14812.0
1038	15552.0
1039	15452.0
1040	15288.0
1041	15316.0
1042	15528.0
1043	15840.0
1044	15888.0
1045	17016.0
1046	17008.0
1047	17220.0
1048	16936.0
1049	15640.0
1050	15884.0
1051	15204.0
1052	15736.0
1053	15428.0
1054	15260.0
1055	15656.0
1056	15608.0
1057	15336.0
1058	17160.0
1059	15556.0
1060	16828.0
1061	15504.0
1062	15228.0
1063	15340.0
1064	16012.0
1065	15540.0
1066	17248.0
1067	16840.0
1068	17328.0
1069	15468.0
1070	15196.0
1071	14828.0
1072	15464.0
1073	15240.0
1074	15848.0
1075	15632.0
1076	15172.0
1077	15872.0
1078	15276.0
1079	14916.0
1080	15364.0
1081	15320.0
1082	15292.0
1083	15084.0
1084	15384.0
1085	15444.0
1086	14988.0
1087	14856.0
1088	15628.0
1089	15096.0
1090	16164.0
1091	15168.0
1092	15596.0
1093	15400.0
1094	15204.0
1095	15140.0
1096	15068.0
1097	15172.0
1098	15216.0
1099	15004.0
1100	14760.0
1101	14976.0
1102	15348.0
1103	15004.0
1104	15404.0
1105	15192.0
1106	15216.0
1107	15076.0
1108	14792.0
1109	15344.0
1110	14412.0
1111	15116.0
1112	14912.0
1113	14972.0
1114	15076.0
1115	15156.0
1116	15140.0
1117	15036.0
1118	15540.0
1119	15604.0
1120	15392.0
1121	15748.0
1122	14864.0
1123	14976.0
1124	15632.0
1125	15160.0
1126	15348.0
1127	15668.0
1128	15032.0
1129	15392.0
1130	15216.0
1131	15800.0
1132	15152.0
1133	15280.0
1134	15540.0
1135	16104.0
1136	14992.0
1137	15512.0
1138	15564.0
1139	15228.0
1140	15596.0
1141	15232.0
1142	15284.0
1143	15528.0
1144	15676.0
1145	15764.0
1146	15468.0
1147	15540.0
1148	15808.0
1149	15504.0
1150	15620.0
1151	15792.0
1152	16028.0
1153	15796.0
1154	15756.0
1155	16064.0
1156	15492.0
1157	16288.0
1158	15568.0
1159	15848.0
1160	15620.0
1161	15756.0
1162	15924.0
1163	15932.0
1164	16420.0
1165	15532.0
1166	15488.0
1167	16272.0
1168	16020.0
1169	15500.0
1170	15912.0
1171	15784.0
1172	15320.0
1173	15920.0
1174	15680.0
1175	15340.0
1176	15672.0
1177	15292.0
1178	16012.0
1179	15720.0
1180	15280.0
1181	16720.0
1182	15464.0
1183	15356.0
1184	15588.0
1185	15112.0
1186	15640.0
1187	15952.0
1188	15632.0
1189	15488.0
1190	15436.0
1191	15580.0
1192	15404.0
1193	15732.0
1194	14608.0
1195	15232.0
1196	15136.0
1197	14932.0
1198	15156.0
1199	16756.0
1200	15240.0
1201	15336.0
1202	15288.0
1203	15348.0
1204	15240.0
1205	15724.0
1206	15184.0
1207	15300.0
1208	15256.0
1209	14788.0
1210	15228.0
1211	15160.0
1212	14692.0
1213	15452.0
1214	14932.0
1215	15412.0
1216	14916.0
1217	15084.0
1218	15828.0
1219	15560.0
1220	15016.0
1221	14964.0
1222	15252.0
1223	15676.0
1224	15104.0
1225	15272.0
1226	15104.0
1227	15016.0
1228	15536.0
1229	15316.0
1230	15812.0
1231	15376.0
1232	15188.0
1233	15048.0
1234	15172.0
1235	15052.0
1236	14568.0
1237	15604.0
1238	14616.0
1239	15576.0
1240	15036.0
1241	15468.0
1242	15164.0
1243	15804.0
1244	15244.0
1245	15300.0
1246	15968.0
1247	15376.0
1248	15596.0
1249	15340.0
1250	15404.0
1251	15652.0
1252	15876.0
1253	15640.0
1254	15864.0
1255	15232.0
1256	15744.0
1257	15312.0
1258	15128.0
1259	15928.0
1260	15320.0
1261	16216.0
1262	15956.0
1263	15264.0
1264	15448.0
1265	15712.0
1266	15476.0
1267	16140.0
1268	16056.0
1269	15216.0
1270	15732.0
1271	15572.0
1272	15972.0
1273	15156.0
1274	15668.0
1275	16116.0
1276	15616.0
1277	16396.0
1278	15460.0
1279	15512.0
1280	15560.0
1281	15620.0
1282	15872.0
1283	15684.0
1284	15936.0
1285	16144.0
1286	16328.0
1287	15852.0
1288	18100.0
1289	17040.0
1290	16496.0
1291	17012.0
1292	16380.0
1293	15848.0
1294	16368.0
1295	16112.0
1296	16168.0
1297	16040.0
1298	15496.0
1299	15808.0
1300	15560.0
1301	15720.0
1302	16076.0
1303	16236.0
1304	15948.0
1305	16044.0
1306	15140.0
1307	15620.0
1308	15592.0
1309	16184.0
1310	15980.0
1311	15312.0
1312	15920.0
1313	15720.0
1314	15620.0
1315	17360.0
1316	17208.0
1317	15740.0
1318	15624.0
1319	15628.0
1320	15700.0
1321	15604.0
1322	15220.0
1323	15276.0
1324	15592.0
1325	15680.0
1326	15380.0
1327	15640.0
1328	15192.0
1329	15404.0
1330	15532.0
1331	15196.0
1332	15152.0
1333	15268.0
1334	15544.0
1335	16208.0
1336	15148.0
1337	15292.0
1338	15396.0
1339	15760.0
1340	15524.0
1341	15100.0
1342	15996.0
1343	15840.0
1344	15980.0
1345	15768.0
1346	15716.0
1347	16276.0
1348	15088.0
1349	15556.0
1350	15732.0
1351	15096.0
1352	15312.0
1353	15392.0
1354	15404.0
1355	15472.0
1356	15300.0
1357	14884.0
1358	15076.0
1359	15524.0
1360	15652.0
1361	15620.0
1362	15360.0
1363	15360.0
1364	15596.0
1365	15444.0
1366	15440.0
1367	15220.0
1368	15496.0
1369	15376.0
1370	15720.0
1371	15688.0
1372	15396.0
1373	15320.0
1374	15572.0
1375	15536.0
1376	15424.0
1377	15260.0
1378	15072.0
1379	15636.0
1380	15176.0
1381	15276.0
1382	15512.0
1383	15232.0
1384	15172.0
1385	15344.0
1386	15212.0
1387	15944.0
1388	16216.0
1389	16012.0
1390	15732.0
1391	15652.0
1392	15428.0
1393	15780.0
1394	15396.0
1395	16136.0
1396	15548.0
1397	15392.0
1398	15336.0
1399	15568.0
1400	15508.0
1401	15776.0
1402	15600.0
1403	16072.0
1404	15812.0
1405	15324.0
1406	16064.0
1407	16080.0
1408	15848.0
1409	15356.0
1410	15884.0
1411	15564.0
1412	15472.0
1413	15812.0
1414	15224.0
1415	15568.0
1416	15524.0
1417	15776.0
1418	15524.0
1419	15432.0
1420	15512.0
1421	15164.0
1422	16400.0
1423	17288.0
1424	17424.0
1425	15776.0
1426	15428.0
1427	15752.0
1428	15168.0
1429	15420.0
1430	15392.0
1431	14932.0
1432	15088.0
1433	15704.0
1434	15392.0
1435	17660.0
1436	17368.0
1437	17604.0
1438	17476.0
1439	15676.0
1440	15304.0
1441	15376.0
1442	15708.0
1443	15844.0
1444	16776.0
1445	16644.0
1446	15876.0
1447	15280.0
1448	15056.0
1449	15696.0
1450	15308.0
1451	15348.0
1452	14904.0
1453	15220.0
1454	15160.0
1455	16452.0
1456	16964.0
1457	15816.0
1458	15328.0
1459	15348.0
1460	15048.0
1461	14928.0
1462	15328.0
1463	15120.0
1464	14864.0
1465	14496.0
1466	15036.0
1467	16452.0
1468	17076.0
1469	16776.0
1470	16828.0
1471	16328.0
1472	15924.0
1473	16128.0
1474	14580.0
1475	15348.0
1476	15244.0
1477	14820.0
1478	15116.0
1479	15544.0
1480	14852.0
1481	14728.0
1482	15272.0
1483	15596.0
1484	15508.0
1485	15684.0
1486	15840.0
1487	15488.0
1488	15460.0
1489	15192.0
1490	15244.0
1491	15072.0
1492	15212.0
1493	15056.0
1494	15176.0
1495	15348.0
1496	15212.0
1497	15556.0
1498	15092.0
1499	15228.0
1500	15072.0
1501	14944.0
1502	15576.0
1503	15196.0
1504	14928.0
1505	14652.0
1506	14760.0
1507	15448.0
1508	15428.0
1509	15252.0
1510	15192.0
1511	15404.0
1512	15648.0
1513	15468.0
1514	15884.0
1515	15264.0
1516	15688.0
1517	16556.0
1518	15328.0
1519	15704.0
1520	15892.0
1521	15380.0
1522	15160.0
1523	15412.0
1524	15336.0
1525	15868.0
1526	15556.0
1527	15496.0
1528	15944.0
1529	15728.0
1530	15416.0
1531	15288.0
1532	14836.0
1533	14888.0
1534	15292.0
1535	15492.0
1536	15304.0
1537	15320.0
1538	15616.0
1539	16212.0
1540	15136.0
1541	15664.0
1542	15144.0
1543	15680.0
1544	15784.0
1545	15160.0
1546	15144.0
1547	15060.0
1548	15300.0
1549	15240.0
1550	15328.0
1551	15664.0
1552	14920.0
1553	15336.0
1554	15492.0
1555	15172.0
1556	14580.0
1557	14876.0
1558	15384.0
1559	15004.0
1560	15716.0
1561	15556.0
1562	14868.0
1563	15564.0
1564	14912.0
1565	15008.0
1566	15204.0
1567	15232.0
1568	14920.0
1569	15208.0
1570	15448.0
1571	15208.0
1572	14996.0
1573	15052.0
1574	14404.0
1575	15024.0
1576	15208.0
1577	15380.0
1578	14924.0
1579	15116.0
1580	15104.0
1581	14948.0
1582	14556.0
1583	14772.0
1584	15000.0
1585	14572.0
1586	15292.0
1587	14272.0
1588	14600.0
1589	14696.0
1590	14956.0
1591	14804.0
1592	14636.0
1593	14992.0
1594	14500.0
1595	14420.0
1596	14436.0
1597	14704.0
1598	15172.0
1599	14540.0
1600	14768.0
1601	14788.0
1602	14084.0
1603	14496.0
1604	13808.0
1605	16088.0
1606	14836.0
1607	14728.0
1608	14428.0
1609	14656.0
1610	14100.0
1611	14568.0
1612	15440.0
1613	15092.0
1614	14892.0
1615	15952.0
1616	15016.0
1617	14436.0
1618	14404.0
1619	14108.0
1620	15148.0
1621	14488.0
1622	14484.0
1623	14768.0
1624	13924.0
1625	14348.0
1626	14384.0
1627	13900.0
1628	14680.0
1629	14436.0
1630	14224.0
1631	14524.0
1632	14372.0
1633	13640.0
1634	13848.0
1635	13980.0
1636	14272.0
1637	13712.0
1638	14160.0
1639	14412.0
1640	14132.0
1641	14388.0
1642	14596.0
1643	14052.0
1644	14196.0
1645	13940.0
1646	14356.0
1647	14008.0
1648	14352.0
1649	14640.0
1650	14688.0
1651	15224.0
1652	15164.0
1653	15944.0
1654	14516.0
1655	14668.0
1656	14384.0
1657	14712.0
1658	14200.0
1659	14520.0
1660	15752.0
1661	14496.0
1662	14452.0
1663	15008.0
1664	14556.0
1665	14432.0
1666	14276.0
1667	14776.0
1668	14184.0
1669	15428.0
1670	14800.0
1671	14500.0
1672	15140.0
1673	15076.0
1674	15500.0
1675	15592.0
1676	15160.0
1677	14956.0
1678	15280.0
1679	14388.0
1680	14876.0
1681	14256.0
1682	15104.0
1683	14984.0
1684	15492.0
1685	15688.0
1686	15916.0
1687	16008.0
1688	16024.0
1689	16224.0
1690	16040.0
1691	16276.0
1692	15560.0
1693	15092.0
1694	16024.0
1695	16360.0
1696	16264.0
1697	16064.0
1698	16316.0
1699	15724.0
1700	14872.0
1701	14412.0
1702	14124.0
1703	13680.0
1704	14592.0
1705	14180.0
1706	14408.0
1707	13860.0
1708	14152.0
1709	14644.0
1710	14288.0
1711	14780.0
1712	13672.0
1713	14208.0
1714	14336.0
1715	14360.0
1716	14008.0
1717	13940.0
1718	13944.0
1719	14032.0
1720	14100.0
1721	14192.0
1722	14076.0
1723	16172.0
1724	14132.0
1725	14088.0
1726	15800.0
1727	16292.0
1728	15340.0
1729	15256.0
1730	15172.0
1731	14464.0
1732	14288.0
1733	14072.0
1734	14108.0
1735	14220.0
1736	14040.0
1737	14100.0
1738	14484.0
1739	14288.0
1740	14084.0
1741	14080.0
1742	14100.0
1743	13660.0
1744	14700.0
1745	15056.0
1746	13936.0
1747	13908.0
1748	13936.0
1749	14060.0
1750	13952.0
1751	14076.0
1752	14608.0
1753	14152.0
1754	14056.0
1755	14504.0
1756	14308.0
1757	14136.0
1758	14476.0
1759	15060.0
1760	13856.0
1761	14476.0
1762	14244.0
1763	14596.0
1764	14936.0
1765	14620.0
1766	14496.0
1767	15680.0
1768	14256.0
1769	14760.0
1770	14700.0
1771	14736.0
1772	14800.0
1773	15800.0
1774	15500.0
1775	15340.0
1776	13944.0
1777	13780.0
1778	13772.0
1779	14284.0
1780	13716.0
1781	14408.0
1782	14820.0
1783	14400.0
1784	15664.0
1785	15448.0
1786	15612.0
1787	15684.0
1788	15716.0
1789	16060.0
1790	15548.0
1791	15776.0
1792	15380.0
1793	14300.0
1794	14764.0
1795	15428.0
1796	15660.0
1797	15416.0
1798	15892.0
1799	15176.0
1800	13856.0
1801	14080.0
1802	13872.0
1803	14028.0
1804	14052.0
1805	14536.0
1806	13880.0
1807	14684.0
1808	14900.0
1809	14152.0
1810	14380.0
1811	15268.0
1812	15532.0
1813	14256.0
1814	15164.0
1815	14156.0
1816	14172.0
1817	15032.0
1818	14572.0
1819	13624.0
1820	14352.0
1821	13648.0
1822	13724.0
1823	13912.0
1824	13848.0
1825	14196.0
1826	13964.0
1827	13392.0
1828	13840.0
1829	14444.0
1830	13740.0
1831	14012.0
1832	14348.0
1833	13976.0
1834	13860.0
1835	13976.0
1836	14068.0
1837	16060.0
1838	14640.0
1839	14020.0
1840	13640.0
1841	14016.0
1842	14408.0
1843	13908.0
1844	14560.0
1845	14844.0
1846	14820.0
1847	15160.0
1848	14960.0
1849	15492.0
1850	14244.0
1851	13400.0
1852	13924.0
1853	13912.0
1854	13756.0
1855	14436.0
1856	15128.0
1857	14332.0
1858	14228.0
1859	14288.0
1860	15136.0
1861	14572.0
1862	14688.0
1863	14924.0
1864	14780.0
1865	14288.0
1866	14736.0
1867	14372.0
1868	14980.0
1869	15300.0
1870	15044.0
1871	14804.0
1872	14796.0
1873	15244.0
1874	15148.0
1875	15596.0
1876	14708.0
1877	14572.0
1878	14828.0
1879	15004.0
1880	14548.0
1881	15172.0
1882	14932.0
1883	15196.0
1884	14948.0
1885	15320.0
1886	14932.0
1887	14512.0
1888	15080.0
1889	15588.0
1890	14944.0
1891	15420.0
1892	14336.0
1893	14284.0
1894	14216.0
1895	14100.0
1896	14680.0
1897	14952.0
1898	15044.0
1899	15188.0
1900	15628.0
1901	15128.0
1902	14924.0
1903	15088.0
1904	14276.0
1905	14536.0
1906	14508.0
1907	14264.0
1908	14440.0
1909	14844.0
1910	15276.0
1911	14912.0
1912	13840.0
1913	13720.0
1914	14000.0
1915	13748.0
1916	14284.0
1917	14072.0
1918	13940.0
1919	13740.0
1920	13904.0
1921	13880.0
1922	13932.0
1923	14076.0
1924	14544.0
1925	15172.0
1926	15452.0
1927	15056.0
1928	14972.0
1929	15236.0
1930	14864.0
1931	13908.0
1932	14680.0
1933	14040.0
1934	15440.0
1935	15176.0
1936	14620.0
1937	15188.0
1938	15000.0
1939	14480.0
1940	14820.0
1941	14328.0
1942	16720.0
1943	14736.0
1944	13920.0
1945	14976.0
1946	14328.0
1947	14612.0
1948	15356.0
1949	14416.0
1950	14788.0
1951	14816.0
1952	13940.0
1953	14240.0
1954	13692.0
1955	13724.0
1956	14080.0
1957	14920.0
1958	15092.0
1959	14576.0
1960	14536.0
1961	14276.0
1962	14228.0
1963	14668.0
1964	14360.0
1965	14832.0
1966	13336.0
1967	13340.0
1968	14452.0
1969	13448.0
1970	14380.0
1971	14064.0
1972	14548.0
1973	13612.0
1974	14148.0
1975	14492.0
1976	14568.0
1977	13888.0
1978	13832.0
1979	14304.0
1980	15148.0
1981	13884.0
1982	13824.0
1983	13920.0
1984	14316.0
1985	14308.0
1986	14916.0
1987	14756.0
1988	14736.0
1989	14492.0
1990	14328.0
1991	14592.0
1992	14212.0
1993	13808.0
1994	13944.0
1995	13924.0
1996	13428.0
1997	13252.0
1998	13160.0
1999	13696.0
2000	13372.0
2001	13744.0
2002	13092.0
2003	14564.0
2004	14180.0
2005	14272.0
2006	14324.0
2007	14748.0
2008	14336.0
2009	13816.0
2010	14232.0
2011	14356.0
2012	14224.0
2013	14200.0
2014	14256.0
2015	14668.0
2016	14232.0
2017	14164.0
2018	13948.0
2019	14252.0
2020	13424.0
2021	13052.0
2022	12992.0
2023	13320.0
2024	14488.0
2025	14456.0
2026	14564.0
2027	14380.0
2028	13712.0
2029	14044.0
2030	14552.0
2031	14272.0
2032	13844.0
2033	13608.0
2034	14412.0
2035	14768.0
2036	14036.0
2037	14504.0
2038	13768.0
2039	14348.0
2040	14272.0
2041	13532.0
2042	13980.0
2043	13760.0
2044	13680.0
2045	13424.0
2046	13956.0
2047	14028.0
2048	14424.0
2049	14116.0
2050	14140.0
2051	13840.0
2052	14044.0
2053	14484.0
2054	14144.0
2055	14012.0
2056	13860.0
2057	14324.0
2058	14332.0
2059	14176.0
2060	13844.0
2061	13228.0
2062	13520.0
2063	13952.0
2064	13684.0
2065	14396.0
2066	13872.0
2067	14048.0
2068	14176.0
2069	13876.0
2070	13988.0
2071	14520.0
2072	14076.0
2073	14416.0
2074	13984.0
2075	13740.0
2076	14088.0
2077	13048.0
2078	13308.0
2079	13024.0
2080	13916.0
2081	13924.0
2082	14064.0
2083	13908.0
2084	13856.0
2085	13972.0
2086	13796.0
2087	13380.0
2088	14588.0
2089	13404.0
2090	14088.0
2091	13616.0
2092	13616.0
2093	13636.0
2094	13204.0
2095	14036.0
2096	13988.0
2097	13324.0
2098	13616.0
2099	14504.0
2100	13928.0
2101	13692.0
2102	13828.0
2103	14048.0
2104	13932.0
2105	13888.0
2106	13292.0
2107	13392.0
2108	14112.0
2109	13848.0
2110	13500.0
2111	13320.0
2112	14008.0
2113	13800.0
2114	13420.0
2115	13584.0
2116	13380.0
2117	13836.0
2118	13764.0
2119	13888.0
2120	13700.0
2121	13268.0
2122	14080.0
2123	13248.0
2124	14496.0
2125	13964.0
2126	13396.0
2127	13684.0
2128	13192.0
2129	13652.0
2130	13656.0
2131	13676.0
2132	13368.0
2133	13656.0
2134	13420.0
2135	13372.0
2136	13708.0
2137	13768.0
2138	14440.0
2139	13744.0
2140	13576.0
2141	13804.0
2142	13732.0
2143	13840.0
2144	13556.0
2145	13800.0
2146	13400.0
2147	13588.0
2148	13716.0
2149	13220.0
2150	13820.0
2151	13456.0
2152	13524.0
2153	14172.0
2154	13420.0
2155	13424.0
2156	13720.0
2157	13316.0
2158	13596.0
2159	13788.0
2160	14012.0
2161	13684.0
2162	13416.0
2163	13692.0
2164	13632.0
2165	13580.0
2166	13712.0
2167	14108.0
2168	13876.0
2169	14004.0
2170	13812.0
2171	14268.0
2172	13664.0
2173	14012.0
2174	13244.0
2175	13600.0
2176	13880.0
2177	13768.0
2178	13424.0
2179	13828.0
2180	13924.0
2181	13348.0
2182	13360.0
2183	13436.0
2184	13308.0
2185	13208.0
2186	13580.0
2187	13660.0
2188	13644.0
2189	14092.0
2190	13312.0
2191	13920.0
2192	13356.0
2193	13768.0
2194	13840.0
2195	13716.0
2196	13880.0
2197	13616.0
2198	13628.0
2199	13784.0
2200	13308.0
2201	13436.0
2202	13684.0
2203	13280.0
2204	13444.0
2205	13356.0
2206	13036.0
2207	13264.0
2208	13536.0
2209	13264.0
2210	13304.0
2211	13240.0
2212	13040.0
2213	14108.0
2214	13132.0
2215	13556.0
2216	12932.0
2217	12956.0
2218	13044.0
2219	12604.0
2220	13124.0
2221	12948.0
2222	13172.0
2223	13536.0
2224	13288.0
2225	12816.0
2226	12936.0
2227	13164.0
2228	13088.0
2229	13292.0
2230	12880.0
2231	12468.0
2232	12992.0
2233	12912.0
2234	13008.0
2235	12960.0
2236	13504.0
2237	13056.0
2238	12764.0
2239	12292.0
2240	12824.0
2241	12724.0
2242	12800.0
2243	12484.0
2244	12804.0
2245	12512.0
2246	12704.0
2247	13184.0
2248	12608.0
2249	12236.0
2250	13164.0
2251	12500.0
2252	12152.0
2253	12756.0
2254	13200.0
2255	12472.0
2256	13520.0
2257	12592.0
2258	12372.0
2259	12848.0
2260	12588.0
2261	12984.0
2262	12796.0
2263	12916.0
2264	12704.0
2265	12716.0
2266	12796.0
2267	12808.0
2268	12092.0
2269	12880.0
2270	13104.0
2271	13236.0
2272	13148.0
2273	13440.0
2274	12668.0
2275	12488.0
2276	12672.0
2277	13548.0
2278	14020.0
2279	13136.0
2280	12780.0
2281	12456.0
2282	12992.0
2283	12752.0
2284	12656.0
2285	12852.0
2286	13184.0
2287	12692.0
2288	12836.0
2289	12220.0
2290	12832.0
2291	12952.0
2292	12596.0
2293	13088.0
2294	12696.0
2295	13196.0
2296	12996.0
2297	12564.0
2298	12964.0
2299	13520.0
2300	12748.0
2301	13028.0
2302	12900.0
2303	13036.0
2304	12768.0
2305	12580.0
2306	12952.0
2307	13204.0
2308	12876.0
2309	12676.0
2310	12472.0
2311	13084.0
2312	12580.0
2313	13060.0
2314	12896.0
2315	13172.0
2316	13028.0
2317	13020.0
2318	12596.0
2319	12760.0
2320	12640.0
2321	13004.0
2322	12660.0
2323	12760.0
2324	12848.0
2325	12432.0
2326	12616.0
2327	12564.0
2328	12660.0
2329	12484.0
2330	12552.0
2331	12620.0
2332	12684.0
2333	12376.0
2334	12792.0
2335	11968.0
2336	12568.0
2337	12340.0
2338	12544.0
2339	12392.0
2340	12172.0
2341	12964.0
2342	12340.0
2343	12336.0
2344	12624.0
2345	12524.0
2346	12268.0
2347	12564.0
2348	12752.0
2349	12116.0
2350	12380.0
2351	12280.0
2352	12412.0
2353	12096.0
2354	12536.0
2355	12764.0
2356	11832.0
2357	12140.0
2358	11836.0
2359	12096.0
2360	12396.0
2361	12272.0
2362	12088.0
2363	12316.0
2364	12092.0
2365	11948.0
2366	11740.0
2367	11344.0
2368	12096.0
2369	11748.0
2370	12040.0
2371	12148.0
2372	12136.0
2373	12016.0
2374	12516.0
2375	12412.0
2376	11532.0
2377	11728.0
2378	11396.0
2379	12364.0
2380	11760.0
2381	12104.0
2382	12392.0
2383	11904.0
2384	11360.0
2385	11920.0
2386	12104.0
2387	12220.0
2388	12096.0
2389	11636.0
2390	12128.0
2391	11896.0
2392	11856.0
2393	11460.0
2394	11616.0
2395	12004.0
2396	12264.0
2397	11924.0
2398	12340.0
2399	12072.0
2400	12300.0
2401	12028.0
2402	12152.0
2403	11864.0
2404	11928.0
2405	11784.0
2406	11924.0
2407	12048.0
2408	11812.0
2409	12228.0
2410	11892.0
2411	11744.0
2412	12164.0
2413	11696.0
2414	11972.0
2415	12088.0
2416	12180.0
2417	12100.0
2418	11764.0
2419	12168.0
2420	11860.0
2421	11952.0
2422	12248.0
2423	11988.0
2424	12384.0
2425	11764.0
2426	12136.0
2427	11688.0
2428	11772.0
2429	11720.0
2430	11720.0
2431	12188.0
2432	12040.0
2433	11924.0
2434	12384.0
2435	11424.0
2436	12268.0
2437	11940.0
2438	12112.0
2439	12124.0
2440	11748.0
2441	12500.0
2442	12232.0
2443	12240.0
2444	11824.0
2445	12052.0
2446	11736.0
2447	12236.0
2448	11528.0
2449	12024.0
2450	12340.0
2451	11924.0
2452	11856.0
2453	11932.0
2454	12628.0
2455	11784.0
2456	11692.0
2457	11844.0
2458	11696.0
2459	11888.0
2460	11652.0
2461	11872.0
2462	11612.0
2463	11828.0
2464	11864.0
2465	11612.0
2466	11312.0
2467	11576.0
2468	12024.0
2469	12448.0
2470	11792.0
2471	11484.0
2472	11348.0
2473	11648.0
2474	11736.0
2475	11172.0
2476	11664.0
2477	11840.0
2478	11688.0
2479	11484.0
2480	11092.0
2481	11744.0
2482	11324.0
2483	11340.0
2484	11316.0
2485	11396.0
2486	11060.0
2487	11396.0
2488	11176.0
2489	11684.0
2490	11368.0
2491	11472.0
2492	10956.0
2493	11048.0
2494	11176.0
2495	11464.0
2496	11228.0
2497	11440.0
2498	11816.0
2499	11284.0
2500	10952.0
2501	10876.0
2502	10844.0
2503	10928.0
2504	11012.0
2505	11184.0
2506	11244.0
2507	12480.0
2508	14860.0
2509	11620.0
2510	11164.0
2511	11068.0
2512	11360.0
2513	10964.0
2514	11684.0
2515	11232.0
2516	10908.0
2517	10904.0
2518	10988.0
2519	11640.0
2520	10932.0
2521	11064.0
2522	10904.0
2523	10824.0
2524	10536.0
2525	11392.0
2526	10952.0
2527	10892.0
2528	11532.0
2529	10876.0
2530	10864.0
2531	11064.0
2532	10772.0
2533	10952.0
2534	10744.0
2535	10576.0
2536	10652.0
2537	10872.0
2538	10924.0
2539	10848.0
2540	11092.0
2541	12140.0
2542	10572.0
2543	11184.0
2544	10904.0
2545	11052.0
2546	10900.0
2547	11308.0
2548	11312.0
2549	11116.0
2550	11472.0
2551	11308.0
2552	11196.0
2553	11148.0
2554	10836.0
2555	10872.0
2556	11124.0
2557	11100.0
2558	11396.0
2559	10744.0
2560	11392.0
2561	11264.0
2562	11116.0
2563	10932.0
2564	11280.0
2565	11104.0
2566	10696.0
2567	10992.0
2568	11268.0
2569	11720.0
2570	10972.0
2571	10992.0
2572	12132.0
2573	11092.0
2574	11244.0
2575	11096.0
2576	10668.0
2577	11264.0
2578	10600.0
2579	11244.0
2580	11124.0
2581	10716.0
2582	10708.0
2583	10708.0
2584	10664.0
2585	10520.0
2586	11092.0
2587	10628.0
2588	10604.0
2589	10604.0
2590	10552.0
2591	10200.0
2592	10612.0
2593	11072.0
2594	11068.0
2595	11316.0
2596	10492.0
2597	10520.0
2598	10684.0
2599	10796.0
2600	10636.0
2601	10484.0
2602	10564.0
2603	10396.0
2604	10228.0
2605	10712.0
2606	10420.0
2607	10296.0
2608	10408.0
2609	10940.0
2610	10312.0
2611	10236.0
2612	10376.0
2613	10352.0
2614	10404.0
2615	10532.0
2616	9920.0
2617	10520.0
2618	9944.0
2619	10204.0
2620	10492.0
2621	10064.0
2622	9980.0
2623	9996.0
2624	10552.0
2625	10172.0
2626	10372.0
2627	10080.0
2628	10012.0
2629	10284.0
2630	9988.0
2631	10232.0
2632	9664.0
2633	9916.0
2634	9776.0
2635	9512.0
2636	9928.0
2637	9500.0
2638	9752.0
2639	10104.0
2640	9656.0
2641	10144.0
2642	9964.0
2643	10060.0
2644	9432.0
2645	10132.0
2646	9688.0
2647	10232.0
2648	10012.0
2649	10132.0
2650	10244.0
2651	9776.0
2652	9840.0
2653	9800.0
2654	10172.0
2655	9484.0
2656	10132.0
2657	9828.0
2658	9728.0
2659	9824.0
2660	9508.0
2661	9660.0
2662	9780.0
2663	9796.0
2664	9952.0
2665	9832.0
2666	9860.0
2667	9860.0
2668	9572.0
2669	9804.0
2670	9212.0
2671	9792.0
2672	9596.0
2673	9668.0
2674	9508.0
2675	10224.0
2676	9684.0
2677	9908.0
2678	9788.0
2679	9608.0
2680	9488.0
2681	9544.0
2682	10244.0
2683	10048.0
2684	10364.0
2685	10232.0
2686	9764.0
2687	10164.0
2688	9844.0
2689	10044.0
2690	9960.0
2691	10008.0
2692	9936.0
2693	9896.0
2694	10036.0
2695	10104.0
2696	9908.0
2697	10228.0
2698	9928.0
2699	10044.0
2700	9748.0
2701	10440.0
2702	9820.0
2703	9908.0
2704	9684.0
2705	9328.0
2706	9844.0
2707	10156.0
2708	9708.0
2709	9608.0
2710	9928.0
2711	9492.0
2712	9744.0
2713	9520.0
2714	9912.0
2715	9336.0
2716	9828.0
2717	9316.0
2718	9552.0
2719	9460.0
2720	9528.0
2721	9708.0
2722	9352.0
2723	9120.0
2724	9880.0
2725	9980.0
2726	9780.0
2727	9392.0
2728	9600.0
2729	9672.0
2730	9788.0
2731	9416.0
2732	9880.0
2733	9176.0
2734	9952.0
2735	9768.0
2736	9160.0
2737	9504.0
2738	9140.0
2739	9264.0
2740	9584.0
2741	8976.0
2742	9512.0
2743	9392.0
2744	9524.0
2745	9436.0
2746	8656.0
2747	8916.0
