0	85388.0
1	86208.0
2	80048.0
3	80432.0
4	80364.0
5	79152.0
6	80272.0
7	80320.0
8	82036.0
9	80156.0
10	80560.0
11	81208.0
12	80252.0
13	81428.0
14	80048.0
15	81132.0
16	82456.0
17	81368.0
18	81116.0
19	82004.0
20	83080.0
21	80944.0
22	83036.0
23	82880.0
24	83248.0
25	83704.0
26	82584.0
27	84260.0
28	82868.0
29	83172.0
30	82948.0
31	83088.0
32	83524.0
33	83876.0
34	82496.0
35	83420.0
36	84560.0
37	83204.0
38	84288.0
39	83568.0
40	84020.0
41	84020.0
42	83344.0
43	84192.0
44	84748.0
45	83664.0
46	85656.0
47	85400.0
48	86684.0
49	85492.0
50	86156.0
51	83560.0
52	85292.0
53	85700.0
54	85384.0
55	85480.0
56	84484.0
57	86992.0
58	85408.0
59	84436.0
60	85572.0
61	86668.0
62	86624.0
63	86624.0
64	87404.0
65	86528.0
66	87960.0
67	87944.0
68	88844.0
69	87704.0
70	88688.0
71	88492.0
72	88932.0
73	90236.0
74	90172.0
75	88956.0
76	89976.0
77	90180.0
78	89676.0
79	88356.0
80	88444.0
81	87116.0
82	88496.0
83	81368.0
84	80892.0
85	80336.0
86	81608.0
87	82100.0
88	80512.0
89	82440.0
90	82560.0
91	85236.0
92	89800.0
93	82860.0
94	83436.0
95	84520.0
96	82900.0
97	83528.0
98	85468.0
99	85596.0
100	84292.0
101	84708.0
102	83656.0
103	84100.0
104	84516.0
105	84404.0
106	83588.0
107	85624.0
108	84152.0
109	83404.0
110	82912.0
111	83128.0
112	84808.0
113	83196.0
114	84792.0
115	84648.0
116	86020.0
117	87420.0
118	86992.0
119	87236.0
120	87152.0
121	86864.0
122	87020.0
123	88216.0
124	87660.0
125	87708.0
126	86704.0
127	86872.0
128	86964.0
129	87052.0
130	86832.0
131	85800.0
132	88128.0
133	85872.0
134	85172.0
135	86688.0
136	86568.0
137	86692.0
138	86760.0
139	87112.0
140	88152.0
141	89196.0
142	88008.0
143	88756.0
144	87624.0
145	89008.0
146	89016.0
147	89200.0
148	90812.0
149	90624.0
150	89852.0
151	90608.0
152	89156.0
153	90712.0
154	90664.0
155	90016.0
156	90516.0
157	90168.0
158	90132.0
159	89212.0
160	90364.0
161	90284.0
162	91392.0
163	92164.0
164	91772.0
165	94648.0
166	94752.0
167	94592.0
168	93756.0
169	93576.0
170	95220.0
171	96072.0
172	94504.0
173	95140.0
174	94972.0
175	94868.0
176	94276.0
177	94388.0
178	94840.0
179	93836.0
180	94524.0
181	94456.0
182	95096.0
183	94496.0
184	94000.0
185	93944.0
186	93492.0
187	93768.0
188	95488.0
189	94112.0
190	95980.0
191	97300.0
192	95036.0
193	96492.0
194	97228.0
195	98552.0
196	96816.0
197	96884.0
198	97980.0
199	99716.0
200	99016.0
201	98552.0
202	99832.0
203	91632.0
204	89640.0
205	90112.0
206	89872.0
207	90708.0
208	90472.0
209	90076.0
210	89156.0
211	91348.0
212	99124.0
213	99828.0
214	92580.0
215	93492.0
216	93568.0
217	94224.0
218	93944.0
219	94068.0
220	94164.0
221	94736.0
222	94608.0
223	95248.0
224	96048.0
225	95620.0
226	95020.0
227	94172.0
228	93672.0
229	94420.0
230	93452.0
231	93376.0
232	95864.0
233	94208.0
234	94568.0
235	95508.0
236	93536.0
237	95396.0
238	95308.0
239	95588.0
240	96152.0
241	96464.0
242	95820.0
243	94528.0
244	97192.0
245	96988.0
246	96172.0
247	96140.0
248	95704.0
249	96744.0
250	96636.0
251	96172.0
252	96060.0
253	97148.0
254	97016.0
255	96528.0
256	97640.0
257	98480.0
258	98084.0
259	96368.0
260	96848.0
261	97736.0
262	97560.0
263	97700.0
264	98008.0
265	99784.0
266	97880.0
267	99196.0
268	100180.0
269	101180.0
270	100828.0
271	100308.0
272	101680.0
273	101588.0
274	102428.0
275	100740.0
276	101616.0
277	102172.0
278	101428.0
279	100452.0
280	99820.0
281	100772.0
282	102400.0
283	102728.0
284	100540.0
285	100652.0
286	102816.0
287	101216.0
288	101512.0
289	101852.0
290	101968.0
291	103352.0
292	103012.0
293	103064.0
294	104400.0
295	105236.0
296	102996.0
297	102928.0
298	102916.0
299	103176.0
300	102620.0
301	103408.0
302	103364.0
303	103508.0
304	102984.0
305	102312.0
306	103348.0
307	104304.0
308	105032.0
309	102788.0
310	104932.0
311	105720.0
312	106396.0
313	104588.0
314	104232.0
315	106876.0
316	105684.0
317	105200.0
318	103988.0
319	105868.0
320	107096.0
321	107516.0
322	106884.0
323	107116.0
324	108944.0
325	107320.0
326	107220.0
327	107968.0
328	108436.0
329	107840.0
330	107224.0
331	106688.0
332	107012.0
333	108208.0
334	107164.0
335	98468.0
336	98660.0
337	98956.0
338	97528.0
339	99436.0
340	100164.0
341	100124.0
342	100188.0
343	100268.0
344	100736.0
345	99672.0
346	99768.0
347	100064.0
348	101224.0
349	109068.0
350	108896.0
351	107636.0
352	107424.0
353	109092.0
354	101320.0
355	100684.0
356	101148.0
357	102240.0
358	101252.0
359	100112.0
360	99548.0
361	100380.0
362	100128.0
363	98380.0
364	99588.0
365	99808.0
366	101084.0
367	99540.0
368	100964.0
369	101808.0
370	102716.0
371	102820.0
372	102944.0
373	102712.0
374	104140.0
375	103792.0
376	104800.0
377	104828.0
378	105280.0
379	106024.0
380	105120.0
381	105424.0
382	105960.0
383	107764.0
384	104680.0
385	107836.0
386	105684.0
387	105792.0
388	106592.0
389	107868.0
390	107264.0
391	107256.0
392	106188.0
393	106528.0
394	106532.0
395	107168.0
396	105704.0
397	105012.0
398	105628.0
399	106676.0
400	106232.0
401	104016.0
402	104812.0
403	106312.0
404	106792.0
405	106912.0
406	106988.0
407	107188.0
408	107892.0
409	107788.0
410	107932.0
411	110692.0
412	108976.0
413	108056.0
414	109352.0
415	109512.0
416	111716.0
417	111084.0
418	111532.0
419	111232.0
420	111940.0
421	111568.0
422	111460.0
423	112572.0
424	111516.0
425	112280.0
426	111904.0
427	112532.0
428	112164.0
429	113664.0
430	110892.0
431	111356.0
432	111524.0
433	109896.0
434	109960.0
435	110856.0
436	112532.0
437	112764.0
438	110756.0
439	112188.0
440	114540.0
441	114028.0
442	113120.0
443	112804.0
444	114688.0
445	114092.0
446	115716.0
447	114656.0
448	114236.0
449	116308.0
450	115044.0
451	114616.0
452	116772.0
453	116260.0
454	117168.0
455	112252.0
456	105900.0
457	105796.0
458	103944.0
459	113120.0
460	113328.0
461	114464.0
462	114992.0
463	113144.0
464	114604.0
465	115572.0
466	106980.0
467	104696.0
468	103884.0
469	105788.0
470	104332.0
471	103840.0
472	103784.0
473	104752.0
474	106612.0
475	104604.0
476	104744.0
477	114500.0
478	117080.0
479	104512.0
480	114072.0
481	114408.0
482	116616.0
483	116212.0
484	114556.0
485	116400.0
486	106844.0
487	107068.0
488	105096.0
489	106492.0
490	107612.0
491	109024.0
492	107688.0
493	106776.0
494	107428.0
495	107264.0
496	106384.0
497	105916.0
498	110152.0
499	110580.0
500	107384.0
501	106664.0
502	108456.0
503	108516.0
504	109180.0
505	107644.0
506	108984.0
507	110432.0
508	108868.0
509	108848.0
510	107348.0
511	110520.0
512	111176.0
513	109408.0
514	109788.0
515	111324.0
516	112856.0
517	111500.0
518	112488.0
519	112852.0
520	113744.0
521	113744.0
522	112032.0
523	115428.0
524	115164.0
525	113700.0
526	113916.0
527	113732.0
528	115268.0
529	114556.0
530	115020.0
531	115200.0
532	115108.0
533	114764.0
534	113476.0
535	113208.0
536	113740.0
537	112816.0
538	112204.0
539	112504.0
540	112584.0
541	112688.0
542	110792.0
543	109120.0
544	109904.0
545	110016.0
546	108488.0
547	109244.0
548	110716.0
549	111756.0
550	112208.0
551	111876.0
552	111920.0
553	112668.0
554	112020.0
555	114048.0
556	114624.0
557	117092.0
558	114636.0
559	113112.0
560	114360.0
561	114224.0
562	113648.0
563	113060.0
564	115184.0
565	114980.0
566	115196.0
567	114244.0
568	114196.0
569	113840.0
570	115068.0
571	113196.0
572	112680.0
573	114852.0
574	114712.0
575	113408.0
576	113076.0
577	113004.0
578	115160.0
579	112872.0
580	113684.0
581	115160.0
582	117476.0
583	115888.0
584	114692.0
585	115096.0
586	116100.0
587	116976.0
588	115980.0
589	116444.0
590	118968.0
591	117864.0
592	116160.0
593	115288.0
594	116672.0
595	115728.0
596	116824.0
597	116508.0
598	118076.0
599	119624.0
600	118000.0
601	116448.0
602	117844.0
603	116380.0
604	115868.0
605	115456.0
606	117708.0
607	118308.0
608	119144.0
609	115764.0
610	119100.0
611	116788.0
612	117064.0
613	115460.0
614	116752.0
615	119292.0
616	108352.0
617	107364.0
618	115692.0
619	117100.0
620	117516.0
621	116004.0
622	115708.0
623	118648.0
624	110020.0
625	106640.0
626	106624.0
627	107824.0
628	109764.0
629	108764.0
630	108652.0
631	110444.0
632	112372.0
633	111944.0
634	110804.0
635	122328.0
636	113348.0
637	112108.0
638	111868.0
639	111508.0
640	115268.0
641	113032.0
642	111360.0
643	110268.0
644	112408.0
645	111924.0
646	109656.0
647	109896.0
648	111280.0
649	112248.0
650	110144.0
651	110424.0
652	110624.0
653	112792.0
654	109744.0
655	110552.0
656	112604.0
657	112756.0
658	111848.0
659	110280.0
660	110392.0
661	110612.0
662	111672.0
663	110732.0
664	111436.0
665	114980.0
666	115224.0
667	111536.0
668	111912.0
669	112420.0
670	113488.0
671	111652.0
672	113324.0
673	116072.0
674	114576.0
675	115188.0
676	113236.0
677	111452.0
678	113700.0
679	113024.0
680	109540.0
681	112920.0
682	114616.0
683	112664.0
684	113980.0
685	111492.0
686	111784.0
687	111804.0
688	111948.0
689	113992.0
690	114740.0
691	114404.0
692	112644.0
693	111892.0
694	112028.0
695	112116.0
696	111012.0
697	108816.0
698	111812.0
699	111624.0
700	109268.0
701	109072.0
702	109868.0
703	111256.0
704	110676.0
705	109372.0
706	111988.0
707	114660.0
708	113852.0
709	111840.0
710	112904.0
711	112612.0
712	115228.0
713	113600.0
714	112896.0
715	115672.0
716	115340.0
717	113512.0
718	112264.0
719	111860.0
720	113580.0
721	111584.0
722	112096.0
723	113816.0
724	114592.0
725	114268.0
726	113084.0
727	113312.0
728	114324.0
729	113944.0
730	113176.0
731	116168.0
732	117396.0
733	117592.0
734	115572.0
735	114876.0
736	115308.0
737	115320.0
738	114004.0
739	115512.0
740	118392.0
741	117004.0
742	114336.0
743	112088.0
744	112872.0
745	112736.0
746	111548.0
747	112320.0
748	114956.0
749	117044.0
750	114112.0
751	113336.0
752	113464.0
753	113764.0
754	112556.0
755	112436.0
756	115232.0
757	116252.0
758	115812.0
759	113524.0
760	113172.0
761	113856.0
762	113436.0
763	114684.0
764	115016.0
765	119244.0
766	118252.0
767	116044.0
768	115608.0
769	116496.0
770	116080.0
771	114500.0
772	113084.0
773	116540.0
774	107748.0
775	105084.0
776	104188.0
777	106968.0
778	105140.0
779	106008.0
780	104688.0
781	105440.0
782	116268.0
783	115220.0
784	111632.0
785	114192.0
786	113140.0
787	113304.0
788	104488.0
789	114276.0
790	116092.0
791	116428.0
792	115848.0
793	115568.0
794	113792.0
795	116404.0
796	115252.0
797	115688.0
798	120036.0
799	120260.0
800	118032.0
801	115076.0
802	115800.0
803	116460.0
804	116448.0
805	114776.0
806	118036.0
807	120036.0
808	118232.0
809	106872.0
810	106940.0
811	108560.0
812	109060.0
813	107256.0
814	107960.0
815	112032.0
816	110068.0
817	108568.0
818	107360.0
819	107616.0
820	114232.0
821	115252.0
822	113804.0
823	117740.0
824	115992.0
825	107184.0
826	106116.0
827	106728.0
828	107664.0
829	106692.0
830	107880.0
831	108204.0
832	110704.0
833	108164.0
834	107528.0
835	108036.0
836	108564.0
837	110604.0
838	109124.0
839	110080.0
840	111656.0
841	110888.0
842	109064.0
843	108904.0
844	110896.0
845	110532.0
846	109804.0
847	110020.0
848	111712.0
849	112020.0
850	109668.0
851	107184.0
852	109052.0
853	107356.0
854	109008.0
855	108208.0
856	110652.0
857	111260.0
858	111104.0
859	106708.0
860	109776.0
861	110504.0
862	110940.0
863	109912.0
864	112508.0
865	115804.0
866	114960.0
867	113028.0
868	111876.0
869	114144.0
870	113136.0
871	111612.0
872	111448.0
873	114232.0
874	114388.0
875	112484.0
876	108872.0
877	110204.0
878	110488.0
879	108384.0
880	108860.0
881	110168.0
882	111564.0
883	110352.0
884	106860.0
885	107800.0
886	109004.0
887	108440.0
888	109068.0
889	110080.0
890	113024.0
891	113488.0
892	112036.0
893	110960.0
894	111932.0
895	112772.0
896	111796.0
897	113184.0
898	114720.0
899	115300.0
900	110808.0
901	109220.0
902	109932.0
903	110596.0
904	108928.0
905	105468.0
906	108724.0
907	110100.0
908	109500.0
909	106360.0
910	106832.0
911	107232.0
912	108116.0
913	107956.0
914	108304.0
915	110984.0
916	110412.0
917	108748.0
918	109856.0
919	109708.0
920	108312.0
921	109552.0
922	108000.0
923	109020.0
924	111216.0
925	108532.0
926	108240.0
927	109504.0
928	109668.0
929	110628.0
930	108772.0
931	110052.0
932	114144.0
933	111392.0
934	110976.0
935	111340.0
936	111592.0
937	112352.0
938	109304.0
939	112628.0
940	114788.0
941	115780.0
942	112764.0
943	110736.0
944	111680.0
945	112932.0
946	112672.0
947	112380.0
948	114600.0
949	114304.0
950	111932.0
951	110684.0
952	113300.0
953	111780.0
954	111892.0
955	110004.0
956	112612.0
957	114128.0
958	112504.0
959	111616.0
960	110100.0
961	111220.0
962	110364.0
963	108736.0
964	109940.0
965	112216.0
966	113512.0
967	110440.0
968	110288.0
969	110992.0
970	110864.0
971	110896.0
972	111908.0
973	112788.0
974	114088.0
975	111192.0
976	110616.0
977	111844.0
978	111268.0
979	110932.0
980	109552.0
981	109740.0
982	111728.0
983	112152.0
984	108184.0
985	108736.0
986	109792.0
987	107972.0
988	107424.0
989	109460.0
990	110768.0
991	111960.0
992	108304.0
993	110016.0
994	103284.0
995	102516.0
996	102264.0
997	110508.0
998	104876.0
999	114792.0
1000	112276.0
1001	109004.0
1002	111604.0
1003	111008.0
1004	111488.0
1005	111784.0
1006	111392.0
1007	113832.0
1008	112972.0
1009	109324.0
1010	110196.0
1011	109884.0
1012	107900.0
1013	108608.0
1014	108176.0
1015	109376.0
1016	111508.0
1017	108272.0
1018	108040.0
1019	107624.0
1020	109016.0
1021	108208.0
1022	109272.0
1023	112764.0
1024	112288.0
1025	109708.0
1026	108424.0
1027	102100.0
1028	101488.0
1029	103088.0
1030	101324.0
1031	103268.0
1032	103920.0
1033	103168.0
1034	108948.0
1035	101588.0
1036	102092.0
1037	100500.0
1038	99616.0
1039	100648.0
1040	102448.0
1041	101520.0
1042	99996.0
1043	100064.0
1044	100876.0
1045	101272.0
1046	99616.0
1047	100400.0
1048	101556.0
1049	102512.0
1050	102104.0
1051	100316.0
1052	100784.0
1053	102068.0
1054	99864.0
1055	100404.0
1056	101308.0
1057	103124.0
1058	102276.0
1059	101244.0
1060	98992.0
1061	100288.0
1062	99544.0
1063	97664.0
1064	98720.0
1065	99956.0
1066	101884.0
1067	98832.0
1068	99860.0
1069	98316.0
1070	98264.0
1071	99196.0
1072	99192.0
1073	101660.0
1074	101876.0
1075	102572.0
1076	98784.0
1077	99720.0
1078	101196.0
1079	101316.0
1080	99632.0
1081	99716.0
1082	101148.0
1083	101448.0
1084	99312.0
1085	100316.0
1086	101060.0
1087	100020.0
1088	100276.0
1089	98780.0
1090	100408.0
1091	102860.0
1092	99796.0
1093	99512.0
1094	100880.0
1095	101380.0
1096	100184.0
1097	99444.0
1098	103128.0
1099	104368.0
1100	100064.0
1101	99992.0
1102	101188.0
1103	101528.0
1104	101380.0
1105	99776.0
1106	102092.0
1107	103124.0
1108	102344.0
1109	100984.0
1110	99892.0
1111	100520.0
1112	99736.0
1113	100120.0
1114	99736.0
1115	101416.0
1116	101652.0
1117	100152.0
1118	98184.0
1119	98404.0
1120	99380.0
1121	98884.0
1122	98516.0
1123	100164.0
1124	102136.0
1125	100492.0
1126	99652.0
1127	99128.0
1128	100504.0
1129	100512.0
1130	100064.0
1131	101596.0
1132	102644.0
1133	101568.0
1134	100716.0
1135	98912.0
1136	100148.0
1137	99976.0
1138	99168.0
1139	98988.0
1140	102028.0
1141	101196.0
1142	99100.0
1143	100128.0
1144	99632.0
1145	100096.0
1146	100392.0
1147	98296.0
1148	102244.0
1149	103680.0
1150	100944.0
1151	100684.0
1152	101584.0
1153	103184.0
1154	102312.0
1155	102036.0
1156	102468.0
1157	104932.0
1158	103112.0
1159	100540.0
1160	101096.0
1161	101168.0
1162	101108.0
1163	99912.0
1164	98804.0
1165	101784.0
1166	101128.0
1167	98040.0
1168	98084.0
1169	100476.0
1170	98900.0
1171	98896.0
1172	99164.0
1173	100436.0
1174	101008.0
1175	100296.0
1176	98076.0
1177	98076.0
1178	99836.0
1179	99896.0
1180	99732.0
1181	100328.0
1182	102544.0
1183	101748.0
1184	100536.0
1185	100212.0
1186	100916.0
1187	101212.0
1188	100848.0
1189	100600.0
1190	102372.0
1191	100824.0
1192	99668.0
1193	99252.0
1194	98332.0
1195	101324.0
1196	98220.0
1197	98180.0
1198	99232.0
1199	100020.0
1200	99636.0
1201	98508.0
1202	99272.0
1203	101108.0
1204	99548.0
1205	98792.0
1206	100156.0
1207	100468.0
1208	99664.0
1209	99400.0
1210	99532.0
1211	100352.0
1212	101472.0
1213	99352.0
1214	99380.0
1215	101508.0
1216	100428.0
1217	97744.0
1218	99904.0
1219	98420.0
1220	98348.0
1221	97760.0
1222	99500.0
1223	99632.0
1224	99868.0
1225	100568.0
1226	100340.0
1227	99716.0
1228	98192.0
1229	97628.0
1230	99364.0
1231	99992.0
1232	101148.0
1233	99700.0
1234	97764.0
1235	100612.0
1236	100200.0
1237	99812.0
1238	100096.0
1239	100464.0
1240	99720.0
1241	100896.0
1242	98324.0
1243	98076.0
1244	98176.0
1245	99236.0
1246	97996.0
1247	97304.0
1248	98056.0
1249	100420.0
1250	97060.0
1251	97260.0
1252	98428.0
1253	99224.0
1254	98496.0
1255	95452.0
1256	99696.0
1257	100592.0
1258	100532.0
1259	97740.0
1260	100300.0
1261	100504.0
1262	98964.0
1263	100516.0
1264	100076.0
1265	101880.0
1266	100624.0
1267	99824.0
1268	98700.0
1269	99184.0
1270	100852.0
1271	98340.0
1272	97956.0
1273	99688.0
1274	98904.0
1275	96988.0
1276	96880.0
1277	96696.0
1278	98992.0
1279	98284.0
1280	98436.0
1281	98652.0
1282	99232.0
1283	98104.0
1284	96100.0
1285	99964.0
1286	98500.0
1287	97080.0
1288	97700.0
1289	97672.0
1290	98944.0
1291	99044.0
1292	98920.0
1293	97932.0
1294	98392.0
1295	98080.0
1296	96600.0
1297	97756.0
1298	98936.0
1299	99000.0
1300	96816.0
1301	96676.0
1302	96932.0
1303	97600.0
1304	97968.0
1305	96340.0
1306	97676.0
1307	100164.0
1308	98080.0
1309	97608.0
1310	97552.0
1311	97760.0
1312	98660.0
1313	97116.0
1314	97424.0
1315	97996.0
1316	99152.0
1317	96760.0
1318	98804.0
1319	96872.0
1320	96968.0
1321	97120.0
1322	98020.0
1323	97376.0
1324	97996.0
1325	97084.0
1326	94500.0
1327	94588.0
1328	96772.0
1329	94752.0
1330	95052.0
1331	95512.0
1332	95848.0
1333	96756.0
1334	95032.0
1335	95212.0
1336	95884.0
1337	96176.0
1338	95620.0
1339	96552.0
1340	97452.0
1341	97292.0
1342	96448.0
1343	96532.0
1344	96976.0
1345	97064.0
1346	95616.0
1347	96148.0
1348	95836.0
1349	97652.0
1350	96024.0
1351	94516.0
1352	96208.0
1353	95596.0
1354	95360.0
1355	95040.0
1356	95900.0
1357	94848.0
1358	96056.0
1359	95272.0
1360	94288.0
1361	95080.0
1362	95844.0
1363	95856.0
1364	96020.0
1365	96740.0
1366	96308.0
1367	96400.0
1368	95568.0
1369	96004.0
1370	96036.0
1371	94784.0
1372	94108.0
1373	94780.0
1374	95872.0
1375	93856.0
1376	93172.0
1377	94712.0
1378	93896.0
1379	93596.0
1380	93612.0
1381	93904.0
1382	94280.0
1383	95172.0
1384	93372.0
1385	93752.0
1386	94500.0
1387	94716.0
1388	95660.0
1389	95728.0
1390	96556.0
1391	95856.0
1392	96984.0
1393	94980.0
1394	97004.0
1395	97184.0
1396	98612.0
1397	95320.0
1398	98112.0
1399	97228.0
1400	96924.0
1401	96356.0
1402	97212.0
1403	95608.0
1404	96664.0
1405	94676.0
1406	96080.0
1407	95648.0
1408	95228.0
1409	93660.0
1410	93960.0
1411	94660.0
1412	92908.0
1413	95660.0
1414	94036.0
1415	94716.0
1416	94064.0
1417	94548.0
1418	93092.0
1419	94420.0
1420	94044.0
1421	96016.0
1422	94776.0
1423	95652.0
1424	95352.0
1425	95216.0
1426	95112.0
1427	95132.0
1428	95128.0
1429	95160.0
1430	95632.0
1431	93476.0
1432	95148.0
1433	93076.0
1434	93904.0
1435	93248.0
1436	93708.0
1437	93508.0
1438	91896.0
1439	92332.0
1440	93972.0
1441	95268.0
1442	93016.0
1443	92904.0
1444	92176.0
1445	93768.0
1446	93168.0
1447	92008.0
1448	92176.0
1449	94304.0
1450	92864.0
1451	92796.0
1452	92684.0
1453	94188.0
1454	92748.0
1455	90488.0
1456	90884.0
1457	92128.0
1458	91632.0
1459	91628.0
1460	89416.0
1461	90776.0
1462	92228.0
1463	90864.0
1464	91264.0
1465	91532.0
1466	92048.0
1467	93236.0
1468	92252.0
1469	92144.0
1470	93568.0
1471	93312.0
1472	92236.0
1473	93468.0
1474	93648.0
1475	93944.0
1476	91444.0
1477	93068.0
1478	94388.0
1479	93524.0
1480	92772.0
1481	92600.0
1482	94268.0
1483	93752.0
1484	93572.0
1485	93356.0
1486	92252.0
1487	94132.0
1488	92896.0
1489	91888.0
1490	93196.0
1491	92048.0
1492	92800.0
1493	92380.0
1494	92792.0
1495	93364.0
1496	92260.0
1497	92596.0
1498	92764.0
1499	92320.0
1500	92100.0
1501	91288.0
1502	91440.0
1503	91176.0
1504	91476.0
1505	91360.0
1506	91944.0
1507	91828.0
1508	90268.0
1509	90976.0
1510	89520.0
1511	91224.0
1512	90064.0
1513	89324.0
1514	90684.0
1515	90792.0
1516	90204.0
1517	90372.0
1518	89940.0
1519	90676.0
1520	90044.0
1521	91408.0
1522	89444.0
1523	91652.0
1524	91224.0
1525	91392.0
1526	91992.0
1527	91108.0
1528	91936.0
1529	93024.0
1530	92032.0
1531	92872.0
1532	93908.0
1533	91804.0
1534	91624.0
1535	90840.0
1536	91528.0
1537	90580.0
1538	90676.0
1539	90644.0
1540	90724.0
1541	91260.0
1542	89712.0
1543	89936.0
1544	89836.0
1545	90456.0
1546	90492.0
1547	91048.0
1548	90720.0
1549	90160.0
1550	90208.0
1551	89656.0
1552	90296.0
1553	91000.0
1554	91248.0
1555	90960.0
1556	90164.0
1557	91200.0
1558	89040.0
1559	90352.0
1560	90084.0
1561	89796.0
1562	90216.0
1563	88892.0
1564	89064.0
1565	89172.0
1566	89576.0
1567	89140.0
1568	89284.0
1569	89112.0
1570	90468.0
1571	90136.0
1572	89720.0
1573	89856.0
1574	89384.0
1575	88884.0
1576	90412.0
1577	89340.0
1578	89932.0
1579	91132.0
1580	89696.0
1581	90676.0
1582	89604.0
1583	89984.0
1584	89060.0
1585	90548.0
1586	90800.0
1587	91088.0
1588	89508.0
1589	89260.0
1590	87268.0
1591	87772.0
1592	87540.0
1593	86128.0
1594	86720.0
1595	85784.0
1596	86428.0
1597	85720.0
1598	85332.0
1599	85888.0
1600	85932.0
1601	86232.0
1602	86712.0
1603	85916.0
1604	85904.0
1605	85152.0
1606	86284.0
1607	87020.0
1608	87440.0
1609	86580.0
1610	84920.0
1611	86388.0
1612	85480.0
1613	85272.0
1614	85592.0
1615	85896.0
1616	86560.0
1617	84796.0
1618	84984.0
1619	86176.0
1620	85564.0
1621	85040.0
1622	85100.0
1623	84808.0
1624	85320.0
1625	83568.0
1626	85000.0
1627	87072.0
1628	86164.0
1629	86960.0
1630	88060.0
1631	88024.0
1632	87504.0
1633	87812.0
1634	89340.0
1635	89692.0
1636	88616.0
1637	89252.0
1638	88348.0
1639	90580.0
1640	89432.0
1641	87712.0
1642	88960.0
1643	88724.0
1644	88608.0
1645	88528.0
1646	88124.0
1647	87352.0
1648	86684.0
1649	87968.0
1650	87284.0
1651	86976.0
1652	87080.0
1653	87504.0
1654	86980.0
1655	86424.0
1656	86848.0
1657	87064.0
1658	86664.0
1659	87004.0
1660	87020.0
1661	87544.0
1662	88368.0
1663	88048.0
1664	87856.0
1665	88052.0
1666	86968.0
1667	87868.0
1668	87616.0
1669	88524.0
1670	86444.0
1671	87192.0
1672	86688.0
1673	86948.0
1674	86336.0
1675	85888.0
1676	86412.0
1677	87772.0
1678	87776.0
1679	85624.0
1680	86984.0
1681	87388.0
1682	86792.0
1683	85804.0
1684	87116.0
1685	86148.0
1686	86460.0
1687	86712.0
1688	86828.0
1689	87984.0
1690	87556.0
1691	87244.0
1692	86560.0
1693	86540.0
1694	87072.0
1695	86056.0
1696	86056.0
1697	86152.0
1698	87592.0
1699	86180.0
1700	85004.0
1701	85156.0
1702	85308.0
1703	85304.0
1704	85024.0
1705	84116.0
1706	83936.0
1707	84208.0
1708	83224.0
1709	84312.0
1710	85052.0
1711	82988.0
1712	83864.0
1713	83824.0
1714	84476.0
1715	84928.0
1716	85060.0
1717	84572.0
1718	84880.0
1719	84028.0
1720	85808.0
1721	85152.0
1722	84840.0
1723	84212.0
1724	84356.0
1725	84436.0
1726	83420.0
1727	83408.0
1728	83648.0
1729	83728.0
1730	84068.0
1731	83764.0
1732	82884.0
1733	84008.0
1734	83168.0
1735	83572.0
1736	85232.0
1737	84144.0
1738	83876.0
1739	84836.0
1740	85144.0
1741	84224.0
1742	85036.0
1743	86200.0
1744	86216.0
1745	86056.0
1746	85696.0
1747	86024.0
1748	87176.0
1749	85160.0
1750	85576.0
1751	85116.0
1752	84644.0
1753	84456.0
1754	84936.0
1755	85404.0
1756	84276.0
1757	83676.0
1758	83220.0
1759	83080.0
1760	84544.0
1761	83712.0
1762	83920.0
1763	83692.0
1764	83460.0
1765	82584.0
1766	83208.0
1767	83576.0
1768	83312.0
1769	83616.0
1770	82908.0
1771	84056.0
1772	84528.0
1773	84556.0
1774	83664.0
1775	83508.0
1776	83736.0
1777	82928.0
1778	83452.0
1779	83592.0
1780	83600.0
1781	83620.0
1782	83984.0
1783	83684.0
1784	83956.0
1785	82768.0
1786	83768.0
1787	83900.0
1788	81976.0
1789	83116.0
1790	83456.0
1791	82500.0
1792	84552.0
1793	84000.0
1794	84052.0
1795	82912.0
1796	84488.0
1797	84260.0
1798	84172.0
1799	84376.0
1800	85196.0
1801	84740.0
1802	84828.0
1803	83252.0
1804	83284.0
1805	83272.0
1806	83572.0
1807	82056.0
1808	83192.0
1809	83608.0
1810	83148.0
1811	82532.0
1812	81720.0
1813	83020.0
1814	82732.0
1815	81908.0
1816	82808.0
1817	82404.0
1818	81300.0
1819	80944.0
1820	81780.0
1821	81624.0
1822	81276.0
1823	81488.0
1824	80864.0
1825	80436.0
1826	81956.0
1827	81632.0
1828	80564.0
1829	80252.0
1830	81620.0
1831	79428.0
1832	79400.0
1833	79620.0
1834	79948.0
1835	79572.0
1836	79540.0
1837	79096.0
1838	79388.0
1839	79604.0
1840	79544.0
1841	78508.0
1842	79064.0
1843	80748.0
1844	79724.0
1845	80152.0
1846	81016.0
1847	79840.0
1848	79460.0
1849	80376.0
1850	80396.0
1851	79792.0
1852	80652.0
1853	81248.0
1854	82352.0
1855	80436.0
1856	81516.0
1857	81492.0
1858	80552.0
1859	80188.0
1860	80948.0
1861	82080.0
1862	80296.0
1863	82056.0
1864	81916.0
1865	81724.0
1866	81628.0
1867	80328.0
1868	80972.0
1869	80024.0
1870	80964.0
1871	81040.0
1872	82356.0
1873	80656.0
1874	81124.0
1875	80480.0
1876	81692.0
1877	80664.0
1878	82612.0
1879	83208.0
1880	81888.0
1881	82448.0
1882	81144.0
1883	80964.0
1884	81584.0
1885	81412.0
1886	82520.0
1887	82004.0
1888	80384.0
1889	81036.0
1890	80900.0
1891	80804.0
1892	79388.0
1893	80280.0
1894	80796.0
1895	79844.0
1896	79464.0
1897	79720.0
1898	79000.0
1899	78996.0
1900	78932.0
1901	79536.0
1902	78560.0
1903	80044.0
1904	80240.0
1905	79588.0
1906	79428.0
1907	79956.0
1908	80216.0
1909	79168.0
1910	80320.0
1911	79952.0
1912	80336.0
1913	80220.0
1914	80340.0
1915	80468.0
1916	79872.0
1917	80344.0
1918	79868.0
1919	79860.0
1920	80312.0
1921	79236.0
1922	79152.0
1923	79592.0
1924	79708.0
1925	78372.0
1926	79956.0
1927	79872.0
1928	78484.0
1929	79828.0
1930	79964.0
1931	79852.0
1932	80448.0
1933	79436.0
1934	79992.0
1935	80028.0
1936	79624.0
1937	80376.0
1938	79580.0
1939	79916.0
1940	79580.0
1941	78380.0
1942	79120.0
1943	79384.0
1944	79492.0
1945	77552.0
1946	78264.0
1947	79180.0
1948	78780.0
1949	77588.0
1950	77564.0
1951	76696.0
1952	77140.0
1953	77648.0
1954	76832.0
1955	76716.0
1956	76596.0
1957	75568.0
1958	77332.0
1959	77328.0
1960	77308.0
1961	77248.0
1962	77472.0
1963	77524.0
1964	76768.0
1965	76384.0
1966	77992.0
1967	76760.0
1968	77120.0
1969	77300.0
1970	76500.0
1971	76412.0
1972	75916.0
1973	75524.0
1974	76200.0
1975	76712.0
1976	77156.0
1977	76648.0
1978	76476.0
1979	77076.0
1980	76912.0
1981	76440.0
1982	75948.0
1983	75976.0
1984	76904.0
1985	75924.0
1986	76428.0
1987	76984.0
1988	77188.0
1989	77544.0
1990	76812.0
1991	76828.0
1992	77420.0
1993	76564.0
1994	76356.0
1995	76724.0
1996	75944.0
1997	76656.0
1998	77624.0
1999	76640.0
2000	73904.0
2001	75792.0
2002	75932.0
2003	76844.0
2004	75868.0
2005	74876.0
2006	75380.0
2007	75376.0
2008	75276.0
2009	75016.0
2010	76232.0
2011	75184.0
2012	75100.0
2013	76700.0
2014	75044.0
2015	75516.0
2016	74916.0
2017	75364.0
2018	76424.0
2019	75840.0
2020	74836.0
2021	77276.0
2022	75712.0
2023	75392.0
2024	75924.0
2025	74664.0
2026	74956.0
2027	75560.0
2028	74824.0
2029	74652.0
2030	74400.0
2031	74012.0
2032	75040.0
2033	74444.0
2034	76248.0
2035	75364.0
2036	73724.0
2037	74036.0
2038	74460.0
2039	74656.0
2040	74104.0
2041	73384.0
2042	73836.0
2043	73776.0
2044	72304.0
2045	74160.0
2046	73860.0
2047	74644.0
2048	72732.0
2049	73884.0
2050	72732.0
2051	73888.0
2052	72416.0
2053	72936.0
2054	73052.0
2055	73052.0
2056	72452.0
2057	72748.0
2058	72708.0
2059	73364.0
2060	72308.0
2061	73000.0
2062	73340.0
2063	73232.0
2064	72484.0
2065	72772.0
2066	73520.0
2067	73772.0
2068	72896.0
2069	74628.0
2070	74008.0
2071	73784.0
2072	74008.0
2073	72940.0
2074	72912.0
2075	72824.0
2076	73916.0
2077	73968.0
2078	73328.0
2079	73412.0
2080	72932.0
2081	74392.0
2082	73324.0
2083	73240.0
2084	74136.0
2085	73528.0
2086	72936.0
2087	73620.0
2088	73200.0
2089	73208.0
2090	73288.0
2091	72308.0
2092	73280.0
2093	73364.0
2094	73284.0
2095	75204.0
2096	73148.0
2097	73820.0
2098	73884.0
2099	73500.0
2100	71800.0
2101	73724.0
2102	73292.0
2103	74436.0
2104	73572.0
2105	74636.0
2106	73652.0
2107	71928.0
2108	72592.0
2109	72492.0
2110	72608.0
2111	73220.0
2112	72368.0
2113	71432.0
2114	72140.0
2115	72064.0
2116	71064.0
2117	71180.0
2118	71548.0
2119	71020.0
2120	71712.0
2121	70436.0
2122	72492.0
2123	71228.0
2124	71324.0
2125	71088.0
2126	71540.0
2127	71940.0
2128	72164.0
2129	72208.0
2130	72508.0
2131	71492.0
2132	71808.0
2133	71520.0
2134	70124.0
2135	71712.0
2136	71964.0
2137	71432.0
2138	71120.0
2139	71764.0
2140	70616.0
2141	71380.0
2142	70060.0
2143	69896.0
2144	70880.0
2145	70148.0
2146	70660.0
2147	70260.0
2148	69220.0
2149	70084.0
2150	69736.0
2151	70896.0
2152	70712.0
2153	70400.0
2154	71052.0
2155	70916.0
2156	71040.0
2157	71376.0
2158	70868.0
2159	71724.0
2160	71232.0
2161	71708.0
2162	70228.0
2163	71148.0
2164	71356.0
2165	70576.0
2166	70792.0
2167	70696.0
2168	72140.0
2169	71988.0
2170	70304.0
2171	70268.0
2172	70404.0
2173	70476.0
2174	68924.0
2175	68372.0
2176	70080.0
2177	69328.0
2178	70664.0
2179	69180.0
2180	69584.0
2181	69752.0
2182	69340.0
2183	68688.0
2184	70488.0
2185	69428.0
2186	70416.0
2187	70384.0
2188	69488.0
2189	69072.0
2190	69360.0
2191	69696.0
2192	69176.0
2193	69392.0
2194	69640.0
2195	69408.0
2196	69784.0
2197	69336.0
2198	69752.0
2199	68616.0
2200	68948.0
2201	69572.0
2202	68944.0
2203	68344.0
2204	68804.0
2205	68940.0
2206	68424.0
2207	67988.0
2208	67836.0
2209	69596.0
2210	68764.0
2211	68188.0
2212	68300.0
2213	68324.0
2214	69104.0
2215	68116.0
2216	69056.0
2217	68500.0
2218	69224.0
2219	69144.0
2220	67572.0
2221	67848.0
2222	67336.0
2223	67056.0
2224	66264.0
2225	67432.0
2226	67288.0
2227	66624.0
2228	66312.0
2229	66928.0
2230	66572.0
2231	66580.0
2232	66460.0
2233	65496.0
2234	66244.0
2235	66780.0
2236	66392.0
2237	67580.0
2238	65548.0
2239	66912.0
2240	66148.0
2241	65688.0
2242	65384.0
2243	66616.0
2244	66712.0
2245	67220.0
2246	66420.0
2247	67516.0
2248	65900.0
2249	65492.0
2250	65708.0
2251	64772.0
2252	66484.0
2253	65676.0
2254	65444.0
2255	65144.0
2256	65800.0
2257	64444.0
2258	64296.0
2259	65596.0
2260	64780.0
2261	65344.0
2262	64788.0
2263	64700.0
2264	65528.0
2265	66108.0
2266	64728.0
2267	64620.0
2268	65168.0
2269	65816.0
2270	66200.0
2271	65184.0
2272	65616.0
2273	65600.0
2274	64060.0
2275	65552.0
2276	65960.0
2277	66176.0
2278	67028.0
2279	66116.0
2280	65616.0
2281	64824.0
2282	64584.0
2283	64164.0
2284	65524.0
2285	64020.0
2286	65020.0
2287	65808.0
2288	65696.0
2289	66236.0
2290	65456.0
2291	64860.0
2292	65796.0
2293	65092.0
2294	65712.0
2295	65052.0
2296	66244.0
2297	66316.0
2298	65948.0
2299	65328.0
2300	65704.0
2301	65676.0
2302	65824.0
2303	66280.0
2304	65936.0
2305	66176.0
2306	65580.0
2307	65328.0
2308	64904.0
2309	65244.0
2310	65796.0
2311	65124.0
2312	64892.0
2313	65044.0
2314	65068.0
2315	64928.0
2316	64336.0
2317	63588.0
2318	65584.0
2319	64464.0
2320	63516.0
2321	64952.0
2322	65240.0
2323	64268.0
2324	63484.0
2325	64328.0
2326	66112.0
2327	64996.0
2328	65380.0
2329	64944.0
2330	65540.0
2331	63916.0
2332	64156.0
2333	64344.0
2334	65988.0
2335	65232.0
2336	64940.0
2337	64580.0
2338	65236.0
2339	63892.0
2340	64196.0
2341	63780.0
2342	64260.0
2343	64512.0
2344	64896.0
2345	64608.0
2346	64200.0
2347	64428.0
2348	63476.0
2349	63344.0
2350	64140.0
2351	63840.0
2352	63812.0
2353	65268.0
2354	64956.0
2355	65072.0
2356	64424.0
2357	63696.0
2358	63684.0
2359	64944.0
2360	64884.0
2361	64916.0
2362	64852.0
2363	65080.0
2364	63972.0
2365	63952.0
2366	64032.0
2367	63592.0
2368	63608.0
2369	63984.0
2370	63384.0
2371	63428.0
2372	63116.0
2373	62864.0
2374	62076.0
2375	63540.0
2376	63768.0
2377	63228.0
2378	63672.0
2379	64772.0
2380	64260.0
2381	62092.0
2382	61468.0
2383	63644.0
2384	63316.0
2385	64368.0
2386	63684.0
2387	62968.0
2388	63968.0
2389	63340.0
2390	62564.0
2391	62552.0
2392	62592.0
2393	63156.0
2394	63864.0
2395	62412.0
2396	61212.0
2397	63268.0
2398	61544.0
2399	62076.0
2400	61932.0
2401	63688.0
2402	61760.0
2403	62300.0
2404	63176.0
2405	62004.0
2406	63176.0
2407	61300.0
2408	61048.0
2409	62208.0
2410	62400.0
2411	61520.0
2412	62120.0
2413	60868.0
2414	63340.0
2415	61392.0
2416	61636.0
2417	63208.0
2418	61648.0
2419	62772.0
2420	63992.0
2421	62724.0
2422	63428.0
2423	61820.0
2424	60888.0
2425	61064.0
2426	63012.0
2427	62908.0
2428	63104.0
2429	62800.0
2430	63548.0
2431	61660.0
2432	60792.0
2433	61776.0
2434	62992.0
2435	61656.0
2436	62764.0
2437	62392.0
2438	63356.0
2439	62212.0
2440	63332.0
2441	62344.0
2442	62220.0
2443	62532.0
2444	63124.0
2445	63568.0
2446	63652.0
2447	62280.0
2448	62512.0
2449	61800.0
2450	62364.0
2451	62616.0
2452	61876.0
2453	62164.0
2454	62196.0
2455	62628.0
2456	62212.0
2457	62844.0
2458	61880.0
2459	64076.0
2460	63264.0
2461	62720.0
2462	62596.0
2463	63228.0
2464	63156.0
2465	62192.0
2466	61708.0
2467	63184.0
2468	64316.0
2469	63844.0
2470	64100.0
2471	64492.0
2472	63852.0
2473	62108.0
2474	63516.0
2475	63144.0
2476	64056.0
2477	64200.0
2478	63080.0
2479	63304.0
2480	63448.0
2481	62368.0
2482	62696.0
2483	61072.0
2484	62884.0
2485	63104.0
2486	62344.0
2487	63176.0
2488	64916.0
2489	63676.0
2490	62224.0
2491	61048.0
2492	63968.0
2493	63220.0
2494	63604.0
2495	63344.0
2496	63720.0
2497	64760.0
2498	63008.0
2499	62088.0
2500	62464.0
2501	63728.0
2502	63000.0
2503	62052.0
2504	63352.0
2505	62320.0
2506	61752.0
2507	62476.0
2508	61044.0
2509	63288.0
2510	62572.0
2511	61060.0
2512	61896.0
2513	61560.0
2514	61672.0
2515	60876.0
2516	61008.0
2517	61964.0
2518	61660.0
2519	62076.0
2520	62480.0
2521	60908.0
2522	60936.0
2523	60960.0
2524	60932.0
2525	60880.0
2526	62492.0
2527	62716.0
2528	62736.0
2529	62708.0
2530	64112.0
2531	61700.0
2532	61728.0
2533	62244.0
2534	63260.0
2535	63048.0
2536	63520.0
2537	64356.0
2538	62788.0
2539	62692.0
2540	61392.0
2541	63264.0
2542	64032.0
2543	64476.0
2544	64352.0
2545	63852.0
2546	65212.0
2547	64676.0
2548	62788.0
2549	62600.0
2550	63228.0
2551	64556.0
2552	64080.0
2553	63284.0
2554	63588.0
2555	64584.0
2556	62716.0
2557	62528.0
2558	62880.0
2559	64180.0
2560	64708.0
2561	65132.0
2562	63784.0
2563	64056.0
2564	63920.0
2565	62936.0
2566	61580.0
2567	63992.0
2568	63604.0
2569	62540.0
2570	62532.0
2571	62700.0
2572	64540.0
2573	63496.0
2574	62388.0
2575	63744.0
2576	65056.0
2577	63876.0
2578	65168.0
2579	65512.0
2580	64344.0
2581	63600.0
2582	62360.0
2583	61612.0
2584	63164.0
2585	65292.0
2586	63768.0
2587	63792.0
2588	63852.0
2589	63636.0
2590	62364.0
2591	62644.0
2592	63812.0
2593	64244.0
2594	64348.0
2595	63712.0
2596	63968.0
2597	64080.0
2598	63360.0
2599	62636.0
2600	63052.0
2601	64516.0
2602	63996.0
2603	64708.0
2604	63784.0
2605	65328.0
2606	66224.0
2607	62108.0
2608	62492.0
2609	63228.0
2610	63652.0
2611	64188.0
2612	64120.0
2613	65064.0
2614	64744.0
2615	63672.0
2616	64184.0
2617	65556.0
2618	66008.0
2619	65580.0
2620	63964.0
2621	64968.0
2622	64028.0
2623	63260.0
2624	63300.0
2625	63772.0
2626	64204.0
2627	69832.0
2628	64824.0
2629	64168.0
2630	64556.0
2631	62944.0
2632	62632.0
2633	62508.0
2634	63884.0
2635	63892.0
2636	64248.0
2637	63268.0
2638	63164.0
2639	62736.0
2640	62116.0
2641	61688.0
2642	63304.0
2643	64680.0
2644	63624.0
2645	64148.0
2646	63204.0
2647	69844.0
2648	67340.0
2649	67572.0
2650	68628.0
2651	69260.0
2652	69352.0
2653	68616.0
2654	68684.0
2655	68440.0
2656	68464.0
2657	66872.0
2658	68092.0
2659	69148.0
2660	69424.0
2661	67496.0
2662	68868.0
2663	68572.0
2664	67928.0
2665	68264.0
2666	67500.0
2667	69212.0
2668	68544.0
2669	68476.0
2670	68060.0
2671	68680.0
2672	70400.0
2673	66272.0
2674	67244.0
2675	67292.0
2676	68376.0
2677	68732.0
2678	68948.0
2679	67776.0
2680	67796.0
2681	67020.0
2682	67120.0
2683	65756.0
2684	67412.0
2685	68352.0
2686	68228.0
2687	67944.0
2688	67736.0
2689	67812.0
2690	65920.0
2691	65504.0
2692	67148.0
2693	66964.0
2694	68496.0
2695	66312.0
2696	67080.0
2697	67696.0
2698	66376.0
2699	65868.0
2700	65952.0
2701	67520.0
2702	67536.0
2703	67364.0
2704	67448.0
2705	67992.0
2706	66264.0
2707	66964.0
2708	66288.0
2709	67088.0
2710	67368.0
2711	67192.0
2712	67440.0
2713	67544.0
2714	67608.0
2715	65632.0
2716	65468.0
2717	66692.0
2718	68732.0
2719	68320.0
2720	68448.0
2721	67604.0
2722	68172.0
2723	67632.0
2724	66496.0
2725	67968.0
2726	68576.0
2727	68472.0
2728	69000.0
2729	68048.0
2730	69000.0
2731	67672.0
2732	66264.0
2733	67492.0
2734	68556.0
2735	68624.0
2736	67084.0
2737	68312.0
2738	69204.0
2739	68104.0
2740	66436.0
2741	67844.0
2742	67216.0
2743	68188.0
2744	67608.0
2745	67048.0
2746	67520.0
2747	68172.0
