0	1292.0
1	1496.0
2	1476.0
3	1640.0
4	1944.0
5	2284.0
6	2136.0
7	2728.0
8	2356.0
9	2436.0
10	2500.0
11	2632.0
12	1792.0
13	1816.0
14	1628.0
15	1576.0
16	1624.0
17	1644.0
18	1732.0
19	1772.0
20	1802.0
21	1724.0
22	2036.0
23	1508.0
24	1892.0
25	1936.0
26	2224.0
27	2116.0
28	2156.0
29	2340.0
30	2676.0
31	2500.0
32	2552.0
33	2380.0
34	2588.0
35	2412.0
36	2344.0
37	2484.0
38	2320.0
39	2552.0
40	2212.0
41	2424.0
42	2368.0
43	2380.0
44	2160.0
45	2404.0
46	2836.0
47	2600.0
48	2616.0
49	2472.0
50	2696.0
51	2420.0
52	2496.0
53	2548.0
54	2472.0
55	2360.0
56	2640.0
57	2608.0
58	2688.0
59	2732.0
60	2844.0
61	2956.0
62	2668.0
63	2712.0
64	2456.0
65	2704.0
66	2592.0
67	2536.0
68	2692.0
69	2728.0
70	2688.0
71	2704.0
72	2744.0
73	2800.0
74	2592.0
75	2740.0
76	2816.0
77	2452.0
78	2612.0
79	2428.0
80	2292.0
81	2516.0
82	2004.0
83	2180.0
84	2208.0
85	2088.0
86	2240.0
87	2336.0
88	2464.0
89	2652.0
90	2688.0
91	2548.0
92	2780.0
93	2872.0
94	2764.0
95	2680.0
96	2748.0
97	2760.0
98	2016.0
99	2380.0
100	2356.0
101	2592.0
102	2420.0
103	2306.0
104	2500.0
105	2904.0
106	2512.0
107	2340.0
108	2688.0
109	2480.0
110	2764.0
111	2720.0
112	2652.0
113	2620.0
114	2724.0
115	2668.0
116	2760.0
117	2960.0
118	2660.0
119	2508.0
120	2276.0
121	2900.0
122	2784.0
123	2144.0
124	2500.0
125	2492.0
126	2288.0
127	2324.0
128	2100.0
129	2236.0
130	2456.0
131	2180.0
132	2132.0
133	2056.0
134	2544.0
135	2348.0
136	2444.0
137	2264.0
138	2500.0
139	2252.0
140	2628.0
141	2400.0
142	2492.0
143	2272.0
144	2356.0
145	2392.0
146	2660.0
147	2492.0
148	2340.0
149	2664.0
150	2348.0
151	2392.0
152	2556.0
153	2360.0
154	2448.0
155	2408.0
156	2864.0
157	2488.0
158	2512.0
159	2360.0
160	2468.0
161	2524.0
162	2336.0
163	2376.0
164	2076.0
165	2176.0
166	2316.0
167	2556.0
168	2568.0
169	2324.0
170	2288.0
171	2592.0
172	2608.0
173	2234.0
174	2380.0
175	2488.0
176	2376.0
177	2708.0
178	2400.0
179	2288.0
180	2296.0
181	2412.0
182	2232.0
183	2708.0
184	2296.0
185	2760.0
186	2636.0
187	2588.0
188	2372.0
189	2528.0
190	2408.0
191	2472.0
192	2576.0
193	2760.0
194	2444.0
195	2536.0
196	2592.0
197	2388.0
198	2668.0
199	2472.0
200	2640.0
201	2580.0
202	2652.0
203	2556.0
204	2404.0
205	2552.0
206	2440.0
207	2588.0
208	2428.0
209	2528.0
210	2080.0
211	1880.0
212	1964.0
213	1724.0
214	1788.0
215	1776.0
216	1804.0
217	1952.0
218	2336.0
219	2284.0
220	2396.0
221	2312.0
222	2432.0
223	2472.0
224	2400.0
225	2364.0
226	2488.0
227	2764.0
228	2468.0
229	2400.0
230	1928.0
231	1964.0
232	2020.0
233	1756.0
234	1728.0
235	2072.0
236	1996.0
237	1912.0
238	1960.0
239	2676.0
240	2536.0
241	2432.0
242	2424.0
243	2484.0
244	2448.0
245	2532.0
246	2592.0
247	2852.0
248	2236.0
249	2372.0
250	2468.0
251	2128.0
252	2412.0
253	2096.0
254	2220.0
255	2520.0
256	2468.0
257	2556.0
258	2264.0
259	1908.0
260	1680.0
261	2146.0
262	1824.0
263	2200.0
264	2180.0
265	2184.0
266	2080.0
267	2448.0
268	2284.0
269	2576.0
270	2228.0
271	2236.0
272	2040.0
273	2056.0
274	2304.0
275	2336.0
276	2316.0
277	1908.0
278	2220.0
279	2096.0
280	1960.0
281	2012.0
282	2104.0
283	2008.0
284	2052.0
285	2016.0
286	1960.0
287	2112.0
288	2224.0
289	2224.0
290	2116.0
291	2036.0
292	2132.0
293	2360.0
294	2372.0
295	2096.0
296	2216.0
297	2312.0
298	2016.0
299	2008.0
300	2064.0
301	2144.0
302	2236.0
303	2000.0
304	2032.0
305	2320.0
306	2364.0
307	1936.0
308	1872.0
309	2004.0
310	2208.0
311	1820.0
312	1622.0
313	1872.0
314	1828.0
315	1896.0
316	1880.0
317	2084.0
318	2216.0
319	2064.0
320	2144.0
321	2240.0
322	2040.0
323	2252.0
324	2432.0
325	2212.0
326	2448.0
327	2340.0
328	2372.0
329	2380.0
330	2084.0
331	2424.0
332	2244.0
333	1852.0
334	2132.0
335	2140.0
336	2136.0
337	2204.0
338	2176.0
339	2200.0
340	2324.0
341	2092.0
342	2640.0
343	2272.0
344	2300.0
345	2432.0
346	2516.0
347	2240.0
348	2384.0
349	2424.0
350	2368.0
351	2088.0
352	2468.0
353	2200.0
354	2300.0
355	2120.0
356	2112.0
357	2012.0
358	2100.0
359	2488.0
360	2348.0
361	2380.0
362	2196.0
363	2468.0
364	2436.0
365	2500.0
366	2168.0
367	2576.0
368	2548.0
369	2460.0
370	1984.0
371	1940.0
372	2048.0
373	2004.0
374	2124.0
375	2200.0
376	2008.0
377	2428.0
378	2248.0
379	2192.0
380	2378.0
381	2132.0
382	2060.0
383	2240.0
384	2016.0
385	1952.0
386	1880.0
387	2064.0
388	2184.0
389	2100.0
390	2400.0
391	2108.0
392	1844.0
393	1720.0
394	1760.0
395	1872.0
396	1780.0
397	1728.0
398	2056.0
399	2380.0
400	2292.0
401	2504.0
402	2292.0
403	2064.0
404	2096.0
405	2252.0
406	1992.0
407	2588.0
408	2388.0
409	1920.0
410	1916.0
411	1716.0
412	1856.0
413	1560.0
414	1796.0
415	1588.0
416	1332.0
417	1348.0
418	1244.0
419	1156.0
420	1424.0
421	1484.0
422	1424.0
423	1640.0
424	1900.0
425	1804.0
426	1932.0
427	1952.0
428	1904.0
429	2116.0
430	2160.0
431	2076.0
432	1832.0
433	2052.0
434	1876.0
435	1768.0
436	1856.0
437	1624.0
438	1768.0
439	1820.0
440	1692.0
441	1920.0
442	1764.0
443	1738.0
444	2004.0
445	1772.0
446	1784.0
447	1900.0
448	1956.0
449	2072.0
450	1952.0
451	2044.0
452	2188.0
453	2260.0
454	2348.0
455	2064.0
456	1916.0
457	2012.0
458	2044.0
459	1948.0
460	2072.0
461	2328.0
462	2492.0
463	2272.0
464	2144.0
465	2280.0
466	2356.0
467	2412.0
468	2368.0
469	2244.0
470	2296.0
471	2288.0
472	2088.0
473	2420.0
474	2040.0
475	2144.0
476	2216.0
477	2348.0
478	1944.0
479	2160.0
480	2284.0
481	2244.0
482	2024.0
483	1880.0
484	2064.0
485	2088.0
486	2108.0
487	1984.0
488	2464.0
489	2468.0
490	2296.0
491	2444.0
492	2480.0
493	2272.0
494	2060.0
495	2540.0
496	2372.0
497	2432.0
498	2092.0
499	2404.0
500	2312.0
501	2608.0
502	2520.0
503	2188.0
504	2448.0
505	2140.0
506	2440.0
507	2220.0
508	2328.0
509	2432.0
510	2020.0
511	1824.0
512	1860.0
513	1956.0
514	2088.0
515	2344.0
516	2288.0
517	2076.0
518	2072.0
519	2144.0
520	2072.0
521	2084.0
522	1960.0
523	1822.0
524	2204.0
525	2308.0
526	2368.0
527	2424.0
528	2320.0
529	2272.0
530	2324.0
531	1948.0
532	2128.0
533	2404.0
534	2200.0
535	2192.0
536	2332.0
537	1980.0
538	2020.0
539	2012.0
540	2044.0
541	2116.0
542	1920.0
543	2180.0
544	1948.0
545	1844.0
546	1660.0
547	1644.0
548	1636.0
549	1464.0
550	1428.0
551	1380.0
552	1448.0
553	1508.0
554	1768.0
555	1708.0
556	1788.0
557	1724.0
558	1680.0
559	2056.0
560	1912.0
561	2076.0
562	1960.0
563	2010.0
564	2424.0
565	2116.0
566	1924.0
567	2008.0
568	2140.0
569	2080.0
570	1984.0
571	1792.0
572	1908.0
573	1724.0
574	1736.0
575	1624.0
576	1852.0
577	1820.0
578	1908.0
579	2100.0
580	1844.0
581	2184.0
582	2288.0
583	2076.0
584	1808.0
585	2164.0
586	2060.0
587	2248.0
588	2200.0
589	2048.0
590	2192.0
591	1964.0
592	2244.0
593	2396.0
594	2132.0
595	2108.0
596	2088.0
597	2224.0
598	2368.0
599	2172.0
600	2008.0
601	2040.0
602	2268.0
603	2020.0
604	2224.0
605	2072.0
606	2124.0
607	2040.0
608	2156.0
609	2188.0
610	2244.0
611	2160.0
612	2496.0
613	2220.0
614	2316.0
615	2276.0
616	2256.0
617	2188.0
618	2064.0
619	1872.0
620	2196.0
621	2056.0
622	1968.0
623	1828.0
624	1552.0
625	1500.0
626	1576.0
627	1360.0
628	1740.0
629	1664.0
630	1912.0
631	1820.0
632	2272.0
633	2256.0
634	2084.0
635	2444.0
636	2156.0
637	2416.0
638	2404.0
639	2328.0
640	2272.0
641	2040.0
642	2428.0
643	2428.0
644	2424.0
645	2140.0
646	2364.0
647	1956.0
648	1980.0
649	2120.0
650	1948.0
651	2128.0
652	2196.0
653	2124.0
654	2364.0
655	2380.0
656	2172.0
657	2108.0
658	2276.0
659	2268.0
660	2056.0
661	2600.0
662	2680.0
663	2388.0
664	2532.0
665	2332.0
666	2472.0
667	2536.0
668	2356.0
669	2236.0
670	2496.0
671	2512.0
672	2464.0
673	2504.0
674	2484.0
675	2380.0
676	2248.0
677	2388.0
678	2276.0
679	2480.0
680	2500.0
681	2616.0
682	2432.0
683	2640.0
684	2488.0
685	2492.0
686	2236.0
687	2476.0
688	2088.0
689	2368.0
690	2384.0
691	2096.0
692	2224.0
693	2612.0
694	2580.0
695	2492.0
696	2600.0
697	2308.0
698	2628.0
699	2376.0
700	2292.0
701	2244.0
702	2108.0
703	2164.0
704	2240.0
705	2252.0
706	2064.0
707	2484.0
708	1880.0
709	2068.0
710	1756.0
711	1692.0
712	1736.0
713	1852.0
714	1624.0
715	1436.0
716	1264.0
717	1030.0
718	1188.0
719	1256.0
720	1412.0
721	1286.0
722	1304.0
723	1632.0
724	1496.0
725	1528.0
726	1892.0
727	1744.0
728	1736.0
729	2060.0
730	1988.0
731	1952.0
732	1952.0
733	1852.0
734	1604.0
735	1364.0
736	1348.0
737	1136.0
738	1102.0
739	928.0
740	874.0
741	832.0
742	604.0
743	834.0
744	752.0
745	806.0
746	720.0
747	1148.0
748	1164.0
749	1220.0
750	1480.0
751	1440.0
752	1748.0
753	1792.0
754	1832.0
755	1776.0
756	1852.0
757	1812.0
758	1910.0
759	1732.0
760	1912.0
761	1736.0
762	1764.0
763	1670.0
764	1920.0
765	1588.0
766	1776.0
767	1720.0
768	1528.0
769	1590.0
770	1542.0
771	1948.0
772	1768.0
773	1984.0
774	1972.0
775	2132.0
776	1788.0
777	2016.0
778	1948.0
779	2120.0
780	2192.0
781	1880.0
782	1804.0
783	1476.0
784	1680.0
785	1568.0
786	1496.0
787	1396.0
788	1388.0
789	1596.0
790	1720.0
791	1904.0
792	1876.0
793	1968.0
794	2192.0
795	2192.0
796	2144.0
797	2148.0
798	2048.0
799	2032.0
800	2104.0
801	1972.0
802	2240.0
803	2092.0
804	2372.0
805	2108.0
806	2120.0
807	1848.0
808	1928.0
809	1784.0
810	1672.0
811	1796.0
812	2016.0
813	1988.0
814	1948.0
815	1932.0
816	2096.0
817	2288.0
818	2180.0
819	2268.0
820	2400.0
821	2472.0
822	2396.0
823	2188.0
824	2280.0
825	2260.0
826	2232.0
827	2180.0
828	2456.0
829	2100.0
830	2504.0
831	2344.0
832	2356.0
833	2324.0
834	2204.0
835	2184.0
836	2512.0
837	2396.0
838	2224.0
839	2232.0
840	2040.0
841	2240.0
842	2276.0
843	2512.0
844	2500.0
845	2488.0
846	2404.0
847	2392.0
848	2364.0
849	2452.0
850	2320.0
851	2528.0
852	2528.0
853	2196.0
854	2344.0
855	2424.0
856	2300.0
857	2368.0
858	2340.0
859	2440.0
860	2564.0
861	2280.0
862	2600.0
863	2560.0
864	2308.0
865	2464.0
866	2372.0
867	2332.0
868	2048.0
869	2400.0
870	2640.0
871	2560.0
872	2504.0
873	2112.0
874	2208.0
875	2300.0
876	2376.0
877	2556.0
878	2344.0
879	2312.0
880	2380.0
881	2304.0
882	2280.0
883	2024.0
884	2372.0
885	2272.0
886	2316.0
887	2430.0
888	2212.0
889	2496.0
890	2152.0
891	2472.0
892	2180.0
893	2616.0
894	2308.0
895	2504.0
896	2496.0
897	2516.0
898	2160.0
899	2300.0
900	2444.0
901	2244.0
902	2376.0
903	2410.0
904	2340.0
905	2364.0
906	2152.0
907	2086.0
908	2432.0
909	2296.0
910	2152.0
911	1958.0
912	1832.0
913	2208.0
914	1640.0
915	1428.0
916	1688.0
917	1344.0
918	1384.0
919	1416.0
920	1300.0
921	1352.0
922	1388.0
923	1496.0
924	1488.0
925	1560.0
926	1816.0
927	1896.0
928	1808.0
929	2056.0
930	1876.0
931	2028.0
932	1992.0
933	2032.0
934	1652.0
935	2004.0
936	2336.0
937	1688.0
938	2104.0
939	2168.0
940	1928.0
941	1812.0
942	1992.0
943	2056.0
944	1912.0
945	1776.0
946	1544.0
947	1740.0
948	1766.0
949	1564.0
950	1620.0
951	1924.0
952	1776.0
953	1792.0
954	2120.0
955	1896.0
956	1968.0
957	1880.0
958	2168.0
959	1888.0
960	1988.0
961	2184.0
962	1604.0
963	1948.0
964	1672.0
965	1776.0
966	1664.0
967	1704.0
968	1736.0
969	1488.0
970	1324.0
971	964.0
972	1400.0
973	1400.0
974	1120.0
975	1296.0
976	1132.0
977	1088.0
978	1112.0
979	1098.0
980	1124.0
981	1032.0
982	1260.0
983	1352.0
984	1364.0
985	1788.0
986	1544.0
987	1562.0
988	1604.0
989	1456.0
990	1540.0
991	1784.0
992	1700.0
993	1848.0
994	1556.0
995	1662.0
996	1704.0
997	1992.0
998	2044.0
999	2012.0
1000	2024.0
1001	1508.0
1002	1448.0
1003	1384.0
1004	1454.0
1005	1488.0
1006	1308.0
1007	1524.0
1008	1476.0
1009	1960.0
1010	1984.0
1011	1932.0
1012	1748.0
1013	2036.0
1014	2164.0
1015	1916.0
1016	1824.0
1017	1944.0
1018	1780.0
1019	1472.0
1020	1376.0
1021	1592.0
1022	1452.0
1023	1644.0
1024	1764.0
1025	1812.0
1026	1728.0
1027	1828.0
1028	1996.0
1029	1872.0
1030	2244.0
1031	2108.0
1032	2064.0
1033	2080.0
1034	2184.0
1035	2006.0
1036	2004.0
1037	2120.0
1038	2088.0
1039	1808.0
1040	1692.0
1041	1912.0
1042	1924.0
1043	1426.0
1044	1740.0
1045	1676.0
1046	1956.0
1047	1948.0
1048	2116.0
1049	2324.0
1050	2116.0
1051	2296.0
1052	2312.0
1053	2216.0
1054	2236.0
1055	2348.0
1056	2336.0
1057	2352.0
1058	2252.0
1059	2064.0
1060	2436.0
1061	2204.0
1062	2236.0
1063	2048.0
1064	2152.0
1065	2148.0
1066	1872.0
1067	2200.0
1068	2040.0
1069	1948.0
1070	1596.0
1071	1720.0
1072	1804.0
1073	1768.0
1074	2044.0
1075	2136.0
1076	2636.0
1077	2380.0
1078	2464.0
1079	2360.0
1080	2668.0
1081	2280.0
1082	2468.0
1083	2608.0
1084	2152.0
1085	2648.0
1086	2356.0
1087	2540.0
1088	2212.0
1089	2352.0
1090	2484.0
1091	2408.0
1092	2160.0
1093	2044.0
1094	2160.0
1095	2240.0
1096	2216.0
1097	2300.0
1098	2360.0
1099	2348.0
1100	2236.0
1101	2624.0
1102	2600.0
1103	2540.0
1104	2460.0
1105	2636.0
1106	2572.0
1107	2336.0
1108	2268.0
1109	2560.0
1110	2420.0
1111	2628.0
1112	2556.0
1113	2672.0
1114	2780.0
1115	2588.0
1116	2636.0
1117	2668.0
1118	2600.0
1119	2724.0
1120	2288.0
1121	2536.0
1122	2528.0
1123	2624.0
1124	2524.0
1125	2636.0
1126	2620.0
1127	2444.0
1128	2392.0
1129	2444.0
1130	2220.0
1131	2396.0
1132	2132.0
1133	2336.0
1134	2788.0
1135	2362.0
1136	2612.0
1137	2532.0
1138	2512.0
1139	2628.0
1140	2636.0
1141	2480.0
1142	2620.0
1143	2704.0
1144	2428.0
1145	2532.0
1146	2392.0
1147	2528.0
1148	2396.0
1149	2136.0
1150	2136.0
1151	1848.0
1152	1784.0
1153	1976.0
1154	2152.0
1155	2100.0
1156	2272.0
1157	2338.0
1158	2476.0
1159	2440.0
1160	2660.0
1161	2692.0
1162	2340.0
1163	2544.0
1164	2528.0
1165	2388.0
1166	2664.0
1167	2820.0
1168	2480.0
1169	2580.0
1170	2688.0
1171	2352.0
1172	2504.0
1173	2536.0
1174	2336.0
1175	2172.0
1176	2512.0
1177	2492.0
1178	2312.0
1179	2480.0
1180	2660.0
1181	2888.0
1182	2484.0
1183	2784.0
1184	2290.0
1185	2872.0
1186	2644.0
1187	2352.0
1188	2804.0
1189	2536.0
1190	2568.0
1191	2776.0
1192	2544.0
1193	2620.0
1194	2716.0
1195	2608.0
1196	2816.0
1197	2752.0
1198	2628.0
1199	2716.0
1200	2636.0
1201	2684.0
1202	2536.0
1203	2588.0
1204	2492.0
1205	2712.0
1206	2484.0
1207	2652.0
1208	2840.0
1209	2324.0
1210	2196.0
1211	2232.0
1212	2160.0
1213	2188.0
1214	2404.0
1215	2152.0
1216	1948.0
1217	1754.0
1218	2164.0
1219	2184.0
1220	2120.0
1221	1692.0
1222	1804.0
1223	1976.0
1224	1972.0
1225	2052.0
1226	2152.0
1227	1940.0
1228	2336.0
1229	2176.0
1230	2128.0
1231	2128.0
1232	1832.0
1233	1736.0
1234	1544.0
1235	1864.0
1236	2148.0
1237	2196.0
1238	2104.0
1239	2168.0
1240	2016.0
1241	2340.0
1242	2316.0
1243	2432.0
1244	2332.0
1245	2336.0
1246	2260.0
1247	2276.0
1248	2332.0
1249	2448.0
1250	2444.0
1251	2380.0
1252	2034.0
1253	1680.0
1254	1996.0
1255	1432.0
1256	1852.0
1257	1476.0
1258	1364.0
1259	1280.0
1260	1168.0
1261	1374.0
1262	1344.0
1263	1644.0
1264	1516.0
1265	1792.0
1266	1788.0
1267	1852.0
1268	2048.0
1269	2096.0
1270	1980.0
1271	1848.0
1272	2580.0
1273	2564.0
1274	2580.0
1275	2732.0
1276	2456.0
1277	2232.0
1278	1996.0
1279	2032.0
1280	2168.0
1281	2008.0
1282	1864.0
1283	1888.0
1284	2188.0
1285	2196.0
1286	2284.0
1287	2152.0
1288	2064.0
1289	2072.0
1290	1952.0
1291	2112.0
1292	2256.0
1293	2092.0
1294	2240.0
1295	2076.0
1296	2124.0
1297	2124.0
1298	2392.0
1299	2180.0
1300	2240.0
1301	2092.0
1302	2144.0
1303	2252.0
1304	2340.0
1305	2360.0
1306	2368.0
1307	2116.0
1308	2376.0
1309	2040.0
1310	2236.0
1311	2268.0
1312	2232.0
1313	2172.0
1314	2248.0
1315	2244.0
1316	2112.0
1317	2224.0
1318	2248.0
1319	2188.0
1320	2092.0
1321	2184.0
1322	2416.0
1323	2168.0
1324	2024.0
1325	2156.0
1326	1884.0
1327	1752.0
1328	1688.0
1329	1704.0
1330	1380.0
1331	1622.0
1332	1480.0
1333	1272.0
1334	1600.0
1335	1548.0
1336	1732.0
1337	1404.0
1338	1808.0
1339	2020.0
1340	2176.0
1341	1968.0
1342	2316.0
1343	2240.0
1344	2260.0
1345	1992.0
1346	1824.0
1347	1632.0
1348	1688.0
1349	1920.0
1350	1900.0
1351	1604.0
1352	1780.0
1353	1492.0
1354	1332.0
1355	1300.0
1356	1302.0
1357	908.0
1358	844.0
1359	958.0
1360	1048.0
1361	1152.0
1362	1488.0
1363	1538.0
1364	1804.0
1365	2156.0
1366	2036.0
1367	2564.0
1368	2292.0
1369	2512.0
1370	2152.0
1371	2240.0
1372	2300.0
1373	2196.0
1374	2188.0
1375	2244.0
1376	2136.0
1377	2308.0
1378	2252.0
1379	1976.0
1380	1952.0
1381	2056.0
1382	1872.0
1383	1804.0
1384	2110.0
1385	1840.0
1386	2000.0
1387	2188.0
1388	2320.0
1389	2412.0
1390	2448.0
1391	2260.0
1392	2552.0
1393	2304.0
1394	2644.0
1395	2280.0
1396	2272.0
1397	2464.0
1398	2224.0
1399	2264.0
1400	2532.0
1401	2308.0
1402	2628.0
1403	2444.0
1404	2492.0
1405	2556.0
1406	2408.0
1407	2424.0
1408	2424.0
1409	2236.0
1410	2444.0
1411	2264.0
1412	2540.0
1413	2596.0
1414	2688.0
1415	2308.0
1416	2452.0
1417	2428.0
1418	2428.0
1419	2316.0
1420	2020.0
1421	2304.0
1422	2552.0
1423	2172.0
1424	2284.0
1425	2240.0
1426	2344.0
1427	2344.0
1428	2556.0
1429	2412.0
1430	2088.0
1431	2324.0
1432	2400.0
1433	2196.0
1434	2192.0
1435	2196.0
1436	2308.0
1437	2344.0
1438	1880.0
1439	2276.0
1440	2444.0
1441	2268.0
1442	2300.0
1443	2528.0
1444	2456.0
1445	2448.0
1446	2440.0
1447	2344.0
1448	2552.0
1449	2196.0
1450	2228.0
1451	2352.0
1452	2444.0
1453	2436.0
1454	2568.0
1455	2576.0
1456	2496.0
1457	2716.0
1458	2428.0
1459	2248.0
1460	2504.0
1461	2408.0
1462	2196.0
1463	2372.0
1464	2268.0
1465	2564.0
1466	2484.0
1467	2272.0
1468	2288.0
1469	2440.0
1470	2580.0
1471	2300.0
1472	2624.0
1473	2488.0
1474	2672.0
1475	2236.0
1476	2382.0
1477	2476.0
1478	2624.0
1479	2556.0
1480	2372.0
1481	2272.0
1482	2292.0
1483	2320.0
1484	2540.0
1485	2416.0
1486	2388.0
1487	2716.0
1488	2548.0
1489	2188.0
1490	2304.0
1491	2288.0
1492	2204.0
1493	2240.0
1494	2476.0
1495	2292.0
1496	2008.0
1497	2064.0
1498	2180.0
1499	2100.0
1500	2204.0
1501	2248.0
1502	2484.0
1503	2168.0
1504	2232.0
1505	2176.0
1506	2172.0
1507	2144.0
1508	1864.0
1509	1592.0
1510	1536.0
1511	1648.0
1512	1716.0
1513	1852.0
1514	1856.0
1515	2112.0
1516	2364.0
1517	2148.0
1518	2340.0
1519	2188.0
1520	2052.0
1521	2196.0
1522	2396.0
1523	2384.0
1524	2408.0
1525	2148.0
1526	2188.0
1527	2268.0
1528	2316.0
1529	2252.0
1530	2164.0
1531	2224.0
1532	2088.0
1533	1812.0
1534	1992.0
1535	2024.0
1536	2004.0
1537	1896.0
1538	2392.0
1539	2376.0
1540	2300.0
1541	2304.0
1542	2388.0
1543	2436.0
1544	2448.0
1545	2456.0
1546	2664.0
1547	2684.0
1548	2412.0
1549	2448.0
1550	2628.0
1551	2280.0
1552	2596.0
1553	2724.0
1554	2380.0
1555	2700.0
1556	2384.0
1557	2476.0
1558	2480.0
1559	2464.0
1560	2676.0
1561	2460.0
1562	2540.0
1563	2280.0
1564	2532.0
1565	2600.0
1566	2368.0
1567	2392.0
1568	2464.0
1569	2548.0
1570	2212.0
1571	2500.0
1572	2648.0
1573	2276.0
1574	2556.0
1575	2512.0
1576	2452.0
1577	2532.0
1578	2156.0
1579	2420.0
1580	2676.0
1581	2464.0
1582	2596.0
1583	2392.0
1584	2684.0
1585	2564.0
1586	2464.0
1587	2596.0
1588	2736.0
1589	2540.0
1590	2436.0
1591	2652.0
1592	2448.0
1593	2556.0
1594	2400.0
1595	2344.0
1596	2560.0
1597	2480.0
1598	2360.0
1599	2564.0
1600	2292.0
1601	2440.0
1602	2244.0
1603	2172.0
1604	2392.0
1605	2256.0
1606	2000.0
1607	2168.0
1608	1816.0
1609	2000.0
1610	2096.0
1611	2048.0
1612	2116.0
1613	2168.0
1614	2320.0
1615	2420.0
1616	2392.0
1617	2500.0
1618	2164.0
1619	1984.0
1620	2384.0
1621	2324.0
1622	2432.0
1623	2288.0
1624	1768.0
1625	2076.0
1626	1936.0
1627	2312.0
1628	2260.0
1629	2228.0
1630	2212.0
1631	2160.0
1632	2140.0
1633	2192.0
1634	2204.0
1635	1672.0
1636	2152.0
1637	2028.0
1638	2164.0
1639	2120.0
1640	2304.0
1641	2138.0
1642	2428.0
1643	2024.0
1644	2428.0
1645	2340.0
1646	2344.0
1647	2084.0
1648	2464.0
1649	2384.0
1650	2516.0
1651	2336.0
1652	2212.0
1653	2612.0
1654	2192.0
1655	2420.0
1656	2732.0
1657	2372.0
1658	2408.0
1659	2516.0
1660	2548.0
1661	2364.0
1662	2340.0
1663	2660.0
1664	2712.0
1665	2428.0
1666	2232.0
1667	2380.0
1668	2648.0
1669	2568.0
1670	2688.0
1671	2512.0
1672	2592.0
1673	2360.0
1674	2508.0
1675	2400.0
1676	2796.0
1677	2704.0
1678	1976.0
1679	2244.0
1680	2444.0
1681	2664.0
1682	2448.0
1683	2504.0
1684	2644.0
1685	2384.0
1686	2352.0
1687	2492.0
1688	2608.0
1689	2368.0
1690	2468.0
1691	2504.0
1692	2244.0
1693	2288.0
1694	2292.0
1695	2580.0
1696	2656.0
1697	2840.0
1698	2572.0
1699	2456.0
1700	2264.0
1701	2508.0
1702	2376.0
1703	2724.0
1704	2576.0
1705	2280.0
1706	2164.0
1707	2448.0
1708	2352.0
1709	2172.0
1710	2412.0
1711	2188.0
1712	2204.0
1713	2124.0
1714	1992.0
1715	1868.0
1716	1728.0
1717	1516.0
1718	1628.0
1719	1556.0
1720	1456.0
1721	1442.0
1722	1784.0
1723	1836.0
1724	1896.0
1725	2104.0
1726	2388.0
1727	2272.0
1728	2084.0
1729	2276.0
1730	2372.0
1731	2272.0
1732	2172.0
1733	2328.0
1734	2080.0
1735	2068.0
1736	1736.0
1737	1836.0
1738	1820.0
1739	1628.0
1740	1588.0
1741	1156.0
1742	1284.0
1743	1052.0
1744	940.0
1745	888.0
1746	908.0
1747	984.0
1748	1032.0
1749	1120.0
1750	1464.0
1751	1356.0
1752	1708.0
1753	1634.0
1754	1764.0
1755	1672.0
1756	1932.0
1757	2016.0
1758	1818.0
1759	1960.0
1760	1712.0
1761	1776.0
1762	1680.0
1763	1908.0
1764	1996.0
1765	1868.0
1766	1984.0
1767	2004.0
1768	1872.0
1769	1892.0
1770	1628.0
1771	1824.0
1772	1720.0
1773	1624.0
1774	1772.0
1775	2212.0
1776	1900.0
1777	1952.0
1778	2128.0
1779	2296.0
1780	2100.0
1781	2428.0
1782	2128.0
1783	2272.0
1784	2248.0
1785	2360.0
1786	2080.0
1787	2472.0
1788	2388.0
1789	2376.0
1790	2528.0
1791	2408.0
1792	2424.0
1793	2412.0
1794	2724.0
1795	2488.0
1796	2428.0
1797	2516.0
1798	2652.0
1799	2572.0
1800	2460.0
1801	2860.0
1802	2708.0
1803	2680.0
1804	2656.0
1805	2516.0
1806	2656.0
1807	2532.0
1808	2708.0
1809	2492.0
1810	2600.0
1811	2576.0
1812	2604.0
1813	2624.0
1814	2488.0
1815	2352.0
1816	2612.0
1817	2316.0
1818	2592.0
1819	2436.0
1820	2560.0
1821	2652.0
1822	2588.0
1823	2564.0
1824	2380.0
1825	2460.0
1826	2464.0
1827	2492.0
1828	2388.0
1829	2376.0
1830	2196.0
1831	2448.0
1832	1960.0
1833	2000.0
1834	2456.0
1835	2496.0
1836	2620.0
1837	2316.0
1838	2260.0
1839	2512.0
1840	2400.0
1841	2184.0
1842	2440.0
1843	2364.0
1844	2448.0
1845	2592.0
1846	2240.0
1847	2428.0
1848	2456.0
1849	2284.0
1850	2360.0
1851	2448.0
1852	2180.0
1853	2388.0
1854	2176.0
1855	1944.0
1856	2096.0
1857	2220.0
1858	2188.0
1859	2208.0
1860	2304.0
1861	2272.0
1862	2636.0
1863	2444.0
1864	2288.0
1865	2408.0
1866	2428.0
1867	2260.0
1868	2352.0
1869	2556.0
1870	2548.0
1871	2344.0
1872	2584.0
1873	2452.0
1874	2436.0
1875	2488.0
1876	2644.0
1877	2696.0
1878	2346.0
1879	2336.0
1880	2476.0
1881	2244.0
1882	2388.0
1883	2464.0
1884	2404.0
1885	2320.0
1886	2480.0
1887	2384.0
1888	2320.0
1889	2644.0
1890	2468.0
1891	2484.0
1892	2468.0
1893	2512.0
1894	2380.0
1895	2392.0
1896	2476.0
1897	2512.0
1898	2540.0
1899	2268.0
1900	2392.0
1901	2268.0
1902	2536.0
1903	2396.0
1904	2248.0
1905	2376.0
1906	2332.0
1907	2352.0
1908	2360.0
1909	2216.0
1910	2416.0
1911	2372.0
1912	2656.0
1913	2368.0
1914	2548.0
1915	2440.0
1916	2480.0
1917	2352.0
1918	2372.0
1919	2796.0
1920	2528.0
1921	2536.0
1922	2448.0
1923	2612.0
1924	2392.0
1925	2584.0
1926	2476.0
1927	2276.0
1928	2460.0
1929	2444.0
1930	2556.0
1931	2180.0
1932	2332.0
1933	2360.0
1934	2356.0
1935	2696.0
1936	2228.0
1937	2144.0
1938	2244.0
1939	2040.0
1940	2172.0
1941	2108.0
1942	2344.0
1943	2360.0
1944	2328.0
1945	2488.0
1946	2328.0
1947	2512.0
1948	2236.0
1949	2632.0
1950	2172.0
1951	2256.0
1952	2340.0
1953	2488.0
1954	2464.0
1955	2168.0
1956	2284.0
1957	2492.0
1958	2120.0
1959	2504.0
1960	2356.0
1961	2320.0
1962	2312.0
1963	1992.0
1964	2372.0
1965	2180.0
1966	2160.0
1967	2152.0
1968	1988.0
1969	2388.0
1970	1932.0
1971	2132.0
1972	1792.0
1973	1644.0
1974	1552.0
1975	1764.0
1976	1652.0
1977	1780.0
1978	1944.0
1979	1888.0
1980	1876.0
1981	1804.0
1982	1940.0
1983	2100.0
1984	1964.0
1985	1476.0
1986	1732.0
1987	1448.0
1988	1712.0
1989	1516.0
1990	1616.0
1991	1272.0
1992	1488.0
1993	1408.0
1994	1484.0
1995	1416.0
1996	1660.0
1997	1524.0
1998	1628.0
1999	1840.0
2000	1756.0
2001	1612.0
2002	1932.0
2003	1812.0
2004	1924.0
2005	2168.0
2006	2136.0
2007	2244.0
2008	2068.0
2009	2016.0
2010	2480.0
2011	2330.0
2012	2272.0
2013	2268.0
2014	2188.0
2015	2022.0
2016	2268.0
2017	1848.0
2018	1652.0
2019	1704.0
2020	1492.0
2021	1632.0
2022	1848.0
2023	2060.0
2024	2508.0
2025	2092.0
2026	2276.0
2027	2056.0
2028	2456.0
2029	2068.0
2030	2576.0
2031	2640.0
2032	2612.0
2033	2472.0
2034	2428.0
2035	2156.0
2036	2192.0
2037	1952.0
2038	2208.0
2039	2196.0
2040	2072.0
2041	2148.0
2042	2060.0
2043	2092.0
2044	2256.0
2045	1828.0
2046	2080.0
2047	2204.0
2048	2104.0
2049	1828.0
2050	1432.0
2051	1336.0
2052	1632.0
2053	1596.0
2054	1768.0
2055	1472.0
2056	1744.0
2057	1776.0
2058	2136.0
2059	1828.0
2060	2292.0
2061	2324.0
2062	2184.0
2063	1952.0
2064	1946.0
2065	2196.0
2066	2096.0
2067	2232.0
2068	2008.0
2069	2236.0
2070	2044.0
2071	2532.0
2072	2536.0
2073	2416.0
2074	2476.0
2075	2204.0
2076	2408.0
2077	2124.0
2078	2092.0
2079	1932.0
2080	1946.0
2081	1668.0
2082	1724.0
2083	2208.0
2084	2248.0
2085	2352.0
2086	2252.0
2087	2144.0
2088	2036.0
2089	2244.0
2090	2120.0
2091	2096.0
2092	2248.0
2093	2284.0
2094	1968.0
2095	1992.0
2096	2104.0
2097	1940.0
2098	2038.0
2099	2176.0
2100	1944.0
2101	2116.0
2102	2420.0
2103	2296.0
2104	2472.0
2105	2404.0
2106	2016.0
2107	2244.0
2108	1792.0
2109	1984.0
2110	1980.0
2111	1688.0
2112	1656.0
2113	1884.0
2114	1700.0
2115	1660.0
2116	1572.0
2117	1576.0
2118	1184.0
2119	1256.0
2120	1068.0
2121	1216.0
2122	1052.0
2123	1080.0
2124	1416.0
2125	1464.0
2126	1468.0
2127	1572.0
2128	1816.0
2129	1832.0
2130	2008.0
2131	1852.0
2132	1668.0
2133	1606.0
2134	1356.0
2135	1432.0
2136	1272.0
2137	1192.0
2138	990.0
2139	1464.0
2140	1356.0
2141	1528.0
2142	1728.0
2143	1864.0
2144	1740.0
2145	1748.0
2146	1902.0
2147	1888.0
2148	1756.0
2149	1796.0
2150	2006.0
2151	2156.0
2152	2036.0
2153	1960.0
2154	2022.0
2155	2260.0
2156	2160.0
2157	2500.0
2158	2096.0
2159	2054.0
2160	2336.0
2161	2068.0
2162	2176.0
2163	2236.0
2164	2228.0
2165	2100.0
2166	2244.0
2167	2436.0
2168	2260.0
2169	2388.0
2170	2084.0
2171	2428.0
2172	2624.0
2173	2624.0
2174	2500.0
2175	2436.0
2176	2652.0
2177	2572.0
2178	2444.0
2179	2420.0
2180	2424.0
2181	2328.0
2182	2508.0
2183	2348.0
2184	2164.0
2185	2336.0
2186	2508.0
2187	2640.0
2188	2512.0
2189	2504.0
2190	2172.0
2191	2180.0
2192	2256.0
2193	2664.0
2194	2548.0
2195	2456.0
2196	2408.0
2197	2452.0
2198	2360.0
2199	2680.0
2200	3092.0
2201	2612.0
2202	2444.0
2203	2524.0
2204	2824.0
2205	2672.0
2206	2400.0
2207	2384.0
2208	2432.0
2209	2284.0
2210	2556.0
2211	2672.0
2212	2392.0
2213	2268.0
2214	2148.0
2215	2036.0
2216	2140.0
2217	2452.0
2218	2200.0
2219	2612.0
2220	2332.0
2221	2336.0
2222	2364.0
2223	2536.0
2224	2192.0
2225	2360.0
2226	2494.0
2227	2480.0
2228	2268.0
2229	2688.0
2230	2432.0
2231	2120.0
2232	2668.0
2233	2624.0
2234	2284.0
2235	2504.0
2236	2376.0
2237	2488.0
2238	2536.0
2239	2368.0
2240	2224.0
2241	2352.0
2242	2440.0
2243	2404.0
2244	2344.0
2245	2696.0
2246	2428.0
2247	2408.0
2248	2632.0
2249	1988.0
2250	2664.0
2251	2604.0
2252	2336.0
2253	2584.0
2254	2408.0
2255	2488.0
2256	2152.0
2257	2356.0
2258	2432.0
2259	2556.0
2260	2492.0
2261	2364.0
2262	2336.0
2263	2536.0
2264	2532.0
2265	2284.0
2266	2532.0
2267	2244.0
2268	2860.0
2269	2552.0
2270	2196.0
2271	2324.0
2272	2384.0
2273	2560.0
2274	2304.0
2275	2320.0
2276	2276.0
2277	2476.0
2278	2484.0
2279	2580.0
2280	2604.0
2281	2596.0
2282	2388.0
2283	2304.0
2284	2336.0
2285	2504.0
2286	2220.0
2287	2528.0
2288	2420.0
2289	2192.0
2290	2576.0
2291	2592.0
2292	2512.0
2293	1904.0
2294	2436.0
2295	2624.0
2296	2484.0
2297	2652.0
2298	2608.0
2299	2416.0
2300	2572.0
2301	2484.0
2302	2292.0
2303	2188.0
2304	2360.0
2305	2316.0
2306	2280.0
2307	2384.0
2308	2324.0
2309	2104.0
2310	2616.0
2311	2320.0
2312	2236.0
2313	2412.0
2314	2124.0
2315	2160.0
2316	2380.0
2317	2104.0
2318	2356.0
2319	2196.0
2320	2464.0
2321	2228.0
2322	2272.0
2323	2384.0
2324	2356.0
2325	2340.0
2326	2112.0
2327	2284.0
2328	2284.0
2329	2540.0
2330	2400.0
2331	2360.0
2332	2368.0
2333	2100.0
2334	2060.0
2335	2300.0
2336	1836.0
2337	2348.0
2338	2284.0
2339	2056.0
2340	1804.0
2341	2076.0
2342	2120.0
2343	2044.0
2344	2524.0
2345	2096.0
2346	2136.0
2347	2256.0
2348	1992.0
2349	2096.0
2350	2156.0
2351	2040.0
2352	2200.0
2353	1992.0
2354	1988.0
2355	2204.0
2356	2176.0
2357	2160.0
2358	2064.0
2359	2072.0
2360	2388.0
2361	2296.0
2362	2360.0
2363	2384.0
2364	2108.0
2365	2220.0
2366	2200.0
2367	2260.0
2368	2080.0
2369	2092.0
2370	2104.0
2371	2172.0
2372	2140.0
2373	1816.0
2374	2236.0
2375	1972.0
2376	2084.0
2377	2060.0
2378	2008.0
2379	2344.0
2380	2184.0
2381	2380.0
2382	2624.0
2383	2232.0
2384	2160.0
2385	1908.0
2386	2044.0
2387	2332.0
2388	2360.0
2389	1948.0
2390	2104.0
2391	1868.0
2392	1952.0
2393	2084.0
2394	1976.0
2395	2076.0
2396	2032.0
2397	2540.0
2398	2380.0
2399	2420.0
2400	2140.0
2401	2108.0
2402	1984.0
2403	1968.0
2404	1904.0
2405	1900.0
2406	2028.0
2407	1876.0
2408	1844.0
2409	2044.0
2410	2448.0
2411	2504.0
2412	2552.0
2413	2080.0
2414	2332.0
2415	2600.0
2416	2340.0
2417	2180.0
2418	2376.0
2419	2324.0
2420	2444.0
2421	2336.0
2422	2352.0
2423	2372.0
2424	2104.0
2425	2380.0
2426	2200.0
2427	2308.0
2428	2152.0
2429	2268.0
2430	2316.0
2431	2214.0
2432	2124.0
2433	1928.0
2434	1964.0
2435	1852.0
2436	1876.0
2437	1816.0
2438	1640.0
2439	1464.0
2440	1456.0
2441	1280.0
2442	1436.0
2443	1828.0
2444	1556.0
2445	1804.0
2446	1730.0
2447	1804.0
2448	1912.0
2449	1872.0
2450	1838.0
2451	1704.0
2452	2076.0
2453	1692.0
2454	2112.0
2455	1888.0
2456	1960.0
2457	2192.0
2458	1942.0
2459	2296.0
2460	1956.0
2461	3060.0
2462	1890.0
2463	2100.0
2464	1508.0
2465	1808.0
2466	2040.0
2467	1772.0
2468	1900.0
2469	2168.0
2470	1892.0
2471	2024.0
2472	2048.0
2473	1884.0
2474	2132.0
2475	1976.0
2476	2308.0
2477	2296.0
2478	2348.0
2479	2460.0
2480	2380.0
2481	2316.0
2482	1754.0
2483	2224.0
2484	1808.0
2485	1768.0
2486	2108.0
2487	1804.0
2488	1524.0
2489	1672.0
2490	1748.0
2491	1896.0
2492	1816.0
2493	2020.0
2494	2002.0
2495	1972.0
2496	2056.0
2497	1936.0
2498	2008.0
2499	2204.0
2500	2188.0
2501	2056.0
2502	2056.0
2503	1992.0
2504	1928.0
2505	2004.0
2506	1960.0
2507	2188.0
2508	2260.0
2509	1992.0
2510	2344.0
2511	1876.0
2512	1820.0
2513	1748.0
2514	1724.0
2515	1968.0
2516	2036.0
2517	1776.0
2518	2204.0
2519	1920.0
2520	2244.0
2521	2084.0
2522	2224.0
2523	2124.0
2524	1964.0
2525	2180.0
2526	2192.0
2527	2092.0
2528	2160.0
2529	2000.0
2530	1984.0
2531	2052.0
2532	2120.0
2533	2322.0
2534	2116.0
2535	2256.0
2536	1944.0
2537	2248.0
2538	2116.0
2539	1800.0
2540	1602.0
2541	1420.0
2542	1598.0
2543	1190.0
2544	1736.0
2545	1152.0
2546	1284.0
2547	1440.0
2548	1440.0
2549	1720.0
2550	1380.0
2551	1788.0
2552	1664.0
2553	1656.0
2554	1696.0
2555	1644.0
2556	1828.0
2557	1780.0
2558	1788.0
2559	1880.0
2560	2192.0
2561	2080.0
2562	2040.0
2563	1922.0
2564	1750.0
2565	1672.0
2566	1816.0
2567	1704.0
2568	1572.0
2569	1676.0
2570	1748.0
2571	1734.0
2572	1756.0
2573	1504.0
2574	1630.0
2575	1736.0
2576	1642.0
2577	1752.0
2578	1564.0
2579	1890.0
2580	1916.0
2581	2072.0
2582	1900.0
2583	1808.0
2584	1742.0
2585	1924.0
2586	1960.0
2587	1856.0
2588	1936.0
2589	1988.0
2590	1992.0
2591	1956.0
2592	1924.0
2593	2044.0
2594	2004.0
2595	1620.0
2596	1896.0
2597	1776.0
2598	1868.0
2599	1664.0
2600	2092.0
2601	1996.0
2602	1540.0
2603	1592.0
2604	1592.0
2605	1500.0
2606	1660.0
2607	1520.0
2608	1980.0
2609	1700.0
2610	1936.0
2611	1944.0
2612	1724.0
2613	1840.0
2614	1844.0
2615	1896.0
2616	1976.0
2617	1700.0
2618	2044.0
2619	2384.0
2620	1880.0
2621	1960.0
2622	2224.0
2623	1904.0
2624	1880.0
2625	1940.0
2626	1944.0
2627	1936.0
2628	1648.0
2629	1812.0
2630	2012.0
2631	1592.0
2632	1812.0
2633	1864.0
2634	1908.0
2635	1964.0
2636	1872.0
2637	2096.0
2638	2416.0
2639	1692.0
2640	1632.0
2641	2080.0
2642	2016.0
2643	2368.0
2644	1808.0
2645	1992.0
2646	2256.0
2647	2124.0
2648	2168.0
2649	2168.0
2650	2020.0
2651	2380.0
2652	1980.0
2653	1964.0
2654	1900.0
2655	1960.0
2656	1938.0
2657	2096.0
2658	2064.0
2659	2220.0
2660	2252.0
2661	2288.0
2662	2472.0
2663	2196.0
2664	2216.0
2665	2556.0
2666	2092.0
2667	2168.0
2668	1868.0
2669	2168.0
2670	1976.0
2671	1744.0
2672	1628.0
2673	2024.0
2674	1784.0
2675	1996.0
2676	2092.0
2677	1900.0
2678	2076.0
2679	2204.0
2680	2060.0
2681	2184.0
2682	2048.0
2683	2056.0
2684	1984.0
2685	2316.0
2686	2420.0
2687	2084.0
2688	2260.0
2689	2320.0
2690	2260.0
2691	2048.0
2692	2080.0
2693	1876.0
2694	1844.0
2695	2078.0
2696	1960.0
2697	2164.0
2698	2008.0
2699	1964.0
2700	2004.0
2701	2086.0
2702	1992.0
2703	2092.0
2704	2240.0
2705	2036.0
2706	1844.0
2707	2256.0
2708	2200.0
2709	2456.0
2710	2168.0
2711	2024.0
2712	1984.0
2713	2090.0
2714	2076.0
2715	2056.0
2716	2364.0
2717	2300.0
2718	2132.0
2719	2276.0
2720	2124.0
2721	2172.0
2722	2020.0
2723	2012.0
2724	2292.0
2725	2300.0
2726	2064.0
2727	2324.0
2728	2084.0
2729	2008.0
2730	2260.0
2731	2256.0
2732	2068.0
2733	2032.0
2734	1652.0
2735	1820.0
2736	1996.0
2737	1876.0
2738	1744.0
2739	2036.0
2740	1908.0
2741	1964.0
2742	1608.0
2743	2056.0
2744	2312.0
2745	2276.0
2746	1972.0
2747	2340.0
