0	79960.0
1	79424.0
2	82516.0
3	82536.0
4	81668.0
5	82660.0
6	83880.0
7	84040.0
8	83372.0
9	83016.0
10	83044.0
11	84004.0
12	83608.0
13	83536.0
14	83104.0
15	83120.0
16	83020.0
17	82852.0
18	81780.0
19	83176.0
20	82148.0
21	83132.0
22	81576.0
23	84176.0
24	83216.0
25	81748.0
26	83076.0
27	82152.0
28	83572.0
29	81924.0
30	81836.0
31	83292.0
32	83220.0
33	82432.0
34	81984.0
35	83024.0
36	82408.0
37	81776.0
38	82176.0
39	81896.0
40	82992.0
41	83668.0
42	83360.0
43	83676.0
44	83164.0
45	82660.0
46	84312.0
47	84060.0
48	85108.0
49	85876.0
50	83896.0
51	83544.0
52	84320.0
53	84772.0
54	83288.0
55	84148.0
56	83320.0
57	83216.0
58	83852.0
59	82860.0
60	81836.0
61	83556.0
62	83072.0
63	84120.0
64	83680.0
65	84772.0
66	83820.0
67	82744.0
68	83720.0
69	83396.0
70	83032.0
71	83504.0
72	85116.0
73	84520.0
74	85176.0
75	85412.0
76	84288.0
77	85488.0
78	84280.0
79	84008.0
80	83852.0
81	84368.0
82	84860.0
83	88768.0
84	88052.0
85	87524.0
86	87140.0
87	88496.0
88	87932.0
89	86536.0
90	88348.0
91	88276.0
92	83484.0
93	87448.0
94	87156.0
95	86268.0
96	87272.0
97	87160.0
98	89192.0
99	88488.0
100	87432.0
101	88964.0
102	88300.0
103	89796.0
104	88996.0
105	88852.0
106	88924.0
107	90488.0
108	90424.0
109	89084.0
110	89772.0
111	88472.0
112	88936.0
113	88764.0
114	87560.0
115	88116.0
116	89464.0
117	88796.0
118	87796.0
119	88060.0
120	87788.0
121	87692.0
122	86840.0
123	87304.0
124	89252.0
125	87012.0
126	86376.0
127	87816.0
128	87744.0
129	90224.0
130	87364.0
131	90000.0
132	91284.0
133	90072.0
134	90860.0
135	89632.0
136	90788.0
137	91064.0
138	89824.0
139	90088.0
140	90852.0
141	92004.0
142	88676.0
143	90668.0
144	89308.0
145	90048.0
146	89656.0
147	87860.0
148	90252.0
149	90540.0
150	90080.0
151	89308.0
152	88632.0
153	88856.0
154	89472.0
155	89032.0
156	89772.0
157	91344.0
158	90516.0
159	89788.0
160	89924.0
161	90604.0
162	90072.0
163	90816.0
164	91896.0
165	91928.0
166	92508.0
167	91824.0
168	91028.0
169	91644.0
170	90568.0
171	89640.0
172	90548.0
173	91108.0
174	91332.0
175	91096.0
176	89972.0
177	89276.0
178	90204.0
179	89776.0
180	88756.0
181	90456.0
182	90116.0
183	91344.0
184	89620.0
185	89856.0
186	89340.0
187	90056.0
188	88532.0
189	90328.0
190	92468.0
191	93072.0
192	91284.0
193	90364.0
194	89860.0
195	92904.0
196	90864.0
197	91132.0
198	92980.0
199	94508.0
200	92344.0
201	90444.0
202	92996.0
203	97676.0
204	98328.0
205	98452.0
206	97036.0
207	100200.0
208	99148.0
209	97168.0
210	97072.0
211	97264.0
212	92784.0
213	92836.0
214	96748.0
215	99064.0
216	98564.0
217	97440.0
218	97052.0
219	96696.0
220	95652.0
221	95064.0
222	94016.0
223	96400.0
224	98336.0
225	96712.0
226	95328.0
227	96056.0
228	96848.0
229	96392.0
230	96040.0
231	97608.0
232	100456.0
233	99924.0
234	98620.0
235	98608.0
236	99200.0
237	100588.0
238	98832.0
239	99872.0
240	100576.0
241	100264.0
242	98012.0
243	96980.0
244	97068.0
245	95804.0
246	94552.0
247	94328.0
248	97064.0
249	96816.0
250	95892.0
251	94564.0
252	94372.0
253	95692.0
254	94600.0
255	95080.0
256	96164.0
257	97628.0
258	99496.0
259	96392.0
260	97696.0
261	98224.0
262	99120.0
263	99304.0
264	100776.0
265	101472.0
266	101220.0
267	98656.0
268	99108.0
269	99560.0
270	98720.0
271	97732.0
272	96676.0
273	100108.0
274	98912.0
275	97204.0
276	96172.0
277	95960.0
278	95728.0
279	95980.0
280	95976.0
281	96080.0
282	98252.0
283	98048.0
284	96464.0
285	97012.0
286	99096.0
287	99268.0
288	97712.0
289	99472.0
290	102680.0
291	101792.0
292	99284.0
293	98160.0
294	100032.0
295	98952.0
296	98832.0
297	96404.0
298	98148.0
299	99996.0
300	98844.0
301	96576.0
302	97536.0
303	98432.0
304	97892.0
305	97268.0
306	98844.0
307	100636.0
308	100060.0
309	97504.0
310	98280.0
311	100784.0
312	97884.0
313	98564.0
314	99340.0
315	100752.0
316	99972.0
317	99684.0
318	97080.0
319	97760.0
320	97720.0
321	97952.0
322	97904.0
323	99332.0
324	98988.0
325	98228.0
326	97148.0
327	98148.0
328	99096.0
329	99324.0
330	98720.0
331	99648.0
332	101812.0
333	100884.0
334	98920.0
335	103428.0
336	105180.0
337	106256.0
338	104128.0
339	104400.0
340	105160.0
341	105356.0
342	104872.0
343	103844.0
344	104104.0
345	104100.0
346	101752.0
347	101120.0
348	103648.0
349	99952.0
350	99132.0
351	96148.0
352	97736.0
353	99012.0
354	102720.0
355	103224.0
356	103816.0
357	106300.0
358	105208.0
359	102296.0
360	104248.0
361	105860.0
362	104916.0
363	105816.0
364	106664.0
365	108464.0
366	109332.0
367	107296.0
368	105988.0
369	106516.0
370	106104.0
371	104952.0
372	104876.0
373	107348.0
374	105944.0
375	104368.0
376	102356.0
377	101120.0
378	103456.0
379	101984.0
380	100876.0
381	103296.0
382	103948.0
383	104436.0
384	102492.0
385	102776.0
386	103912.0
387	103716.0
388	102996.0
389	104204.0
390	105992.0
391	105940.0
392	106400.0
393	104904.0
394	106328.0
395	106112.0
396	105460.0
397	105600.0
398	107896.0
399	107760.0
400	106832.0
401	103564.0
402	104652.0
403	104940.0
404	104396.0
405	104400.0
406	105192.0
407	108028.0
408	106860.0
409	105136.0
410	105264.0
411	106996.0
412	104904.0
413	104832.0
414	105148.0
415	107276.0
416	107248.0
417	106620.0
418	105188.0
419	106856.0
420	108044.0
421	106828.0
422	106112.0
423	109144.0
424	108500.0
425	106116.0
426	104264.0
427	106096.0
428	106844.0
429	107428.0
430	104848.0
431	107124.0
432	109792.0
433	107484.0
434	105764.0
435	107064.0
436	108052.0
437	108200.0
438	108352.0
439	108688.0
440	111424.0
441	110788.0
442	108576.0
443	107508.0
444	107552.0
445	109084.0
446	108056.0
447	107196.0
448	108432.0
449	108740.0
450	107024.0
451	105680.0
452	105912.0
453	106228.0
454	104288.0
455	103660.0
456	111044.0
457	112768.0
458	111696.0
459	106036.0
460	104152.0
461	105868.0
462	105660.0
463	105360.0
464	106196.0
465	108552.0
466	115116.0
467	113636.0
468	111464.0
469	113284.0
470	112864.0
471	114104.0
472	112500.0
473	114820.0
474	114120.0
475	112232.0
476	110036.0
477	106568.0
478	106276.0
479	110900.0
480	104864.0
481	104800.0
482	107380.0
483	106936.0
484	103764.0
485	104652.0
486	111448.0
487	109148.0
488	108304.0
489	109108.0
490	109716.0
491	111000.0
492	110620.0
493	110292.0
494	111828.0
495	110188.0
496	110440.0
497	110304.0
498	112256.0
499	114064.0
500	111956.0
501	111104.0
502	112804.0
503	112448.0
504	112480.0
505	110800.0
506	111132.0
507	114020.0
508	112080.0
509	111876.0
510	111968.0
511	111520.0
512	111644.0
513	111576.0
514	111968.0
515	113724.0
516	113308.0
517	113084.0
518	113524.0
519	112648.0
520	112944.0
521	113264.0
522	110984.0
523	113460.0
524	115720.0
525	115012.0
526	112896.0
527	111488.0
528	111368.0
529	110604.0
530	108948.0
531	109652.0
532	110692.0
533	110192.0
534	107268.0
535	109356.0
536	109512.0
537	108960.0
538	110004.0
539	110196.0
540	112636.0
541	111948.0
542	111464.0
543	110884.0
544	110480.0
545	112428.0
546	113464.0
547	111812.0
548	112548.0
549	114664.0
550	111240.0
551	110432.0
552	111712.0
553	111936.0
554	111612.0
555	110116.0
556	111036.0
557	111568.0
558	111628.0
559	110316.0
560	110032.0
561	110904.0
562	110212.0
563	109568.0
564	109076.0
565	111312.0
566	111332.0
567	110104.0
568	110116.0
569	110124.0
570	110032.0
571	110936.0
572	109104.0
573	111260.0
574	112236.0
575	111256.0
576	109692.0
577	110792.0
578	112556.0
579	109844.0
580	110544.0
581	110184.0
582	112024.0
583	111424.0
584	110588.0
585	109664.0
586	110796.0
587	109920.0
588	109972.0
589	110456.0
590	112324.0
591	113220.0
592	111756.0
593	109156.0
594	111860.0
595	112084.0
596	110608.0
597	108712.0
598	112328.0
599	111456.0
600	111360.0
601	109656.0
602	109832.0
603	109176.0
604	109504.0
605	109084.0
606	108276.0
607	110812.0
608	108696.0
609	107620.0
610	108580.0
611	108888.0
612	107732.0
613	107856.0
614	108412.0
615	110220.0
616	116996.0
617	115400.0
618	110148.0
619	110532.0
620	111004.0
621	111612.0
622	111652.0
623	111800.0
624	118204.0
625	118172.0
626	117136.0
627	117900.0
628	118044.0
629	116520.0
630	115868.0
631	117584.0
632	117300.0
633	117440.0
634	115836.0
635	110232.0
636	116384.0
637	114688.0
638	115668.0
639	113688.0
640	116504.0
641	116112.0
642	115876.0
643	114848.0
644	115180.0
645	114688.0
646	114032.0
647	115896.0
648	115720.0
649	115980.0
650	116592.0
651	113432.0
652	116040.0
653	115844.0
654	114644.0
655	114080.0
656	114100.0
657	115924.0
658	113516.0
659	113912.0
660	112452.0
661	115888.0
662	115120.0
663	112352.0
664	114484.0
665	114152.0
666	115284.0
667	112840.0
668	114320.0
669	115620.0
670	116208.0
671	115600.0
672	117376.0
673	116672.0
674	116480.0
675	116648.0
676	115676.0
677	117804.0
678	116524.0
679	116208.0
680	114388.0
681	114928.0
682	115156.0
683	114196.0
684	114020.0
685	113472.0
686	112032.0
687	111676.0
688	112396.0
689	110416.0
690	111976.0
691	113700.0
692	110000.0
693	110544.0
694	111856.0
695	110756.0
696	110112.0
697	111568.0
698	112936.0
699	114124.0
700	114136.0
701	112448.0
702	114448.0
703	114312.0
704	116348.0
705	114324.0
706	114908.0
707	116216.0
708	114380.0
709	115048.0
710	115532.0
711	114332.0
712	115320.0
713	112432.0
714	112976.0
715	113532.0
716	114148.0
717	112024.0
718	110664.0
719	109916.0
720	109544.0
721	110332.0
722	112256.0
723	111196.0
724	111228.0
725	110456.0
726	111072.0
727	111760.0
728	112272.0
729	111832.0
730	109508.0
731	111480.0
732	112744.0
733	111376.0
734	110240.0
735	110848.0
736	111672.0
737	110472.0
738	109836.0
739	109356.0
740	111544.0
741	108792.0
742	108844.0
743	109420.0
744	109508.0
745	109372.0
746	109756.0
747	110188.0
748	111080.0
749	111604.0
750	110420.0
751	110732.0
752	110836.0
753	112092.0
754	111296.0
755	109584.0
756	112084.0
757	111176.0
758	111756.0
759	111816.0
760	111536.0
761	112908.0
762	111120.0
763	109540.0
764	109888.0
765	112320.0
766	110568.0
767	109384.0
768	111128.0
769	110236.0
770	112240.0
771	110868.0
772	109956.0
773	112964.0
774	117660.0
775	116884.0
776	116476.0
777	117592.0
778	116976.0
779	117452.0
780	117600.0
781	117460.0
782	112688.0
783	112352.0
784	110316.0
785	112304.0
786	111752.0
787	112616.0
788	115936.0
789	109784.0
790	111372.0
791	111252.0
792	110500.0
793	112380.0
794	111436.0
795	113696.0
796	111088.0
797	111556.0
798	111812.0
799	112604.0
800	111948.0
801	111592.0
802	112980.0
803	113004.0
804	110752.0
805	111348.0
806	110924.0
807	112572.0
808	111960.0
809	116512.0
810	116124.0
811	115112.0
812	116820.0
813	115264.0
814	115424.0
815	115268.0
816	116564.0
817	114192.0
818	114868.0
819	113236.0
820	109440.0
821	109864.0
822	108716.0
823	109152.0
824	109100.0
825	114420.0
826	112828.0
827	114592.0
828	114344.0
829	114004.0
830	114480.0
831	115476.0
832	115464.0
833	115628.0
834	114952.0
835	115044.0
836	115248.0
837	115212.0
838	115344.0
839	115140.0
840	114588.0
841	115616.0
842	114320.0
843	115312.0
844	114676.0
845	115752.0
846	115572.0
847	114488.0
848	116228.0
849	115704.0
850	116956.0
851	115684.0
852	115624.0
853	115916.0
854	113576.0
855	114088.0
856	113828.0
857	116408.0
858	116584.0
859	115152.0
860	114020.0
861	116492.0
862	115576.0
863	115736.0
864	114580.0
865	115704.0
866	115140.0
867	114172.0
868	113612.0
869	114320.0
870	112932.0
871	111740.0
872	111728.0
873	111788.0
874	111532.0
875	112440.0
876	111328.0
877	112064.0
878	112304.0
879	111392.0
880	111780.0
881	114216.0
882	112292.0
883	112404.0
884	110856.0
885	112288.0
886	113904.0
887	111556.0
888	112152.0
889	113584.0
890	113976.0
891	112368.0
892	111472.0
893	113132.0
894	112960.0
895	113112.0
896	112804.0
897	110812.0
898	112088.0
899	111992.0
900	111296.0
901	111696.0
902	112188.0
903	111172.0
904	110904.0
905	109284.0
906	110856.0
907	111168.0
908	110996.0
909	110456.0
910	109932.0
911	110416.0
912	111304.0
913	109660.0
914	108548.0
915	111244.0
916	111528.0
917	110188.0
918	108984.0
919	110208.0
920	109396.0
921	108868.0
922	108028.0
923	109096.0
924	107596.0
925	108704.0
926	107700.0
927	108072.0
928	109824.0
929	109632.0
930	109596.0
931	109132.0
932	110052.0
933	109180.0
934	108312.0
935	109512.0
936	108264.0
937	109072.0
938	109068.0
939	108824.0
940	110860.0
941	109440.0
942	108992.0
943	110216.0
944	109664.0
945	109080.0
946	109160.0
947	109820.0
948	109612.0
949	109240.0
950	109956.0
951	110176.0
952	110504.0
953	108972.0
954	108900.0
955	107144.0
956	108880.0
957	108172.0
958	108140.0
959	106876.0
960	106996.0
961	108736.0
962	107844.0
963	106668.0
964	107896.0
965	107352.0
966	108908.0
967	106332.0
968	106828.0
969	107960.0
970	108468.0
971	108036.0
972	108420.0
973	107536.0
974	108572.0
975	107824.0
976	107376.0
977	108160.0
978	109220.0
979	107564.0
980	105644.0
981	105816.0
982	106144.0
983	107000.0
984	105304.0
985	105892.0
986	106224.0
987	104204.0
988	104908.0
989	106012.0
990	105828.0
991	106308.0
992	104856.0
993	106592.0
994	109940.0
995	112476.0
996	111488.0
997	106340.0
998	112036.0
999	106748.0
1000	107312.0
1001	106052.0
1002	107584.0
1003	106740.0
1004	108132.0
1005	107328.0
1006	106976.0
1007	107840.0
1008	107048.0
1009	105820.0
1010	105472.0
1011	107296.0
1012	107448.0
1013	107012.0
1014	106872.0
1015	106456.0
1016	106540.0
1017	104460.0
1018	105044.0
1019	105788.0
1020	105544.0
1021	105152.0
1022	105268.0
1023	105816.0
1024	105404.0
1025	105536.0
1026	105520.0
1027	109716.0
1028	110700.0
1029	109144.0
1030	107824.0
1031	108348.0
1032	107988.0
1033	108404.0
1034	103196.0
1035	107388.0
1036	108744.0
1037	108392.0
1038	107000.0
1039	107500.0
1040	108532.0
1041	108260.0
1042	107764.0
1043	107516.0
1044	107168.0
1045	109608.0
1046	108796.0
1047	108364.0
1048	108148.0
1049	108368.0
1050	108240.0
1051	108632.0
1052	107160.0
1053	106864.0
1054	106476.0
1055	106900.0
1056	106564.0
1057	106700.0
1058	107020.0
1059	105416.0
1060	106256.0
1061	105524.0
1062	105896.0
1063	104288.0
1064	104500.0
1065	105552.0
1066	105968.0
1067	105516.0
1068	105576.0
1069	104892.0
1070	106432.0
1071	106224.0
1072	105576.0
1073	106888.0
1074	105984.0
1075	106648.0
1076	104296.0
1077	106120.0
1078	106568.0
1079	105444.0
1080	104584.0
1081	106536.0
1082	105312.0
1083	104944.0
1084	104912.0
1085	105504.0
1086	104324.0
1087	102840.0
1088	103580.0
1089	103600.0
1090	104520.0
1091	105724.0
1092	105064.0
1093	103480.0
1094	104140.0
1095	104844.0
1096	104544.0
1097	104356.0
1098	104584.0
1099	104844.0
1100	103748.0
1101	103220.0
1102	102968.0
1103	104192.0
1104	104292.0
1105	103132.0
1106	103248.0
1107	102644.0
1108	104348.0
1109	103188.0
1110	103196.0
1111	103308.0
1112	103708.0
1113	102220.0
1114	101864.0
1115	103040.0
1116	103072.0
1117	102904.0
1118	101968.0
1119	103492.0
1120	103792.0
1121	101164.0
1122	100868.0
1123	103648.0
1124	103820.0
1125	101700.0
1126	100864.0
1127	101472.0
1128	102644.0
1129	101380.0
1130	102096.0
1131	102424.0
1132	103432.0
1133	101604.0
1134	100776.0
1135	100996.0
1136	100296.0
1137	103088.0
1138	100176.0
1139	100672.0
1140	100924.0
1141	101088.0
1142	99136.0
1143	99388.0
1144	100768.0
1145	99668.0
1146	101300.0
1147	99180.0
1148	100496.0
1149	101960.0
1150	101732.0
1151	100804.0
1152	100692.0
1153	101376.0
1154	101196.0
1155	99944.0
1156	100252.0
1157	102268.0
1158	102420.0
1159	100812.0
1160	101668.0
1161	101632.0
1162	100816.0
1163	101532.0
1164	100400.0
1165	101796.0
1166	100320.0
1167	98796.0
1168	98776.0
1169	100160.0
1170	98980.0
1171	98268.0
1172	98884.0
1173	98512.0
1174	100152.0
1175	98824.0
1176	98156.0
1177	98828.0
1178	101088.0
1179	99564.0
1180	99628.0
1181	101240.0
1182	100632.0
1183	100628.0
1184	100048.0
1185	99480.0
1186	100340.0
1187	100384.0
1188	99420.0
1189	98760.0
1190	99692.0
1191	100696.0
1192	99844.0
1193	98504.0
1194	99260.0
1195	99264.0
1196	98976.0
1197	99088.0
1198	99388.0
1199	99136.0
1200	98292.0
1201	98648.0
1202	98316.0
1203	99004.0
1204	99740.0
1205	97760.0
1206	100452.0
1207	99884.0
1208	100212.0
1209	98604.0
1210	100156.0
1211	100304.0
1212	98204.0
1213	98096.0
1214	96588.0
1215	99656.0
1216	98680.0
1217	98708.0
1218	98864.0
1219	99068.0
1220	97220.0
1221	97436.0
1222	97256.0
1223	97992.0
1224	98708.0
1225	98384.0
1226	98528.0
1227	98804.0
1228	97456.0
1229	97936.0
1230	97272.0
1231	97292.0
1232	99080.0
1233	98288.0
1234	98004.0
1235	98080.0
1236	97792.0
1237	98272.0
1238	98024.0
1239	98616.0
1240	99052.0
1241	98496.0
1242	97936.0
1243	98336.0
1244	98524.0
1245	97724.0
1246	97556.0
1247	97376.0
1248	98168.0
1249	97336.0
1250	97008.0
1251	97108.0
1252	97264.0
1253	96172.0
1254	98132.0
1255	97604.0
1256	97012.0
1257	97760.0
1258	98028.0
1259	95324.0
1260	97828.0
1261	97608.0
1262	96876.0
1263	96744.0
1264	97616.0
1265	97988.0
1266	97696.0
1267	96908.0
1268	96784.0
1269	95512.0
1270	96276.0
1271	98320.0
1272	96872.0
1273	97088.0
1274	97096.0
1275	95348.0
1276	95752.0
1277	97924.0
1278	96236.0
1279	97424.0
1280	95312.0
1281	96484.0
1282	96100.0
1283	97052.0
1284	96444.0
1285	97216.0
1286	95480.0
1287	96564.0
1288	96908.0
1289	95476.0
1290	98412.0
1291	97524.0
1292	97420.0
1293	95200.0
1294	97636.0
1295	96868.0
1296	97188.0
1297	95456.0
1298	95332.0
1299	96780.0
1300	94812.0
1301	95584.0
1302	95824.0
1303	94920.0
1304	96452.0
1305	94544.0
1306	94612.0
1307	96020.0
1308	95120.0
1309	94392.0
1310	95060.0
1311	94020.0
1312	95544.0
1313	95724.0
1314	96416.0
1315	95660.0
1316	96276.0
1317	96500.0
1318	95104.0
1319	95256.0
1320	96728.0
1321	94864.0
1322	97048.0
1323	94904.0
1324	96960.0
1325	95892.0
1326	94812.0
1327	94964.0
1328	94428.0
1329	94776.0
1330	93972.0
1331	93480.0
1332	95808.0
1333	95304.0
1334	93524.0
1335	94524.0
1336	94312.0
1337	94948.0
1338	92700.0
1339	94280.0
1340	93096.0
1341	94000.0
1342	93372.0
1343	92688.0
1344	94780.0
1345	93980.0
1346	93296.0
1347	94288.0
1348	94300.0
1349	94160.0
1350	93260.0
1351	93012.0
1352	93580.0
1353	92344.0
1354	93004.0
1355	92900.0
1356	92080.0
1357	93140.0
1358	91628.0
1359	92780.0
1360	92860.0
1361	93740.0
1362	92164.0
1363	92008.0
1364	93396.0
1365	92784.0
1366	93164.0
1367	92084.0
1368	91708.0
1369	91860.0
1370	93296.0
1371	92504.0
1372	92744.0
1373	93764.0
1374	93904.0
1375	93172.0
1376	93028.0
1377	93404.0
1378	92572.0
1379	93284.0
1380	92440.0
1381	92772.0
1382	93508.0
1383	92336.0
1384	92856.0
1385	91856.0
1386	93692.0
1387	92956.0
1388	91452.0
1389	93144.0
1390	93616.0
1391	93196.0
1392	93208.0
1393	93244.0
1394	92752.0
1395	92852.0
1396	92968.0
1397	92508.0
1398	93708.0
1399	93864.0
1400	93224.0
1401	91584.0
1402	93456.0
1403	92572.0
1404	93292.0
1405	92792.0
1406	92564.0
1407	91720.0
1408	92520.0
1409	91544.0
1410	90528.0
1411	91996.0
1412	92000.0
1413	90948.0
1414	92328.0
1415	92616.0
1416	91688.0
1417	90836.0
1418	90920.0
1419	91384.0
1420	91176.0
1421	89960.0
1422	90036.0
1423	90840.0
1424	91388.0
1425	91312.0
1426	89348.0
1427	90656.0
1428	91272.0
1429	91224.0
1430	89384.0
1431	89316.0
1432	90004.0
1433	89680.0
1434	89824.0
1435	89404.0
1436	90592.0
1437	88828.0
1438	89456.0
1439	89664.0
1440	89652.0
1441	89900.0
1442	90076.0
1443	89652.0
1444	90684.0
1445	89400.0
1446	90116.0
1447	89716.0
1448	89504.0
1449	90064.0
1450	88324.0
1451	89124.0
1452	90940.0
1453	90140.0
1454	89020.0
1455	89868.0
1456	88492.0
1457	90148.0
1458	89700.0
1459	89216.0
1460	89476.0
1461	89556.0
1462	89720.0
1463	88488.0
1464	89336.0
1465	88756.0
1466	89060.0
1467	87808.0
1468	89612.0
1469	89268.0
1470	89136.0
1471	88180.0
1472	88368.0
1473	88468.0
1474	89400.0
1475	88420.0
1476	87812.0
1477	88788.0
1478	90068.0
1479	87180.0
1480	86968.0
1481	88916.0
1482	89128.0
1483	89048.0
1484	87868.0
1485	89188.0
1486	87704.0
1487	86948.0
1488	88512.0
1489	88936.0
1490	88652.0
1491	86276.0
1492	87816.0
1493	86352.0
1494	87480.0
1495	87796.0
1496	88564.0
1497	87844.0
1498	88232.0
1499	88896.0
1500	88308.0
1501	87300.0
1502	88120.0
1503	88196.0
1504	89068.0
1505	86256.0
1506	88196.0
1507	88144.0
1508	87156.0
1509	87792.0
1510	87740.0
1511	87528.0
1512	89080.0
1513	86920.0
1514	89420.0
1515	88188.0
1516	88548.0
1517	87460.0
1518	87852.0
1519	87712.0
1520	89348.0
1521	87180.0
1522	88760.0
1523	87932.0
1524	87496.0
1525	87080.0
1526	86988.0
1527	86456.0
1528	87124.0
1529	87756.0
1530	87524.0
1531	87528.0
1532	87900.0
1533	87488.0
1534	86152.0
1535	87532.0
1536	86644.0
1537	88132.0
1538	87772.0
1539	86712.0
1540	86436.0
1541	87916.0
1542	86948.0
1543	86496.0
1544	85544.0
1545	86832.0
1546	87556.0
1547	86256.0
1548	87392.0
1549	85588.0
1550	86132.0
1551	86760.0
1552	85364.0
1553	86184.0
1554	86276.0
1555	85432.0
1556	85596.0
1557	85592.0
1558	85972.0
1559	85476.0
1560	86492.0
1561	86460.0
1562	87444.0
1563	86372.0
1564	85904.0
1565	87520.0
1566	86872.0
1567	85808.0
1568	85112.0
1569	86220.0
1570	87120.0
1571	85168.0
1572	86372.0
1573	85696.0
1574	84424.0
1575	85404.0
1576	85228.0
1577	87068.0
1578	84360.0
1579	85616.0
1580	85376.0
1581	84932.0
1582	84364.0
1583	84796.0
1584	84572.0
1585	84280.0
1586	84276.0
1587	83924.0
1588	84360.0
1589	83332.0
1590	83656.0
1591	83956.0
1592	84652.0
1593	84064.0
1594	84172.0
1595	83976.0
1596	84744.0
1597	83140.0
1598	84284.0
1599	83792.0
1600	84240.0
1601	83416.0
1602	82876.0
1603	83956.0
1604	83620.0
1605	84592.0
1606	83660.0
1607	84348.0
1608	83188.0
1609	84252.0
1610	84192.0
1611	84536.0
1612	84116.0
1613	83224.0
1614	83812.0
1615	84796.0
1616	84204.0
1617	84596.0
1618	83676.0
1619	83768.0
1620	83816.0
1621	83500.0
1622	84064.0
1623	83964.0
1624	83680.0
1625	83636.0
1626	84068.0
1627	84796.0
1628	83192.0
1629	83276.0
1630	83636.0
1631	83968.0
1632	84008.0
1633	83300.0
1634	84208.0
1635	83844.0
1636	82956.0
1637	84280.0
1638	84440.0
1639	83656.0
1640	84904.0
1641	83492.0
1642	84476.0
1643	83672.0
1644	83724.0
1645	84276.0
1646	84612.0
1647	85024.0
1648	85232.0
1649	83780.0
1650	83532.0
1651	82968.0
1652	83812.0
1653	83700.0
1654	83792.0
1655	83216.0
1656	83104.0
1657	83532.0
1658	83544.0
1659	82640.0
1660	83196.0
1661	83748.0
1662	83268.0
1663	82756.0
1664	83672.0
1665	82880.0
1666	83168.0
1667	84080.0
1668	82928.0
1669	82208.0
1670	82216.0
1671	82924.0
1672	82980.0
1673	81624.0
1674	82576.0
1675	82468.0
1676	83296.0
1677	82528.0
1678	82320.0
1679	83444.0
1680	82112.0
1681	83196.0
1682	82320.0
1683	83028.0
1684	81424.0
1685	81900.0
1686	83192.0
1687	82240.0
1688	81476.0
1689	80788.0
1690	81944.0
1691	81872.0
1692	81672.0
1693	82012.0
1694	81744.0
1695	80612.0
1696	80628.0
1697	81256.0
1698	80764.0
1699	81876.0
1700	80344.0
1701	81232.0
1702	81060.0
1703	80632.0
1704	81016.0
1705	81052.0
1706	81728.0
1707	80856.0
1708	80728.0
1709	81032.0
1710	81908.0
1711	81000.0
1712	80356.0
1713	81088.0
1714	80968.0
1715	80720.0
1716	80200.0
1717	79252.0
1718	79468.0
1719	80552.0
1720	80552.0
1721	80384.0
1722	81748.0
1723	80412.0
1724	79916.0
1725	81340.0
1726	80728.0
1727	80216.0
1728	80952.0
1729	79424.0
1730	80460.0
1731	80036.0
1732	80028.0
1733	80764.0
1734	80344.0
1735	81040.0
1736	78948.0
1737	80324.0
1738	80268.0
1739	80380.0
1740	79184.0
1741	79788.0
1742	81272.0
1743	80292.0
1744	80752.0
1745	80224.0
1746	80328.0
1747	80780.0
1748	80712.0
1749	80780.0
1750	80756.0
1751	79780.0
1752	79744.0
1753	81380.0
1754	80788.0
1755	80184.0
1756	79940.0
1757	79436.0
1758	80008.0
1759	79928.0
1760	79700.0
1761	80072.0
1762	80924.0
1763	81048.0
1764	80536.0
1765	80916.0
1766	80408.0
1767	80676.0
1768	79124.0
1769	79604.0
1770	79520.0
1771	80476.0
1772	80428.0
1773	80616.0
1774	79428.0
1775	79444.0
1776	79420.0
1777	80800.0
1778	79952.0
1779	80156.0
1780	80272.0
1781	80676.0
1782	79968.0
1783	80040.0
1784	79332.0
1785	80288.0
1786	79404.0
1787	80660.0
1788	79808.0
1789	80508.0
1790	79568.0
1791	79276.0
1792	78924.0
1793	79208.0
1794	79004.0
1795	78684.0
1796	79160.0
1797	78796.0
1798	78764.0
1799	79792.0
1800	78960.0
1801	78336.0
1802	78308.0
1803	78248.0
1804	79608.0
1805	77996.0
1806	78724.0
1807	78756.0
1808	78860.0
1809	77968.0
1810	78192.0
1811	76956.0
1812	78700.0
1813	78980.0
1814	78588.0
1815	77756.0
1816	77516.0
1817	77336.0
1818	78408.0
1819	78012.0
1820	76700.0
1821	76792.0
1822	77636.0
1823	77292.0
1824	78092.0
1825	76752.0
1826	77520.0
1827	77896.0
1828	77528.0
1829	75884.0
1830	77184.0
1831	77376.0
1832	77124.0
1833	76828.0
1834	77812.0
1835	77788.0
1836	76876.0
1837	77060.0
1838	77948.0
1839	78412.0
1840	76880.0
1841	77348.0
1842	77888.0
1843	76940.0
1844	76916.0
1845	76232.0
1846	77560.0
1847	77548.0
1848	77692.0
1849	77132.0
1850	77592.0
1851	77400.0
1852	77684.0
1853	77176.0
1854	77076.0
1855	77072.0
1856	76588.0
1857	77664.0
1858	76392.0
1859	76996.0
1860	76444.0
1861	76576.0
1862	77824.0
1863	77072.0
1864	76828.0
1865	76532.0
1866	76332.0
1867	77104.0
1868	76800.0
1869	76908.0
1870	76160.0
1871	76800.0
1872	76040.0
1873	77480.0
1874	76244.0
1875	75852.0
1876	77144.0
1877	75688.0
1878	75656.0
1879	76068.0
1880	75760.0
1881	76256.0
1882	76440.0
1883	76732.0
1884	77024.0
1885	76044.0
1886	76600.0
1887	76604.0
1888	75520.0
1889	76444.0
1890	76992.0
1891	76344.0
1892	75924.0
1893	76948.0
1894	77632.0
1895	76700.0
1896	76456.0
1897	77024.0
1898	76380.0
1899	76232.0
1900	75708.0
1901	75980.0
1902	75240.0
1903	76488.0
1904	76300.0
1905	75992.0
1906	75252.0
1907	75296.0
1908	76692.0
1909	75384.0
1910	76548.0
1911	75096.0
1912	75472.0
1913	75896.0
1914	75880.0
1915	74760.0
1916	76108.0
1917	75948.0
1918	75384.0
1919	75512.0
1920	76260.0
1921	76516.0
1922	76376.0
1923	75012.0
1924	74848.0
1925	73676.0
1926	75744.0
1927	75528.0
1928	74796.0
1929	75952.0
1930	74312.0
1931	74136.0
1932	75484.0
1933	75376.0
1934	76828.0
1935	74856.0
1936	74568.0
1937	74724.0
1938	74512.0
1939	73560.0
1940	74484.0
1941	74508.0
1942	75584.0
1943	73880.0
1944	74756.0
1945	73020.0
1946	73616.0
1947	74352.0
1948	73888.0
1949	74676.0
1950	74304.0
1951	74188.0
1952	74048.0
1953	74912.0
1954	73724.0
1955	73036.0
1956	74200.0
1957	74292.0
1958	73600.0
1959	74100.0
1960	73188.0
1961	73908.0
1962	74140.0
1963	74388.0
1964	75384.0
1965	73380.0
1966	73680.0
1967	74872.0
1968	73516.0
1969	73888.0
1970	74224.0
1971	73936.0
1972	73104.0
1973	74320.0
1974	72872.0
1975	73792.0
1976	73244.0
1977	74276.0
1978	74496.0
1979	73756.0
1980	73172.0
1981	72996.0
1982	73608.0
1983	72972.0
1984	74048.0
1985	73664.0
1986	73392.0
1987	73700.0
1988	74096.0
1989	72956.0
1990	73072.0
1991	73608.0
1992	73096.0
1993	73148.0
1994	73420.0
1995	72960.0
1996	72564.0
1997	73160.0
1998	73024.0
1999	73064.0
2000	73160.0
2001	73640.0
2002	73336.0
2003	73032.0
2004	72396.0
2005	73616.0
2006	72392.0
2007	72856.0
2008	71128.0
2009	73156.0
2010	72876.0
2011	73720.0
2012	72860.0
2013	72164.0
2014	71648.0
2015	72440.0
2016	71292.0
2017	71824.0
2018	72148.0
2019	72428.0
2020	71940.0
2021	71788.0
2022	72644.0
2023	71956.0
2024	71988.0
2025	71580.0
2026	70564.0
2027	71968.0
2028	71772.0
2029	71912.0
2030	71508.0
2031	71284.0
2032	70452.0
2033	70984.0
2034	70504.0
2035	70940.0
2036	71476.0
2037	70776.0
2038	70372.0
2039	69808.0
2040	70172.0
2041	71452.0
2042	70000.0
2043	71448.0
2044	70208.0
2045	70872.0
2046	71960.0
2047	71104.0
2048	70724.0
2049	70064.0
2050	70192.0
2051	70908.0
2052	69948.0
2053	70440.0
2054	70460.0
2055	69852.0
2056	69884.0
2057	70372.0
2058	69964.0
2059	70616.0
2060	69656.0
2061	69832.0
2062	70100.0
2063	70056.0
2064	69544.0
2065	68964.0
2066	69760.0
2067	70276.0
2068	69632.0
2069	69328.0
2070	69560.0
2071	70360.0
2072	69428.0
2073	68828.0
2074	70660.0
2075	70560.0
2076	69924.0
2077	69300.0
2078	70032.0
2079	69552.0
2080	70572.0
2081	68996.0
2082	69568.0
2083	69748.0
2084	69740.0
2085	70788.0
2086	69324.0
2087	70560.0
2088	69560.0
2089	69820.0
2090	70796.0
2091	69056.0
2092	69372.0
2093	69388.0
2094	70876.0
2095	69864.0
2096	69592.0
2097	69896.0
2098	68952.0
2099	71192.0
2100	69652.0
2101	70136.0
2102	69128.0
2103	69880.0
2104	69796.0
2105	69776.0
2106	69704.0
2107	69384.0
2108	69064.0
2109	69532.0
2110	69552.0
2111	70208.0
2112	68972.0
2113	69932.0
2114	69116.0
2115	68536.0
2116	69772.0
2117	68988.0
2118	69120.0
2119	69104.0
2120	69624.0
2121	69168.0
2122	69660.0
2123	69080.0
2124	68724.0
2125	68936.0
2126	69204.0
2127	70016.0
2128	67844.0
2129	68484.0
2130	69536.0
2131	69112.0
2132	68760.0
2133	68584.0
2134	68532.0
2135	68612.0
2136	68056.0
2137	69376.0
2138	68440.0
2139	68544.0
2140	67692.0
2141	68520.0
2142	68368.0
2143	68852.0
2144	67928.0
2145	68092.0
2146	68432.0
2147	68644.0
2148	68508.0
2149	68108.0
2150	67680.0
2151	68228.0
2152	68044.0
2153	67184.0
2154	68428.0
2155	68536.0
2156	68220.0
2157	67784.0
2158	67736.0
2159	68780.0
2160	67872.0
2161	67564.0
2162	68268.0
2163	68036.0
2164	67512.0
2165	67424.0
2166	67532.0
2167	67536.0
2168	67584.0
2169	67800.0
2170	67324.0
2171	68328.0
2172	68168.0
2173	67212.0
2174	68264.0
2175	68756.0
2176	66904.0
2177	67272.0
2178	66888.0
2179	68176.0
2180	67848.0
2181	66488.0
2182	68060.0
2183	66796.0
2184	66980.0
2185	67888.0
2186	67156.0
2187	67612.0
2188	68288.0
2189	67760.0
2190	67200.0
2191	67332.0
2192	67520.0
2193	67356.0
2194	66416.0
2195	66764.0
2196	66584.0
2197	66976.0
2198	66132.0
2199	67448.0
2200	67052.0
2201	66256.0
2202	66788.0
2203	67120.0
2204	65896.0
2205	67896.0
2206	67456.0
2207	66232.0
2208	67072.0
2209	67580.0
2210	66540.0
2211	66904.0
2212	67244.0
2213	66276.0
2214	66092.0
2215	65860.0
2216	65808.0
2217	67064.0
2218	65984.0
2219	65988.0
2220	67316.0
2221	64992.0
2222	66328.0
2223	65096.0
2224	65992.0
2225	67244.0
2226	65888.0
2227	66292.0
2228	65724.0
2229	65404.0
2230	64664.0
2231	66228.0
2232	66216.0
2233	66016.0
2234	65960.0
2235	64668.0
2236	65348.0
2237	65088.0
2238	65228.0
2239	66340.0
2240	64060.0
2241	64920.0
2242	64752.0
2243	64296.0
2244	65508.0
2245	65024.0
2246	65428.0
2247	64372.0
2248	64692.0
2249	64288.0
2250	63576.0
2251	64072.0
2252	64248.0
2253	63688.0
2254	64040.0
2255	64544.0
2256	64032.0
2257	62832.0
2258	63796.0
2259	63744.0
2260	64056.0
2261	63336.0
2262	63744.0
2263	63524.0
2264	63672.0
2265	64976.0
2266	64060.0
2267	64724.0
2268	63544.0
2269	64432.0
2270	64948.0
2271	64792.0
2272	64756.0
2273	63724.0
2274	64408.0
2275	64984.0
2276	64292.0
2277	65688.0
2278	65208.0
2279	64572.0
2280	63340.0
2281	63724.0
2282	63168.0
2283	62908.0
2284	63384.0
2285	64820.0
2286	64400.0
2287	64304.0
2288	64448.0
2289	64712.0
2290	63908.0
2291	64016.0
2292	64264.0
2293	64592.0
2294	64048.0
2295	63808.0
2296	64112.0
2297	63508.0
2298	63684.0
2299	65048.0
2300	63940.0
2301	65172.0
2302	64596.0
2303	64872.0
2304	63892.0
2305	64632.0
2306	65280.0
2307	64676.0
2308	64924.0
2309	65312.0
2310	67024.0
2311	65276.0
2312	65236.0
2313	64616.0
2314	64376.0
2315	63984.0
2316	65336.0
2317	64960.0
2318	64756.0
2319	64344.0
2320	64324.0
2321	64172.0
2322	63872.0
2323	63828.0
2324	63452.0
2325	63332.0
2326	64816.0
2327	65080.0
2328	64112.0
2329	64464.0
2330	64228.0
2331	64584.0
2332	63776.0
2333	64140.0
2334	64936.0
2335	63900.0
2336	64676.0
2337	65256.0
2338	64476.0
2339	64296.0
2340	64680.0
2341	64536.0
2342	64624.0
2343	64012.0
2344	64092.0
2345	63844.0
2346	63968.0
2347	65020.0
2348	64088.0
2349	62688.0
2350	63404.0
2351	63740.0
2352	65196.0
2353	63436.0
2354	64268.0
2355	64172.0
2356	63588.0
2357	63868.0
2358	63844.0
2359	64452.0
2360	64620.0
2361	64080.0
2362	63596.0
2363	62692.0
2364	62800.0
2365	63164.0
2366	63992.0
2367	63468.0
2368	63652.0
2369	63748.0
2370	63464.0
2371	63800.0
2372	62528.0
2373	62732.0
2374	62564.0
2375	62856.0
2376	63472.0
2377	62440.0
2378	62724.0
2379	63040.0
2380	62776.0
2381	63104.0
2382	62036.0
2383	62988.0
2384	63204.0
2385	62980.0
2386	62476.0
2387	63240.0
2388	61956.0
2389	62648.0
2390	62624.0
2391	63864.0
2392	63672.0
2393	62844.0
2394	63148.0
2395	62132.0
2396	62216.0
2397	61284.0
2398	61824.0
2399	62480.0
2400	62460.0
2401	63004.0
2402	61944.0
2403	63508.0
2404	62472.0
2405	62348.0
2406	62088.0
2407	61840.0
2408	62360.0
2409	62624.0
2410	62592.0
2411	62488.0
2412	62792.0
2413	63076.0
2414	62716.0
2415	62428.0
2416	61916.0
2417	63464.0
2418	63472.0
2419	62112.0
2420	63064.0
2421	62340.0
2422	62192.0
2423	62120.0
2424	62280.0
2425	62684.0
2426	62832.0
2427	63436.0
2428	63004.0
2429	64232.0
2430	63220.0
2431	62608.0
2432	62036.0
2433	61816.0
2434	63536.0
2435	62712.0
2436	61648.0
2437	63148.0
2438	62020.0
2439	62748.0
2440	62844.0
2441	62636.0
2442	63080.0
2443	63416.0
2444	62176.0
2445	63468.0
2446	63608.0
2447	63008.0
2448	62040.0
2449	62208.0
2450	63548.0
2451	62624.0
2452	63272.0
2453	62576.0
2454	63200.0
2455	63180.0
2456	62292.0
2457	62168.0
2458	63136.0
2459	63932.0
2460	63056.0
2461	64120.0
2462	63268.0
2463	63920.0
2464	63320.0
2465	63044.0
2466	62604.0
2467	64188.0
2468	64472.0
2469	63880.0
2470	63760.0
2471	63888.0
2472	63928.0
2473	63400.0
2474	63472.0
2475	64164.0
2476	65512.0
2477	63604.0
2478	63944.0
2479	64324.0
2480	63976.0
2481	64680.0
2482	62732.0
2483	62944.0
2484	63940.0
2485	63680.0
2486	63724.0
2487	64436.0
2488	63828.0
2489	63044.0
2490	64120.0
2491	63232.0
2492	63328.0
2493	65756.0
2494	65064.0
2495	64288.0
2496	63768.0
2497	64704.0
2498	63512.0
2499	63696.0
2500	63612.0
2501	64532.0
2502	64880.0
2503	63288.0
2504	64200.0
2505	63784.0
2506	63152.0
2507	61616.0
2508	63424.0
2509	63456.0
2510	62736.0
2511	63516.0
2512	62640.0
2513	63044.0
2514	62948.0
2515	62752.0
2516	62172.0
2517	61464.0
2518	62972.0
2519	63152.0
2520	62452.0
2521	63236.0
2522	63032.0
2523	62780.0
2524	62160.0
2525	61948.0
2526	63436.0
2527	63956.0
2528	63384.0
2529	63056.0
2530	63360.0
2531	62836.0
2532	62740.0
2533	62836.0
2534	63484.0
2535	63228.0
2536	62636.0
2537	63832.0
2538	65076.0
2539	63840.0
2540	63096.0
2541	63016.0
2542	63896.0
2543	65248.0
2544	64924.0
2545	65416.0
2546	65380.0
2547	65428.0
2548	64884.0
2549	66268.0
2550	65636.0
2551	64912.0
2552	65156.0
2553	65492.0
2554	65048.0
2555	65212.0
2556	66948.0
2557	63444.0
2558	64444.0
2559	66216.0
2560	66236.0
2561	65748.0
2562	66444.0
2563	65168.0
2564	65648.0
2565	66300.0
2566	66056.0
2567	65732.0
2568	66520.0
2569	66140.0
2570	66152.0
2571	67372.0
2572	66716.0
2573	65592.0
2574	66760.0
2575	66248.0
2576	67880.0
2577	67336.0
2578	67452.0
2579	67600.0
2580	67360.0
2581	67368.0
2582	66832.0
2583	66724.0
2584	67852.0
2585	67604.0
2586	67352.0
2587	67396.0
2588	68748.0
2589	66984.0
2590	66172.0
2591	67020.0
2592	66984.0
2593	66704.0
2594	66828.0
2595	67280.0
2596	67992.0
2597	69044.0
2598	69352.0
2599	73992.0
2600	67864.0
2601	68128.0
2602	67512.0
2603	68124.0
2604	67840.0
2605	68940.0
2606	67016.0
2607	67292.0
2608	66188.0
2609	67656.0
2610	68336.0
2611	68676.0
2612	68648.0
2613	69852.0
2614	69476.0
2615	68668.0
2616	68884.0
2617	69844.0
2618	70076.0
2619	70100.0
2620	70356.0
2621	69676.0
2622	69332.0
2623	67752.0
2624	69220.0
2625	68376.0
2626	69552.0
2627	65156.0
2628	68808.0
2629	69592.0
2630	69432.0
2631	68888.0
2632	67176.0
2633	67212.0
2634	69264.0
2635	69048.0
2636	67912.0
2637	68056.0
2638	67132.0
2639	67104.0
2640	67028.0
2641	67236.0
2642	67936.0
2643	67724.0
2644	68092.0
2645	67228.0
2646	68956.0
2647	66148.0
2648	64420.0
2649	64336.0
2650	65356.0
2651	65200.0
2652	64528.0
2653	64612.0
2654	65648.0
2655	65644.0
2656	65572.0
2657	66308.0
2658	64572.0
2659	66312.0
2660	65584.0
2661	65440.0
2662	65252.0
2663	65280.0
2664	64780.0
2665	64012.0
2666	64492.0
2667	65472.0
2668	66272.0
2669	64328.0
2670	64432.0
2671	65256.0
2672	65008.0
2673	64516.0
2674	63408.0
2675	63336.0
2676	65844.0
2677	64916.0
2678	64924.0
2679	65356.0
2680	64524.0
2681	64912.0
2682	64952.0
2683	65920.0
2684	65128.0
2685	65304.0
2686	66064.0
2687	66232.0
2688	65484.0
2689	64996.0
2690	65012.0
2691	63728.0
2692	65292.0
2693	65368.0
2694	65524.0
2695	65816.0
2696	65908.0
2697	65952.0
2698	64796.0
2699	64408.0
2700	65164.0
2701	65396.0
2702	66632.0
2703	65872.0
2704	67000.0
2705	66144.0
2706	67024.0
2707	65260.0
2708	66252.0
2709	66684.0
2710	65984.0
2711	66772.0
2712	67204.0
2713	65524.0
2714	66644.0
2715	66560.0
2716	65732.0
2717	66440.0
2718	66708.0
2719	67476.0
2720	66616.0
2721	66916.0
2722	68392.0
2723	65368.0
2724	67384.0
2725	67372.0
2726	67132.0
2727	66296.0
2728	66572.0
2729	67720.0
2730	67956.0
2731	67356.0
2732	67136.0
2733	67196.0
2734	67480.0
2735	67364.0
2736	67240.0
2737	66336.0
2738	67172.0
2739	67720.0
2740	66184.0
2741	67292.0
2742	66848.0
2743	67768.0
2744	65948.0
2745	66636.0
2746	66652.0
2747	67024.0
