0	402.0
1	562.0
2	436.0
3	316.0
4	444.0
5	506.0
6	632.0
7	456.0
8	492.0
9	542.0
10	470.0
11	476.0
12	390.0
13	508.0
14	468.0
15	482.0
16	488.0
17	522.0
18	646.0
19	498.0
20	512.0
21	534.0
22	436.0
23	508.0
24	394.0
25	494.0
26	478.0
27	364.0
28	422.0
29	670.0
30	372.0
31	542.0
32	506.0
33	336.0
34	594.0
35	544.0
36	470.0
37	480.0
38	538.0
39	530.0
40	498.0
41	610.0
42	500.0
43	572.0
44	588.0
45	468.0
46	448.0
47	468.0
48	610.0
49	464.0
50	494.0
51	596.0
52	544.0
53	522.0
54	510.0
55	468.0
56	692.0
57	540.0
58	556.0
59	494.0
60	402.0
61	484.0
62	648.0
63	456.0
64	480.0
65	592.0
66	566.0
67	398.0
68	452.0
69	528.0
70	592.0
71	552.0
72	516.0
73	464.0
74	476.0
75	646.0
76	502.0
77	530.0
78	574.0
79	436.0
80	566.0
81	602.0
82	540.0
83	370.0
84	480.0
85	440.0
86	454.0
87	422.0
88	462.0
89	404.0
90	468.0
91	438.0
92	404.0
93	564.0
94	508.0
95	622.0
96	476.0
97	612.0
98	576.0
99	452.0
100	586.0
101	554.0
102	652.0
103	538.0
104	524.0
105	550.0
106	408.0
107	420.0
108	478.0
109	500.0
110	470.0
111	464.0
112	436.0
113	388.0
114	644.0
115	486.0
116	570.0
117	458.0
118	522.0
119	580.0
120	510.0
121	630.0
122	396.0
123	432.0
124	474.0
125	496.0
126	502.0
127	566.0
128	742.0
129	566.0
130	664.0
131	668.0
132	572.0
133	590.0
134	456.0
135	588.0
136	530.0
137	468.0
138	344.0
139	490.0
140	420.0
141	548.0
142	598.0
143	390.0
144	446.0
145	478.0
146	676.0
147	350.0
148	472.0
149	478.0
150	404.0
151	478.0
152	576.0
153	530.0
154	526.0
155	386.0
156	656.0
157	492.0
158	432.0
159	518.0
160	360.0
161	402.0
162	446.0
163	534.0
164	582.0
165	600.0
166	510.0
167	548.0
168	464.0
169	562.0
170	422.0
171	490.0
172	450.0
173	496.0
174	470.0
175	534.0
176	408.0
177	552.0
178	652.0
179	586.0
180	316.0
181	388.0
182	516.0
183	572.0
184	584.0
185	548.0
186	586.0
187	510.0
188	382.0
189	508.0
190	498.0
191	458.0
192	556.0
193	526.0
194	462.0
195	534.0
196	390.0
197	576.0
198	546.0
199	502.0
200	546.0
201	486.0
202	592.0
203	504.0
204	496.0
205	456.0
206	478.0
207	560.0
208	616.0
209	478.0
210	486.0
211	478.0
212	434.0
213	490.0
214	468.0
215	492.0
216	546.0
217	502.0
218	474.0
219	484.0
220	562.0
221	368.0
222	644.0
223	428.0
224	546.0
225	490.0
226	480.0
227	456.0
228	538.0
229	514.0
230	532.0
231	566.0
232	470.0
233	408.0
234	556.0
235	468.0
236	554.0
237	498.0
238	522.0
239	672.0
240	498.0
241	294.0
242	484.0
243	564.0
244	596.0
245	478.0
246	492.0
247	426.0
248	492.0
249	492.0
250	604.0
251	440.0
252	480.0
253	522.0
254	618.0
255	508.0
256	456.0
257	630.0
258	450.0
259	532.0
260	534.0
261	584.0
262	632.0
263	492.0
264	510.0
265	402.0
266	522.0
267	464.0
268	684.0
269	454.0
270	678.0
271	596.0
272	412.0
273	432.0
274	576.0
275	432.0
276	602.0
277	528.0
278	436.0
279	626.0
280	426.0
281	542.0
282	652.0
283	356.0
284	374.0
285	374.0
286	552.0
287	510.0
288	404.0
289	440.0
290	440.0
291	402.0
292	414.0
293	566.0
294	560.0
295	582.0
296	488.0
297	526.0
298	544.0
299	482.0
300	644.0
301	468.0
302	548.0
303	542.0
304	510.0
305	510.0
306	590.0
307	468.0
308	562.0
309	408.0
310	514.0
311	462.0
312	614.0
313	438.0
314	458.0
315	640.0
316	582.0
317	440.0
318	432.0
319	514.0
320	564.0
321	446.0
322	544.0
323	366.0
324	434.0
325	482.0
326	692.0
327	764.0
328	426.0
329	558.0
330	444.0
331	464.0
332	592.0
333	466.0
334	466.0
335	744.0
336	616.0
337	440.0
338	470.0
339	380.0
340	658.0
341	600.0
342	688.0
343	676.0
344	612.0
345	418.0
346	302.0
347	358.0
348	344.0
349	500.0
350	610.0
351	468.0
352	464.0
353	578.0
354	540.0
355	434.0
356	806.0
357	626.0
358	648.0
359	606.0
360	458.0
361	378.0
362	478.0
363	518.0
364	504.0
365	498.0
366	508.0
367	632.0
368	400.0
369	498.0
370	460.0
371	554.0
372	654.0
373	460.0
374	608.0
375	476.0
376	638.0
377	430.0
378	616.0
379	406.0
380	444.0
381	430.0
382	648.0
383	500.0
384	672.0
385	640.0
386	552.0
387	838.0
388	498.0
389	556.0
390	446.0
391	414.0
392	636.0
393	458.0
394	544.0
395	540.0
396	494.0
397	482.0
398	596.0
399	508.0
400	576.0
401	492.0
402	570.0
403	522.0
404	468.0
405	648.0
406	670.0
407	572.0
408	666.0
409	510.0
410	582.0
411	592.0
412	448.0
413	444.0
414	450.0
415	556.0
416	572.0
417	578.0
418	502.0
419	550.0
420	556.0
421	552.0
422	470.0
423	624.0
424	468.0
425	428.0
426	536.0
427	500.0
428	582.0
429	568.0
430	452.0
431	656.0
432	646.0
433	552.0
434	522.0
435	490.0
436	532.0
437	546.0
438	470.0
439	628.0
440	412.0
441	546.0
442	540.0
443	502.0
444	506.0
445	526.0
446	588.0
447	566.0
448	562.0
449	476.0
450	552.0
451	588.0
452	504.0
453	400.0
454	478.0
455	578.0
456	674.0
457	514.0
458	498.0
459	360.0
460	472.0
461	434.0
462	594.0
463	548.0
464	538.0
465	480.0
466	520.0
467	530.0
468	418.0
469	432.0
470	504.0
471	580.0
472	476.0
473	650.0
474	584.0
475	338.0
476	426.0
477	568.0
478	584.0
479	462.0
480	642.0
481	472.0
482	602.0
483	528.0
484	422.0
485	528.0
486	592.0
487	474.0
488	574.0
489	504.0
490	554.0
491	488.0
492	308.0
493	360.0
494	448.0
495	444.0
496	600.0
497	526.0
498	526.0
499	516.0
500	486.0
501	400.0
502	530.0
503	448.0
504	508.0
505	576.0
506	454.0
507	604.0
508	508.0
509	546.0
510	546.0
511	628.0
512	548.0
513	620.0
514	482.0
515	444.0
516	560.0
517	618.0
518	442.0
519	722.0
520	544.0
521	470.0
522	562.0
523	512.0
524	708.0
525	630.0
526	546.0
527	658.0
528	560.0
529	608.0
530	734.0
531	680.0
532	524.0
533	592.0
534	588.0
535	382.0
536	660.0
537	698.0
538	708.0
539	574.0
540	548.0
541	532.0
542	466.0
543	576.0
544	554.0
545	590.0
546	520.0
547	530.0
548	494.0
549	494.0
550	374.0
551	360.0
552	384.0
553	608.0
554	672.0
555	574.0
556	516.0
557	602.0
558	530.0
559	598.0
560	488.0
561	584.0
562	562.0
563	424.0
564	594.0
565	510.0
566	552.0
567	586.0
568	438.0
569	484.0
570	500.0
571	460.0
572	550.0
573	440.0
574	424.0
575	478.0
576	478.0
577	512.0
578	418.0
579	550.0
580	480.0
581	452.0
582	610.0
583	328.0
584	502.0
585	464.0
586	518.0
587	464.0
588	510.0
589	406.0
590	440.0
591	670.0
592	632.0
593	458.0
594	646.0
595	422.0
596	452.0
597	436.0
598	530.0
599	580.0
600	358.0
601	548.0
602	592.0
603	558.0
604	598.0
605	646.0
606	382.0
607	358.0
608	668.0
609	442.0
610	542.0
611	580.0
612	576.0
613	598.0
614	614.0
615	480.0
616	688.0
617	566.0
618	444.0
619	546.0
620	624.0
621	648.0
622	680.0
623	606.0
624	606.0
625	612.0
626	628.0
627	600.0
628	580.0
629	570.0
630	488.0
631	444.0
632	516.0
633	500.0
634	576.0
635	694.0
636	638.0
637	586.0
638	560.0
639	496.0
640	296.0
641	686.0
642	480.0
643	502.0
644	574.0
645	592.0
646	510.0
647	456.0
648	574.0
649	580.0
650	666.0
651	384.0
652	544.0
653	430.0
654	440.0
655	484.0
656	572.0
657	544.0
658	630.0
659	466.0
660	394.0
661	548.0
662	592.0
663	776.0
664	484.0
665	620.0
666	438.0
667	660.0
668	660.0
669	632.0
670	562.0
671	602.0
672	550.0
673	532.0
674	744.0
675	690.0
676	464.0
677	436.0
678	604.0
679	594.0
680	452.0
681	608.0
682	474.0
683	470.0
684	604.0
685	398.0
686	486.0
687	540.0
688	456.0
689	494.0
690	496.0
691	446.0
692	520.0
693	592.0
694	498.0
695	440.0
696	358.0
697	430.0
698	492.0
699	662.0
700	396.0
701	624.0
702	496.0
703	538.0
704	398.0
705	552.0
706	552.0
707	576.0
708	564.0
709	536.0
710	590.0
711	454.0
712	636.0
713	726.0
714	616.0
715	664.0
716	630.0
717	478.0
718	776.0
719	474.0
720	516.0
721	604.0
722	536.0
723	458.0
724	380.0
725	510.0
726	516.0
727	438.0
728	488.0
729	406.0
730	594.0
731	540.0
732	694.0
733	696.0
734	606.0
735	602.0
736	256.0
737	466.0
738	468.0
739	502.0
740	616.0
741	452.0
742	624.0
743	572.0
744	754.0
745	410.0
746	554.0
747	638.0
748	542.0
749	626.0
750	626.0
751	474.0
752	510.0
753	396.0
754	606.0
755	558.0
756	548.0
757	604.0
758	510.0
759	632.0
760	538.0
761	382.0
762	562.0
763	418.0
764	580.0
765	514.0
766	550.0
767	612.0
768	432.0
769	608.0
770	648.0
771	556.0
772	564.0
773	562.0
774	450.0
775	616.0
776	486.0
777	428.0
778	574.0
779	588.0
780	740.0
781	476.0
782	524.0
783	634.0
784	488.0
785	594.0
786	462.0
787	508.0
788	454.0
789	360.0
790	642.0
791	400.0
792	586.0
793	528.0
794	620.0
795	398.0
796	544.0
797	554.0
798	612.0
799	488.0
800	360.0
801	556.0
802	574.0
803	444.0
804	624.0
805	652.0
806	438.0
807	360.0
808	534.0
809	418.0
810	608.0
811	570.0
812	504.0
813	512.0
814	582.0
815	634.0
816	440.0
817	660.0
818	476.0
819	540.0
820	464.0
821	518.0
822	650.0
823	444.0
824	584.0
825	558.0
826	622.0
827	512.0
828	672.0
829	518.0
830	444.0
831	586.0
832	476.0
833	528.0
834	528.0
835	720.0
836	686.0
837	558.0
838	640.0
839	578.0
840	588.0
841	624.0
842	566.0
843	580.0
844	472.0
845	552.0
846	512.0
847	504.0
848	634.0
849	586.0
850	548.0
851	546.0
852	438.0
853	458.0
854	538.0
855	456.0
856	612.0
857	478.0
858	606.0
859	658.0
860	568.0
861	552.0
862	576.0
863	470.0
864	602.0
865	548.0
866	588.0
867	424.0
868	686.0
869	482.0
870	536.0
871	588.0
872	508.0
873	550.0
874	560.0
875	460.0
876	702.0
877	612.0
878	526.0
879	498.0
880	512.0
881	482.0
882	524.0
883	634.0
884	500.0
885	456.0
886	478.0
887	490.0
888	426.0
889	504.0
890	652.0
891	568.0
892	568.0
893	742.0
894	606.0
895	558.0
896	560.0
897	648.0
898	424.0
899	608.0
900	612.0
901	414.0
902	510.0
903	622.0
904	482.0
905	566.0
906	682.0
907	502.0
908	494.0
909	596.0
910	646.0
911	606.0
912	484.0
913	622.0
914	552.0
915	436.0
916	564.0
917	412.0
918	508.0
919	670.0
920	460.0
921	542.0
922	484.0
923	546.0
924	482.0
925	546.0
926	576.0
927	426.0
928	528.0
929	504.0
930	458.0
931	472.0
932	482.0
933	384.0
934	500.0
935	506.0
936	572.0
937	484.0
938	600.0
939	420.0
940	564.0
941	542.0
942	576.0
943	526.0
944	730.0
945	596.0
946	520.0
947	616.0
948	728.0
949	678.0
950	536.0
951	438.0
952	570.0
953	406.0
954	632.0
955	488.0
956	490.0
957	584.0
958	680.0
959	538.0
960	572.0
961	538.0
962	526.0
963	624.0
964	416.0
965	596.0
966	486.0
967	674.0
968	612.0
969	468.0
970	524.0
971	674.0
972	600.0
973	548.0
974	588.0
975	762.0
976	522.0
977	720.0
978	552.0
979	608.0
980	562.0
981	522.0
982	578.0
983	528.0
984	496.0
985	444.0
986	454.0
987	642.0
988	520.0
989	500.0
990	530.0
991	550.0
992	516.0
993	402.0
994	546.0
995	410.0
996	578.0
997	532.0
998	508.0
999	592.0
1000	570.0
1001	690.0
1002	730.0
1003	724.0
1004	438.0
1005	632.0
1006	738.0
1007	588.0
1008	530.0
1009	628.0
1010	508.0
1011	526.0
1012	476.0
1013	618.0
1014	504.0
1015	624.0
1016	454.0
1017	590.0
1018	570.0
1019	494.0
1020	636.0
1021	444.0
1022	452.0
1023	526.0
1024	496.0
1025	540.0
1026	624.0
1027	560.0
1028	456.0
1029	564.0
1030	550.0
1031	386.0
1032	612.0
1033	506.0
1034	788.0
1035	610.0
1036	626.0
1037	562.0
1038	632.0
1039	660.0
1040	556.0
1041	588.0
1042	590.0
1043	496.0
1044	574.0
1045	600.0
1046	414.0
1047	546.0
1048	478.0
1049	572.0
1050	688.0
1051	624.0
1052	658.0
1053	526.0
1054	596.0
1055	608.0
1056	584.0
1057	676.0
1058	606.0
1059	480.0
1060	632.0
1061	776.0
1062	540.0
1063	668.0
1064	526.0
1065	502.0
1066	644.0
1067	634.0
1068	548.0
1069	518.0
1070	594.0
1071	632.0
1072	618.0
1073	564.0
1074	504.0
1075	574.0
1076	610.0
1077	586.0
1078	544.0
1079	630.0
1080	488.0
1081	662.0
1082	640.0
1083	708.0
1084	540.0
1085	716.0
1086	624.0
1087	638.0
1088	572.0
1089	468.0
1090	522.0
1091	546.0
1092	498.0
1093	592.0
1094	602.0
1095	790.0
1096	412.0
1097	424.0
1098	656.0
1099	482.0
1100	492.0
1101	556.0
1102	626.0
1103	552.0
1104	494.0
1105	580.0
1106	572.0
1107	562.0
1108	596.0
1109	538.0
1110	652.0
1111	466.0
1112	532.0
1113	374.0
1114	436.0
1115	496.0
1116	608.0
1117	574.0
1118	600.0
1119	652.0
1120	610.0
1121	726.0
1122	536.0
1123	472.0
1124	646.0
1125	526.0
1126	602.0
1127	552.0
1128	598.0
1129	620.0
1130	468.0
1131	492.0
1132	632.0
1133	594.0
1134	540.0
1135	592.0
1136	556.0
1137	404.0
1138	604.0
1139	554.0
1140	576.0
1141	468.0
1142	548.0
1143	634.0
1144	470.0
1145	568.0
1146	518.0
1147	608.0
1148	580.0
1149	482.0
1150	492.0
1151	396.0
1152	516.0
1153	498.0
1154	366.0
1155	390.0
1156	480.0
1157	380.0
1158	668.0
1159	504.0
1160	466.0
1161	486.0
1162	570.0
1163	582.0
1164	456.0
1165	404.0
1166	562.0
1167	598.0
1168	412.0
1169	616.0
1170	426.0
1171	678.0
1172	616.0
1173	482.0
1174	534.0
1175	696.0
1176	590.0
1177	592.0
1178	602.0
1179	466.0
1180	682.0
1181	576.0
1182	514.0
1183	598.0
1184	682.0
1185	562.0
1186	466.0
1187	680.0
1188	690.0
1189	482.0
1190	560.0
1191	558.0
1192	580.0
1193	612.0
1194	532.0
1195	526.0
1196	460.0
1197	478.0
1198	530.0
1199	446.0
1200	560.0
1201	578.0
1202	470.0
1203	570.0
1204	494.0
1205	640.0
1206	578.0
1207	586.0
1208	444.0
1209	444.0
1210	596.0
1211	404.0
1212	482.0
1213	498.0
1214	540.0
1215	576.0
1216	712.0
1217	416.0
1218	716.0
1219	596.0
1220	736.0
1221	442.0
1222	612.0
1223	540.0
1224	598.0
1225	546.0
1226	528.0
1227	530.0
1228	484.0
1229	486.0
1230	576.0
1231	578.0
1232	582.0
1233	470.0
1234	500.0
1235	604.0
1236	574.0
1237	566.0
1238	636.0
1239	410.0
1240	682.0
1241	532.0
1242	560.0
1243	532.0
1244	518.0
1245	618.0
1246	484.0
1247	496.0
1248	634.0
1249	420.0
1250	500.0
1251	512.0
1252	554.0
1253	564.0
1254	784.0
1255	698.0
1256	494.0
1257	672.0
1258	388.0
1259	576.0
1260	530.0
1261	418.0
1262	592.0
1263	498.0
1264	464.0
1265	550.0
1266	510.0
1267	534.0
1268	682.0
1269	604.0
1270	648.0
1271	502.0
1272	582.0
1273	530.0
1274	580.0
1275	534.0
1276	456.0
1277	464.0
1278	494.0
1279	482.0
1280	446.0
1281	488.0
1282	380.0
1283	472.0
1284	572.0
1285	396.0
1286	654.0
1287	476.0
1288	524.0
1289	634.0
1290	532.0
1291	636.0
1292	514.0
1293	528.0
1294	514.0
1295	612.0
1296	492.0
1297	468.0
1298	524.0
1299	596.0
1300	482.0
1301	522.0
1302	438.0
1303	520.0
1304	574.0
1305	536.0
1306	560.0
1307	522.0
1308	642.0
1309	536.0
1310	440.0
1311	442.0
1312	622.0
1313	532.0
1314	514.0
1315	492.0
1316	438.0
1317	592.0
1318	494.0
1319	518.0
1320	446.0
1321	442.0
1322	714.0
1323	652.0
1324	600.0
1325	470.0
1326	628.0
1327	600.0
1328	632.0
1329	534.0
1330	590.0
1331	666.0
1332	442.0
1333	470.0
1334	500.0
1335	494.0
1336	556.0
1337	534.0
1338	596.0
1339	464.0
1340	544.0
1341	686.0
1342	550.0
1343	608.0
1344	448.0
1345	546.0
1346	448.0
1347	558.0
1348	476.0
1349	518.0
1350	532.0
1351	492.0
1352	596.0
1353	510.0
1354	506.0
1355	456.0
1356	628.0
1357	480.0
1358	702.0
1359	502.0
1360	552.0
1361	606.0
1362	562.0
1363	752.0
1364	410.0
1365	534.0
1366	420.0
1367	550.0
1368	486.0
1369	588.0
1370	562.0
1371	620.0
1372	572.0
1373	348.0
1374	472.0
1375	652.0
1376	554.0
1377	620.0
1378	632.0
1379	526.0
1380	552.0
1381	444.0
1382	638.0
1383	456.0
1384	582.0
1385	580.0
1386	448.0
1387	454.0
1388	494.0
1389	468.0
1390	484.0
1391	556.0
1392	456.0
1393	456.0
1394	576.0
1395	674.0
1396	350.0
1397	486.0
1398	550.0
1399	560.0
1400	468.0
1401	462.0
1402	662.0
1403	436.0
1404	478.0
1405	518.0
1406	404.0
1407	508.0
1408	628.0
1409	496.0
1410	616.0
1411	556.0
1412	492.0
1413	532.0
1414	684.0
1415	518.0
1416	500.0
1417	550.0
1418	504.0
1419	526.0
1420	736.0
1421	672.0
1422	502.0
1423	554.0
1424	410.0
1425	530.0
1426	600.0
1427	528.0
1428	546.0
1429	540.0
1430	564.0
1431	442.0
1432	414.0
1433	480.0
1434	508.0
1435	580.0
1436	448.0
1437	452.0
1438	544.0
1439	454.0
1440	458.0
1441	606.0
1442	724.0
1443	550.0
1444	630.0
1445	534.0
1446	462.0
1447	480.0
1448	452.0
1449	534.0
1450	506.0
1451	480.0
1452	536.0
1453	480.0
1454	482.0
1455	636.0
1456	600.0
1457	560.0
1458	624.0
1459	486.0
1460	466.0
1461	666.0
1462	448.0
1463	692.0
1464	754.0
1465	474.0
1466	628.0
1467	642.0
1468	468.0
1469	764.0
1470	570.0
1471	612.0
1472	614.0
1473	532.0
1474	556.0
1475	426.0
1476	568.0
1477	412.0
1478	780.0
1479	520.0
1480	544.0
1481	528.0
1482	646.0
1483	742.0
1484	538.0
1485	490.0
1486	532.0
1487	446.0
1488	506.0
1489	482.0
1490	500.0
1491	448.0
1492	644.0
1493	492.0
1494	576.0
1495	460.0
1496	460.0
1497	642.0
1498	580.0
1499	490.0
1500	530.0
1501	606.0
1502	454.0
1503	508.0
1504	554.0
1505	508.0
1506	476.0
1507	470.0
1508	740.0
1509	554.0
1510	604.0
1511	466.0
1512	550.0
1513	594.0
1514	628.0
1515	632.0
1516	550.0
1517	752.0
1518	528.0
1519	550.0
1520	564.0
1521	474.0
1522	458.0
1523	730.0
1524	500.0
1525	516.0
1526	642.0
1527	594.0
1528	530.0
1529	568.0
1530	444.0
1531	502.0
1532	406.0
1533	384.0
1534	490.0
1535	438.0
1536	488.0
1537	604.0
1538	618.0
1539	574.0
1540	546.0
1541	542.0
1542	586.0
1543	520.0
1544	644.0
1545	494.0
1546	628.0
1547	424.0
1548	562.0
1549	454.0
1550	548.0
1551	648.0
1552	724.0
1553	564.0
1554	506.0
1555	456.0
1556	556.0
1557	660.0
1558	406.0
1559	498.0
1560	530.0
1561	480.0
1562	416.0
1563	534.0
1564	458.0
1565	494.0
1566	564.0
1567	530.0
1568	614.0
1569	428.0
1570	598.0
1571	524.0
1572	484.0
1573	494.0
1574	508.0
1575	568.0
1576	644.0
1577	598.0
1578	524.0
1579	498.0
1580	496.0
1581	518.0
1582	458.0
1583	546.0
1584	598.0
1585	550.0
1586	588.0
1587	614.0
1588	566.0
1589	750.0
1590	642.0
1591	450.0
1592	450.0
1593	412.0
1594	634.0
1595	400.0
1596	476.0
1597	450.0
1598	588.0
1599	572.0
1600	612.0
1601	384.0
1602	568.0
1603	654.0
1604	594.0
1605	510.0
1606	482.0
1607	362.0
1608	498.0
1609	622.0
1610	390.0
1611	618.0
1612	454.0
1613	452.0
1614	560.0
1615	546.0
1616	704.0
1617	578.0
1618	534.0
1619	592.0
1620	472.0
1621	428.0
1622	532.0
1623	502.0
1624	586.0
1625	468.0
1626	604.0
1627	416.0
1628	514.0
1629	502.0
1630	582.0
1631	548.0
1632	494.0
1633	652.0
1634	472.0
1635	522.0
1636	376.0
1637	660.0
1638	402.0
1639	564.0
1640	410.0
1641	584.0
1642	456.0
1643	550.0
1644	438.0
1645	518.0
1646	486.0
1647	540.0
1648	472.0
1649	698.0
1650	500.0
1651	426.0
1652	512.0
1653	480.0
1654	500.0
1655	520.0
1656	434.0
1657	358.0
1658	570.0
1659	474.0
1660	458.0
1661	424.0
1662	574.0
1663	610.0
1664	322.0
1665	420.0
1666	388.0
1667	454.0
1668	478.0
1669	558.0
1670	474.0
1671	444.0
1672	598.0
1673	628.0
1674	588.0
1675	444.0
1676	484.0
1677	518.0
1678	522.0
1679	412.0
1680	532.0
1681	528.0
1682	436.0
1683	542.0
1684	604.0
1685	462.0
1686	486.0
1687	508.0
1688	416.0
1689	424.0
1690	426.0
1691	422.0
1692	492.0
1693	576.0
1694	490.0
1695	422.0
1696	670.0
1697	476.0
1698	546.0
1699	536.0
1700	628.0
1701	502.0
1702	498.0
1703	522.0
1704	652.0
1705	518.0
1706	450.0
1707	578.0
1708	502.0
1709	472.0
1710	394.0
1711	550.0
1712	618.0
1713	402.0
1714	366.0
1715	546.0
1716	578.0
1717	520.0
1718	546.0
1719	630.0
1720	480.0
1721	470.0
1722	594.0
1723	536.0
1724	496.0
1725	506.0
1726	638.0
1727	560.0
1728	476.0
1729	626.0
1730	726.0
1731	626.0
1732	510.0
1733	462.0
1734	468.0
1735	420.0
1736	510.0
1737	704.0
1738	512.0
1739	424.0
1740	518.0
1741	434.0
1742	566.0
1743	408.0
1744	436.0
1745	328.0
1746	428.0
1747	384.0
1748	446.0
1749	460.0
1750	498.0
1751	644.0
1752	654.0
1753	464.0
1754	514.0
1755	568.0
1756	538.0
1757	462.0
1758	512.0
1759	448.0
1760	452.0
1761	598.0
1762	512.0
1763	554.0
1764	566.0
1765	362.0
1766	560.0
1767	496.0
1768	520.0
1769	478.0
1770	428.0
1771	436.0
1772	372.0
1773	468.0
1774	378.0
1775	460.0
1776	506.0
1777	356.0
1778	616.0
1779	574.0
1780	504.0
1781	586.0
1782	634.0
1783	460.0
1784	478.0
1785	554.0
1786	488.0
1787	512.0
1788	536.0
1789	618.0
1790	386.0
1791	466.0
1792	348.0
1793	548.0
1794	404.0
1795	542.0
1796	530.0
1797	500.0
1798	434.0
1799	442.0
1800	472.0
1801	636.0
1802	422.0
1803	558.0
1804	514.0
1805	580.0
1806	488.0
1807	564.0
1808	342.0
1809	276.0
1810	486.0
1811	642.0
1812	506.0
1813	656.0
1814	442.0
1815	564.0
1816	650.0
1817	498.0
1818	412.0
1819	416.0
1820	396.0
1821	566.0
1822	398.0
1823	450.0
1824	586.0
1825	608.0
1826	684.0
1827	416.0
1828	478.0
1829	612.0
1830	524.0
1831	474.0
1832	636.0
1833	506.0
1834	614.0
1835	570.0
1836	566.0
1837	506.0
1838	566.0
1839	502.0
1840	608.0
1841	390.0
1842	456.0
1843	468.0
1844	528.0
1845	526.0
1846	342.0
1847	548.0
1848	414.0
1849	386.0
1850	412.0
1851	552.0
1852	566.0
1853	606.0
1854	448.0
1855	518.0
1856	496.0
1857	462.0
1858	500.0
1859	460.0
1860	428.0
1861	578.0
1862	508.0
1863	378.0
1864	442.0
1865	510.0
1866	602.0
1867	576.0
1868	620.0
1869	408.0
1870	438.0
1871	612.0
1872	470.0
1873	460.0
1874	416.0
1875	464.0
1876	532.0
1877	382.0
1878	528.0
1879	664.0
1880	656.0
1881	566.0
1882	436.0
1883	536.0
1884	554.0
1885	626.0
1886	472.0
1887	502.0
1888	364.0
1889	426.0
1890	516.0
1891	490.0
1892	676.0
1893	694.0
1894	606.0
1895	448.0
1896	672.0
1897	540.0
1898	582.0
1899	564.0
1900	544.0
1901	576.0
1902	382.0
1903	410.0
1904	374.0
1905	600.0
1906	588.0
1907	540.0
1908	554.0
1909	474.0
1910	472.0
1911	424.0
1912	414.0
1913	456.0
1914	476.0
1915	590.0
1916	484.0
1917	462.0
1918	532.0
1919	604.0
1920	376.0
1921	498.0
1922	412.0
1923	410.0
1924	452.0
1925	416.0
1926	500.0
1927	430.0
1928	368.0
1929	392.0
1930	476.0
1931	548.0
1932	568.0
1933	566.0
1934	494.0
1935	490.0
1936	454.0
1937	546.0
1938	460.0
1939	494.0
1940	594.0
1941	652.0
1942	490.0
1943	384.0
1944	512.0
1945	490.0
1946	518.0
1947	510.0
1948	532.0
1949	506.0
1950	698.0
1951	448.0
1952	528.0
1953	506.0
1954	646.0
1955	622.0
1956	544.0
1957	538.0
1958	472.0
1959	574.0
1960	494.0
1961	454.0
1962	486.0
1963	512.0
1964	550.0
1965	534.0
1966	594.0
1967	404.0
1968	426.0
1969	420.0
1970	472.0
1971	414.0
1972	434.0
1973	584.0
1974	538.0
1975	502.0
1976	662.0
1977	522.0
1978	534.0
1979	394.0
1980	486.0
1981	540.0
1982	590.0
1983	592.0
1984	504.0
1985	566.0
1986	608.0
1987	578.0
1988	592.0
1989	514.0
1990	368.0
1991	430.0
1992	516.0
1993	542.0
1994	430.0
1995	492.0
1996	436.0
1997	334.0
1998	590.0
1999	474.0
2000	414.0
2001	566.0
2002	602.0
2003	370.0
2004	576.0
2005	482.0
2006	412.0
2007	478.0
2008	426.0
2009	400.0
2010	458.0
2011	572.0
2012	598.0
2013	472.0
2014	394.0
2015	518.0
2016	536.0
2017	418.0
2018	500.0
2019	398.0
2020	444.0
2021	374.0
2022	498.0
2023	384.0
2024	500.0
2025	438.0
2026	520.0
2027	442.0
2028	462.0
2029	458.0
2030	410.0
2031	520.0
2032	364.0
2033	406.0
2034	340.0
2035	410.0
2036	434.0
2037	470.0
2038	350.0
2039	618.0
2040	480.0
2041	394.0
2042	468.0
2043	386.0
2044	334.0
2045	408.0
2046	578.0
2047	412.0
2048	440.0
2049	496.0
2050	392.0
2051	504.0
2052	578.0
2053	460.0
2054	394.0
2055	498.0
2056	358.0
2057	570.0
2058	494.0
2059	518.0
2060	488.0
2061	450.0
2062	486.0
2063	530.0
2064	428.0
2065	394.0
2066	474.0
2067	466.0
2068	544.0
2069	468.0
2070	438.0
2071	500.0
2072	324.0
2073	508.0
2074	416.0
2075	464.0
2076	440.0
2077	434.0
2078	522.0
2079	482.0
2080	510.0
2081	296.0
2082	560.0
2083	520.0
2084	506.0
2085	526.0
2086	476.0
2087	436.0
2088	640.0
2089	698.0
2090	462.0
2091	526.0
2092	462.0
2093	418.0
2094	444.0
2095	484.0
2096	492.0
2097	434.0
2098	378.0
2099	630.0
2100	420.0
2101	438.0
2102	522.0
2103	438.0
2104	458.0
2105	414.0
2106	512.0
2107	566.0
2108	482.0
2109	534.0
2110	456.0
2111	400.0
2112	476.0
2113	518.0
2114	512.0
2115	406.0
2116	634.0
2117	514.0
2118	440.0
2119	578.0
2120	544.0
2121	612.0
2122	424.0
2123	558.0
2124	458.0
2125	314.0
2126	634.0
2127	392.0
2128	558.0
2129	558.0
2130	578.0
2131	430.0
2132	438.0
2133	486.0
2134	428.0
2135	358.0
2136	438.0
2137	524.0
2138	440.0
2139	416.0
2140	658.0
2141	460.0
2142	458.0
2143	414.0
2144	506.0
2145	486.0
2146	540.0
2147	518.0
2148	456.0
2149	424.0
2150	610.0
2151	522.0
2152	536.0
2153	522.0
2154	620.0
2155	362.0
2156	528.0
2157	310.0
2158	446.0
2159	542.0
2160	566.0
2161	454.0
2162	550.0
2163	410.0
2164	470.0
2165	484.0
2166	508.0
2167	630.0
2168	380.0
2169	514.0
2170	552.0
2171	526.0
2172	604.0
2173	562.0
2174	726.0
2175	500.0
2176	492.0
2177	558.0
2178	396.0
2179	630.0
2180	488.0
2181	538.0
2182	486.0
2183	478.0
2184	448.0
2185	490.0
2186	406.0
2187	476.0
2188	558.0
2189	342.0
2190	530.0
2191	486.0
2192	454.0
2193	478.0
2194	420.0
2195	614.0
2196	514.0
2197	590.0
2198	498.0
2199	502.0
2200	524.0
2201	540.0
2202	504.0
2203	586.0
2204	434.0
2205	370.0
2206	448.0
2207	626.0
2208	660.0
2209	518.0
2210	576.0
2211	506.0
2212	494.0
2213	506.0
2214	398.0
2215	500.0
2216	392.0
2217	414.0
2218	586.0
2219	498.0
2220	534.0
2221	372.0
2222	564.0
2223	568.0
2224	424.0
2225	412.0
2226	592.0
2227	600.0
2228	548.0
2229	636.0
2230	698.0
2231	448.0
2232	490.0
2233	502.0
2234	446.0
2235	462.0
2236	376.0
2237	452.0
2238	448.0
2239	610.0
2240	634.0
2241	426.0
2242	574.0
2243	522.0
2244	436.0
2245	510.0
2246	380.0
2247	662.0
2248	440.0
2249	374.0
2250	496.0
2251	458.0
2252	452.0
2253	518.0
2254	440.0
2255	588.0
2256	482.0
2257	372.0
2258	590.0
2259	580.0
2260	446.0
2261	492.0
2262	378.0
2263	506.0
2264	616.0
2265	512.0
2266	580.0
2267	514.0
2268	610.0
2269	538.0
2270	468.0
2271	574.0
2272	528.0
2273	482.0
2274	494.0
2275	376.0
2276	490.0
2277	464.0
2278	508.0
2279	516.0
2280	582.0
2281	504.0
2282	556.0
2283	460.0
2284	484.0
2285	442.0
2286	418.0
2287	622.0
2288	468.0
2289	490.0
2290	494.0
2291	562.0
2292	450.0
2293	532.0
2294	578.0
2295	402.0
2296	414.0
2297	542.0
2298	418.0
2299	606.0

2300	596.0
2301	668.0
2302	634.0
2303	694.0
2304	476.0
2305	506.0
2306	400.0
2307	624.0
2308	550.0
2309	510.0
2310	560.0
2311	332.0
2312	610.0
2313	596.0
2314	484.0
2315	464.0
2316	440.0
2317	564.0
2318	500.0
2319	552.0
2320	490.0
2321	624.0
2322	370.0
2323	424.0
2324	566.0
2325	418.0
2326	588.0
2327	614.0
2328	444.0
2329	378.0
2330	416.0
2331	466.0
2332	518.0
2333	720.0
2334	468.0
2335	488.0
2336	528.0
2337	540.0
2338	676.0
2339	430.0
2340	500.0
2341	600.0
2342	534.0
2343	560.0
2344	448.0
2345	680.0
2346	386.0
2347	512.0
2348	474.0
2349	390.0
2350	532.0
2351	522.0
2352	618.0
2353	536.0
2354	550.0
2355	560.0
2356	320.0
2357	556.0
2358	580.0
2359	632.0
2360	550.0
2361	570.0
2362	634.0
2363	556.0
2364	462.0
2365	624.0
2366	532.0
2367	622.0
2368	466.0
2369	512.0
2370	640.0
2371	354.0
2372	436.0
2373	556.0
2374	518.0
2375	562.0
2376	608.0
2377	474.0
2378	516.0
2379	518.0
2380	564.0
2381	648.0
2382	642.0
2383	504.0
2384	650.0
2385	508.0
2386	452.0
2387	520.0
2388	464.0
2389	454.0
2390	480.0
2391	540.0
2392	590.0
2393	540.0
2394	330.0
2395	494.0
2396	670.0
2397	552.0
2398	744.0
2399	656.0
2400	734.0
2401	356.0
2402	626.0
2403	558.0
2404	452.0
2405	536.0
2406	578.0
2407	458.0
2408	632.0
2409	462.0
2410	694.0
2411	606.0
2412	440.0
2413	490.0
2414	580.0
2415	396.0
2416	558.0
2417	602.0
2418	494.0
2419	534.0
2420	384.0
2421	552.0
2422	554.0
2423	628.0
2424	504.0
2425	476.0
2426	448.0
2427	474.0
2428	388.0
2429	438.0
2430	476.0
2431	554.0
2432	612.0
2433	616.0
2434	500.0
2435	550.0
2436	590.0
2437	522.0
2438	490.0
2439	566.0
2440	492.0
2441	548.0
2442	506.0
2443	416.0
2444	486.0
2445	532.0
2446	570.0
2447	590.0
2448	622.0
2449	576.0
2450	502.0
2451	448.0
2452	584.0
2453	540.0
2454	740.0
2455	448.0
2456	480.0
2457	568.0
2458	374.0
2459	742.0
2460	516.0
2461	614.0
2462	494.0
2463	690.0
2464	526.0
2465	512.0
2466	400.0
2467	458.0
2468	742.0
2469	570.0
2470	492.0
2471	610.0
2472	412.0
2473	554.0
2474	604.0
2475	506.0
2476	636.0
2477	566.0
2478	652.0
2479	404.0
2480	512.0
2481	608.0
2482	602.0
2483	490.0
2484	548.0
2485	406.0
2486	400.0
2487	526.0
2488	674.0
2489	656.0
2490	494.0
2491	446.0
2492	592.0
2493	506.0
2494	560.0
2495	554.0
2496	364.0
2497	612.0
2498	584.0
2499	614.0
2500	758.0
2501	462.0
2502	556.0
2503	496.0
2504	420.0
2505	448.0
2506	726.0
2507	602.0
2508	534.0
2509	512.0
2510	690.0
2511	524.0
2512	534.0
2513	542.0
2514	514.0
2515	544.0
2516	582.0
2517	604.0
2518	520.0
2519	702.0
2520	476.0
2521	380.0
2522	472.0
2523	708.0
2524	502.0
2525	566.0
2526	476.0
2527	626.0
2528	526.0
2529	636.0
2530	390.0
2531	448.0
2532	486.0
2533	530.0
2534	356.0
2535	578.0
2536	432.0
2537	484.0
2538	716.0
2539	542.0
2540	444.0
2541	532.0
2542	686.0
2543	510.0
2544	408.0
2545	560.0
2546	562.0
2547	624.0
2548	470.0
2549	770.0
2550	512.0
2551	662.0
2552	678.0
2553	496.0
2554	630.0
2555	550.0
2556	424.0
2557	536.0
2558	482.0
2559	492.0
2560	578.0
2561	716.0
2562	462.0
2563	508.0
2564	540.0
2565	540.0
2566	566.0
2567	540.0
2568	590.0
2569	708.0
2570	468.0
2571	588.0
2572	462.0
2573	588.0
2574	526.0
2575	480.0
2576	454.0
2577	400.0
2578	480.0
2579	352.0
2580	526.0
2581	404.0
2582	554.0
2583	546.0
2584	430.0
2585	518.0
2586	506.0
2587	582.0
2588	576.0
2589	432.0
2590	598.0
2591	528.0
2592	642.0
2593	550.0
2594	410.0
2595	584.0
2596	486.0
2597	478.0
2598	460.0
2599	416.0
2600	400.0
2601	562.0
2602	574.0
2603	464.0
2604	398.0
2605	514.0
2606	480.0
2607	328.0
2608	518.0
2609	522.0
2610	422.0
2611	424.0
2612	398.0
2613	492.0
2614	420.0
2615	496.0
2616	436.0
2617	504.0
2618	542.0
2619	518.0
2620	434.0
2621	476.0
2622	640.0
2623	518.0
2624	542.0
2625	484.0
2626	486.0
2627	542.0
2628	552.0
2629	476.0
2630	436.0
2631	514.0
2632	488.0
2633	672.0
2634	544.0
2635	548.0
2636	472.0
2637	568.0
2638	630.0
2639	476.0
2640	446.0
2641	466.0
2642	406.0
2643	510.0
2644	392.0
2645	518.0
2646	446.0
2647	768.0
2648	374.0
2649	542.0
2650	494.0
2651	458.0
2652	606.0
2653	546.0
2654	606.0
2655	416.0
2656	458.0
2657	466.0
2658	496.0
2659	344.0
2660	526.0
2661	400.0
2662	482.0
2663	490.0
2664	430.0
2665	620.0
2666	400.0
2667	472.0
2668	396.0
2669	362.0
2670	570.0
2671	378.0
2672	418.0
2673	508.0
2674	524.0
2675	536.0
2676	368.0
2677	484.0
2678	506.0
2679	420.0
2680	528.0
2681	436.0
2682	546.0
2683	360.0
2684	426.0
2685	492.0
2686	496.0
2687	454.0
2688	552.0
2689	510.0
2690	530.0
2691	286.0
2692	420.0
2693	590.0
2694	436.0
2695	548.0
2696	514.0
2697	528.0
2698	352.0
2699	438.0
2700	416.0
2701	494.0
2702	356.0
2703	330.0
2704	516.0
2705	528.0
2706	496.0
2707	458.0
2708	572.0
2709	450.0
2710	450.0
2711	450.0
2712	418.0
2713	410.0
2714	542.0
2715	426.0
2716	446.0
2717	496.0
2718	522.0
2719	376.0
2720	318.0
2721	468.0
2722	548.0
2723	438.0
2724	442.0
2725	382.0
2726	352.0
2727	560.0
2728	468.0
2729	406.0
2730	384.0
2731	430.0
2732	606.0
2733	468.0
2734	456.0
2735	438.0
2736	426.0
2737	444.0
2738	470.0
2739	402.0
2740	510.0
2741	504.0
2742	344.0
2743	414.0
2744	512.0
2745	460.0
2746	400.0
2747	358.0
