0	38.0
1	38.0
2	8.0
3	38.0
4	12.0
5	0.0
6	20.0
7	38.0
8	0.0
9	38.0
10	32.0
11	38.0
12	20.0
13	48.0
14	36.0
15	38.0
16	38.0
17	56.0
18	0.0
19	44.0
20	38.0
21	38.0
22	44.0
23	38.0
24	38.0
25	4.0
26	38.0
27	38.0
28	38.0
29	38.0
30	38.0
31	38.0
32	38.0
33	38.0
34	38.0
35	24.0
36	20.0
37	38.0
38	38.0
39	8.0
40	38.0
41	38.0
42	38.0
43	44.0
44	24.0
45	38.0
46	36.0
47	0.0
48	38.0
49	38.0
50	38.0
51	38.0
52	38.0
53	38.0
54	38.0
55	38.0
56	8.0
57	20.0
58	38.0
59	38.0
60	40.0
61	12.0
62	16.0
63	4.0
64	38.0
65	38.0
66	38.0
67	38.0
68	20.0
69	38.0
70	38.0
71	12.0
72	38.0
73	16.0
74	4.0
75	38.0
76	38.0
77	38.0
78	38.0
79	12.0
80	38.0
81	0.0
82	20.0
83	8.0
84	38.0
85	20.0
86	8.0
87	38.0
88	38.0
89	32.0
90	38.0
91	28.0
92	20.0
93	38.0
94	38.0
95	38.0
96	38.0
97	38.0
98	38.0
99	38.0
100	12.0
101	38.0
102	38.0
103	38.0
104	32.0
105	38.0
106	38.0
107	68.0
108	38.0
109	20.0
110	38.0
111	38.0
112	38.0
113	8.0
114	48.0
115	38.0
116	38.0
117	38.0
118	38.0
119	38.0
120	8.0
121	0.0
122	38.0
123	38.0
124	16.0
125	8.0
126	36.0
127	38.0
128	4.0
129	12.0
130	38.0
131	12.0
132	20.0
133	38.0
134	38.0
135	38.0
136	0.0
137	38.0
138	38.0
139	28.0
140	38.0
141	38.0
142	38.0
143	24.0
144	38.0
145	24.0
146	60.0
147	28.0
148	38.0
149	68.0
150	38.0
151	0.0
152	0.0
153	4.0
154	38.0
155	38.0
156	38.0
157	20.0
158	12.0
159	38.0
160	38.0
161	38.0
162	38.0
163	0.0
164	38.0
165	38.0
166	38.0
167	38.0
168	12.0
169	38.0
170	38.0
171	38.0
172	38.0
173	38.0
174	28.0
175	24.0
176	16.0
177	32.0
178	32.0
179	38.0
180	38.0
181	8.0
182	38.0
183	8.0
184	16.0
185	38.0
186	38.0
187	40.0
188	38.0
189	38.0
190	4.0
191	38.0
192	32.0
193	16.0
194	28.0
195	64.0
196	108.0
197	184.0
198	176.0
199	472.0
200	720.0
201	1336.0
202	1584.0
203	1816.0
204	1464.0
205	1164.0
206	760.0
207	440.0
208	220.0
209	68.0
210	60.0
211	44.0
212	44.0
213	4.0
214	32.0
215	38.0
216	60.0
217	38.0
218	16.0
219	16.0
220	16.0
221	16.0
222	0.0
223	24.0
224	52.0
225	16.0
226	32.0
227	0.0
228	16.0
229	12.0
230	16.0
231	8.0
232	38.0
233	38.0
234	32.0
235	38.0
236	4.0
237	38.0
238	0.0
239	38.0
240	38.0
241	38.0
242	20.0
243	12.0
244	38.0
245	38.0
246	38.0
247	38.0
248	4.0
249	38.0
250	32.0
251	12.0
252	12.0
253	38.0
254	8.0
255	38.0
256	24.0
257	38.0
258	0.0
259	38.0
260	38.0
261	38.0
262	38.0
263	16.0
264	36.0
265	4.0
266	38.0
267	38.0
268	38.0
269	0.0
270	38.0
271	38.0
272	16.0
273	16.0
274	12.0
275	38.0
276	38.0
277	0.0
278	38.0
279	38.0
280	38.0
281	38.0
282	38.0
283	56.0
284	8.0
285	32.0
286	38.0
287	38.0
288	4.0
289	8.0
290	38.0
291	38.0
292	8.0
293	38.0
294	38.0
295	16.0
296	38.0
297	38.0
298	38.0
299	38.0
300	38.0
301	20.0
302	38.0
303	38.0
304	0.0
305	38.0
306	38.0
307	8.0
308	38.0
309	8.0
310	38.0
311	38.0
312	38.0
313	0.0
314	38.0
315	38.0
316	20.0
317	38.0
318	38.0
319	8.0
320	32.0
321	38.0
322	38.0
323	38.0
324	0.0
325	8.0
326	12.0
327	38.0
328	16.0
329	38.0
330	38.0
331	28.0
332	38.0
333	40.0
334	8.0
335	38.0
336	0.0
337	38.0
338	38.0
339	4.0
340	36.0
341	20.0
342	16.0
343	12.0
344	12.0
345	38.0
346	38.0
347	38.0
348	40.0
349	38.0
350	38.0
351	0.0
352	38.0
353	12.0
354	38.0
355	38.0
356	56.0
357	20.0
358	38.0
359	38.0
360	24.0
361	0.0
362	4.0
363	38.0
364	38.0
365	32.0
366	38.0
367	16.0
368	28.0
369	38.0
370	38.0
371	38.0
372	38.0
373	38.0
374	20.0
375	38.0
376	32.0
377	38.0
378	20.0
379	16.0
380	8.0
381	12.0
382	8.0
383	38.0
384	38.0
385	38.0
386	38.0
387	38.0
388	38.0
389	0.0
390	38.0
391	38.0
392	8.0
393	48.0
394	38.0
395	38.0
396	12.0
397	38.0
398	38.0
399	38.0
400	32.0
401	38.0
402	38.0
403	38.0
404	36.0
405	38.0
406	38.0
407	24.0
408	8.0
409	38.0
410	8.0
411	8.0
412	38.0
413	24.0
414	38.0
415	38.0
416	0.0
417	38.0
418	38.0
419	38.0
420	0.0
421	38.0
422	38.0
423	0.0
424	38.0
425	38.0
426	38.0
427	28.0
428	4.0
429	38.0
430	38.0
431	38.0
432	24.0
433	38.0
434	38.0
435	8.0
436	4.0
437	28.0
438	38.0
439	38.0
440	38.0
441	4.0
442	4.0
443	40.0
444	38.0
445	38.0
446	38.0
447	4.0
448	8.0
449	38.0
450	24.0
451	8.0
452	38.0
453	38.0
454	28.0
455	38.0
456	0.0
457	38.0
458	38.0
459	38.0
460	38.0
461	38.0
462	38.0
463	24.0
464	38.0
465	38.0
466	28.0
467	0.0
468	38.0
469	8.0
470	38.0
471	24.0
472	38.0
473	38.0
474	8.0
475	38.0
476	38.0
477	0.0
478	4.0
479	38.0
480	32.0
481	0.0
482	20.0
483	38.0
484	38.0
485	38.0
486	38.0
487	38.0
488	24.0
489	38.0
490	0.0
491	38.0
492	20.0
493	38.0
494	38.0
495	40.0
496	12.0
497	38.0
498	38.0
499	0.0
500	4.0
501	0.0
502	38.0
503	32.0
504	38.0
505	38.0
506	36.0
507	8.0
508	38.0
509	38.0
510	8.0
511	38.0
512	38.0
513	38.0
514	38.0
515	68.0
516	38.0
517	38.0
518	12.0
519	0.0
520	38.0
521	38.0
522	0.0
523	38.0
524	4.0
525	38.0
526	8.0
527	38.0
528	38.0
529	38.0
530	38.0
531	38.0
532	38.0
533	0.0
534	20.0
535	38.0
536	20.0
537	38.0
538	28.0
539	38.0
540	38.0
541	38.0
542	38.0
543	20.0
544	38.0
545	38.0
546	28.0
547	4.0
548	38.0
549	38.0
550	38.0
551	38.0
552	12.0
553	38.0
554	38.0
555	4.0
556	38.0
557	38.0
558	0.0
559	38.0
560	38.0
561	38.0
562	38.0
563	12.0
564	16.0
565	12.0
566	38.0
567	38.0
568	38.0
569	20.0
570	38.0
571	8.0
572	12.0
573	38.0
574	4.0
575	38.0
576	8.0
577	38.0
578	38.0
579	38.0
580	38.0
581	38.0
582	12.0
583	38.0
584	16.0
585	4.0
586	38.0
587	38.0
588	38.0
589	8.0
590	38.0
591	38.0
592	38.0
593	38.0
594	20.0
595	4.0
596	38.0
597	38.0
598	38.0
599	38.0
600	0.0
601	38.0
602	38.0
603	12.0
604	38.0
605	38.0
606	36.0
607	38.0
608	38.0
609	38.0
610	38.0
611	16.0
612	38.0
613	38.0
614	38.0
615	38.0
616	8.0
617	20.0
618	38.0
619	38.0
620	38.0
621	38.0
622	38.0
623	12.0
624	4.0
625	38.0
626	24.0
627	38.0
628	38.0
629	8.0
630	8.0
631	38.0
632	4.0
633	20.0
634	0.0
635	38.0
636	12.0
637	38.0
638	38.0
639	38.0
640	38.0
641	38.0
642	38.0
643	38.0
644	4.0
645	38.0
646	38.0
647	38.0
648	8.0
649	38.0
650	38.0
651	4.0
652	38.0
653	38.0
654	38.0
655	38.0
656	38.0
657	38.0
658	0.0
659	38.0
660	38.0
661	38.0
662	12.0
663	38.0
664	0.0
665	38.0
666	38.0
667	4.0
668	38.0
669	38.0
670	0.0
671	38.0
672	12.0
673	38.0
674	38.0
675	38.0
676	4.0
677	4.0
678	36.0
679	36.0
680	38.0
681	32.0
682	38.0
683	38.0
684	38.0
685	38.0
686	38.0
687	38.0
688	38.0
689	38.0
690	38.0
691	38.0
692	38.0
693	38.0
694	38.0
695	38.0
696	8.0
697	8.0
698	38.0
699	20.0
700	38.0
701	12.0
702	38.0
703	60.0
704	38.0
705	16.0
706	8.0
707	0.0
708	4.0
709	16.0
710	38.0
711	38.0
712	38.0
713	24.0
714	32.0
715	36.0
716	38.0
717	0.0
718	38.0
719	36.0
720	12.0
721	38.0
722	38.0
723	52.0
724	4.0
725	38.0
726	38.0
727	20.0
728	32.0
729	38.0
730	32.0
731	12.0
732	38.0
733	20.0
734	4.0
735	0.0
736	48.0
737	38.0
738	38.0
739	24.0
740	4.0
741	12.0
742	20.0
743	38.0
744	16.0
745	0.0
746	16.0
747	28.0
748	12.0
749	4.0
750	20.0
751	8.0
752	20.0
753	16.0
754	48.0
755	38.0
756	38.0
757	38.0
758	38.0
759	38.0
760	0.0
761	38.0
762	38.0
763	16.0
764	38.0
765	24.0
766	8.0
767	8.0
768	20.0
769	12.0
770	44.0
771	4.0
772	38.0
773	38.0
774	38.0
775	4.0
776	38.0
777	38.0
778	20.0
779	24.0
780	8.0
781	38.0
782	20.0
783	38.0
784	24.0
785	38.0
786	8.0
787	12.0
788	28.0
789	38.0
790	38.0
791	38.0
792	20.0
793	8.0
794	38.0
795	38.0
796	38.0
797	8.0
798	38.0
799	32.0
800	38.0
801	64.0
802	38.0
803	38.0
804	38.0
805	38.0
806	16.0
807	38.0
808	0.0
809	8.0
810	38.0
811	16.0
812	16.0
813	38.0
814	38.0
815	0.0
816	38.0
817	38.0
818	12.0
819	38.0
820	38.0
821	24.0
822	38.0
823	38.0
824	38.0
825	0.0
826	16.0
827	38.0
828	38.0
829	12.0
830	38.0
831	38.0
832	0.0
833	38.0
834	20.0
835	32.0
836	20.0
837	38.0
838	4.0
839	38.0
840	38.0
841	8.0
842	8.0
843	38.0
844	0.0
845	24.0
846	32.0
847	24.0
848	38.0
849	12.0
850	38.0
851	38.0
852	38.0
853	20.0
854	38.0
855	38.0
856	38.0
857	38.0
858	38.0
859	4.0
860	28.0
861	20.0
862	12.0
863	38.0
864	60.0
865	12.0
866	12.0
867	38.0
868	38.0
869	16.0
870	38.0
871	0.0
872	38.0
873	36.0
874	8.0
875	8.0
876	20.0
877	24.0
878	38.0
879	0.0
880	12.0
881	38.0
882	38.0
883	0.0
884	40.0
885	38.0
886	38.0
887	0.0
888	20.0
889	32.0
890	38.0
891	4.0
892	4.0
893	38.0
894	12.0
895	20.0
896	38.0
897	38.0
898	38.0
899	0.0
900	38.0
901	32.0
902	38.0
903	38.0
904	38.0
905	38.0
906	4.0
907	44.0
908	20.0
909	38.0
910	24.0
911	32.0
912	36.0
913	8.0
914	38.0
915	0.0
916	38.0
917	4.0
918	0.0
919	38.0
920	16.0
921	8.0
922	38.0
923	38.0
924	4.0
925	38.0
926	38.0
927	8.0
928	12.0
929	4.0
930	38.0
931	16.0
932	38.0
933	20.0
934	38.0
935	40.0
936	44.0
937	12.0
938	4.0
939	38.0
940	20.0
941	38.0
942	44.0
943	38.0
944	24.0
945	0.0
946	38.0
947	16.0
948	20.0
949	38.0
950	16.0
951	38.0
952	8.0
953	8.0
954	24.0
955	38.0
956	38.0
957	38.0
958	38.0
959	38.0
960	38.0
961	38.0
962	12.0
963	12.0
964	38.0
965	38.0
966	38.0
967	40.0
968	16.0
969	12.0
970	38.0
971	38.0
972	0.0
973	20.0
974	24.0
975	38.0
976	12.0
977	20.0
978	38.0
979	38.0
980	8.0
981	32.0
982	38.0
983	38.0
984	40.0
985	38.0
986	24.0
987	8.0
988	36.0
989	20.0
990	38.0
991	38.0
992	52.0
993	38.0
994	0.0
995	20.0
996	38.0
997	38.0
998	38.0
999	38.0
1000	20.0
1001	38.0
1002	4.0
1003	36.0
1004	38.0
1005	16.0
1006	38.0
1007	38.0
1008	38.0
1009	38.0
1010	38.0
1011	0.0
1012	38.0
1013	38.0
1014	38.0
1015	38.0
1016	24.0
1017	38.0
1018	4.0
1019	38.0
1020	38.0
1021	38.0
1022	4.0
1023	4.0
1024	38.0
1025	38.0
1026	38.0
1027	38.0
1028	16.0
1029	38.0
1030	38.0
1031	38.0
1032	4.0
1033	4.0
1034	38.0
1035	38.0
1036	38.0
1037	0.0
1038	44.0
1039	38.0
1040	38.0
1041	38.0
1042	8.0
1043	52.0
1044	38.0
1045	28.0
1046	32.0
1047	38.0
1048	38.0
1049	4.0
1050	38.0
1051	20.0
1052	38.0
1053	38.0
1054	24.0
1055	20.0
1056	0.0
1057	38.0
1058	38.0
1059	38.0
1060	38.0
1061	38.0
1062	38.0
1063	38.0
1064	38.0
1065	12.0
1066	38.0
1067	38.0
1068	4.0
1069	38.0
1070	38.0
1071	24.0
1072	38.0
1073	16.0
1074	28.0
1075	38.0
1076	0.0
1077	8.0
1078	38.0
1079	38.0
1080	38.0
1081	38.0
1082	4.0
1083	38.0
1084	38.0
1085	8.0
1086	16.0
1087	8.0
1088	0.0
1089	40.0
1090	38.0
1091	24.0
1092	38.0
1093	38.0
1094	4.0
1095	38.0
1096	4.0
1097	38.0
1098	38.0
1099	16.0
1100	0.0
1101	38.0
1102	38.0
1103	44.0
1104	38.0
1105	38.0
1106	38.0
1107	38.0
1108	0.0
1109	38.0
1110	38.0
1111	16.0
1112	38.0
1113	8.0
1114	32.0
1115	16.0
1116	4.0
1117	38.0
1118	8.0
1119	20.0
1120	4.0
1121	38.0
1122	38.0
1123	4.0
1124	38.0
1125	38.0
1126	38.0
1127	20.0
1128	38.0
1129	38.0
1130	20.0
1131	20.0
1132	38.0
1133	38.0
1134	38.0
1135	38.0
1136	16.0
1137	12.0
1138	28.0
1139	38.0
1140	8.0
1141	20.0
1142	38.0
1143	38.0
1144	38.0
1145	38.0
1146	20.0
1147	38.0
1148	38.0
1149	20.0
1150	8.0
1151	16.0
1152	24.0
1153	8.0
1154	20.0
1155	38.0
1156	16.0
1157	28.0
1158	24.0
1159	38.0
1160	38.0
1161	32.0
1162	38.0
1163	16.0
1164	38.0
1165	0.0
1166	8.0
1167	38.0
1168	0.0
1169	38.0
1170	36.0
1171	38.0
1172	38.0
1173	38.0
1174	44.0
1175	12.0
1176	38.0
1177	38.0
1178	12.0
1179	8.0
1180	28.0
1181	38.0
1182	4.0
1183	28.0
1184	38.0
1185	38.0
1186	28.0
1187	38.0
1188	20.0
1189	38.0
1190	38.0
1191	38.0
1192	38.0
1193	4.0
1194	38.0
1195	38.0
1196	38.0
1197	20.0
1198	38.0
1199	12.0
1200	8.0
1201	38.0
1202	12.0
1203	32.0
1204	38.0
1205	0.0
1206	38.0
1207	38.0
1208	8.0
1209	16.0
1210	38.0
1211	16.0
1212	38.0
1213	40.0
1214	12.0
1215	16.0
1216	0.0
1217	38.0
1218	8.0
1219	38.0
1220	38.0
1221	38.0
1222	38.0
1223	38.0
1224	38.0
1225	38.0
1226	38.0
1227	36.0
1228	0.0
1229	38.0
1230	38.0
1231	38.0
1232	16.0
1233	38.0
1234	16.0
1235	0.0
1236	20.0
1237	4.0
1238	12.0
1239	28.0
1240	24.0
1241	38.0
1242	0.0
1243	24.0
1244	38.0
1245	38.0
1246	0.0
1247	4.0
1248	38.0
1249	38.0
1250	16.0
1251	4.0
1252	28.0
1253	0.0
1254	38.0
1255	38.0
1256	38.0
1257	38.0
1258	38.0
1259	20.0
1260	38.0
1261	24.0
1262	38.0
1263	28.0
1264	38.0
1265	12.0
1266	38.0
1267	38.0
1268	38.0
1269	38.0
1270	38.0
1271	38.0
1272	0.0
1273	8.0
1274	38.0
1275	38.0
1276	40.0
1277	38.0
1278	38.0
1279	28.0
1280	4.0
1281	38.0
1282	38.0
1283	4.0
1284	38.0
1285	0.0
1286	38.0
1287	38.0
1288	38.0
1289	38.0
1290	38.0
1291	38.0
1292	38.0
1293	38.0
1294	12.0
1295	38.0
1296	20.0
1297	4.0
1298	8.0
1299	38.0
1300	0.0
1301	38.0
1302	38.0
1303	38.0
1304	24.0
1305	38.0
1306	38.0
1307	20.0
1308	28.0
1309	38.0
1310	38.0
1311	28.0
1312	38.0
1313	38.0
1314	38.0
1315	38.0
1316	4.0
1317	0.0
1318	38.0
1319	38.0
1320	36.0
1321	38.0
1322	20.0
1323	4.0
1324	38.0
1325	38.0
1326	44.0
1327	38.0
1328	32.0
1329	0.0
1330	12.0
1331	20.0
1332	44.0
1333	28.0
1334	38.0
1335	4.0
1336	20.0
1337	38.0
1338	12.0
1339	38.0
1340	20.0
1341	38.0
1342	38.0
1343	38.0
1344	38.0
1345	20.0
1346	38.0
1347	8.0
1348	38.0
1349	24.0
1350	8.0
1351	38.0
1352	8.0
1353	38.0
1354	38.0
1355	38.0
1356	38.0
1357	38.0
1358	36.0
1359	4.0
1360	38.0
1361	12.0
1362	20.0
1363	4.0
1364	52.0
1365	36.0
1366	38.0
1367	24.0
1368	12.0
1369	38.0
1370	8.0
1371	8.0
1372	16.0
1373	38.0
1374	38.0
1375	38.0
1376	38.0
1377	8.0
1378	40.0
1379	68.0
1380	38.0
1381	38.0
1382	4.0
1383	38.0
1384	16.0
1385	20.0
1386	16.0
1387	38.0
1388	38.0
1389	4.0
1390	38.0
1391	8.0
1392	28.0
1393	38.0
1394	38.0
1395	38.0
1396	24.0
1397	38.0
1398	28.0
1399	38.0
1400	8.0
1401	38.0
1402	38.0
1403	0.0
1404	38.0
1405	38.0
1406	38.0
1407	38.0
1408	28.0
1409	38.0
1410	38.0
1411	4.0
1412	12.0
1413	8.0
1414	4.0
1415	4.0
1416	0.0
1417	0.0
1418	38.0
1419	28.0
1420	16.0
1421	38.0
1422	12.0
1423	38.0
1424	38.0
1425	38.0
1426	38.0
1427	0.0
1428	38.0
1429	38.0
1430	38.0
1431	38.0
1432	38.0
1433	38.0
1434	38.0
1435	12.0
1436	38.0
1437	38.0
1438	0.0
1439	0.0
1440	0.0
1441	28.0
1442	38.0
1443	16.0
1444	44.0
1445	4.0
1446	38.0
1447	38.0
1448	38.0
1449	8.0
1450	38.0
1451	38.0
1452	4.0
1453	36.0
1454	38.0
1455	38.0
1456	38.0
1457	38.0
1458	38.0
1459	32.0
1460	16.0
1461	38.0
1462	38.0
1463	0.0
1464	12.0
1465	38.0
1466	38.0
1467	24.0
1468	4.0
1469	38.0
1470	38.0
1471	0.0
1472	8.0
1473	38.0
1474	38.0
1475	16.0
1476	38.0
1477	16.0
1478	28.0
1479	38.0
1480	0.0
1481	36.0
1482	38.0
1483	4.0
1484	4.0
1485	12.0
1486	38.0
1487	20.0
1488	24.0
1489	20.0
1490	38.0
1491	38.0
1492	8.0
1493	38.0
1494	38.0
1495	64.0
1496	38.0
1497	38.0
1498	44.0
1499	38.0
1500	20.0
1501	8.0
1502	38.0
1503	40.0
1504	4.0
1505	8.0
1506	4.0
1507	38.0
1508	38.0
1509	38.0
1510	38.0
1511	38.0
1512	12.0
1513	38.0
1514	12.0
1515	38.0
1516	4.0
1517	38.0
1518	38.0
1519	24.0
1520	38.0
1521	4.0
1522	24.0
1523	38.0
1524	38.0
1525	28.0
1526	38.0
1527	38.0
1528	8.0
1529	0.0
1530	38.0
1531	38.0
1532	4.0
1533	38.0
1534	8.0
1535	38.0
1536	16.0
1537	32.0
1538	38.0
1539	38.0
1540	12.0
1541	16.0
1542	12.0
1543	38.0
1544	38.0
1545	38.0
1546	0.0
1547	16.0
1548	12.0
1549	38.0
1550	38.0
1551	0.0
1552	38.0
1553	38.0
1554	16.0
1555	38.0
1556	28.0
1557	38.0
1558	8.0
1559	38.0
1560	38.0
1561	16.0
1562	36.0
1563	38.0
1564	38.0
1565	8.0
1566	4.0
1567	0.0
1568	38.0
1569	38.0
1570	38.0
1571	4.0
1572	28.0
1573	8.0
1574	38.0
1575	38.0
1576	38.0
1577	38.0
1578	38.0
1579	28.0
1580	44.0
1581	38.0
1582	48.0
1583	12.0
1584	38.0
1585	12.0
1586	38.0
1587	38.0
1588	38.0
1589	38.0
1590	38.0
1591	38.0
1592	38.0
1593	24.0
1594	38.0
1595	38.0
1596	38.0
1597	40.0
1598	38.0
1599	56.0
1600	38.0
1601	38.0
1602	20.0
1603	0.0
1604	16.0
1605	12.0
1606	38.0
1607	38.0
1608	38.0
1609	38.0
1610	38.0
1611	38.0
1612	28.0
1613	12.0
1614	38.0
1615	38.0
1616	38.0
1617	12.0
1618	38.0
1619	38.0
1620	8.0
1621	38.0
1622	20.0
1623	38.0
1624	38.0
1625	4.0
1626	0.0
1627	38.0
1628	0.0
1629	38.0
1630	0.0
1631	38.0
1632	24.0
1633	4.0
1634	0.0
1635	24.0
1636	20.0
1637	0.0
1638	38.0
1639	4.0
1640	38.0
1641	38.0
1642	0.0
1643	24.0
1644	20.0
1645	36.0
1646	0.0
1647	38.0
1648	38.0
1649	0.0
1650	8.0
1651	32.0
1652	38.0
1653	38.0
1654	38.0
1655	4.0
1656	0.0
1657	4.0
1658	16.0
1659	24.0
1660	20.0
1661	4.0
1662	38.0
1663	16.0
1664	38.0
1665	38.0
1666	28.0
1667	0.0
1668	16.0
1669	38.0
1670	38.0
1671	4.0
1672	16.0
1673	38.0
1674	4.0
1675	8.0
1676	24.0
1677	0.0
1678	38.0
1679	38.0
1680	38.0
1681	38.0
1682	38.0
1683	0.0
1684	4.0
1685	38.0
1686	38.0
1687	52.0
1688	24.0
1689	16.0
1690	38.0
1691	38.0
1692	38.0
1693	20.0
1694	38.0
1695	8.0
1696	4.0
1697	12.0
1698	38.0
1699	16.0
1700	38.0
1701	16.0
1702	38.0
1703	38.0
1704	0.0
1705	38.0
1706	38.0
1707	8.0
1708	8.0
1709	38.0
1710	28.0
1711	24.0
1712	24.0
1713	20.0
1714	38.0
1715	38.0
1716	12.0
1717	28.0
1718	38.0
1719	0.0
1720	38.0
1721	12.0
1722	38.0
1723	38.0
1724	8.0
1725	38.0
1726	16.0
1727	38.0
1728	38.0
1729	38.0
1730	28.0
1731	4.0
1732	24.0
1733	38.0
1734	38.0
1735	12.0
1736	28.0
1737	38.0
1738	38.0
1739	38.0
1740	38.0
1741	0.0
1742	38.0
1743	4.0
1744	16.0
1745	38.0
1746	38.0
1747	38.0
1748	38.0
1749	38.0
1750	38.0
1751	38.0
1752	38.0
1753	38.0
1754	38.0
1755	38.0
1756	16.0
1757	38.0
1758	8.0
1759	40.0
1760	12.0
1761	44.0
1762	16.0
1763	38.0
1764	28.0
1765	38.0
1766	8.0
1767	38.0
1768	38.0
1769	38.0
1770	40.0
1771	36.0
1772	20.0
1773	38.0
1774	38.0
1775	38.0
1776	38.0
1777	28.0
1778	38.0
1779	0.0
1780	38.0
1781	28.0
1782	38.0
1783	38.0
1784	8.0
1785	4.0
1786	38.0
1787	38.0
1788	12.0
1789	38.0
1790	38.0
1791	16.0
1792	38.0
1793	8.0
1794	32.0
1795	4.0
1796	4.0
1797	38.0
1798	28.0
1799	20.0
1800	32.0
1801	38.0
1802	8.0
1803	0.0
1804	38.0
1805	20.0
1806	38.0
1807	20.0
1808	38.0
1809	0.0
1810	20.0
1811	24.0
1812	38.0
1813	38.0
1814	12.0
1815	38.0
1816	20.0
1817	12.0
1818	40.0
1819	38.0
1820	8.0
1821	38.0
1822	28.0
1823	38.0
1824	38.0
1825	56.0
1826	28.0
1827	4.0
1828	52.0
1829	16.0
1830	38.0
1831	4.0
1832	36.0
1833	38.0
1834	38.0
1835	8.0
1836	28.0
1837	48.0
1838	16.0
1839	38.0
1840	38.0
1841	38.0
1842	38.0
1843	16.0
1844	38.0
1845	38.0
1846	24.0
1847	38.0
1848	44.0
1849	20.0
1850	8.0
1851	38.0
1852	38.0
1853	0.0
1854	4.0
1855	38.0
1856	24.0
1857	12.0
1858	38.0
1859	38.0
1860	28.0
1861	38.0
1862	38.0
1863	0.0
1864	4.0
1865	38.0
1866	38.0
1867	0.0
1868	38.0
1869	38.0
1870	38.0
1871	38.0
1872	4.0
1873	38.0
1874	38.0
1875	38.0
1876	4.0
1877	38.0
1878	38.0
1879	38.0
1880	38.0
1881	12.0
1882	38.0
1883	38.0
1884	38.0
1885	36.0
1886	38.0
1887	38.0
1888	38.0
1889	38.0
1890	32.0
1891	38.0
1892	38.0
1893	38.0
1894	32.0
1895	4.0
1896	20.0
1897	4.0
1898	16.0
1899	38.0
1900	36.0
1901	44.0
1902	38.0
1903	20.0
1904	4.0
1905	38.0
1906	38.0
1907	32.0
1908	16.0
1909	38.0
1910	38.0
1911	38.0
1912	20.0
1913	38.0
1914	38.0
1915	38.0
1916	38.0
1917	38.0
1918	38.0
1919	38.0
1920	38.0
1921	36.0
1922	38.0
1923	8.0
1924	38.0
1925	38.0
1926	38.0
1927	52.0
1928	38.0
1929	38.0
1930	38.0
1931	38.0
1932	24.0
1933	12.0
1934	38.0
1935	38.0
1936	38.0
1937	4.0
1938	38.0
1939	38.0
1940	38.0
1941	38.0
1942	38.0
1943	28.0
1944	12.0
1945	32.0
1946	24.0
1947	38.0
1948	24.0
1949	38.0
1950	20.0
1951	38.0
1952	38.0
1953	38.0
1954	0.0
1955	38.0
1956	28.0
1957	28.0
1958	52.0
1959	38.0
1960	38.0
1961	38.0
1962	20.0
1963	8.0
1964	38.0
1965	0.0
1966	0.0
1967	38.0
1968	38.0
1969	38.0
1970	38.0
1971	8.0
1972	38.0
1973	32.0
1974	0.0
1975	8.0
1976	38.0
1977	38.0
1978	4.0
1979	20.0
1980	44.0
1981	38.0
1982	38.0
1983	38.0
1984	8.0
1985	0.0
1986	38.0
1987	38.0
1988	12.0
1989	12.0
1990	12.0
1991	38.0
1992	38.0
1993	24.0
1994	38.0
1995	38.0
1996	38.0
1997	38.0
1998	38.0
1999	38.0
2000	28.0
2001	38.0
2002	32.0
2003	38.0
2004	24.0
2005	16.0
2006	38.0
2007	38.0
2008	40.0
2009	38.0
2010	38.0
2011	28.0
2012	28.0
2013	8.0
2014	38.0
2015	38.0
2016	36.0
2017	38.0
2018	4.0
2019	24.0
2020	36.0
2021	28.0
2022	44.0
2023	40.0
2024	32.0
2025	176.0
2026	164.0
2027	504.0
2028	1056.0
2029	2108.0
2030	3268.0
2031	4520.0
2032	4624.0
2033	4692.0
2034	3772.0
2035	2648.0
2036	1640.0
2037	796.0
2038	264.0
2039	128.0
2040	64.0
2041	88.0
2042	80.0
2043	38.0
2044	12.0
2045	56.0
2046	12.0
2047	8.0
2048	38.0
2049	38.0
2050	38.0
2051	20.0
2052	8.0
2053	38.0
2054	4.0
2055	38.0
2056	38.0
2057	0.0
2058	8.0
2059	56.0
2060	8.0
2061	38.0
2062	8.0
2063	38.0
2064	16.0
2065	28.0
2066	38.0
2067	32.0
2068	24.0
2069	38.0
2070	8.0
2071	38.0
2072	24.0
2073	38.0
2074	38.0
2075	12.0
2076	28.0
2077	38.0
2078	38.0
2079	48.0
2080	8.0
2081	20.0
2082	32.0
2083	38.0
2084	16.0
2085	44.0
2086	0.0
2087	38.0
2088	38.0
2089	38.0
2090	24.0
2091	38.0
2092	38.0
2093	38.0
2094	38.0
2095	24.0
2096	4.0
2097	38.0
2098	20.0
2099	38.0
2100	4.0
2101	48.0
2102	38.0
2103	38.0
2104	16.0
2105	8.0
2106	38.0
2107	32.0
2108	38.0
2109	38.0
2110	38.0
2111	38.0
2112	16.0
2113	4.0
2114	38.0
2115	38.0
2116	0.0
2117	38.0
2118	0.0
2119	0.0
2120	38.0
2121	38.0
2122	38.0
2123	8.0
2124	38.0
2125	38.0
2126	38.0
2127	38.0
2128	38.0
2129	24.0
2130	38.0
2131	38.0
2132	38.0
2133	38.0
2134	38.0
2135	8.0
2136	38.0
2137	8.0
2138	38.0
2139	38.0
2140	12.0
2141	4.0
2142	38.0
2143	0.0
2144	20.0
2145	16.0
2146	44.0
2147	56.0
2148	20.0
2149	38.0
2150	38.0
2151	12.0
2152	38.0
2153	28.0
2154	38.0
2155	38.0
2156	38.0
2157	8.0
2158	38.0
2159	38.0
2160	38.0
2161	38.0
2162	56.0
2163	38.0
2164	38.0
2165	38.0
2166	24.0
2167	44.0
2168	12.0
2169	4.0
2170	38.0
2171	20.0
2172	38.0
2173	38.0
2174	4.0
2175	16.0
2176	0.0
2177	8.0
2178	38.0
2179	38.0
2180	36.0
2181	12.0
2182	38.0
2183	38.0
2184	12.0
2185	38.0
2186	12.0
2187	38.0
2188	38.0
2189	38.0
2190	38.0
2191	38.0
2192	38.0
2193	12.0
2194	38.0
2195	38.0
2196	38.0
2197	0.0
2198	38.0
2199	8.0
2200	38.0
2201	38.0
2202	20.0
2203	38.0
2204	0.0
2205	0.0
2206	38.0
2207	40.0
2208	38.0
2209	0.0
2210	4.0
2211	38.0
2212	56.0
2213	12.0
2214	0.0
2215	4.0
2216	16.0
2217	38.0
2218	8.0
2219	38.0
2220	38.0
2221	38.0
2222	32.0
2223	38.0
2224	38.0
2225	38.0
2226	38.0
2227	38.0
2228	0.0
2229	38.0
2230	16.0
2231	38.0
2232	16.0
2233	38.0
2234	28.0
2235	40.0
2236	28.0
2237	12.0
2238	38.0
2239	38.0
2240	38.0
2241	38.0
2242	38.0
2243	0.0
2244	32.0
2245	0.0
2246	8.0
2247	38.0
2248	38.0
2249	0.0
2250	20.0
2251	38.0
2252	12.0
2253	24.0
2254	4.0
2255	38.0
2256	0.0
2257	38.0
2258	0.0
2259	4.0
2260	38.0
2261	38.0
2262	12.0
2263	38.0
2264	38.0
2265	38.0
2266	38.0
2267	38.0
2268	38.0
2269	0.0
2270	52.0
2271	12.0
2272	20.0
2273	38.0
2274	38.0
2275	38.0
2276	38.0
2277	4.0
2278	38.0
2279	8.0
2280	38.0
2281	38.0
2282	8.0
2283	38.0
2284	38.0
2285	38.0
2286	48.0
2287	38.0
2288	0.0
2289	8.0
2290	38.0
2291	38.0
2292	38.0
2293	38.0
2294	38.0
2295	38.0
2296	38.0
2297	16.0
2298	38.0
2299	38.0
2300	36.0
2301	8.0
2302	38.0
2303	38.0
2304	38.0
2305	38.0
2306	38.0
2307	38.0
2308	38.0
2309	12.0
2310	28.0
2311	38.0
2312	38.0
2313	38.0
2314	38.0
2315	38.0
2316	38.0
2317	38.0
2318	38.0
2319	0.0
2320	38.0
2321	4.0
2322	0.0
2323	4.0
2324	38.0
2325	38.0
2326	20.0
2327	38.0
2328	38.0
2329	38.0
2330	4.0
2331	28.0
2332	8.0
2333	38.0
2334	38.0
2335	38.0
2336	44.0
2337	0.0
2338	38.0
2339	28.0
2340	38.0
2341	4.0
2342	38.0
2343	38.0
2344	38.0
2345	38.0
2346	38.0
2347	12.0
2348	38.0
2349	38.0
2350	38.0
2351	38.0
2352	36.0
2353	36.0
2354	38.0
2355	38.0
2356	24.0
2357	20.0
2358	38.0
2359	38.0
2360	56.0
2361	38.0
2362	38.0
2363	38.0
2364	12.0
2365	38.0
2366	38.0
2367	38.0
2368	8.0
2369	38.0
2370	38.0
2371	38.0
2372	0.0
2373	38.0
2374	0.0
2375	38.0
2376	38.0
2377	38.0
2378	0.0
2379	12.0
2380	8.0
2381	38.0
2382	24.0
2383	38.0
2384	0.0
2385	38.0
2386	38.0
2387	38.0
2388	24.0
2389	0.0
2390	38.0
2391	38.0
2392	12.0
2393	20.0
2394	38.0
2395	38.0
2396	38.0
2397	38.0
2398	12.0
2399	38.0
2400	38.0
2401	28.0
2402	38.0
2403	20.0
2404	0.0
2405	38.0
2406	38.0
2407	38.0
2408	38.0
2409	38.0
2410	38.0
2411	38.0
2412	0.0
2413	12.0
2414	8.0
2415	38.0
2416	20.0
2417	36.0
2418	8.0
2419	38.0
2420	68.0
2421	20.0
2422	38.0
2423	16.0
2424	38.0
2425	20.0
2426	38.0
2427	12.0
2428	4.0
2429	40.0
2430	32.0
2431	38.0
2432	38.0
2433	0.0
2434	38.0
2435	38.0
2436	38.0
2437	38.0
2438	4.0
2439	38.0
2440	8.0
2441	12.0
2442	38.0
2443	4.0
2444	0.0
2445	12.0
2446	0.0
2447	38.0
2448	8.0
2449	38.0
2450	36.0
2451	16.0
2452	38.0
2453	38.0
2454	38.0
2455	12.0
2456	38.0
2457	24.0
2458	20.0
2459	38.0
2460	38.0
2461	4.0
2462	38.0
2463	24.0
2464	38.0
2465	38.0
2466	38.0
2467	36.0
2468	4.0
2469	38.0
2470	38.0
2471	38.0
2472	20.0
2473	28.0
2474	38.0
2475	4.0
2476	8.0
2477	38.0
2478	38.0
2479	38.0
2480	38.0
2481	38.0
2482	38.0
2483	36.0
2484	38.0
2485	38.0
2486	38.0
2487	38.0
2488	38.0
2489	38.0
2490	38.0
2491	0.0
2492	38.0
2493	38.0
2494	38.0
2495	38.0
2496	38.0
2497	38.0
2498	4.0
2499	38.0
2500	16.0
2501	38.0
2502	38.0
2503	38.0
2504	38.0
2505	38.0
2506	38.0
2507	38.0
2508	38.0
2509	8.0
2510	0.0
2511	38.0
2512	38.0
2513	38.0
2514	38.0
2515	28.0
2516	38.0
2517	38.0
2518	12.0
2519	38.0
2520	28.0
2521	38.0
2522	38.0
2523	40.0
2524	38.0
2525	8.0
2526	20.0
2527	4.0
2528	38.0
2529	32.0
2530	4.0
2531	38.0
2532	38.0
2533	38.0
2534	38.0
2535	38.0
2536	38.0
2537	38.0
2538	4.0
2539	38.0
2540	16.0
2541	38.0
2542	38.0
2543	38.0
2544	38.0
2545	0.0
2546	38.0
2547	38.0
2548	38.0
2549	38.0
2550	12.0
2551	38.0
2552	40.0
2553	38.0
2554	38.0
2555	38.0
2556	38.0
2557	38.0
2558	38.0
2559	38.0
2560	38.0
2561	4.0
2562	38.0
2563	38.0
2564	16.0
2565	0.0
2566	32.0
2567	38.0
2568	28.0
2569	0.0
2570	38.0
2571	16.0
2572	38.0
2573	38.0
2574	36.0
2575	38.0
2576	28.0
2577	38.0
2578	16.0
2579	38.0
2580	38.0
2581	38.0
2582	38.0
2583	0.0
2584	12.0
2585	38.0
2586	28.0
2587	38.0
2588	8.0
2589	28.0
2590	4.0
2591	38.0
2592	38.0
2593	38.0
2594	36.0
2595	8.0
2596	4.0
2597	28.0
2598	38.0
2599	16.0
2600	4.0
2601	8.0
2602	38.0
2603	38.0
2604	38.0
2605	38.0
2606	38.0
2607	38.0
2608	38.0
2609	12.0
2610	38.0
2611	38.0
2612	38.0
2613	38.0
2614	38.0
2615	38.0
2616	38.0
2617	12.0
2618	0.0
2619	38.0
2620	20.0
2621	38.0
2622	16.0
2623	36.0
2624	40.0
2625	38.0
2626	52.0
2627	38.0
2628	38.0
2629	38.0
2630	38.0
2631	0.0
2632	16.0
2633	40.0
2634	24.0
2635	38.0
2636	38.0
2637	4.0
2638	16.0
2639	52.0
2640	38.0
2641	38.0
2642	16.0
2643	38.0
2644	16.0
2645	8.0
2646	28.0
2647	20.0
2648	38.0
2649	38.0
2650	24.0
2651	38.0
2652	38.0
2653	0.0
2654	38.0
2655	4.0
2656	38.0
2657	12.0
2658	32.0
2659	36.0
2660	38.0
2661	0.0
2662	0.0
2663	38.0
2664	38.0
2665	24.0
2666	38.0
2667	8.0
2668	32.0
2669	38.0
2670	38.0
2671	38.0
2672	38.0
2673	38.0
2674	38.0
2675	20.0
2676	38.0
2677	38.0
2678	38.0
2679	38.0
2680	4.0
2681	38.0
2682	38.0
2683	38.0
2684	8.0
2685	64.0
2686	38.0
2687	38.0
2688	8.0
2689	8.0
2690	38.0
2691	38.0
2692	38.0
2693	38.0
2694	38.0
2695	38.0
2696	38.0
2697	38.0
2698	16.0
2699	38.0
2700	4.0
2701	20.0
2702	38.0
2703	16.0
2704	38.0
2705	16.0
2706	38.0
2707	38.0
2708	8.0
2709	38.0
2710	12.0
2711	38.0
2712	38.0
2713	38.0
2714	38.0
2715	38.0
2716	28.0
2717	38.0
2718	28.0
2719	38.0
2720	0.0
2721	38.0
2722	12.0
2723	38.0
2724	38.0
2725	24.0
2726	38.0
2727	38.0
2728	4.0
2729	38.0
2730	0.0
2731	12.0
2732	12.0
2733	38.0
2734	38.0
2735	4.0
2736	4.0
2737	38.0
2738	38.0
2739	4.0
2740	0.0
2741	38.0
2742	38.0
2743	38.0
2744	38.0
2745	38.0
2746	0.0
2747	38.0
