0	184.0
1	180.0
2	180.0
3	196.0
4	248.0
5	136.0
6	188.0
7	192.0
8	164.0
9	164.0
10	184.0
11	220.0
12	204.0
13	212.0
14	196.0
15	224.0
16	220.0
17	144.0
18	112.0
19	220.0
20	148.0
21	168.0
22	172.0
23	184.0
24	216.0
25	224.0
26	224.0
27	156.0
28	204.0
29	168.0
30	208.0
31	164.0
32	176.0
33	124.0
34	192.0
35	152.0
36	188.0
37	200.0
38	220.0
39	152.0
40	200.0
41	116.0
42	112.0
43	168.0
44	168.0
45	148.0
46	232.0
47	164.0
48	188.0
49	148.0
50	224.0
51	208.0
52	284.0
53	176.0
54	148.0
55	216.0
56	224.0
57	188.0
58	176.0
59	208.0
60	188.0
61	188.0
62	192.0
63	188.0
64	288.0
65	152.0
66	240.0
67	152.0
68	144.0
69	208.0
70	172.0
71	244.0
72	260.0
73	220.0
74	176.0
75	292.0
76	152.0
77	184.0
78	276.0
79	220.0
80	216.0
81	152.0
82	272.0
83	184.0
84	196.0
85	188.0
86	172.0
87	112.0
88	224.0
89	176.0
90	164.0
91	220.0
92	268.0
93	136.0
94	168.0
95	212.0
96	152.0
97	204.0
98	144.0
99	252.0
100	140.0
101	204.0
102	244.0
103	148.0
104	152.0
105	212.0
106	224.0
107	200.0
108	152.0
109	184.0
110	192.0
111	224.0
112	156.0
113	240.0
114	216.0
115	164.0
116	172.0
117	208.0
118	268.0
119	264.0
120	240.0
121	180.0
122	264.0
123	204.0
124	292.0
125	208.0
126	224.0
127	200.0
128	220.0
129	220.0
130	164.0
131	180.0
132	136.0
133	220.0
134	208.0
135	136.0
136	136.0
137	244.0
138	228.0
139	160.0
140	192.0
141	224.0
142	156.0
143	176.0
144	152.0
145	196.0
146	228.0
147	204.0
148	232.0
149	216.0
150	228.0
151	188.0
152	152.0
153	196.0
154	264.0
155	256.0
156	192.0
157	100.0
158	184.0
159	204.0
160	208.0
161	184.0
162	228.0
163	220.0
164	172.0
165	136.0
166	152.0
167	224.0
168	128.0
169	236.0
170	128.0
171	140.0
172	188.0
173	84.0
174	176.0
175	184.0
176	196.0
177	168.0
178	144.0
179	172.0
180	240.0
181	196.0
182	228.0
183	216.0
184	244.0
185	184.0
186	224.0
187	204.0
188	168.0
189	216.0
190	116.0
191	204.0
192	192.0
193	236.0
194	176.0
195	124.0
196	132.0
197	324.0
198	276.0
199	172.0
200	180.0
201	220.0
202	172.0
203	172.0
204	220.0
205	124.0
206	160.0
207	132.0
208	220.0
209	152.0
210	184.0
211	240.0
212	280.0
213	244.0
214	192.0
215	208.0
216	132.0
217	236.0
218	212.0
219	208.0
220	144.0
221	212.0
222	236.0
223	148.0
224	204.0
225	196.0
226	184.0
227	268.0
228	172.0
229	216.0
230	224.0
231	248.0
232	196.0
233	212.0
234	184.0
235	248.0
236	172.0
237	220.0
238	192.0
239	172.0
240	160.0
241	168.0
242	192.0
243	248.0
244	192.0
245	140.0
246	160.0
247	184.0
248	176.0
249	200.0
250	192.0
251	192.0
252	228.0
253	236.0
254	184.0
255	148.0
256	204.0
257	200.0
258	232.0
259	220.0
260	196.0
261	200.0
262	192.0
263	244.0
264	124.0
265	164.0
266	200.0
267	224.0
268	208.0
269	256.0
270	180.0
271	172.0
272	204.0
273	160.0
274	140.0
275	160.0
276	168.0
277	240.0
278	232.0
279	240.0
280	236.0
281	172.0
282	184.0
283	184.0
284	200.0
285	200.0
286	212.0
287	120.0
288	208.0
289	248.0
290	216.0
291	180.0
292	172.0
293	144.0
294	180.0
295	204.0
296	260.0
297	228.0
298	180.0
299	176.0
300	260.0
301	84.0
302	212.0
303	188.0
304	172.0
305	264.0
306	176.0
307	160.0
308	148.0
309	160.0
310	236.0
311	216.0
312	244.0
313	168.0
314	228.0
315	140.0
316	252.0
317	148.0
318	248.0
319	224.0
320	136.0
321	140.0
322	220.0
323	180.0
324	184.0
325	132.0
326	204.0
327	136.0
328	228.0
329	184.0
330	144.0
331	208.0
332	180.0
333	188.0
334	160.0
335	248.0
336	216.0
337	184.0
338	192.0
339	216.0
340	184.0
341	184.0
342	248.0
343	92.0
344	228.0
345	160.0
346	160.0
347	184.0
348	124.0
349	200.0
350	148.0
351	156.0
352	232.0
353	136.0
354	224.0
355	192.0
356	228.0
357	224.0
358	180.0
359	148.0
360	236.0
361	216.0
362	168.0
363	232.0
364	216.0
365	216.0
366	216.0
367	212.0
368	232.0
369	256.0
370	216.0
371	204.0
372	240.0
373	144.0
374	180.0
375	208.0
376	132.0
377	216.0
378	212.0
379	220.0
380	228.0
381	188.0
382	104.0
383	284.0
384	184.0
385	156.0
386	176.0
387	228.0
388	232.0
389	192.0
390	160.0
391	228.0
392	208.0
393	176.0
394	180.0
395	188.0
396	232.0
397	208.0
398	236.0
399	236.0
400	148.0
401	200.0
402	196.0
403	232.0
404	216.0
405	108.0
406	176.0
407	152.0
408	220.0
409	164.0
410	180.0
411	124.0
412	216.0
413	240.0
414	232.0
415	184.0
416	216.0
417	172.0
418	252.0
419	200.0
420	164.0
421	200.0
422	204.0
423	184.0
424	168.0
425	188.0
426	156.0
427	192.0
428	236.0
429	228.0
430	228.0
431	172.0
432	164.0
433	188.0
434	192.0
435	216.0
436	200.0
437	144.0
438	184.0
439	152.0
440	220.0
441	180.0
442	212.0
443	248.0
444	212.0
445	164.0
446	224.0
447	192.0
448	132.0
449	176.0
450	196.0
451	228.0
452	196.0
453	216.0
454	192.0
455	176.0
456	136.0
457	208.0
458	276.0
459	256.0
460	196.0
461	252.0
462	152.0
463	244.0
464	268.0
465	236.0
466	260.0
467	164.0
468	208.0
469	180.0
470	196.0
471	144.0
472	188.0
473	164.0
474	168.0
475	208.0
476	236.0
477	228.0
478	156.0
479	220.0
480	228.0
481	192.0
482	228.0
483	320.0
484	224.0
485	196.0
486	232.0
487	224.0
488	164.0
489	244.0
490	200.0
491	208.0
492	204.0
493	200.0
494	156.0
495	152.0
496	116.0
497	256.0
498	224.0
499	176.0
500	208.0
501	252.0
502	260.0
503	180.0
504	184.0
505	212.0
506	60.0
507	200.0
508	132.0
509	140.0
510	216.0
511	188.0
512	176.0
513	208.0
514	164.0
515	192.0
516	232.0
517	268.0
518	176.0
519	156.0
520	200.0
521	220.0
522	172.0
523	196.0
524	160.0
525	216.0
526	220.0
527	176.0
528	156.0
529	220.0
530	172.0
531	244.0
532	192.0
533	132.0
534	232.0
535	188.0
536	216.0
537	220.0
538	152.0
539	172.0
540	152.0
541	168.0
542	236.0
543	176.0
544	216.0
545	180.0
546	180.0
547	196.0
548	176.0
549	220.0
550	148.0
551	172.0
552	204.0
553	172.0
554	216.0
555	212.0
556	148.0
557	184.0
558	128.0
559	232.0
560	224.0
561	136.0
562	148.0
563	216.0
564	180.0
565	196.0
566	140.0
567	192.0
568	132.0
569	164.0
570	188.0
571	172.0
572	196.0
573	192.0
574	176.0
575	220.0
576	208.0
577	152.0
578	216.0
579	212.0
580	224.0
581	184.0
582	196.0
583	144.0
584	148.0
585	156.0
586	124.0
587	172.0
588	232.0
589	176.0
590	176.0
591	204.0
592	244.0
593	164.0
594	200.0
595	84.0
596	124.0
597	96.0
598	160.0
599	240.0
600	124.0
601	80.0
602	176.0
603	192.0
604	156.0
605	172.0
606	208.0
607	176.0
608	160.0
609	144.0
610	224.0
611	196.0
612	124.0
613	152.0
614	228.0
615	160.0
616	284.0
617	204.0
618	176.0
619	100.0
620	224.0
621	216.0
622	196.0
623	168.0
624	168.0
625	152.0
626	192.0
627	160.0
628	188.0
629	232.0
630	168.0
631	116.0
632	152.0
633	200.0
634	152.0
635	184.0
636	124.0
637	124.0
638	204.0
639	172.0
640	160.0
641	196.0
642	144.0
643	132.0
644	204.0
645	168.0
646	184.0
647	200.0
648	184.0
649	188.0
650	140.0
651	212.0
652	228.0
653	212.0
654	232.0
655	184.0
656	172.0
657	216.0
658	176.0
659	252.0
660	188.0
661	156.0
662	168.0
663	244.0
664	140.0
665	188.0
666	212.0
667	160.0
668	212.0
669	168.0
670	136.0
671	192.0
672	200.0
673	160.0
674	168.0
675	212.0
676	152.0
677	180.0
678	220.0
679	236.0
680	184.0
681	248.0
682	204.0
683	220.0
684	224.0
685	172.0
686	176.0
687	160.0
688	164.0
689	252.0
690	136.0
691	200.0
692	196.0
693	224.0
694	256.0
695	228.0
696	180.0
697	228.0
698	184.0
699	212.0
700	188.0
701	212.0
702	156.0
703	188.0
704	196.0
705	188.0
706	224.0
707	132.0
708	212.0
709	144.0
710	92.0
711	180.0
712	172.0
713	148.0
714	160.0
715	172.0
716	136.0
717	288.0
718	204.0
719	220.0
720	216.0
721	180.0
722	172.0
723	208.0
724	136.0
725	212.0
726	188.0
727	228.0
728	208.0
729	224.0
730	160.0
731	184.0
732	200.0
733	248.0
734	156.0
735	156.0
736	260.0
737	216.0
738	180.0
739	204.0
740	224.0
741	160.0
742	128.0
743	224.0
744	188.0
745	172.0
746	112.0
747	164.0
748	228.0
749	216.0
750	240.0
751	160.0
752	284.0
753	204.0
754	168.0
755	168.0
756	232.0
757	228.0
758	276.0
759	212.0
760	112.0
761	220.0
762	228.0
763	152.0
764	240.0
765	192.0
766	220.0
767	208.0
768	228.0
769	188.0
770	276.0
771	192.0
772	168.0
773	164.0
774	208.0
775	240.0
776	148.0
777	232.0
778	172.0
779	204.0
780	176.0
781	236.0
782	116.0
783	240.0
784	192.0
785	240.0
786	208.0
787	160.0
788	264.0
789	240.0
790	196.0
791	208.0
792	192.0
793	176.0
794	196.0
795	188.0
796	164.0
797	132.0
798	160.0
799	216.0
800	176.0
801	172.0
802	196.0
803	192.0
804	76.0
805	24.0
806	60.0
807	72.0
808	40.0
809	32.0
810	220.0
811	232.0
812	188.0
813	180.0
814	180.0
815	200.0
816	196.0
817	140.0
818	180.0
819	200.0
820	144.0
821	212.0
822	168.0
823	220.0
824	208.0
825	112.0
826	224.0
827	140.0
828	184.0
829	132.0
830	164.0
831	136.0
832	192.0
833	188.0
834	160.0
835	208.0
836	180.0
837	248.0
838	204.0
839	188.0
840	160.0
841	96.0
842	92.0
843	80.0
844	152.0
845	132.0
846	196.0
847	156.0
848	164.0
849	200.0
850	188.0
851	260.0
852	228.0
853	180.0
854	208.0
855	216.0
856	152.0
857	152.0
858	132.0
859	200.0
860	168.0
861	200.0
862	220.0
863	208.0
864	192.0
865	200.0
866	212.0
867	168.0
868	160.0
869	156.0
870	152.0
871	176.0
872	140.0
873	164.0
874	172.0
875	140.0
876	136.0
877	184.0
878	180.0
879	236.0
880	132.0
881	212.0
882	192.0
883	220.0
884	116.0
885	208.0
886	148.0
887	156.0
888	172.0
889	224.0
890	200.0
891	224.0
892	196.0
893	196.0
894	232.0
895	200.0
896	236.0
897	200.0
898	192.0
899	120.0
900	208.0
901	208.0
902	196.0
903	172.0
904	248.0
905	264.0
906	124.0
907	232.0
908	248.0
909	180.0
910	156.0
911	188.0
912	144.0
913	168.0
914	116.0
915	148.0
916	128.0
917	148.0
918	184.0
919	236.0
920	100.0
921	164.0
922	176.0
923	156.0
924	148.0
925	40.0
926	72.0
927	176.0
928	76.0
929	240.0
930	208.0
931	232.0
932	160.0
933	208.0
934	220.0
935	200.0
936	144.0
937	160.0
938	232.0
939	44.0
940	36.0
941	44.0
942	80.0
943	80.0
944	188.0
945	212.0
946	148.0
947	160.0
948	184.0
949	184.0
950	252.0
951	144.0
952	216.0
953	192.0
954	208.0
955	200.0
956	188.0
957	152.0
958	224.0
959	276.0
960	100.0
961	160.0
962	132.0
963	140.0
964	124.0
965	140.0
966	176.0
967	220.0
968	188.0
969	164.0
970	160.0
971	52.0
972	38.0
973	128.0
974	76.0
975	80.0
976	52.0
977	76.0
978	48.0
979	80.0
980	196.0
981	72.0
982	96.0
983	96.0
984	180.0
985	200.0
986	152.0
987	184.0
988	148.0
989	200.0
990	244.0
991	204.0
992	220.0
993	168.0
994	244.0
995	204.0
996	216.0
997	232.0
998	288.0
999	148.0
1000	248.0
1001	84.0
1002	144.0
1003	52.0
1004	48.0
1005	104.0
1006	184.0
1007	204.0
1008	144.0
1009	184.0
1010	172.0
1011	140.0
1012	188.0
1013	268.0
1014	204.0
1015	180.0
1016	16.0
1017	48.0
1018	72.0
1019	136.0
1020	188.0
1021	196.0
1022	288.0
1023	132.0
1024	152.0
1025	204.0
1026	224.0
1027	248.0
1028	140.0
1029	188.0
1030	164.0
1031	80.0
1032	220.0
1033	136.0
1034	228.0
1035	116.0
1036	148.0
1037	200.0
1038	144.0
1039	260.0
1040	236.0
1041	172.0
1042	136.0
1043	184.0
1044	160.0
1045	92.0
1046	72.0
1047	96.0
1048	96.0
1049	64.0
1050	168.0
1051	48.0
1052	172.0
1053	156.0
1054	224.0
1055	152.0
1056	144.0
1057	176.0
1058	164.0
1059	152.0
1060	120.0
1061	240.0
1062	276.0
1063	204.0
1064	192.0
1065	260.0
1066	180.0
1067	200.0
1068	240.0
1069	144.0
1070	248.0
1071	100.0
1072	108.0
1073	76.0
1074	40.0
1075	60.0
1076	180.0
1077	188.0
1078	128.0
1079	184.0
1080	156.0
1081	204.0
1082	212.0
1083	228.0
1084	252.0
1085	52.0
1086	184.0
1087	100.0
1088	52.0
1089	52.0
1090	176.0
1091	156.0
1092	132.0
1093	152.0
1094	188.0
1095	160.0
1096	208.0
1097	76.0
1098	132.0
1099	188.0
1100	220.0
1101	224.0
1102	184.0
1103	196.0
1104	200.0
1105	140.0
1106	80.0
1107	184.0
1108	64.0
1109	180.0
1110	112.0
1111	88.0
1112	204.0
1113	164.0
1114	132.0
1115	220.0
1116	148.0
1117	224.0
1118	132.0
1119	104.0
1120	112.0
1121	204.0
1122	232.0
1123	168.0
1124	184.0
1125	196.0
1126	192.0
1127	164.0
1128	132.0
1129	176.0
1130	96.0
1131	192.0
1132	108.0
1133	244.0
1134	144.0
1135	60.0
1136	112.0
1137	52.0
1138	40.0
1139	120.0
1140	164.0
1141	184.0
1142	144.0
1143	196.0
1144	184.0
1145	148.0
1146	184.0
1147	236.0
1148	240.0
1149	112.0
1150	220.0
1151	180.0
1152	200.0
1153	220.0
1154	172.0
1155	184.0
1156	244.0
1157	64.0
1158	116.0
1159	184.0
1160	96.0
1161	208.0
1162	216.0
1163	236.0
1164	236.0
1165	244.0
1166	224.0
1167	260.0
1168	196.0
1169	172.0
1170	176.0
1171	60.0
1172	196.0
1173	176.0
1174	224.0
1175	68.0
1176	152.0
1177	156.0
1178	132.0
1179	180.0
1180	196.0
1181	188.0
1182	192.0
1183	172.0
1184	220.0
1185	120.0
1186	192.0
1187	80.0
1188	84.0
1189	164.0
1190	192.0
1191	200.0
1192	216.0
1193	288.0
1194	180.0
1195	140.0
1196	132.0
1197	60.0
1198	4.0
1199	136.0
1200	168.0
1201	184.0
1202	224.0
1203	200.0
1204	144.0
1205	56.0
1206	200.0
1207	148.0
1208	176.0
1209	184.0
1210	140.0
1211	256.0
1212	180.0
1213	172.0
1214	256.0
1215	220.0
1216	208.0
1217	204.0
1218	208.0
1219	132.0
1220	116.0
1221	92.0
1222	200.0
1223	220.0
1224	184.0
1225	208.0
1226	136.0
1227	172.0
1228	248.0
1229	196.0
1230	244.0
1231	140.0
1232	100.0
1233	132.0
1234	164.0
1235	128.0
1236	128.0
1237	204.0
1238	232.0
1239	184.0
1240	124.0
1241	228.0
1242	208.0
1243	36.0
1244	52.0
1245	212.0
1246	76.0
1247	36.0
1248	160.0
1249	68.0
1250	100.0
1251	40.0
1252	200.0
1253	100.0
1254	116.0
1255	64.0
1256	208.0
1257	180.0
1258	248.0
1259	248.0
1260	220.0
1261	176.0
1262	176.0
1263	84.0
1264	148.0
1265	256.0
1266	184.0
1267	212.0
1268	112.0
1269	204.0
1270	216.0
1271	200.0
1272	120.0
1273	164.0
1274	108.0
1275	192.0
1276	200.0
1277	228.0
1278	224.0
1279	164.0
1280	180.0
1281	208.0
1282	184.0
1283	188.0
1284	192.0
1285	180.0
1286	248.0
1287	192.0
1288	232.0
1289	184.0
1290	40.0
1291	88.0
1292	64.0
1293	164.0
1294	160.0
1295	168.0
1296	208.0
1297	224.0
1298	172.0
1299	152.0
1300	144.0
1301	136.0
1302	140.0
1303	160.0
1304	200.0
1305	140.0
1306	180.0
1307	140.0
1308	176.0
1309	108.0
1310	172.0
1311	196.0
1312	96.0
1313	188.0
1314	132.0
1315	84.0
1316	192.0
1317	208.0
1318	172.0
1319	136.0
1320	164.0
1321	32.0
1322	36.0
1323	100.0
1324	120.0
1325	180.0
1326	200.0
1327	180.0
1328	168.0
1329	32.0
1330	56.0
1331	32.0
1332	40.0
1333	28.0
1334	204.0
1335	72.0
1336	204.0
1337	164.0
1338	84.0
1339	124.0
1340	200.0
1341	84.0
1342	92.0
1343	104.0
1344	112.0
1345	60.0
1346	108.0
1347	192.0
1348	68.0
1349	180.0
1350	184.0
1351	176.0
1352	40.0
1353	208.0
1354	204.0
1355	200.0
1356	232.0
1357	156.0
1358	288.0
1359	128.0
1360	212.0
1361	88.0
1362	204.0
1363	220.0
1364	132.0
1365	276.0
1366	176.0
1367	152.0
1368	144.0
1369	92.0
1370	172.0
1371	208.0
1372	160.0
1373	232.0
1374	200.0
1375	120.0
1376	200.0
1377	188.0
1378	196.0
1379	184.0
1380	176.0
1381	164.0
1382	176.0
1383	104.0
1384	160.0
1385	192.0
1386	160.0
1387	152.0
1388	148.0
1389	228.0
1390	144.0
1391	196.0
1392	132.0
1393	32.0
1394	296.0
1395	184.0
1396	144.0
1397	156.0
1398	200.0
1399	148.0
1400	96.0
1401	160.0
1402	168.0
1403	196.0
1404	132.0
1405	188.0
1406	188.0
1407	76.0
1408	120.0
1409	8.0
1410	124.0
1411	168.0
1412	204.0
1413	140.0
1414	184.0
1415	200.0
1416	188.0
1417	212.0
1418	188.0
1419	180.0
1420	200.0
1421	260.0
1422	212.0
1423	188.0
1424	176.0
1425	208.0
1426	180.0
1427	156.0
1428	184.0
1429	176.0
1430	164.0
1431	220.0
1432	212.0
1433	152.0
1434	140.0
1435	192.0
1436	72.0
1437	248.0
1438	168.0
1439	128.0
1440	160.0
1441	108.0
1442	168.0
1443	252.0
1444	184.0
1445	164.0
1446	148.0
1447	168.0
1448	40.0
1449	72.0
1450	56.0
1451	68.0
1452	40.0
1453	196.0
1454	240.0
1455	188.0
1456	224.0
1457	196.0
1458	208.0
1459	124.0
1460	116.0
1461	112.0
1462	108.0
1463	128.0
1464	100.0
1465	88.0
1466	56.0
1467	132.0
1468	96.0
1469	212.0
1470	104.0
1471	60.0
1472	128.0
1473	184.0
1474	196.0
1475	140.0
1476	152.0
1477	140.0
1478	124.0
1479	188.0
1480	4.0
1481	76.0
1482	44.0
1483	192.0
1484	168.0
1485	196.0
1486	200.0
1487	168.0
1488	176.0
1489	168.0
1490	148.0
1491	200.0
1492	188.0
1493	196.0
1494	204.0
1495	180.0
1496	204.0
1497	108.0
1498	136.0
1499	228.0
1500	224.0
1501	136.0
1502	224.0
1503	164.0
1504	132.0
1505	212.0
1506	128.0
1507	84.0
1508	32.0
1509	148.0
1510	192.0
1511	188.0
1512	140.0
1513	240.0
1514	160.0
1515	20.0
1516	152.0
1517	36.0
1518	208.0
1519	160.0
1520	148.0
1521	80.0
1522	84.0
1523	52.0
1524	92.0
1525	124.0
1526	152.0
1527	212.0
1528	136.0
1529	24.0
1530	220.0
1531	232.0
1532	112.0
1533	176.0
1534	208.0
1535	204.0
1536	168.0
1537	228.0
1538	112.0
1539	168.0
1540	168.0
1541	92.0
1542	156.0
1543	116.0
1544	116.0
1545	148.0
1546	180.0
1547	176.0
1548	148.0
1549	144.0
1550	144.0
1551	180.0
1552	116.0
1553	168.0
1554	172.0
1555	228.0
1556	168.0
1557	188.0
1558	248.0
1559	92.0
1560	152.0
1561	152.0
1562	164.0
1563	140.0
1564	156.0
1565	76.0
1566	128.0
1567	172.0
1568	220.0
1569	176.0
1570	160.0
1571	216.0
1572	192.0
1573	192.0
1574	204.0
1575	160.0
1576	264.0
1577	156.0
1578	112.0
1579	88.0
1580	32.0
1581	212.0
1582	136.0
1583	188.0
1584	144.0
1585	152.0
1586	156.0
1587	92.0
1588	216.0
1589	100.0
1590	128.0
1591	120.0
1592	204.0
1593	188.0
1594	208.0
1595	184.0
1596	100.0
1597	168.0
1598	148.0
1599	152.0
1600	184.0
1601	84.0
1602	188.0
1603	152.0
1604	208.0
1605	84.0
1606	52.0
1607	152.0
1608	32.0
1609	116.0
1610	100.0
1611	72.0
1612	56.0
1613	176.0
1614	132.0
1615	188.0
1616	136.0
1617	128.0
1618	220.0
1619	148.0
1620	248.0
1621	180.0
1622	128.0
1623	212.0
1624	156.0
1625	160.0
1626	20.0
1627	108.0
1628	220.0
1629	116.0
1630	132.0
1631	172.0
1632	200.0
1633	172.0
1634	124.0
1635	84.0
1636	36.0
1637	56.0
1638	192.0
1639	176.0
1640	236.0
1641	172.0
1642	168.0
1643	140.0
1644	180.0
1645	160.0
1646	184.0
1647	104.0
1648	168.0
1649	132.0
1650	176.0
1651	196.0
1652	176.0
1653	156.0
1654	112.0
1655	116.0
1656	188.0
1657	156.0
1658	136.0
1659	152.0
1660	164.0
1661	184.0
1662	132.0
1663	116.0
1664	176.0
1665	116.0
1666	224.0
1667	184.0
1668	172.0
1669	132.0
1670	132.0
1671	224.0
1672	116.0
1673	176.0
1674	212.0
1675	200.0
1676	164.0
1677	132.0
1678	104.0
1679	200.0
1680	144.0
1681	164.0
1682	160.0
1683	204.0
1684	212.0
1685	176.0
1686	80.0
1687	124.0
1688	188.0
1689	172.0
1690	192.0
1691	104.0
1692	128.0
1693	140.0
1694	144.0
1695	168.0
1696	88.0
1697	156.0
1698	108.0
1699	152.0
1700	112.0
1701	88.0
1702	128.0
1703	140.0
1704	124.0
1705	148.0
1706	180.0
1707	212.0
1708	140.0
1709	148.0
1710	176.0
1711	108.0
1712	184.0
1713	152.0
1714	156.0
1715	132.0
1716	96.0
1717	32.0
1718	144.0
1719	152.0
1720	176.0
1721	120.0
1722	172.0
1723	164.0
1724	204.0
1725	188.0
1726	80.0
1727	116.0
1728	172.0
1729	128.0
1730	144.0
1731	108.0
1732	176.0
1733	160.0
1734	92.0
1735	200.0
1736	96.0
1737	76.0
1738	140.0
1739	156.0
1740	160.0
1741	144.0
1742	112.0
1743	108.0
1744	120.0
1745	112.0
1746	164.0
1747	80.0
1748	208.0
1749	208.0
1750	136.0
1751	176.0
1752	124.0
1753	172.0
1754	136.0
1755	224.0
1756	188.0
1757	104.0
1758	148.0
1759	204.0
1760	172.0
1761	200.0
1762	180.0
1763	176.0
1764	172.0
1765	204.0
1766	128.0
1767	120.0
1768	188.0
1769	128.0
1770	204.0
1771	96.0
1772	152.0
1773	136.0
1774	196.0
1775	156.0
1776	196.0
1777	148.0
1778	164.0
1779	96.0
1780	108.0
1781	140.0
1782	144.0
1783	148.0
1784	176.0
1785	200.0
1786	112.0
1787	184.0
1788	160.0
1789	168.0
1790	164.0
1791	156.0
1792	196.0
1793	132.0
1794	64.0
1795	220.0
1796	120.0
1797	136.0
1798	144.0
1799	128.0
1800	172.0
1801	128.0
1802	140.0
1803	144.0
1804	156.0
1805	104.0
1806	160.0
1807	180.0
1808	244.0
1809	84.0
1810	92.0
1811	124.0
1812	156.0
1813	148.0
1814	136.0
1815	172.0
1816	92.0
1817	156.0
1818	188.0
1819	136.0
1820	160.0
1821	124.0
1822	132.0
1823	164.0
1824	136.0
1825	152.0
1826	84.0
1827	104.0
1828	64.0
1829	176.0
1830	136.0
1831	204.0
1832	148.0
1833	188.0
1834	176.0
1835	160.0
1836	188.0
1837	148.0
1838	60.0
1839	176.0
1840	176.0
1841	196.0
1842	68.0
1843	92.0
1844	176.0
1845	152.0
1846	156.0
1847	160.0
1848	180.0
1849	124.0
1850	140.0
1851	132.0
1852	144.0
1853	152.0
1854	84.0
1855	80.0
1856	144.0
1857	112.0
1858	204.0
1859	184.0
1860	160.0
1861	140.0
1862	152.0
1863	180.0
1864	120.0
1865	96.0
1866	160.0
1867	156.0
1868	76.0
1869	172.0
1870	184.0
1871	132.0
1872	152.0
1873	128.0
1874	196.0
1875	132.0
1876	176.0
1877	192.0
1878	148.0
1879	148.0
1880	188.0
1881	92.0
1882	140.0
1883	172.0
1884	140.0
1885	120.0
1886	116.0
1887	76.0
1888	176.0
1889	180.0
1890	148.0
1891	164.0
1892	112.0
1893	104.0
1894	232.0
1895	168.0
1896	176.0
1897	136.0
1898	164.0
1899	184.0
1900	132.0
1901	88.0
1902	164.0
1903	152.0
1904	124.0
1905	116.0
1906	136.0
1907	156.0
1908	172.0
1909	148.0
1910	188.0
1911	148.0
1912	152.0
1913	96.0
1914	164.0
1915	76.0
1916	180.0
1917	196.0
1918	192.0
1919	156.0
1920	108.0
1921	184.0
1922	132.0
1923	124.0
1924	176.0
1925	204.0
1926	156.0
1927	192.0
1928	116.0
1929	188.0
1930	172.0
1931	156.0
1932	184.0
1933	136.0
1934	132.0
1935	160.0
1936	88.0
1937	96.0
1938	124.0
1939	100.0
1940	124.0
1941	112.0
1942	132.0
1943	108.0
1944	136.0
1945	140.0
1946	132.0
1947	168.0
1948	132.0
1949	216.0
1950	144.0
1951	188.0
1952	124.0
1953	120.0
1954	116.0
1955	184.0
1956	188.0
1957	128.0
1958	156.0
1959	124.0
1960	140.0
1961	228.0
1962	140.0
1963	136.0
1964	128.0
1965	180.0
1966	172.0
1967	120.0
1968	152.0
1969	140.0
1970	112.0
1971	184.0
1972	108.0
1973	132.0
1974	172.0
1975	188.0
1976	76.0
1977	116.0
1978	168.0
1979	188.0
1980	108.0
1981	176.0
1982	196.0
1983	156.0
1984	160.0
1985	120.0
1986	64.0
1987	100.0
1988	132.0
1989	100.0
1990	156.0
1991	168.0
1992	176.0
1993	152.0
1994	156.0
1995	156.0
1996	124.0
1997	160.0
1998	152.0
1999	144.0
2000	216.0
2001	104.0
2002	184.0
2003	172.0
2004	112.0
2005	132.0
2006	112.0
2007	168.0
2008	88.0
2009	160.0
2010	184.0
2011	140.0
2012	148.0
2013	160.0
2014	156.0
2015	100.0
2016	128.0
2017	216.0
2018	112.0
2019	92.0
2020	152.0
2021	124.0
2022	120.0
2023	132.0
2024	76.0
2025	160.0
2026	92.0
2027	92.0
2028	104.0
2029	148.0
2030	148.0
2031	96.0
2032	152.0
2033	68.0
2034	76.0
2035	168.0
2036	104.0
2037	156.0
2038	120.0
2039	144.0
2040	124.0
2041	164.0
2042	104.0
2043	120.0
2044	60.0
2045	132.0
2046	160.0
2047	104.0
2048	140.0
2049	116.0
2050	88.0
2051	112.0
2052	84.0
2053	136.0
2054	132.0
2055	152.0
2056	56.0
2057	128.0
2058	164.0
2059	108.0
2060	164.0
2061	148.0
2062	164.0
2063	100.0
2064	136.0
2065	180.0
2066	104.0
2067	72.0
2068	172.0
2069	88.0
2070	116.0
2071	220.0
2072	180.0
2073	156.0
2074	132.0
2075	132.0
2076	136.0
2077	160.0
2078	84.0
2079	108.0
2080	176.0
2081	84.0
2082	60.0
2083	176.0
2084	112.0
2085	140.0
2086	160.0
2087	72.0
2088	68.0
2089	188.0
2090	140.0
2091	192.0
2092	140.0
2093	112.0
2094	140.0
2095	112.0
2096	208.0
2097	156.0
2098	140.0
2099	180.0
2100	176.0
2101	136.0
2102	116.0
2103	104.0
2104	164.0
2105	192.0
2106	160.0
2107	212.0
2108	160.0
2109	184.0
2110	108.0
2111	192.0
2112	116.0
2113	44.0
2114	132.0
2115	128.0
2116	100.0
2117	56.0
2118	92.0
2119	188.0
2120	160.0
2121	148.0
2122	176.0
2123	172.0
2124	132.0
2125	120.0
2126	156.0
2127	128.0
2128	144.0
2129	116.0
2130	124.0
2131	156.0
2132	160.0
2133	96.0
2134	164.0
2135	236.0
2136	152.0
2137	88.0
2138	176.0
2139	140.0
2140	108.0
2141	148.0
2142	128.0
2143	180.0
2144	116.0
2145	152.0
2146	128.0
2147	160.0
2148	92.0
2149	112.0
2150	176.0
2151	76.0
2152	92.0
2153	88.0
2154	104.0
2155	136.0
2156	40.0
2157	88.0
2158	100.0
2159	148.0
2160	100.0
2161	76.0
2162	136.0
2163	64.0
2164	108.0
2165	156.0
2166	112.0
2167	140.0
2168	120.0
2169	120.0
2170	116.0
2171	148.0
2172	188.0
2173	144.0
2174	116.0
2175	116.0
2176	144.0
2177	92.0
2178	116.0
2179	80.0
2180	140.0
2181	148.0
2182	152.0
2183	112.0
2184	128.0
2185	144.0
2186	96.0
2187	96.0
2188	92.0
2189	112.0
2190	60.0
2191	128.0
2192	132.0
2193	120.0
2194	124.0
2195	200.0
2196	76.0
2197	160.0
2198	88.0
2199	200.0
2200	192.0
2201	120.0
2202	128.0
2203	116.0
2204	132.0
2205	164.0
2206	152.0
2207	168.0
2208	148.0
2209	132.0
2210	148.0
2211	88.0
2212	104.0
2213	136.0
2214	84.0
2215	132.0
2216	152.0
2217	152.0
2218	168.0
2219	92.0
2220	84.0
2221	140.0
2222	156.0
2223	140.0
2224	152.0
2225	112.0
2226	160.0
2227	124.0
2228	96.0
2229	148.0
2230	164.0
2231	144.0
2232	136.0
2233	160.0
2234	128.0
2235	144.0
2236	108.0
2237	108.0
2238	132.0
2239	144.0
2240	88.0
2241	160.0
2242	108.0
2243	108.0
2244	124.0
2245	80.0
2246	68.0
2247	80.0
2248	96.0
2249	80.0
2250	128.0
2251	120.0
2252	120.0
2253	156.0
2254	124.0
2255	52.0
2256	156.0
2257	200.0
2258	104.0
2259	152.0
2260	116.0
2261	96.0
2262	92.0
2263	92.0
2264	120.0
2265	96.0
2266	124.0
2267	136.0
2268	124.0
2269	100.0
2270	108.0
2271	208.0
2272	44.0
2273	168.0
2274	164.0
2275	140.0
2276	80.0
2277	148.0
2278	100.0
2279	124.0
2280	132.0
2281	156.0
2282	136.0
2283	104.0
2284	64.0
2285	132.0
2286	120.0
2287	100.0
2288	84.0
2289	76.0
2290	96.0
2291	132.0
2292	44.0
2293	164.0
2294	88.0
2295	124.0
2296	100.0
2297	120.0
2298	56.0
2299	196.0
2300	116.0
2301	76.0
2302	124.0
2303	168.0
2304	112.0
2305	80.0
2306	120.0
2307	144.0
2308	160.0
2309	144.0
2310	60.0
2311	120.0
2312	108.0
2313	136.0
2314	116.0
2315	104.0
2316	68.0
2317	80.0
2318	132.0
2319	116.0
2320	136.0
2321	104.0
2322	160.0
2323	144.0
2324	144.0
2325	112.0
2326	156.0
2327	132.0
2328	188.0
2329	128.0
2330	144.0
2331	88.0
2332	136.0
2333	140.0
2334	112.0
2335	144.0
2336	168.0
2337	168.0
2338	72.0
2339	88.0
2340	180.0
2341	172.0
2342	144.0
2343	124.0
2344	180.0
2345	92.0
2346	92.0
2347	128.0
2348	176.0
2349	92.0
2350	128.0
2351	148.0
2352	64.0
2353	108.0
2354	40.0
2355	168.0
2356	84.0
2357	184.0
2358	84.0
2359	96.0
2360	68.0
2361	172.0
2362	116.0
2363	140.0
2364	100.0
2365	184.0
2366	104.0
2367	124.0
2368	108.0
2369	88.0
2370	92.0
2371	164.0
2372	120.0
2373	128.0
2374	72.0
2375	80.0
2376	180.0
2377	124.0
2378	84.0
2379	156.0
2380	96.0
2381	40.0
2382	84.0
2383	4.0
2384	144.0
2385	144.0
2386	4.0
2387	56.0
2388	100.0
2389	28.0
2390	116.0
2391	116.0
2392	100.0
2393	104.0
2394	92.0
2395	96.0
2396	92.0
2397	72.0
2398	180.0
2399	60.0
2400	32.0
2401	60.0
2402	104.0
2403	112.0
2404	136.0
2405	132.0
2406	188.0
2407	112.0
2408	124.0
2409	72.0
2410	140.0
2411	64.0
2412	144.0
2413	176.0
2414	212.0
2415	116.0
2416	152.0
2417	100.0
2418	152.0
2419	120.0
2420	100.0
2421	156.0
2422	140.0
2423	52.0
2424	88.0
2425	56.0
2426	112.0
2427	108.0
2428	120.0
2429	38.0
2430	76.0
2431	140.0
2432	68.0
2433	220.0
2434	144.0
2435	104.0
2436	152.0
2437	156.0
2438	148.0
2439	140.0
2440	92.0
2441	152.0
2442	124.0
2443	156.0
2444	176.0
2445	196.0
2446	104.0
2447	172.0
2448	140.0
2449	84.0
2450	136.0
2451	72.0
2452	72.0
2453	152.0
2454	68.0
2455	112.0
2456	104.0
2457	152.0
2458	152.0
2459	100.0
2460	120.0
2461	64.0
2462	100.0
2463	72.0
2464	88.0
2465	88.0
2466	64.0
2467	92.0
2468	92.0
2469	56.0
2470	72.0
2471	100.0
2472	196.0
2473	120.0
2474	192.0
2475	132.0
2476	124.0
2477	92.0
2478	152.0
2479	48.0
2480	140.0
2481	220.0
2482	172.0
2483	40.0
2484	60.0
2485	104.0
2486	84.0
2487	156.0
2488	56.0
2489	100.0
2490	124.0
2491	128.0
2492	104.0
2493	92.0
2494	132.0
2495	100.0
2496	96.0
2497	124.0
2498	184.0
2499	112.0
2500	112.0
2501	108.0
2502	128.0
2503	148.0
2504	136.0
2505	136.0
2506	64.0
2507	88.0
2508	132.0
2509	68.0
2510	104.0
2511	104.0
2512	88.0
2513	108.0
2514	52.0
2515	32.0
2516	148.0
2517	52.0
2518	104.0
2519	72.0
2520	52.0
2521	92.0
2522	84.0
2523	132.0
2524	136.0
2525	140.0
2526	140.0
2527	56.0
2528	124.0
2529	140.0
2530	108.0
2531	108.0
2532	116.0
2533	104.0
2534	38.0
2535	128.0
2536	60.0
2537	152.0
2538	76.0
2539	84.0
2540	108.0
2541	220.0
2542	4.0
2543	124.0
2544	108.0
2545	80.0
2546	108.0
2547	72.0
2548	100.0
2549	116.0
2550	84.0
2551	128.0
2552	128.0
2553	96.0
2554	72.0
2555	128.0
2556	100.0
2557	136.0
2558	108.0
2559	120.0
2560	152.0
2561	96.0
2562	80.0
2563	148.0
2564	164.0
2565	168.0
2566	180.0
2567	108.0
2568	144.0
2569	108.0
2570	156.0
2571	76.0
2572	88.0
2573	120.0
2574	100.0
2575	116.0
2576	40.0
2577	72.0
2578	80.0
2579	156.0
2580	148.0
2581	112.0
2582	112.0
2583	96.0
2584	48.0
2585	76.0
2586	196.0
2587	104.0
2588	108.0
2589	152.0
2590	140.0
2591	188.0
2592	8.0
2593	148.0
2594	140.0
2595	40.0
2596	168.0
2597	92.0
2598	104.0
2599	80.0
2600	92.0
2601	84.0
2602	72.0
2603	188.0
2604	80.0
2605	220.0
2606	52.0
2607	32.0
2608	56.0
2609	120.0
2610	124.0
2611	184.0
2612	160.0
2613	144.0
2614	68.0
2615	124.0
2616	56.0
2617	152.0
2618	60.0
2619	60.0
2620	112.0
2621	188.0
2622	92.0
2623	28.0
2624	120.0
2625	156.0
2626	112.0
2627	44.0
2628	76.0
2629	100.0
2630	152.0
2631	120.0
2632	120.0
2633	112.0
2634	38.0
2635	128.0
2636	172.0
2637	96.0
2638	32.0
2639	96.0
2640	124.0
2641	92.0
2642	152.0
2643	76.0
2644	36.0
2645	128.0
2646	92.0
2647	112.0
2648	84.0
2649	152.0
2650	140.0
2651	128.0
2652	76.0
2653	92.0
2654	100.0
2655	88.0
2656	120.0
2657	16.0
2658	40.0
2659	52.0
2660	92.0
2661	72.0
2662	168.0
2663	20.0
2664	140.0
2665	76.0
2666	112.0
2667	80.0
2668	68.0
2669	64.0
2670	140.0
2671	116.0
2672	64.0
2673	132.0
2674	88.0
2675	136.0
2676	108.0
2677	168.0
2678	140.0
2679	88.0
2680	108.0
2681	52.0
2682	64.0
2683	108.0
2684	148.0
2685	216.0
2686	44.0
2687	76.0
2688	124.0
2689	92.0
2690	76.0
2691	16.0
2692	124.0
2693	100.0
2694	96.0
2695	0.0
2696	136.0
2697	144.0
2698	112.0
2699	132.0
2700	100.0
2701	72.0
2702	60.0
2703	124.0
2704	104.0
2705	60.0
2706	80.0
2707	108.0
2708	148.0
2709	96.0
2710	84.0
2711	88.0
2712	64.0
2713	180.0
2714	124.0
2715	152.0
2716	44.0
2717	88.0
2718	108.0
2719	40.0
2720	68.0
2721	116.0
2722	64.0
2723	36.0
2724	148.0
2725	188.0
2726	72.0
2727	100.0
2728	64.0
2729	112.0
2730	64.0
2731	96.0
2732	108.0
2733	64.0
2734	84.0
2735	32.0
2736	32.0
2737	68.0
2738	92.0
2739	56.0
2740	96.0
2741	60.0
2742	52.0
2743	124.0
2744	88.0
2745	92.0
2746	32.0
2747	80.0
