0	1608.0
1	1564.0
2	1340.0
3	1280.0
4	1520.0
5	1100.0
6	1460.0
7	1504.0
8	1672.0
9	1568.0
10	1288.0
11	1492.0
12	1332.0
13	1724.0
14	1568.0
15	1540.0
16	1488.0
17	1624.0
18	1608.0
19	1280.0
20	1396.0
21	1302.0
22	1400.0
23	1528.0
24	1380.0
25	1412.0
26	1702.0
27	1680.0
28	1572.0
29	1316.0
30	1532.0
31	1436.0
32	1576.0
33	1488.0
34	1532.0
35	1716.0
36	1376.0
37	1456.0
38	1340.0
39	1536.0
40	1652.0
41	1482.0
42	1644.0
43	1588.0
44	1588.0
45	1584.0
46	1540.0
47	1504.0
48	1568.0
49	1476.0
50	1556.0
51	1364.0
52	1488.0
53	1540.0
54	1644.0
55	1280.0
56	1488.0
57	1604.0
58	1384.0
59	1456.0
60	1424.0
61	1340.0
62	1556.0
63	1540.0
64	1452.0
65	1528.0
66	1508.0
67	1588.0
68	1512.0
69	1288.0
70	1420.0
71	1768.0
72	1548.0
73	1504.0
74	1560.0
75	1776.0
76	1484.0
77	1384.0
78	1574.0
79	1492.0
80	1416.0
81	1624.0
82	1492.0
83	1512.0
84	1580.0
85	1452.0
86	1640.0
87	1404.0
88	1508.0
89	1708.0
90	1344.0
91	1640.0
92	1488.0
93	1356.0
94	1620.0
95	1530.0
96	1796.0
97	1516.0
98	1380.0
99	1600.0
100	1432.0
101	1520.0
102	1636.0
103	1488.0
104	1632.0
105	1500.0
106	1416.0
107	1420.0
108	1688.0
109	1412.0
110	1596.0
111	1188.0
112	1420.0
113	1516.0
114	1376.0
115	1320.0
116	1636.0
117	1504.0
118	1408.0
119	1492.0
120	1576.0
121	1394.0
122	1528.0
123	1428.0
124	1516.0
125	1636.0
126	1496.0
127	1296.0
128	1508.0
129	1608.0
130	1180.0
131	1256.0
132	1428.0
133	1372.0
134	1444.0
135	1216.0
136	1352.0
137	1412.0
138	1312.0
139	1264.0
140	1368.0
141	1490.0
142	1260.0
143	1326.0
144	1464.0
145	1508.0
146	1584.0
147	1536.0
148	1504.0
149	1356.0
150	1244.0
151	1352.0
152	1596.0
153	1408.0
154	1516.0
155	1412.0
156	1264.0
157	1664.0
158	1508.0
159	1420.0
160	1498.0
161	1744.0
162	1640.0
163	1410.0
164	1436.0
165	1552.0
166	1472.0
167	1266.0
168	1532.0
169	1502.0
170	1580.0
171	1412.0
172	1480.0
173	1284.0
174	1492.0
175	1364.0
176	1768.0
177	1364.0
178	1364.0
179	1296.0
180	1450.0
181	1552.0
182	1396.0
183	1436.0
184	1388.0
185	1622.0
186	1664.0
187	1256.0
188	1536.0
189	1532.0
190	1396.0
191	1548.0
192	1504.0
193	1256.0
194	1560.0
195	1268.0
196	1364.0
197	1468.0
198	1464.0
199	1684.0
200	1464.0
201	1328.0
202	1304.0
203	1500.0
204	1612.0
205	1600.0
206	1512.0
207	1364.0
208	1596.0
209	1484.0
210	1544.0
211	1460.0
212	1292.0
213	1512.0
214	1464.0
215	1572.0
216	1456.0
217	1536.0
218	1404.0
219	1460.0
220	1492.0
221	1556.0
222	1468.0
223	1478.0
224	1616.0
225	1476.0
226	1320.0
227	1516.0
228	1360.0
229	1500.0
230	1508.0
231	1364.0
232	1664.0
233	1508.0
234	1328.0
235	1420.0
236	1492.0
237	1160.0
238	1400.0
239	1352.0
240	1304.0
241	1504.0
242	1432.0
243	1636.0
244	1436.0
245	1536.0
246	1276.0
247	1708.0
248	1524.0
249	1196.0
250	1468.0
251	1592.0
252	1180.0
253	1360.0
254	1292.0
255	1456.0
256	1600.0
257	1586.0
258	1224.0
259	1476.0
260	1312.0
261	1564.0
262	1588.0
263	1348.0
264	1328.0
265	1236.0
266	1336.0
267	1564.0
268	1564.0
269	1648.0
270	1560.0
271	1500.0
272	1536.0
273	1560.0
274	1660.0
275	1444.0
276	1456.0
277	1512.0
278	1640.0
279	1724.0
280	1592.0
281	1456.0
282	1464.0
283	1440.0
284	1348.0
285	1536.0
286	1368.0
287	1356.0
288	1316.0
289	1400.0
290	1412.0
291	1452.0
292	1460.0
293	1420.0
294	1600.0
295	1488.0
296	1384.0
297	1368.0
298	1480.0
299	1496.0
300	1300.0
301	1496.0
302	1540.0
303	1500.0
304	1564.0
305	1524.0
306	1378.0
307	1404.0
308	1580.0
309	1668.0
310	1520.0
311	1652.0
312	1416.0
313	1428.0
314	1556.0
315	1388.0
316	1324.0
317	1540.0
318	1800.0
319	1668.0
320	1556.0
321	1452.0
322	1616.0
323	1468.0
324	1608.0
325	1442.0
326	1528.0
327	1344.0
328	1352.0
329	1452.0
330	1208.0
331	1372.0
332	1404.0
333	1448.0
334	1548.0
335	1464.0
336	1392.0
337	1244.0
338	1408.0
339	1156.0
340	1544.0
341	1348.0
342	1388.0
343	1384.0
344	1720.0
345	1560.0
346	1532.0
347	1600.0
348	1584.0
349	1284.0
350	1528.0
351	1532.0
352	1536.0
353	1444.0
354	1616.0
355	1328.0
356	1056.0
357	1292.0
358	1352.0
359	1524.0
360	1524.0
361	1332.0
362	1556.0
363	1516.0
364	1232.0
365	1500.0
366	1736.0
367	1376.0
368	1320.0
369	1452.0
370	1630.0
371	1672.0
372	1408.0
373	1512.0
374	1444.0
375	1404.0
376	1540.0
377	1616.0
378	1528.0
379	1360.0
380	1440.0
381	1440.0
382	1496.0
383	1604.0
384	1556.0
385	1492.0
386	1748.0
387	1608.0
388	1420.0
389	1452.0
390	1240.0
391	1568.0
392	1444.0
393	1552.0
394	1340.0
395	1600.0
396	1564.0
397	1564.0
398	1716.0
399	1416.0
400	1586.0
401	1444.0
402	1424.0
403	1612.0
404	1436.0
405	1460.0
406	1460.0
407	1428.0
408	1508.0
409	1440.0
410	1752.0
411	1408.0
412	1476.0
413	1472.0
414	1432.0
415	1232.0
416	1320.0
417	1484.0
418	1256.0
419	1448.0
420	1464.0
421	1560.0
422	1486.0
423	1336.0
424	1560.0
425	1440.0
426	1508.0
427	1564.0
428	1540.0
429	1616.0
430	1392.0
431	1364.0
432	1620.0
433	1476.0
434	1424.0
435	1528.0
436	1464.0
437	1452.0
438	1390.0
439	1244.0
440	1640.0
441	1452.0
442	1364.0
443	1420.0
444	1224.0
445	1620.0
446	1476.0
447	1412.0
448	1396.0
449	1304.0
450	1460.0
451	1412.0
452	1436.0
453	1416.0
454	1276.0
455	1456.0
456	1536.0
457	1378.0
458	1284.0
459	1308.0
460	1352.0
461	1384.0
462	1568.0
463	1388.0
464	1440.0
465	1580.0
466	1354.0
467	1568.0
468	1564.0
469	1284.0
470	1368.0
471	1324.0
472	1592.0
473	1412.0
474	1396.0
475	1384.0
476	1544.0
477	1504.0
478	1468.0
479	1404.0
480	1362.0
481	1540.0
482	1540.0
483	1504.0
484	1476.0
485	1404.0
486	1228.0
487	1236.0
488	1468.0
489	1496.0
490	1508.0
491	1548.0
492	1424.0
493	1542.0
494	1524.0
495	1480.0
496	1312.0
497	1420.0
498	1444.0
499	1424.0
500	1242.0
501	1520.0
502	1416.0
503	1428.0
504	1476.0
505	1260.0
506	1640.0
507	1668.0
508	1294.0
509	1452.0
510	1472.0
511	1696.0
512	1704.0
513	1644.0
514	1544.0
515	1340.0
516	1324.0
517	1620.0
518	1476.0
519	1548.0
520	1384.0
521	1716.0
522	1448.0
523	1524.0
524	1532.0
525	1540.0
526	1500.0
527	1436.0
528	1382.0
529	1442.0
530	1424.0
531	1420.0
532	1384.0
533	1500.0
534	1480.0
535	1608.0
536	1536.0
537	1568.0
538	1176.0
539	1264.0
540	1556.0
541	1472.0
542	1484.0
543	1536.0
544	1436.0
545	1480.0
546	1624.0
547	1576.0
548	1488.0
549	1280.0
550	1480.0
551	1440.0
552	1516.0
553	1360.0
554	1404.0
555	1472.0
556	1440.0
557	1532.0
558	1316.0
559	1340.0
560	1496.0
561	1372.0
562	1410.0
563	1292.0
564	1512.0
565	1512.0
566	1372.0
567	1520.0
568	1436.0
569	1392.0
570	1584.0
571	1264.0
572	1288.0
573	1612.0
574	1472.0
575	1274.0
576	1582.0
577	1636.0
578	1376.0
579	1376.0
580	1068.0
581	1468.0
582	1396.0
583	1536.0
584	1374.0
585	1356.0
586	1432.0
587	1416.0
588	1608.0
589	1378.0
590	1344.0
591	1432.0
592	1560.0
593	1356.0
594	1516.0
595	1508.0
596	1548.0
597	1480.0
598	1380.0
599	1332.0
600	1428.0
601	1324.0
602	1336.0
603	1564.0
604	1640.0
605	1300.0
606	1464.0
607	1560.0
608	1548.0
609	1344.0
610	1292.0
611	1412.0
612	1400.0
613	1232.0
614	1300.0
615	1462.0
616	1656.0
617	1456.0
618	1620.0
619	1244.0
620	1424.0
621	1524.0
622	1488.0
623	1640.0
624	1388.0
625	1508.0
626	1332.0
627	1306.0
628	1240.0
629	1448.0
630	1344.0
631	1272.0
632	1548.0
633	1292.0
634	1472.0
635	1480.0
636	1392.0
637	1372.0
638	1556.0
639	1492.0
640	1428.0
641	1484.0
642	1356.0
643	1536.0
644	1520.0
645	1612.0
646	1316.0
647	1360.0
648	1500.0
649	1440.0
650	1388.0
651	1508.0
652	1532.0
653	1276.0
654	1496.0
655	1514.0
656	1452.0
657	1280.0
658	1584.0
659	1476.0
660	1364.0
661	1460.0
662	1300.0
663	1484.0
664	1424.0
665	1424.0
666	1400.0
667	1324.0
668	1188.0
669	1264.0
670	1300.0
671	1480.0
672	1376.0
673	1640.0
674	1408.0
675	1408.0
676	1332.0
677	1334.0
678	1444.0
679	1408.0
680	1412.0
681	1448.0
682	1420.0
683	1520.0
684	1356.0
685	1460.0
686	1328.0
687	1580.0
688	1488.0
689	1524.0
690	1464.0
691	1404.0
692	1788.0
693	1604.0
694	1348.0
695	1552.0
696	1428.0
697	1352.0
698	1356.0
699	1288.0
700	1534.0
701	1396.0
702	1564.0
703	1628.0
704	1360.0
705	1472.0
706	1362.0
707	1200.0
708	1432.0
709	1344.0
710	1148.0
711	1536.0
712	1604.0
713	1614.0
714	1564.0
715	1356.0
716	1464.0
717	1472.0
718	1456.0
719	1552.0
720	1692.0
721	1520.0
722	1444.0
723	1372.0
724	1404.0
725	1464.0
726	1588.0
727	1292.0
728	1380.0
729	1276.0
730	1472.0
731	1404.0
732	1444.0
733	1506.0
734	1300.0
735	1416.0
736	1520.0
737	1340.0
738	1612.0
739	1480.0
740	1384.0
741	1488.0
742	1488.0
743	1440.0
744	1564.0
745	1484.0
746	1604.0
747	1452.0
748	1528.0
749	1380.0
750	1464.0
751	1604.0
752	1468.0
753	1516.0
754	1476.0
755	1580.0
756	1296.0
757	1436.0
758	1288.0
759	1216.0
760	1340.0
761	1336.0
762	1290.0
763	1408.0
764	1412.0
765	1636.0
766	1588.0
767	1440.0
768	1404.0
769	1332.0
770	1536.0
771	1296.0
772	1776.0
773	1440.0
774	1424.0
775	1460.0
776	1290.0
777	1540.0
778	1456.0
779	1376.0
780	1224.0
781	1296.0
782	1484.0
783	1624.0
784	1400.0
785	1492.0
786	1564.0
787	1346.0
788	1444.0
789	1464.0
790	1408.0
791	1340.0
792	1352.0
793	1422.0
794	1278.0
795	1300.0
796	1268.0
797	1508.0
798	1452.0
799	1616.0
800	1416.0
801	1464.0
802	1260.0
803	1340.0
804	1104.0
805	1048.0
806	888.0
807	808.0
808	936.0
809	980.0
810	1504.0
811	1284.0
812	1340.0
813	1344.0
814	1208.0
815	1436.0
816	1420.0
817	1404.0
818	1460.0
819	1354.0
820	1604.0
821	1628.0
822	1236.0
823	1464.0
824	1260.0
825	1596.0
826	1268.0
827	1348.0
828	1318.0
829	1440.0
830	1254.0
831	1380.0
832	1374.0
833	1196.0
834	1416.0
835	1380.0
836	1456.0
837	1436.0
838	1428.0
839	1248.0
840	1464.0
841	1212.0
842	896.0
843	952.0
844	1592.0
845	1572.0
846	1352.0
847	1404.0
848	1480.0
849	1396.0
850	1420.0
851	1496.0
852	1632.0
853	1360.0
854	1496.0
855	1640.0
856	1660.0
857	1548.0
858	1434.0
859	1160.0
860	1428.0
861	1476.0
862	1276.0
863	1604.0
864	1512.0
865	1400.0
866	1664.0
867	1724.0
868	1552.0
869	1392.0
870	1424.0
871	1464.0
872	1424.0
873	1492.0
874	1572.0
875	1528.0
876	1736.0
877	1572.0
878	1560.0
879	1652.0
880	1560.0
881	1564.0
882	1380.0
883	1364.0
884	1340.0
885	1356.0
886	1312.0
887	1484.0
888	1700.0
889	1304.0
890	1288.0
891	1580.0
892	1456.0
893	1404.0
894	1268.0
895	1684.0
896	1548.0
897	1348.0
898	1516.0
899	1678.0
900	1524.0
901	1384.0
902	1460.0
903	1448.0
904	1552.0
905	1536.0
906	1540.0
907	1282.0
908	1540.0
909	1272.0
910	1420.0
911	1568.0
912	1340.0
913	1568.0
914	1120.0
915	1292.0
916	1380.0
917	1408.0
918	1420.0
919	1700.0
920	1620.0
921	1416.0
922	1464.0
923	1360.0
924	1436.0
925	1260.0
926	884.0
927	1520.0
928	1302.0
929	1356.0
930	1308.0
931	1536.0
932	1352.0
933	1334.0
934	1278.0
935	1476.0
936	1252.0
937	1418.0
938	1300.0
939	936.0
940	988.0
941	1052.0
942	1056.0
943	1050.0
944	1364.0
945	1352.0
946	1464.0
947	1308.0
948	1288.0
949	1460.0
950	1448.0
951	1416.0
952	1326.0
953	1384.0
954	1220.0
955	1504.0
956	1360.0
957	1352.0
958	1420.0
959	1428.0
960	1004.0
961	1328.0
962	1460.0
963	1192.0
964	1340.0
965	1438.0
966	1536.0
967	1624.0
968	1380.0
969	1384.0
970	1460.0
971	1508.0
972	1378.0
973	970.0
974	792.0
975	796.0
976	860.0
977	868.0
978	912.0
979	1090.0
980	1692.0
981	1024.0
982	1088.0
983	1036.0
984	1448.0
985	1368.0
986	1220.0
987	1356.0
988	1332.0
989	1524.0
990	1592.0
991	1398.0
992	1336.0
993	1396.0
994	1476.0
995	1380.0
996	1628.0
997	1400.0
998	1332.0
999	1708.0
1000	1488.0
1001	986.0
1002	1576.0
1003	1024.0
1004	1120.0
1005	802.0
1006	1568.0
1007	1296.0
1008	1468.0
1009	1340.0
1010	1544.0
1011	1156.0
1012	1248.0
1013	1520.0
1014	1368.0
1015	1464.0
1016	1056.0
1017	1192.0
1018	888.0
1019	1436.0
1020	1472.0
1021	1200.0
1022	1540.0
1023	1480.0
1024	1428.0
1025	1372.0
1026	1344.0
1027	1372.0
1028	1528.0
1029	1624.0
1030	1344.0
1031	1680.0
1032	1312.0
1033	1284.0
1034	1580.0
1035	1460.0
1036	1460.0
1037	1568.0
1038	1400.0
1039	1528.0
1040	1218.0
1041	1460.0
1042	1618.0
1043	1388.0
1044	1348.0
1045	1086.0
1046	996.0
1047	1088.0
1048	1032.0
1049	1196.0
1050	1512.0
1051	752.0
1052	1516.0
1053	1226.0
1054	1388.0
1055	1368.0
1056	1700.0
1057	1328.0
1058	1344.0
1059	1296.0
1060	1324.0
1061	1540.0
1062	1312.0
1063	1452.0
1064	1348.0
1065	1508.0
1066	1660.0
1067	1628.0
1068	1344.0
1069	1288.0
1070	1352.0
1071	1428.0
1072	964.0
1073	864.0
1074	776.0
1075	1084.0
1076	1244.0
1077	1420.0
1078	1556.0
1079	1360.0
1080	1372.0
1081	1456.0
1082	1552.0
1083	1524.0
1084	1496.0
1085	1082.0
1086	1312.0
1087	1092.0
1088	960.0
1089	992.0
1090	1388.0
1091	1640.0
1092	1236.0
1093	1138.0
1094	1292.0
1095	1288.0
1096	1472.0
1097	1296.0
1098	1548.0
1099	1528.0
1100	1374.0
1101	1588.0
1102	1472.0
1103	1328.0
1104	1416.0
1105	1368.0
1106	1020.0
1107	1464.0
1108	1116.0
1109	1400.0
1110	1064.0
1111	1526.0
1112	1280.0
1113	1232.0
1114	1492.0
1115	1356.0
1116	1456.0
1117	1352.0
1118	1264.0
1119	1428.0
1120	1592.0
1121	1674.0
1122	1436.0
1123	1432.0
1124	1560.0
1125	1440.0
1126	1340.0
1127	1388.0
1128	1548.0
1129	1304.0
1130	1564.0
1131	1504.0
1132	1472.0
1133	1572.0
1134	1432.0
1135	994.0
1136	856.0
1137	1056.0
1138	900.0
1139	1116.0
1140	1280.0
1141	1624.0
1142	1632.0
1143	1464.0
1144	1412.0
1145	1204.0
1146	1452.0
1147	1244.0
1148	1208.0
1149	1416.0
1150	1488.0
1151	1388.0
1152	1296.0
1153	1400.0
1154	1340.0
1155	1282.0
1156	1380.0
1157	1272.0
1158	900.0
1159	1352.0
1160	1448.0
1161	1408.0
1162	1152.0
1163	1444.0
1164	1412.0
1165	1296.0
1166	1584.0
1167	1496.0
1168	1552.0
1169	1544.0
1170	1288.0
1171	796.0
1172	1394.0
1173	1416.0
1174	1452.0
1175	1110.0
1176	1448.0
1177	1388.0
1178	1312.0
1179	1468.0
1180	1408.0
1181	1276.0
1182	1340.0
1183	1268.0
1184	1528.0
1185	1576.0
1186	1596.0
1187	882.0
1188	840.0
1189	1380.0
1190	1386.0
1191	1668.0
1192	1400.0
1193	1468.0
1194	1172.0
1195	1456.0
1196	1224.0
1197	1156.0
1198	1232.0
1199	1508.0
1200	1440.0
1201	1312.0
1202	1504.0
1203	1468.0
1204	1294.0
1205	908.0
1206	1352.0
1207	1300.0
1208	1392.0
1209	1376.0
1210	1392.0
1211	1356.0
1212	1424.0
1213	1496.0
1214	1504.0
1215	1420.0
1216	1452.0
1217	1456.0
1218	1464.0
1219	1148.0
1220	1428.0
1221	1440.0
1222	1484.0
1223	1392.0
1224	1516.0
1225	1492.0
1226	1440.0
1227	1280.0
1228	1508.0
1229	1364.0
1230	1428.0
1231	1572.0
1232	1344.0
1233	1392.0
1234	1428.0
1235	1328.0
1236	1580.0
1237	1472.0
1238	1472.0
1239	1628.0
1240	1412.0
1241	1312.0
1242	1504.0
1243	1028.0
1244	928.0
1245	1440.0
1246	1006.0
1247	972.0
1248	1300.0
1249	932.0
1250	1028.0
1251	1054.0
1252	1320.0
1253	1036.0
1254	962.0
1255	928.0
1256	1272.0
1257	1416.0
1258	1366.0
1259	1120.0
1260	1272.0
1261	1436.0
1262	1392.0
1263	1324.0
1264	1176.0
1265	1348.0
1266	1284.0
1267	1672.0
1268	1214.0
1269	1296.0
1270	1204.0
1271	1272.0
1272	1496.0
1273	1160.0
1274	1504.0
1275	1448.0
1276	1720.0
1277	1164.0
1278	1386.0
1279	1372.0
1280	1432.0
1281	1542.0
1282	1604.0
1283	1432.0
1284	1444.0
1285	1400.0
1286	1476.0
1287	1204.0
1288	1400.0
1289	1208.0
1290	846.0
1291	1012.0
1292	1024.0
1293	1484.0
1294	1644.0
1295	1380.0
1296	1412.0
1297	1320.0
1298	1216.0
1299	1272.0
1300	1116.0
1301	1168.0
1302	1392.0
1303	1476.0
1304	1408.0
1305	1400.0
1306	1580.0
1307	1370.0
1308	1416.0
1309	1220.0
1310	1452.0
1311	1492.0
1312	1488.0
1313	1320.0
1314	800.0
1315	1256.0
1316	1114.0
1317	1212.0
1318	1340.0
1319	1408.0
1320	1204.0
1321	876.0
1322	1132.0
1323	1080.0
1324	1480.0
1325	1324.0
1326	1372.0
1327	1456.0
1328	1368.0
1329	866.0
1330	1032.0
1331	956.0
1332	944.0
1333	1028.0
1334	1592.0
1335	968.0
1336	1340.0
1337	1468.0
1338	1460.0
1339	1496.0
1340	1408.0
1341	1024.0
1342	952.0
1343	830.0
1344	880.0
1345	956.0
1346	1260.0
1347	1608.0
1348	1428.0
1349	1432.0
1350	1316.0
1351	1456.0
1352	1096.0
1353	1368.0
1354	1586.0
1355	1488.0
1356	1396.0
1357	1392.0
1358	1612.0
1359	1316.0
1360	1516.0
1361	1112.0
1362	1348.0
1363	1340.0
1364	1312.0
1365	1636.0
1366	1196.0
1367	1436.0
1368	1528.0
1369	1520.0
1370	1492.0
1371	1172.0
1372	1356.0
1373	1244.0
1374	1356.0
1375	1404.0
1376	1252.0
1377	1104.0
1378	1404.0
1379	1372.0
1380	1420.0
1381	1272.0
1382	1304.0
1383	748.0
1384	1496.0
1385	1368.0
1386	1368.0
1387	1064.0
1388	1434.0
1389	1208.0
1390	1292.0
1391	1266.0
1392	1288.0
1393	1016.0
1394	1376.0
1395	1152.0
1396	1468.0
1397	1152.0
1398	1448.0
1399	1184.0
1400	842.0
1401	1392.0
1402	1228.0
1403	1388.0
1404	1372.0
1405	1232.0
1406	1280.0
1407	1024.0
1408	888.0
1409	888.0
1410	1424.0
1411	1388.0
1412	1292.0
1413	1194.0
1414	1064.0
1415	1356.0
1416	1120.0
1417	1328.0
1418	1342.0
1419	1464.0
1420	1600.0
1421	1296.0
1422	1408.0
1423	1132.0
1424	1296.0
1425	1364.0
1426	1540.0
1427	1384.0
1428	1096.0
1429	1146.0
1430	1408.0
1431	1676.0
1432	1480.0
1433	1176.0
1434	1304.0
1435	1324.0
1436	872.0
1437	1636.0
1438	1256.0
1439	1296.0
1440	1320.0
1441	1380.0
1442	1368.0
1443	1200.0
1444	1264.0
1445	1436.0
1446	1312.0
1447	1434.0
1448	1016.0
1449	1020.0
1450	982.0
1451	776.0
1452	952.0
1453	1508.0
1454	1348.0
1455	1292.0
1456	1480.0
1457	1392.0
1458	1200.0
1459	1312.0
1460	1170.0
1461	1400.0
1462	1452.0
1463	1340.0
1464	1660.0
1465	1260.0
1466	784.0
1467	1228.0
1468	872.0
1469	1420.0
1470	1126.0
1471	960.0
1472	786.0
1473	1240.0
1474	1256.0
1475	1668.0
1476	1508.0
1477	1348.0
1478	1420.0
1479	1372.0
1480	744.0
1481	1192.0
1482	844.0
1483	1384.0
1484	1328.0
1485	1396.0
1486	1064.0
1487	1232.0
1488	1460.0
1489	1272.0
1490	1292.0
1491	1528.0
1492	1272.0
1493	1320.0
1494	1312.0
1495	1432.0
1496	1312.0
1497	1208.0
1498	1330.0
1499	1448.0
1500	1370.0
1501	1416.0
1502	1168.0
1503	1176.0
1504	1352.0
1505	1340.0
1506	1216.0
1507	1032.0
1508	924.0
1509	1188.0
1510	1412.0
1511	1248.0
1512	1124.0
1513	1312.0
1514	1512.0
1515	1036.0
1516	1348.0
1517	962.0
1518	1254.0
1519	1100.0
1520	1380.0
1521	812.0
1522	936.0
1523	916.0
1524	994.0
1525	852.0
1526	1476.0
1527	1212.0
1528	788.0
1529	968.0
1530	1382.0
1531	1476.0
1532	1324.0
1533	1524.0
1534	1112.0
1535	1468.0
1536	1268.0
1537	1224.0
1538	1146.0
1539	1340.0
1540	1236.0
1541	1448.0
1542	1356.0
1543	1448.0
1544	1336.0
1545	1328.0
1546	1308.0
1547	1220.0
1548	1064.0
1549	1548.0
1550	1452.0
1551	1184.0
1552	1468.0
1553	1308.0
1554	1240.0
1555	1320.0
1556	1588.0
1557	1284.0
1558	1356.0
1559	1476.0
1560	1268.0
1561	1342.0
1562	1296.0
1563	1234.0
1564	1250.0
1565	1412.0
1566	1296.0
1567	1236.0
1568	1388.0
1569	1344.0
1570	1520.0
1571	1428.0
1572	1144.0
1573	1472.0
1574	1488.0
1575	1492.0
1576	1260.0
1577	1188.0
1578	1404.0
1579	1316.0
1580	776.0
1581	1324.0
1582	1280.0
1583	1328.0
1584	1364.0
1585	1340.0
1586	1376.0
1587	1344.0
1588	1428.0
1589	1512.0
1590	1362.0
1591	1348.0
1592	1252.0
1593	1168.0
1594	1088.0
1595	1428.0
1596	948.0
1597	1216.0
1598	1400.0
1599	1256.0
1600	1190.0
1601	1236.0
1602	1200.0
1603	1244.0
1604	1364.0
1605	1052.0
1606	1072.0
1607	1560.0
1608	864.0
1609	1016.0
1610	1024.0
1611	1052.0
1612	1044.0
1613	1288.0
1614	1112.0
1615	1252.0
1616	1280.0
1617	1312.0
1618	1244.0
1619	1292.0
1620	1392.0
1621	1420.0
1622	1220.0
1623	1296.0
1624	1124.0
1625	1392.0
1626	860.0
1627	1100.0
1628	1132.0
1629	1224.0
1630	1420.0
1631	1424.0
1632	1118.0
1633	1208.0
1634	1248.0
1635	694.0
1636	1086.0
1637	852.0
1638	956.0
1639	1434.0
1640	1228.0
1641	1464.0
1642	1140.0
1643	1552.0
1644	1124.0
1645	1432.0
1646	1264.0
1647	928.0
1648	1228.0
1649	1104.0
1650	982.0
1651	1274.0
1652	1100.0
1653	1304.0
1654	1284.0
1655	1328.0
1656	1460.0
1657	1396.0
1658	1344.0
1659	1608.0
1660	1268.0
1661	1280.0
1662	1260.0
1663	1308.0
1664	1048.0
1665	1280.0
1666	1104.0
1667	1208.0
1668	1200.0
1669	1100.0
1670	1252.0
1671	1242.0
1672	1308.0
1673	1184.0
1674	1308.0
1675	1302.0
1676	1156.0
1677	1184.0
1678	1244.0
1679	1344.0
1680	1264.0
1681	1244.0
1682	1056.0
1683	1388.0
1684	1268.0
1685	1240.0
1686	1184.0
1687	1060.0
1688	1228.0
1689	1354.0
1690	1352.0
1691	1120.0
1692	1460.0
1693	1092.0
1694	1260.0
1695	1160.0
1696	1394.0
1697	1316.0
1698	1456.0
1699	1208.0
1700	1228.0
1701	1280.0
1702	1136.0
1703	1308.0
1704	1108.0
1705	1224.0
1706	1180.0
1707	1292.0
1708	1524.0
1709	1124.0
1710	1208.0
1711	1128.0
1712	1344.0
1713	1388.0
1714	1220.0
1715	1164.0
1716	1128.0
1717	914.0
1718	1168.0
1719	1300.0
1720	1100.0
1721	1044.0
1722	1030.0
1723	1228.0
1724	1212.0
1725	1264.0
1726	1240.0
1727	1342.0
1728	1316.0
1729	1336.0
1730	1348.0
1731	1384.0
1732	1194.0
1733	1148.0
1734	1160.0
1735	1376.0
1736	1204.0
1737	1452.0
1738	1228.0
1739	1236.0
1740	1212.0
1741	1058.0
1742	1148.0
1743	1076.0
1744	1336.0
1745	1436.0
1746	1040.0
1747	1316.0
1748	1464.0
1749	1236.0
1750	1208.0
1751	1012.0
1752	1124.0
1753	1152.0
1754	1182.0
1755	1244.0
1756	1216.0
1757	1096.0
1758	1368.0
1759	1232.0
1760	1348.0
1761	1248.0
1762	1116.0
1763	1180.0
1764	1244.0
1765	1078.0
1766	1280.0
1767	1182.0
1768	1188.0
1769	1208.0
1770	1244.0
1771	1076.0
1772	1204.0
1773	1300.0
1774	1316.0
1775	936.0
1776	1216.0
1777	1076.0
1778	1224.0
1779	1396.0
1780	1138.0
1781	1100.0
1782	1140.0
1783	1168.0
1784	1004.0
1785	984.0
1786	1192.0
1787	1196.0
1788	1308.0
1789	1116.0
1790	1436.0
1791	1162.0
1792	1356.0
1793	1322.0
1794	1280.0
1795	844.0
1796	1362.0
1797	1428.0
1798	1180.0
1799	1386.0
1800	1284.0
1801	1016.0
1802	992.0
1803	1344.0
1804	1206.0
1805	1372.0
1806	1070.0
1807	1198.0
1808	988.0
1809	1184.0
1810	1280.0
1811	1284.0
1812	1308.0
1813	1132.0
1814	1280.0
1815	1216.0
1816	1304.0
1817	1134.0
1818	904.0
1819	1250.0
1820	1208.0
1821	1072.0
1822	1120.0
1823	1292.0
1824	1168.0
1825	1080.0
1826	1124.0
1827	1316.0
1828	1148.0
1829	1128.0
1830	1112.0
1831	1064.0
1832	1268.0
1833	1152.0
1834	1108.0
1835	1316.0
1836	1302.0
1837	1048.0
1838	1288.0
1839	1312.0
1840	1274.0
1841	1236.0
1842	1172.0
1843	1136.0
1844	1144.0
1845	1198.0
1846	1176.0
1847	1112.0
1848	1080.0
1849	1180.0
1850	1352.0
1851	1020.0
1852	1108.0
1853	1292.0
1854	990.0
1855	1192.0
1856	1120.0
1857	1516.0
1858	1244.0
1859	1124.0
1860	1248.0
1861	1160.0
1862	1240.0
1863	1162.0
1864	1080.0
1865	1148.0
1866	1164.0
1867	1148.0
1868	1136.0
1869	1052.0
1870	948.0
1871	1036.0
1872	1184.0
1873	1160.0
1874	1252.0
1875	1320.0
1876	1308.0
1877	1124.0
1878	1052.0
1879	1252.0
1880	1164.0
1881	1160.0
1882	1044.0
1883	988.0
1884	1122.0
1885	1224.0
1886	1038.0
1887	1128.0
1888	1128.0
1889	1156.0
1890	1020.0
1891	1320.0
1892	1182.0
1893	884.0
1894	1064.0
1895	1124.0
1896	1208.0
1897	1320.0
1898	1120.0
1899	1200.0
1900	1288.0
1901	1160.0
1902	1212.0
1903	1176.0
1904	1148.0
1905	1084.0
1906	1196.0
1907	1192.0
1908	1152.0
1909	1020.0
1910	1260.0
1911	1212.0
1912	1132.0
1913	1236.0
1914	1076.0
1915	936.0
1916	1100.0
1917	1160.0
1918	1392.0
1919	1304.0
1920	1086.0
1921	1100.0
1922	1108.0
1923	1170.0
1924	1104.0
1925	988.0
1926	964.0
1927	1180.0
1928	1032.0
1929	1176.0
1930	1116.0
1931	1428.0
1932	1076.0
1933	1300.0
1934	1064.0
1935	992.0
1936	1126.0
1937	1492.0
1938	1124.0
1939	1248.0
1940	944.0
1941	1196.0
1942	1184.0
1943	1080.0
1944	1176.0
1945	1342.0
1946	1080.0
1947	930.0
1948	916.0
1949	1208.0
1950	1248.0
1951	1032.0
1952	1068.0
1953	1188.0
1954	1216.0
1955	1160.0
1956	1192.0
1957	1076.0
1958	1312.0
1959	1368.0
1960	1068.0
1961	1168.0
1962	1228.0
1963	1172.0
1964	1184.0
1965	1136.0
1966	1202.0
1967	1360.0
1968	1200.0
1969	1208.0
1970	1124.0
1971	1134.0
1972	1228.0
1973	1072.0
1974	1386.0
1975	1200.0
1976	1300.0
1977	1068.0
1978	1084.0
1979	1180.0
1980	1042.0
1981	1116.0
1982	1048.0
1983	1234.0
1984	1040.0
1985	930.0
1986	1092.0
1987	954.0
1988	1308.0
1989	1276.0
1990	1028.0
1991	1084.0
1992	1136.0
1993	1108.0
1994	1372.0
1995	1282.0
1996	944.0
1997	1256.0
1998	1252.0
1999	1170.0
2000	1164.0
2001	1210.0
2002	918.0
2003	1000.0
2004	1268.0
2005	1144.0
2006	1200.0
2007	1268.0
2008	1144.0
2009	1216.0
2010	1000.0
2011	1136.0
2012	1310.0
2013	1180.0
2014	964.0
2015	1064.0
2016	1060.0
2017	1054.0
2018	1024.0
2019	1094.0
2020	1044.0
2021	1052.0
2022	1152.0
2023	940.0
2024	4696.0
2025	1852.0
2026	1112.0
2027	946.0
2028	1138.0
2029	1300.0
2030	1124.0
2031	1064.0
2032	1124.0
2033	1248.0
2034	1160.0
2035	1150.0
2036	1266.0
2037	1248.0
2038	924.0
2039	1352.0
2040	1340.0
2041	1204.0
2042	1058.0
2043	1116.0
2044	1024.0
2045	1180.0
2046	1160.0
2047	1408.0
2048	1204.0
2049	1268.0
2050	928.0
2051	1300.0
2052	1392.0
2053	1128.0
2054	1016.0
2055	984.0
2056	1088.0
2057	1024.0
2058	1116.0
2059	1276.0
2060	1148.0
2061	1120.0
2062	1204.0
2063	1280.0
2064	1100.0
2065	1196.0
2066	1416.0
2067	1112.0
2068	1294.0
2069	1060.0
2070	996.0
2071	1320.0
2072	1316.0
2073	1148.0
2074	954.0
2075	1144.0
2076	1258.0
2077	1252.0
2078	952.0
2079	1092.0
2080	1128.0
2081	1132.0
2082	1288.0
2083	1224.0
2084	1100.0
2085	964.0
2086	1354.0
2087	1116.0
2088	1148.0
2089	1212.0
2090	1240.0
2091	1140.0
2092	1048.0
2093	888.0
2094	1180.0
2095	1172.0
2096	1140.0
2097	1054.0
2098	1100.0
2099	1176.0
2100	1352.0
2101	1004.0
2102	1112.0
2103	1248.0
2104	1134.0
2105	1120.0
2106	1184.0
2107	1160.0
2108	1214.0
2109	1164.0
2110	1132.0
2111	1192.0
2112	1080.0
2113	880.0
2114	1334.0
2115	1040.0
2116	1260.0
2117	1020.0
2118	948.0
2119	1156.0
2120	970.0
2121	1164.0
2122	1224.0
2123	972.0
2124	984.0
2125	1080.0
2126	1300.0
2127	1364.0
2128	892.0
2129	1070.0
2130	1212.0
2131	992.0
2132	1120.0
2133	1140.0
2134	1160.0
2135	1232.0
2136	978.0
2137	1008.0
2138	1020.0
2139	1132.0
2140	1056.0
2141	992.0
2142	1120.0
2143	1116.0
2144	1026.0
2145	926.0
2146	1164.0
2147	928.0
2148	980.0
2149	1232.0
2150	1464.0
2151	1152.0
2152	900.0
2153	1084.0
2154	1042.0
2155	1112.0
2156	1132.0
2157	992.0
2158	1312.0
2159	1020.0
2160	996.0
2161	1020.0
2162	1160.0
2163	988.0
2164	1148.0
2165	1308.0
2166	1140.0
2167	932.0
2168	864.0
2169	1134.0
2170	1010.0
2171	1204.0
2172	1146.0
2173	1064.0
2174	1220.0
2175	1356.0
2176	1154.0
2177	968.0
2178	1148.0
2179	1116.0
2180	1108.0
2181	1248.0
2182	1202.0
2183	1132.0
2184	1062.0
2185	964.0
2186	1040.0
2187	1164.0
2188	1084.0
2189	1210.0
2190	1080.0
2191	1256.0
2192	964.0
2193	932.0
2194	1232.0
2195	992.0
2196	1082.0
2197	1264.0
2198	1180.0
2199	1388.0
2200	1220.0
2201	1144.0
2202	1100.0
2203	1092.0
2204	1048.0
2205	1180.0
2206	1040.0
2207	1236.0
2208	1036.0
2209	1124.0
2210	946.0
2211	1088.0
2212	1044.0
2213	1180.0
2214	1108.0
2215	1256.0
2216	1056.0
2217	782.0
2218	1024.0
2219	972.0
2220	1000.0
2221	970.0
2222	976.0
2223	980.0
2224	1000.0
2225	1272.0
2226	1220.0
2227	1004.0
2228	840.0
2229	996.0
2230	1112.0
2231	1128.0
2232	988.0
2233	1204.0
2234	1032.0
2235	916.0
2236	1068.0
2237	1184.0
2238	1196.0
2239	1052.0
2240	1008.0
2241	972.0
2242	1088.0
2243	1196.0
2244	1084.0
2245	1084.0
2246	1140.0
2247	1156.0
2248	904.0
2249	1166.0
2250	1212.0
2251	1182.0
2252	1180.0
2253	1240.0
2254	1142.0
2255	1024.0
2256	720.0
2257	1098.0
2258	976.0
2259	1152.0
2260	1146.0
2261	816.0
2262	1010.0
2263	1040.0
2264	908.0
2265	1028.0
2266	1170.0
2267	1152.0
2268	1116.0
2269	908.0
2270	1388.0
2271	1052.0
2272	1208.0
2273	834.0
2274	1070.0
2275	1026.0
2276	976.0
2277	954.0
2278	868.0
2279	1168.0
2280	1116.0
2281	1268.0
2282	1150.0
2283	1096.0
2284	1162.0
2285	1124.0
2286	980.0
2287	888.0
2288	1100.0
2289	964.0
2290	1080.0
2291	1006.0
2292	838.0
2293	1088.0
2294	1166.0
2295	1046.0
2296	1224.0
2297	1206.0
2298	1160.0
2299	1124.0
2300	1142.0
2301	984.0
2302	982.0
2303	980.0
2304	1196.0
2305	1032.0
2306	968.0
2307	974.0
2308	1076.0
2309	944.0
2310	940.0
2311	1024.0
2312	1160.0
2313	1142.0
2314	1064.0
2315	996.0
2316	1112.0
2317	1132.0
2318	918.0
2319	1144.0
2320	1080.0
2321	912.0
2322	1092.0
2323	1144.0
2324	1148.0
2325	912.0
2326	840.0
2327	884.0
2328	1104.0
2329	1140.0
2330	964.0
2331	996.0
2332	936.0
2333	1122.0
2334	792.0
2335	992.0
2336	876.0
2337	924.0
2338	920.0
2339	1196.0
2340	988.0
2341	990.0
2342	1128.0
2343	1172.0
2344	996.0
2345	892.0
2346	996.0
2347	1044.0
2348	1060.0
2349	1112.0
2350	964.0
2351	940.0
2352	988.0
2353	1240.0
2354	928.0
2355	1000.0
2356	1068.0
2357	1184.0
2358	1240.0
2359	860.0
2360	1088.0
2361	988.0
2362	886.0
2363	1260.0
2364	1004.0
2365	1106.0
2366	1000.0
2367	1024.0
2368	752.0
2369	688.0
2370	1260.0
2371	1324.0
2372	930.0
2373	1126.0
2374	1058.0
2375	1262.0
2376	922.0
2377	892.0
2378	1184.0
2379	1016.0
2380	998.0
2381	1288.0
2382	1052.0
2383	1122.0
2384	1038.0
2385	936.0
2386	1118.0
2387	898.0
2388	996.0
2389	1120.0
2390	1052.0
2391	1250.0
2392	1024.0
2393	1116.0
2394	884.0
2395	1176.0
2396	1024.0
2397	812.0
2398	1256.0
2399	1044.0
2400	1204.0
2401	1020.0
2402	1096.0
2403	902.0
2404	1090.0
2405	1168.0
2406	1160.0
2407	918.0
2408	1022.0
2409	1096.0
2410	1032.0
2411	968.0
2412	998.0
2413	1056.0
2414	1056.0
2415	1076.0
2416	1136.0
2417	1188.0
2418	980.0
2419	972.0
2420	960.0
2421	938.0
2422	992.0
2423	1304.0
2424	812.0
2425	1074.0
2426	1216.0
2427	1128.0
2428	980.0
2429	956.0
2430	1090.0
2431	1140.0
2432	1074.0
2433	970.0
2434	948.0
2435	1144.0
2436	1188.0
2437	1004.0
2438	1108.0
2439	1036.0
2440	1204.0
2441	1120.0
2442	1056.0
2443	1086.0
2444	1264.0
2445	1048.0
2446	1196.0
2447	1194.0
2448	1192.0
2449	996.0
2450	1084.0
2451	1248.0
2452	1338.0
2453	1004.0
2454	1196.0
2455	972.0
2456	1056.0
2457	1040.0
2458	1068.0
2459	1206.0
2460	1048.0
2461	1144.0
2462	1104.0
2463	952.0
2464	1040.0
2465	1052.0
2466	1028.0
2467	1126.0
2468	1192.0
2469	1312.0
2470	1036.0
2471	908.0
2472	992.0
2473	1068.0
2474	1148.0
2475	1018.0
2476	1090.0
2477	1056.0
2478	1264.0
2479	844.0
2480	896.0
2481	1188.0
2482	1216.0
2483	956.0
2484	1036.0
2485	1110.0
2486	1116.0
2487	790.0
2488	952.0
2489	1038.0
2490	842.0
2491	944.0
2492	1104.0
2493	972.0
2494	1180.0
2495	904.0
2496	1024.0
2497	848.0
2498	946.0
2499	852.0
2500	1030.0
2501	1062.0
2502	890.0
2503	1004.0
2504	1072.0
2505	866.0
2506	1094.0
2507	986.0
2508	1100.0
2509	1060.0
2510	938.0
2511	1130.0
2512	1060.0
2513	1000.0
2514	1096.0
2515	1116.0
2516	964.0
2517	976.0
2518	1156.0
2519	1060.0
2520	1206.0
2521	898.0
2522	916.0
2523	1188.0
2524	1044.0
2525	1024.0
2526	856.0
2527	1060.0
2528	1024.0
2529	894.0
2530	966.0
2531	1004.0
2532	1040.0
2533	832.0
2534	1292.0
2535	882.0
2536	1086.0
2537	1268.0
2538	974.0
2539	810.0
2540	972.0
2541	908.0
2542	966.0
2543	1080.0
2544	902.0
2545	1048.0
2546	826.0
2547	1176.0
2548	916.0
2549	1052.0
2550	1212.0
2551	1090.0
2552	1050.0
2553	1164.0
2554	1070.0
2555	1044.0
2556	1126.0
2557	900.0
2558	1060.0
2559	980.0
2560	1232.0
2561	944.0
2562	1236.0
2563	1160.0
2564	996.0
2565	1124.0
2566	1064.0
2567	1338.0
2568	842.0
2569	1282.0
2570	1044.0
2571	1040.0
2572	1036.0
2573	1000.0
2574	1232.0
2575	1320.0
2576	932.0
2577	1140.0
2578	1022.0
2579	944.0
2580	1012.0
2581	1220.0
2582	1316.0
2583	1252.0
2584	1192.0
2585	1130.0
2586	756.0
2587	962.0
2588	1420.0
2589	1216.0
2590	1028.0
2591	884.0
2592	996.0
2593	1096.0
2594	908.0
2595	818.0
2596	1012.0
2597	1038.0
2598	1136.0
2599	1164.0
2600	1368.0
2601	1054.0
2602	928.0
2603	1356.0
2604	1248.0
2605	972.0
2606	1206.0
2607	1256.0
2608	896.0
2609	1134.0
2610	1154.0
2611	1026.0
2612	1276.0
2613	1022.0
2614	720.0
2615	1114.0
2616	1344.0
2617	904.0
2618	834.0
2619	1224.0
2620	1092.0
2621	1096.0
2622	1104.0
2623	1048.0
2624	1052.0
2625	996.0
2626	1144.0
2627	1308.0
2628	1076.0
2629	988.0
2630	1220.0
2631	1204.0
2632	1146.0
2633	1296.0
2634	1130.0
2635	934.0
2636	842.0
2637	1232.0
2638	964.0
2639	1120.0
2640	1108.0
2641	1238.0
2642	1056.0
2643	1136.0
2644	1162.0
2645	1000.0
2646	1140.0
2647	1232.0
2648	1116.0
2649	1064.0
2650	1048.0
2651	1176.0
2652	1362.0
2653	1060.0
2654	1156.0
2655	1062.0
2656	858.0
2657	1428.0
2658	1120.0
2659	1080.0
2660	832.0
2661	1122.0
2662	1100.0
2663	1020.0
2664	1220.0
2665	928.0
2666	1324.0
2667	948.0
2668	1168.0
2669	964.0
2670	1522.0
2671	1008.0
2672	1024.0
2673	1228.0
2674	1252.0
2675	1080.0
2676	1276.0
2677	1128.0
2678	1256.0
2679	1132.0
2680	1174.0
2681	1140.0
2682	1288.0
2683	1224.0
2684	1140.0
2685	902.0
2686	1162.0
2687	848.0
2688	1048.0
2689	954.0
2690	1196.0
2691	1282.0
2692	992.0
2693	1040.0
2694	874.0
2695	1244.0
2696	1030.0
2697	1136.0
2698	1192.0
2699	1204.0
2700	1028.0
2701	796.0
2702	1184.0
2703	1268.0
2704	1128.0
2705	1028.0
2706	1148.0
2707	996.0
2708	1136.0
2709	890.0
2710	1106.0
2711	1018.0
2712	1304.0
2713	1128.0
2714	1080.0
2715	1284.0
2716	942.0
2717	1010.0
2718	738.0
2719	1092.0
2720	940.0
2721	1034.0
2722	1020.0
2723	1148.0
2724	824.0
2725	1020.0
2726	968.0
2727	1164.0
2728	936.0
2729	1186.0
2730	1024.0
2731	894.0
2732	1024.0
2733	1052.0
2734	1088.0
2735	914.0
2736	988.0
2737	1166.0
2738	1092.0
2739	1346.0
2740	1072.0
2741	868.0
2742	934.0
2743	1004.0
2744	1196.0
2745	1102.0
2746	984.0
2747	852.0
