0	1108.0
1	956.0
2	1448.0
3	996.0
4	980.0
5	1004.0
6	1016.0
7	1108.0
8	930.0
9	808.0
10	1124.0
11	876.0
12	1008.0
13	1148.0
14	1032.0
15	1018.0
16	932.0
17	980.0
18	1200.0
19	936.0
20	1112.0
21	866.0
22	904.0
23	1288.0
24	980.0
25	1060.0
26	1100.0
27	952.0
28	1048.0
29	1056.0
30	988.0
31	994.0
32	964.0
33	992.0
34	996.0
35	986.0
36	1100.0
37	1162.0
38	868.0
39	1052.0
40	954.0
41	1048.0
42	1108.0
43	888.0
44	796.0
45	1032.0
46	1160.0
47	1022.0
48	1144.0
49	820.0
50	1140.0
51	1224.0
52	1212.0
53	1084.0
54	988.0
55	1104.0
56	1212.0
57	944.0
58	996.0
59	984.0
60	1050.0
61	914.0
62	1186.0
63	1060.0
64	1104.0
65	1028.0
66	868.0
67	1036.0
68	1072.0
69	874.0
70	1004.0
71	1136.0
72	982.0
73	1240.0
74	976.0
75	1100.0
76	1120.0
77	1102.0
78	828.0
79	1108.0
80	1076.0
81	1284.0
82	992.0
83	1072.0
84	1056.0
85	1016.0
86	1068.0
87	1032.0
88	1056.0
89	900.0
90	920.0
91	1012.0
92	1120.0
93	986.0
94	1012.0
95	1072.0
96	900.0
97	1212.0
98	1012.0
99	896.0
100	964.0
101	948.0
102	1032.0
103	1032.0
104	1086.0
105	1056.0
106	1128.0
107	1212.0
108	1080.0
109	1090.0
110	968.0
111	1100.0
112	1170.0
113	964.0
114	984.0
115	1116.0
116	1002.0
117	958.0
118	972.0
119	1056.0
120	1076.0
121	1048.0
122	1016.0
123	1016.0
124	956.0
125	1052.0
126	1216.0
127	820.0
128	1056.0
129	1124.0
130	1016.0
131	1104.0
132	984.0
133	1056.0
134	1284.0
135	1012.0
136	1066.0
137	1172.0
138	870.0
139	1072.0
140	1008.0
141	1112.0
142	1004.0
143	1230.0
144	880.0
145	1058.0
146	1104.0
147	948.0
148	1160.0
149	1190.0
150	992.0
151	908.0
152	1072.0
153	708.0
154	984.0
155	936.0
156	952.0
157	912.0
158	996.0
159	1084.0
160	1100.0
161	1068.0
162	1048.0
163	1204.0
164	980.0
165	966.0
166	1008.0
167	860.0
168	860.0
169	948.0
170	1104.0
171	1024.0
172	1148.0
173	890.0
174	1050.0
175	940.0
176	840.0
177	984.0
178	850.0
179	1176.0
180	956.0
181	856.0
182	916.0
183	1148.0
184	844.0
185	1080.0
186	864.0
187	976.0
188	1140.0
189	928.0
190	1056.0
191	1016.0
192	1040.0
193	1104.0
194	908.0
195	840.0
196	1132.0
197	916.0
198	976.0
199	1260.0
200	1056.0
201	1200.0
202	856.0
203	892.0
204	1016.0
205	706.0
206	1192.0
207	1004.0
208	1056.0
209	992.0
210	940.0
211	1092.0
212	1056.0
213	1056.0
214	854.0
215	896.0
216	964.0
217	1174.0
218	1122.0
219	1144.0
220	1104.0
221	1136.0
222	976.0
223	1004.0
224	1068.0
225	1056.0
226	1112.0
227	1104.0
228	1092.0
229	886.0
230	912.0
231	1116.0
232	960.0
233	902.0
234	990.0
235	1028.0
236	954.0
237	1144.0
238	1220.0
239	862.0
240	1072.0
241	1078.0
242	1060.0
243	1060.0
244	998.0
245	1114.0
246	1114.0
247	962.0
248	1008.0
249	1020.0
250	1280.0
251	1132.0
252	960.0
253	1084.0
254	920.0
255	844.0
256	1112.0
257	980.0
258	868.0
259	938.0
260	888.0
261	1048.0
262	832.0
263	1016.0
264	996.0
265	928.0
266	996.0
267	1044.0
268	944.0
269	998.0
270	1040.0
271	1004.0
272	916.0
273	1048.0
274	972.0
275	972.0
276	1044.0
277	1286.0
278	946.0
279	1052.0
280	936.0
281	800.0
282	780.0
283	762.0
284	1008.0
285	1048.0
286	944.0
287	984.0
288	980.0
289	1020.0
290	1140.0
291	876.0
292	1006.0
293	952.0
294	1136.0
295	1004.0
296	1028.0
297	866.0
298	960.0
299	940.0
300	960.0
301	892.0
302	1028.0
303	1008.0
304	956.0
305	1012.0
306	1076.0
307	876.0
308	1032.0
309	1064.0
310	1144.0
311	856.0
312	968.0
313	900.0
314	1044.0
315	884.0
316	972.0
317	1156.0
318	1028.0
319	1072.0
320	1056.0
321	754.0
322	992.0
323	1076.0
324	1064.0
325	996.0
326	944.0
327	1004.0
328	1068.0
329	1056.0
330	1056.0
331	1012.0
332	964.0
333	984.0
334	1196.0
335	876.0
336	1072.0
337	1072.0
338	1018.0
339	1136.0
340	990.0
341	1072.0
342	960.0
343	996.0
344	960.0
345	848.0
346	1052.0
347	1104.0
348	1196.0
349	1084.0
350	992.0
351	972.0
352	910.0
353	928.0
354	916.0
355	1128.0
356	1082.0
357	1016.0
358	1100.0
359	1152.0
360	1008.0
361	1044.0
362	846.0
363	852.0
364	1012.0
365	976.0
366	1324.0
367	1152.0
368	922.0
369	1112.0
370	1142.0
371	1028.0
372	1036.0
373	832.0
374	1068.0
375	1006.0
376	884.0
377	1040.0
378	924.0
379	1048.0
380	1212.0
381	1032.0
382	1188.0
383	1138.0
384	1092.0
385	1084.0
386	1084.0
387	1128.0
388	1048.0
389	1040.0
390	852.0
391	812.0
392	844.0
393	1096.0
394	1012.0
395	968.0
396	856.0
397	1028.0
398	924.0
399	1068.0
400	808.0
401	1068.0
402	1316.0
403	904.0
404	1072.0
405	992.0
406	1028.0
407	808.0
408	1042.0
409	916.0
410	1000.0
411	1004.0
412	1096.0
413	980.0
414	960.0
415	972.0
416	1010.0
417	888.0
418	1036.0
419	996.0
420	972.0
421	1164.0
422	1024.0
423	980.0
424	1032.0
425	1064.0
426	970.0
427	940.0
428	884.0
429	1120.0
430	1032.0
431	1116.0
432	780.0
433	1052.0
434	932.0
435	1000.0
436	1148.0
437	918.0
438	894.0
439	768.0
440	1030.0
441	952.0
442	880.0
443	888.0
444	1052.0
445	1036.0
446	1328.0
447	844.0
448	964.0
449	884.0
450	876.0
451	1036.0
452	1024.0
453	1124.0
454	1140.0
455	1068.0
456	944.0
457	968.0
458	958.0
459	1160.0
460	1032.0
461	1156.0
462	1084.0
463	1076.0
464	888.0
465	728.0
466	1108.0
467	924.0
468	788.0
469	1104.0
470	1020.0
471	1056.0
472	1028.0
473	1024.0
474	876.0
475	876.0
476	1072.0
477	892.0
478	928.0
479	936.0
480	1136.0
481	772.0
482	1040.0
483	1032.0
484	884.0
485	992.0
486	936.0
487	1064.0
488	1004.0
489	858.0
490	932.0
491	900.0
492	1120.0
493	952.0
494	1260.0
495	958.0
496	994.0
497	920.0
498	922.0
499	912.0
500	932.0
501	1050.0
502	1016.0
503	892.0
504	1036.0
505	1012.0
506	1040.0
507	1012.0
508	1072.0
509	906.0
510	838.0
511	1040.0
512	956.0
513	1088.0
514	988.0
515	860.0
516	986.0
517	1028.0
518	920.0
519	1232.0
520	1168.0
521	996.0
522	948.0
523	1082.0
524	1108.0
525	896.0
526	1204.0
527	1076.0
528	1008.0
529	1064.0
530	912.0
531	1092.0
532	888.0
533	960.0
534	924.0
535	1072.0
536	1004.0
537	1076.0
538	850.0
539	956.0
540	916.0
541	1052.0
542	1052.0
543	1136.0
544	992.0
545	832.0
546	976.0
547	976.0
548	1040.0
549	1080.0
550	852.0
551	1024.0
552	904.0
553	1124.0
554	1120.0
555	876.0
556	1106.0
557	1004.0
558	1078.0
559	980.0
560	988.0
561	904.0
562	952.0
563	984.0
564	1006.0
565	892.0
566	928.0
567	976.0
568	1176.0
569	986.0
570	804.0
571	888.0
572	1028.0
573	908.0
574	964.0
575	988.0
576	1024.0
577	932.0
578	1058.0
579	924.0
580	1004.0
581	1052.0
582	836.0
583	900.0
584	828.0
585	892.0
586	1052.0
587	964.0
588	1120.0
589	1172.0
590	1024.0
591	1120.0
592	1224.0
593	1076.0
594	1048.0
595	928.0
596	912.0
597	972.0
598	1080.0
599	932.0
600	792.0
601	980.0
602	996.0
603	948.0
604	1084.0
605	948.0
606	1016.0
607	1050.0
608	880.0
609	950.0
610	860.0
611	924.0
612	1124.0
613	1152.0
614	1044.0
615	834.0
616	1072.0
617	960.0
618	1112.0
619	1064.0
620	956.0
621	1056.0
622	1072.0
623	824.0
624	776.0
625	908.0
626	852.0
627	1056.0
628	1014.0
629	1044.0
630	1268.0
631	896.0
632	908.0
633	988.0
634	1080.0
635	852.0
636	1020.0
637	824.0
638	1052.0
639	1140.0
640	1134.0
641	984.0
642	1088.0
643	1004.0
644	982.0
645	816.0
646	1092.0
647	1060.0
648	924.0
649	1048.0
650	1168.0
651	1260.0
652	1064.0
653	994.0
654	1100.0
655	856.0
656	924.0
657	1032.0
658	1032.0
659	966.0
660	932.0
661	1176.0
662	1016.0
663	950.0
664	1076.0
665	1106.0
666	996.0
667	966.0
668	1008.0
669	932.0
670	1052.0
671	860.0
672	910.0
673	1098.0
674	984.0
675	896.0
676	1004.0
677	852.0
678	1108.0
679	1008.0
680	996.0
681	1144.0
682	832.0
683	1000.0
684	1188.0
685	764.0
686	924.0
687	1164.0
688	1080.0
689	1070.0
690	818.0
691	1132.0
692	1146.0
693	876.0
694	980.0
695	816.0
696	880.0
697	1004.0
698	934.0
699	848.0
700	920.0
701	1144.0
702	884.0
703	912.0
704	1128.0
705	1120.0
706	1076.0
707	1062.0
708	892.0
709	878.0
710	1168.0
711	1052.0
712	898.0
713	954.0
714	888.0
715	1080.0
716	980.0
717	880.0
718	920.0
719	1000.0
720	968.0
721	1120.0
722	976.0
723	964.0
724	900.0
725	932.0
726	1220.0
727	932.0
728	976.0
729	1068.0
730	1204.0
731	956.0
732	904.0
733	956.0
734	904.0
735	820.0
736	884.0
737	766.0
738	986.0
739	1124.0
740	1206.0
741	1096.0
742	982.0
743	992.0
744	1068.0
745	784.0
746	1024.0
747	864.0
748	1074.0
749	852.0
750	824.0
751	984.0
752	1012.0
753	864.0
754	1000.0
755	1068.0
756	936.0
757	968.0
758	1024.0
759	1060.0
760	966.0
761	1072.0
762	988.0
763	968.0
764	1188.0
765	1008.0
766	1020.0
767	1096.0
768	1040.0
769	944.0
770	1132.0
771	950.0
772	936.0
773	1156.0
774	1040.0
775	1004.0
776	956.0
777	908.0
778	920.0
779	1116.0
780	1108.0
781	1016.0
782	928.0
783	976.0
784	1056.0
785	1096.0
786	900.0
787	946.0
788	934.0
789	1048.0
790	948.0
791	948.0
792	1152.0
793	1084.0
794	956.0
795	796.0
796	884.0
797	1008.0
798	980.0
799	1024.0
800	964.0
801	1032.0
802	924.0
803	984.0
804	1280.0
805	1408.0
806	1280.0
807	1480.0
808	1144.0
809	1124.0
810	960.0
811	944.0
812	1038.0
813	776.0
814	980.0
815	860.0
816	1120.0
817	1126.0
818	1112.0
819	1060.0
820	980.0
821	1020.0
822	1036.0
823	984.0
824	1058.0
825	1100.0
826	1176.0
827	908.0
828	984.0
829	784.0
830	1124.0
831	960.0
832	980.0
833	936.0
834	772.0
835	1036.0
836	960.0
837	920.0
838	792.0
839	980.0
840	812.0
841	1380.0
842	1308.0
843	1096.0
844	1148.0
845	902.0
846	1000.0
847	1018.0
848	944.0
849	1056.0
850	876.0
851	816.0
852	1052.0
853	1032.0
854	962.0
855	1120.0
856	1012.0
857	948.0
858	970.0
859	958.0
860	960.0
861	912.0
862	930.0
863	1096.0
864	1200.0
865	980.0
866	928.0
867	1118.0
868	1172.0
869	908.0
870	1140.0
871	964.0
872	1116.0
873	940.0
874	880.0
875	960.0
876	910.0
877	992.0
878	840.0
879	824.0
880	872.0
881	1094.0
882	876.0
883	912.0
884	1202.0
885	1132.0
886	848.0
887	1208.0
888	784.0
889	880.0
890	744.0
891	1016.0
892	980.0
893	906.0
894	972.0
895	850.0
896	1064.0
897	960.0
898	850.0
899	1152.0
900	1000.0
901	1168.0
902	1064.0
903	1116.0
904	1176.0
905	1208.0
906	836.0
907	972.0
908	958.0
909	1000.0
910	944.0
911	996.0
912	940.0
913	836.0
914	858.0
915	968.0
916	924.0
917	744.0
918	1024.0
919	940.0
920	956.0
921	820.0
922	1036.0
923	996.0
924	1096.0
925	1168.0
926	1258.0
927	1040.0
928	1156.0
929	1040.0
930	1180.0
931	1076.0
932	1100.0
933	872.0
934	1052.0
935	980.0
936	920.0
937	1010.0
938	1012.0
939	1148.0
940	1224.0
941	1280.0
942	1244.0
943	1320.0
944	932.0
945	848.0
946	900.0
947	1148.0
948	680.0
949	896.0
950	1104.0
951	1044.0
952	1036.0
953	1168.0
954	992.0
955	984.0
956	924.0
957	1048.0
958	876.0
959	844.0
960	1292.0
961	1052.0
962	752.0
963	1076.0
964	990.0
965	976.0
966	1340.0
967	1006.0
968	1018.0
969	1028.0
970	940.0
971	1008.0
972	984.0
973	1276.0
974	1160.0
975	1108.0
976	1204.0
977	1156.0
978	1212.0
979	1196.0
980	958.0
981	988.0
982	1136.0
983	1222.0
984	914.0
985	900.0
986	904.0
987	896.0
988	1052.0
989	1072.0
990	932.0
991	916.0
992	1164.0
993	920.0
994	1052.0
995	1204.0
996	896.0
997	1098.0
998	1124.0
999	1048.0
1000	1084.0
1001	1408.0
1002	1000.0
1003	1268.0
1004	1168.0
1005	1166.0
1006	1034.0
1007	942.0
1008	1024.0
1009	988.0
1010	888.0
1011	1104.0
1012	944.0
1013	1172.0
1014	1012.0
1015	924.0
1016	1166.0
1017	1124.0
1018	1090.0
1019	1070.0
1020	952.0
1021	1260.0
1022	792.0
1023	1156.0
1024	936.0
1025	1044.0
1026	1124.0
1027	974.0
1028	892.0
1029	1124.0
1030	908.0
1031	1000.0
1032	1108.0
1033	868.0
1034	1008.0
1035	1072.0
1036	684.0
1037	764.0
1038	1024.0
1039	956.0
1040	908.0
1041	1008.0
1042	954.0
1043	1056.0
1044	1216.0
1045	1112.0
1046	1188.0
1047	1324.0
1048	1180.0
1049	1360.0
1050	1100.0
1051	1136.0
1052	892.0
1053	892.0
1054	990.0
1055	892.0
1056	604.0
1057	858.0
1058	920.0
1059	1040.0
1060	1134.0
1061	1076.0
1062	1124.0
1063	1032.0
1064	676.0
1065	868.0
1066	1054.0
1067	940.0
1068	1208.0
1069	1060.0
1070	1120.0
1071	848.0
1072	1156.0
1073	1400.0
1074	1008.0
1075	1172.0
1076	930.0
1077	812.0
1078	768.0
1079	960.0
1080	820.0
1081	952.0
1082	892.0
1083	1096.0
1084	962.0
1085	1240.0
1086	924.0
1087	1112.0
1088	1136.0
1089	1382.0
1090	992.0
1091	882.0
1092	1040.0
1093	952.0
1094	1052.0
1095	958.0
1096	1048.0
1097	924.0
1098	1006.0
1099	1128.0
1100	944.0
1101	1048.0
1102	1052.0
1103	828.0
1104	1056.0
1105	1036.0
1106	1408.0
1107	928.0
1108	1208.0
1109	1056.0
1110	1332.0
1111	908.0
1112	834.0
1113	892.0
1114	880.0
1115	1116.0
1116	1000.0
1117	920.0
1118	976.0
1119	952.0
1120	1028.0
1121	1024.0
1122	1012.0
1123	848.0
1124	1036.0
1125	932.0
1126	908.0
1127	1076.0
1128	916.0
1129	1212.0
1130	924.0
1131	996.0
1132	1040.0
1133	934.0
1134	764.0
1135	1104.0
1136	1332.0
1137	1338.0
1138	1112.0
1139	1432.0
1140	860.0
1141	1146.0
1142	1010.0
1143	816.0
1144	944.0
1145	1180.0
1146	1188.0
1147	1060.0
1148	958.0
1149	1052.0
1150	1032.0
1151	726.0
1152	760.0
1153	936.0
1154	1092.0
1155	722.0
1156	880.0
1157	1204.0
1158	1156.0
1159	950.0
1160	990.0
1161	1116.0
1162	1022.0
1163	1168.0
1164	988.0
1165	962.0
1166	920.0
1167	976.0
1168	924.0
1169	960.0
1170	956.0
1171	1394.0
1172	1084.0
1173	988.0
1174	928.0
1175	1244.0
1176	848.0
1177	1068.0
1178	968.0
1179	992.0
1180	920.0
1181	1052.0
1182	750.0
1183	1084.0
1184	972.0
1185	744.0
1186	900.0
1187	1082.0
1188	1094.0
1189	756.0
1190	852.0
1191	780.0
1192	1180.0
1193	768.0
1194	952.0
1195	876.0
1196	894.0
1197	1032.0
1198	920.0
1199	852.0
1200	1112.0
1201	960.0
1202	788.0
1203	888.0
1204	992.0
1205	992.0
1206	820.0
1207	904.0
1208	996.0
1209	1052.0
1210	1076.0
1211	1008.0
1212	984.0
1213	896.0
1214	926.0
1215	918.0
1216	916.0
1217	932.0
1218	956.0
1219	860.0
1220	996.0
1221	1112.0
1222	1080.0
1223	1078.0
1224	996.0
1225	1008.0
1226	888.0
1227	1040.0
1228	936.0
1229	972.0
1230	980.0
1231	910.0
1232	872.0
1233	1108.0
1234	944.0
1235	1052.0
1236	1056.0
1237	900.0
1238	1000.0
1239	840.0
1240	888.0
1241	1116.0
1242	1008.0
1243	1380.0
1244	1494.0
1245	1168.0
1246	1074.0
1247	1200.0
1248	976.0
1249	1120.0
1250	1184.0
1251	1376.0
1252	1064.0
1253	1280.0
1254	1156.0
1255	1212.0
1256	828.0
1257	924.0
1258	920.0
1259	788.0
1260	890.0
1261	952.0
1262	1052.0
1263	1032.0
1264	900.0
1265	794.0
1266	1000.0
1267	1088.0
1268	848.0
1269	740.0
1270	936.0
1271	972.0
1272	930.0
1273	1000.0
1274	1068.0
1275	1312.0
1276	972.0
1277	960.0
1278	1004.0
1279	932.0
1280	1084.0
1281	1180.0
1282	900.0
1283	1076.0
1284	886.0
1285	1084.0
1286	936.0
1287	1036.0
1288	854.0
1289	1048.0
1290	1152.0
1291	916.0
1292	1148.0
1293	816.0
1294	976.0
1295	828.0
1296	1032.0
1297	888.0
1298	1056.0
1299	942.0
1300	1034.0
1301	856.0
1302	820.0
1303	828.0
1304	864.0
1305	762.0
1306	890.0
1307	1026.0
1308	904.0
1309	876.0
1310	1172.0
1311	980.0
1312	764.0
1313	1020.0
1314	1224.0
1315	854.0
1316	696.0
1317	936.0
1318	724.0
1319	848.0
1320	1056.0
1321	1196.0
1322	1140.0
1323	932.0
1324	984.0
1325	938.0
1326	996.0
1327	906.0
1328	916.0
1329	1184.0
1330	1242.0
1331	1124.0
1332	1104.0
1333	1178.0
1334	1010.0
1335	1144.0
1336	852.0
1337	1040.0
1338	736.0
1339	876.0
1340	892.0
1341	1132.0
1342	992.0
1343	1150.0
1344	1236.0
1345	1260.0
1346	816.0
1347	836.0
1348	1064.0
1349	884.0
1350	872.0
1351	1008.0
1352	1244.0
1353	944.0
1354	880.0
1355	848.0
1356	1040.0
1357	1016.0
1358	928.0
1359	892.0
1360	780.0
1361	700.0
1362	948.0
1363	906.0
1364	916.0
1365	904.0
1366	832.0
1367	870.0
1368	1024.0
1369	994.0
1370	824.0
1371	836.0
1372	898.0
1373	974.0
1374	984.0
1375	964.0
1376	1132.0
1377	1056.0
1378	1000.0
1379	1050.0
1380	820.0
1381	840.0
1382	1000.0
1383	1066.0
1384	904.0
1385	1060.0
1386	780.0
1387	952.0
1388	1036.0
1389	892.0
1390	1076.0
1391	1036.0
1392	924.0
1393	1040.0
1394	756.0
1395	1008.0
1396	1040.0
1397	988.0
1398	936.0
1399	972.0
1400	1430.0
1401	1066.0
1402	918.0
1403	974.0
1404	852.0
1405	940.0
1406	800.0
1407	1044.0
1408	1068.0
1409	1098.0
1410	984.0
1411	928.0
1412	1048.0
1413	1018.0
1414	1052.0
1415	888.0
1416	984.0
1417	912.0
1418	1076.0
1419	900.0
1420	904.0
1421	1002.0
1422	1208.0
1423	924.0
1424	976.0
1425	814.0
1426	1106.0
1427	1000.0
1428	1052.0
1429	920.0
1430	956.0
1431	738.0
1432	892.0
1433	804.0
1434	984.0
1435	856.0
1436	1148.0
1437	832.0
1438	864.0
1439	1004.0
1440	932.0
1441	1052.0
1442	862.0
1443	1012.0
1444	1064.0
1445	1062.0
1446	968.0
1447	740.0
1448	1064.0
1449	1268.0
1450	1136.0
1451	1272.0
1452	1040.0
1453	940.0
1454	1264.0
1455	916.0
1456	880.0
1457	1216.0
1458	924.0
1459	864.0
1460	988.0
1461	872.0
1462	840.0
1463	1144.0
1464	1080.0
1465	1050.0
1466	1036.0
1467	932.0
1468	1220.0
1469	778.0
1470	1140.0
1471	1212.0
1472	1188.0
1473	916.0
1474	878.0
1475	860.0
1476	860.0
1477	1040.0
1478	900.0
1479	1076.0
1480	1176.0
1481	1132.0
1482	1080.0
1483	1030.0
1484	860.0
1485	852.0
1486	1128.0
1487	884.0
1488	912.0
1489	750.0
1490	700.0
1491	828.0
1492	738.0
1493	960.0
1494	924.0
1495	772.0
1496	784.0
1497	914.0
1498	1064.0
1499	846.0
1500	1024.0
1501	1060.0
1502	988.0
1503	900.0
1504	842.0
1505	1020.0
1506	900.0
1507	1100.0
1508	1056.0
1509	668.0
1510	1024.0
1511	944.0
1512	762.0
1513	842.0
1514	896.0
1515	1284.0
1516	932.0
1517	1096.0
1518	900.0
1519	932.0
1520	1068.0
1521	1404.0
1522	1000.0
1523	1124.0
1524	1168.0
1525	1200.0
1526	856.0
1527	876.0
1528	1060.0
1529	1138.0
1530	740.0
1531	948.0
1532	1052.0
1533	962.0
1534	884.0
1535	1016.0
1536	1024.0
1537	872.0
1538	970.0
1539	1044.0
1540	662.0
1541	990.0
1542	904.0
1543	840.0
1544	884.0
1545	658.0
1546	908.0
1547	984.0
1548	886.0
1549	800.0
1550	912.0
1551	1184.0
1552	784.0
1553	898.0
1554	916.0
1555	880.0
1556	1022.0
1557	884.0
1558	898.0
1559	800.0
1560	832.0
1561	816.0
1562	690.0
1563	892.0
1564	892.0
1565	856.0
1566	1004.0
1567	976.0
1568	872.0
1569	806.0
1570	900.0
1571	910.0
1572	940.0
1573	778.0
1574	1020.0
1575	850.0
1576	824.0
1577	836.0
1578	816.0
1579	866.0
1580	1060.0
1581	812.0
1582	1044.0
1583	932.0
1584	624.0
1585	916.0
1586	1000.0
1587	930.0
1588	1004.0
1589	872.0
1590	940.0
1591	1076.0
1592	852.0
1593	976.0
1594	920.0
1595	908.0
1596	1072.0
1597	936.0
1598	1334.0
1599	912.0
1600	864.0
1601	952.0
1602	872.0
1603	834.0
1604	964.0
1605	1288.0
1606	1200.0
1607	872.0
1608	1090.0
1609	992.0
1610	948.0
1611	1184.0
1612	1100.0
1613	920.0
1614	962.0
1615	940.0
1616	892.0
1617	946.0
1618	808.0
1619	856.0
1620	836.0
1621	1068.0
1622	856.0
1623	904.0
1624	932.0
1625	780.0
1626	1160.0
1627	986.0
1628	944.0
1629	792.0
1630	842.0
1631	944.0
1632	888.0
1633	1040.0
1634	984.0
1635	1076.0
1636	1028.0
1637	1198.0
1638	784.0
1639	944.0
1640	900.0
1641	924.0
1642	980.0
1643	876.0
1644	940.0
1645	1004.0
1646	932.0
1647	904.0
1648	820.0
1649	860.0
1650	876.0
1651	786.0
1652	888.0
1653	960.0
1654	888.0
1655	896.0
1656	940.0
1657	760.0
1658	614.0
1659	774.0
1660	832.0
1661	824.0
1662	938.0
1663	904.0
1664	962.0
1665	972.0
1666	976.0
1667	938.0
1668	908.0
1669	852.0
1670	664.0
1671	792.0
1672	860.0
1673	924.0
1674	754.0
1675	742.0
1676	870.0
1677	968.0
1678	768.0
1679	830.0
1680	816.0
1681	568.0
1682	856.0
1683	956.0
1684	760.0
1685	966.0
1686	980.0
1687	924.0
1688	944.0
1689	756.0
1690	780.0
1691	828.0
1692	860.0
1693	766.0
1694	840.0
1695	656.0
1696	692.0
1697	960.0
1698	944.0
1699	968.0
1700	820.0
1701	640.0
1702	780.0
1703	926.0
1704	896.0
1705	708.0
1706	828.0
1707	964.0
1708	904.0
1709	704.0
1710	880.0
1711	812.0
1712	952.0
1713	888.0
1714	1060.0
1715	884.0
1716	976.0
1717	1156.0
1718	850.0
1719	900.0
1720	746.0
1721	732.0
1722	956.0
1723	760.0
1724	794.0
1725	780.0
1726	860.0
1727	816.0
1728	888.0
1729	664.0
1730	914.0
1731	880.0
1732	1092.0
1733	852.0
1734	864.0
1735	952.0
1736	788.0
1737	734.0
1738	920.0
1739	882.0
1740	856.0
1741	848.0
1742	956.0
1743	934.0
1744	1006.0
1745	772.0
1746	736.0
1747	948.0
1748	748.0
1749	964.0
1750	988.0
1751	708.0
1752	816.0
1753	952.0
1754	774.0
1755	998.0
1756	630.0
1757	720.0
1758	772.0
1759	1080.0
1760	1092.0
1761	864.0
1762	910.0
1763	998.0
1764	806.0
1765	860.0
1766	944.0
1767	796.0
1768	838.0
1769	748.0
1770	788.0
1771	882.0
1772	838.0
1773	868.0
1774	920.0
1775	848.0
1776	840.0
1777	884.0
1778	768.0
1779	994.0
1780	792.0
1781	696.0
1782	1052.0
1783	776.0
1784	940.0
1785	906.0
1786	834.0
1787	778.0
1788	926.0
1789	910.0
1790	1080.0
1791	760.0
1792	842.0
1793	736.0
1794	948.0
1795	908.0
1796	830.0
1797	830.0
1798	678.0
1799	918.0
1800	828.0
1801	978.0
1802	684.0
1803	800.0
1804	858.0
1805	764.0
1806	736.0
1807	848.0
1808	860.0
1809	960.0
1810	912.0
1811	854.0
1812	662.0
1813	668.0
1814	946.0
1815	924.0
1816	1010.0
1817	828.0
1818	904.0
1819	924.0
1820	864.0
1821	964.0
1822	728.0
1823	828.0
1824	918.0
1825	994.0
1826	854.0
1827	1020.0
1828	892.0
1829	848.0
1830	676.0
1831	904.0
1832	744.0
1833	968.0
1834	714.0
1835	920.0
1836	1044.0
1837	1024.0
1838	828.0
1839	748.0
1840	896.0
1841	944.0
1842	658.0
1843	856.0
1844	744.0
1845	912.0
1846	848.0
1847	912.0
1848	860.0
1849	780.0
1850	724.0
1851	910.0
1852	762.0
1853	896.0
1854	798.0
1855	848.0
1856	750.0
1857	846.0
1858	920.0
1859	944.0
1860	1010.0
1861	928.0
1862	1014.0
1863	972.0
1864	812.0
1865	862.0
1866	828.0
1867	832.0
1868	956.0
1869	876.0
1870	1004.0
1871	822.0
1872	816.0
1873	836.0
1874	860.0
1875	1028.0
1876	888.0
1877	796.0
1878	784.0
1879	932.0
1880	838.0
1881	768.0
1882	1020.0
1883	696.0
1884	888.0
1885	924.0
1886	848.0
1887	798.0
1888	838.0
1889	772.0
1890	828.0
1891	740.0
1892	732.0
1893	952.0
1894	770.0
1895	838.0
1896	848.0
1897	892.0
1898	872.0
1899	756.0
1900	1004.0
1901	736.0
1902	828.0
1903	1098.0
1904	996.0
1905	896.0
1906	958.0
1907	672.0
1908	888.0
1909	1032.0
1910	772.0
1911	808.0
1912	694.0
1913	822.0
1914	868.0
1915	776.0
1916	866.0
1917	770.0
1918	904.0
1919	1056.0
1920	1064.0
1921	832.0
1922	690.0
1923	822.0
1924	804.0
1925	896.0
1926	644.0
1927	976.0
1928	912.0
1929	868.0
1930	988.0
1931	700.0
1932	1048.0
1933	788.0
1934	952.0
1935	872.0
1936	920.0
1937	816.0
1938	936.0
1939	786.0
1940	686.0
1941	796.0
1942	844.0
1943	724.0
1944	850.0
1945	842.0
1946	912.0
1947	820.0
1948	1118.0
1949	942.0
1950	932.0
1951	888.0
1952	856.0
1953	952.0
1954	1046.0
1955	872.0
1956	672.0
1957	772.0
1958	788.0
1959	886.0
1960	714.0
1961	704.0
1962	888.0
1963	922.0
1964	808.0
1965	776.0
1966	774.0
1967	832.0
1968	1008.0
1969	760.0
1970	734.0
1971	996.0
1972	712.0
1973	884.0
1974	880.0
1975	740.0
1976	854.0
1977	728.0
1978	960.0
1979	748.0
1980	774.0
1981	804.0
1982	1116.0
1983	742.0
1984	830.0
1985	692.0
1986	662.0
1987	986.0
1988	1052.0
1989	842.0
1990	804.0
1991	808.0
1992	846.0
1993	824.0
1994	822.0
1995	976.0
1996	956.0
1997	876.0
1998	964.0
1999	792.0
2000	804.0
2001	694.0
2002	914.0
2003	850.0
2004	680.0
2005	912.0
2006	752.0
2007	944.0
2008	1016.0
2009	1004.0
2010	1020.0
2011	1008.0
2012	856.0
2013	774.0
2014	798.0
2015	744.0
2016	796.0
2017	940.0
2018	964.0
2019	860.0
2020	772.0
2021	744.0
2022	862.0
2023	736.0
2024	904.0
2025	910.0
2026	784.0
2027	750.0
2028	716.0
2029	804.0
2030	776.0
2031	868.0
2032	800.0
2033	668.0
2034	938.0
2035	934.0
2036	924.0
2037	864.0
2038	892.0
2039	962.0
2040	720.0
2041	762.0
2042	686.0
2043	816.0
2044	858.0
2045	812.0
2046	814.0
2047	694.0
2048	764.0
2049	888.0
2050	846.0
2051	860.0
2052	988.0
2053	822.0
2054	800.0
2055	744.0
2056	960.0
2057	898.0
2058	734.0
2059	930.0
2060	808.0
2061	928.0
2062	854.0
2063	808.0
2064	832.0
2065	790.0
2066	736.0
2067	868.0
2068	944.0
2069	856.0
2070	784.0
2071	720.0
2072	882.0
2073	794.0
2074	708.0
2075	788.0
2076	792.0
2077	844.0
2078	876.0
2079	930.0
2080	826.0
2081	734.0
2082	932.0
2083	936.0
2084	860.0
2085	776.0
2086	640.0
2087	872.0
2088	708.0
2089	872.0
2090	776.0
2091	912.0
2092	1062.0
2093	928.0
2094	678.0
2095	862.0
2096	716.0
2097	690.0
2098	858.0
2099	750.0
2100	776.0
2101	968.0
2102	828.0
2103	894.0
2104	740.0
2105	1072.0
2106	1138.0
2107	996.0
2108	1040.0
2109	832.0
2110	752.0
2111	800.0
2112	976.0
2113	876.0
2114	740.0
2115	956.0
2116	738.0
2117	920.0
2118	948.0
2119	932.0
2120	920.0
2121	820.0
2122	1032.0
2123	768.0
2124	802.0
2125	986.0
2126	992.0
2127	900.0
2128	944.0
2129	932.0
2130	868.0
2131	816.0
2132	996.0
2133	1278.0
2134	956.0
2135	832.0
2136	992.0
2137	1008.0
2138	940.0
2139	728.0
2140	1000.0
2141	984.0
2142	844.0
2143	748.0
2144	884.0
2145	846.0
2146	690.0
2147	634.0
2148	898.0
2149	784.0
2150	912.0
2151	780.0
2152	596.0
2153	920.0
2154	832.0
2155	692.0
2156	778.0
2157	718.0
2158	920.0
2159	820.0
2160	760.0
2161	808.0
2162	972.0
2163	828.0
2164	740.0
2165	1108.0
2166	1068.0
2167	1020.0
2168	788.0
2169	820.0
2170	694.0
2171	800.0
2172	896.0
2173	834.0
2174	666.0
2175	854.0
2176	652.0
2177	740.0
2178	682.0
2179	800.0
2180	768.0
2181	760.0
2182	808.0
2183	698.0
2184	928.0
2185	902.0
2186	800.0
2187	730.0
2188	1076.0
2189	756.0
2190	1064.0
2191	802.0
2192	884.0
2193	760.0
2194	1046.0
2195	868.0
2196	664.0
2197	768.0
2198	776.0
2199	708.0
2200	872.0
2201	876.0
2202	1012.0
2203	1024.0
2204	976.0
2205	672.0
2206	954.0
2207	792.0
2208	712.0
2209	762.0
2210	748.0
2211	774.0
2212	640.0
2213	720.0
2214	776.0
2215	1010.0
2216	932.0
2217	896.0
2218	860.0
2219	920.0
2220	906.0
2221	660.0
2222	720.0
2223	888.0
2224	808.0
2225	856.0
2226	728.0
2227	1010.0
2228	724.0
2229	1008.0
2230	736.0
2231	668.0
2232	774.0
2233	848.0
2234	772.0
2235	706.0
2236	906.0
2237	796.0
2238	938.0
2239	800.0
2240	722.0
2241	762.0
2242	748.0
2243	778.0
2244	1046.0
2245	774.0
2246	886.0
2247	696.0
2248	1000.0
2249	820.0
2250	984.0
2251	748.0
2252	856.0
2253	824.0
2254	958.0
2255	586.0
2256	768.0
2257	688.0
2258	868.0
2259	646.0
2260	1056.0
2261	924.0
2262	870.0
2263	736.0
2264	664.0
2265	812.0
2266	900.0
2267	714.0
2268	778.0
2269	762.0
2270	652.0
2271	916.0
2272	698.0
2273	856.0
2274	692.0
2275	672.0
2276	672.0
2277	928.0
2278	644.0
2279	702.0
2280	722.0
2281	696.0
2282	778.0
2283	812.0
2284	592.0
2285	676.0
2286	932.0
2287	760.0
2288	892.0
2289	960.0
2290	664.0
2291	716.0
2292	872.0
2293	920.0
2294	890.0
2295	774.0
2296	720.0
2297	784.0
2298	660.0
2299	898.0
2300	884.0
2301	840.0
2302	656.0
2303	888.0
2304	932.0
2305	896.0
2306	684.0
2307	884.0
2308	892.0
2309	848.0
2310	990.0
2311	780.0
2312	694.0
2313	794.0
2314	578.0
2315	668.0
2316	740.0
2317	912.0
2318	1004.0
2319	800.0
2320	840.0
2321	724.0
2322	852.0
2323	908.0
2324	846.0
2325	1000.0
2326	636.0
2327	732.0
2328	884.0
2329	912.0
2330	558.0
2331	750.0
2332	1074.0
2333	796.0
2334	900.0
2335	760.0
2336	792.0
2337	844.0
2338	1068.0
2339	740.0
2340	924.0
2341	1048.0
2342	962.0
2343	906.0
2344	772.0
2345	1004.0
2346	832.0
2347	822.0
2348	1122.0
2349	948.0
2350	926.0
2351	892.0
2352	866.0
2353	750.0
2354	976.0
2355	820.0
2356	922.0
2357	752.0
2358	1028.0
2359	864.0
2360	812.0
2361	848.0
2362	818.0
2363	896.0
2364	780.0
2365	760.0
2366	800.0
2367	762.0
2368	904.0
2369	836.0
2370	912.0
2371	902.0
2372	752.0
2373	728.0
2374	766.0
2375	910.0
2376	852.0
2377	950.0
2378	860.0
2379	852.0
2380	686.0
2381	886.0
2382	848.0
2383	828.0
2384	786.0
2385	730.0
2386	976.0
2387	884.0
2388	656.0
2389	976.0
2390	888.0
2391	950.0
2392	778.0
2393	860.0
2394	698.0
2395	604.0
2396	1276.0
2397	892.0
2398	796.0
2399	688.0
2400	626.0
2401	794.0
2402	704.0
2403	682.0
2404	944.0
2405	748.0
2406	720.0
2407	696.0
2408	568.0
2409	688.0
2410	810.0
2411	754.0
2412	820.0
2413	880.0
2414	950.0
2415	728.0
2416	872.0
2417	836.0
2418	896.0
2419	800.0
2420	902.0
2421	782.0
2422	632.0
2423	808.0
2424	712.0
2425	878.0
2426	592.0
2427	726.0
2428	928.0
2429	876.0
2430	1076.0
2431	972.0
2432	712.0
2433	756.0
2434	956.0
2435	700.0
2436	940.0
2437	968.0
2438	924.0
2439	802.0
2440	778.0
2441	692.0
2442	878.0
2443	718.0
2444	784.0
2445	968.0
2446	666.0
2447	666.0
2448	660.0
2449	704.0
2450	986.0
2451	730.0
2452	726.0
2453	584.0
2454	756.0
2455	682.0
2456	942.0
2457	584.0
2458	696.0
2459	722.0
2460	730.0
2461	926.0
2462	836.0
2463	960.0
2464	606.0
2465	588.0
2466	802.0
2467	774.0
2468	912.0
2469	896.0
2470	794.0
2471	662.0
2472	872.0
2473	874.0
2474	912.0
2475	504.0
2476	918.0
2477	800.0
2478	700.0
2479	604.0
2480	806.0
2481	746.0
2482	876.0
2483	786.0
2484	660.0
2485	516.0
2486	916.0
2487	816.0
2488	1010.0
2489	766.0
2490	764.0
2491	698.0
2492	800.0
2493	838.0
2494	1144.0
2495	936.0
2496	918.0
2497	950.0
2498	840.0
2499	1072.0
2500	740.0
2501	964.0
2502	744.0
2503	812.0
2504	836.0
2505	796.0
2506	770.0
2507	914.0
2508	792.0
2509	568.0
2510	702.0
2511	886.0
2512	732.0
2513	622.0
2514	882.0
2515	826.0
2516	1000.0
2517	828.0
2518	838.0
2519	996.0
2520	654.0
2521	590.0
2522	736.0
2523	786.0
2524	932.0
2525	832.0
2526	932.0
2527	1042.0
2528	726.0
2529	784.0
2530	802.0
2531	682.0
2532	638.0
2533	782.0
2534	736.0
2535	968.0
2536	856.0
2537	1056.0
2538	846.0
2539	816.0
2540	754.0
2541	838.0
2542	950.0
2543	752.0
2544	996.0
2545	584.0
2546	780.0
2547	944.0
2548	784.0
2549	768.0
2550	808.0
2551	1004.0
2552	916.0
2553	730.0
2554	1018.0
2555	952.0
2556	892.0
2557	898.0
2558	880.0
2559	906.0
2560	930.0
2561	912.0
2562	688.0
2563	852.0
2564	1064.0
2565	894.0
2566	760.0
2567	1020.0
2568	824.0
2569	904.0
2570	1032.0
2571	1012.0
2572	722.0
2573	820.0
2574	796.0
2575	710.0
2576	1002.0
2577	828.0
2578	738.0
2579	1054.0
2580	960.0
2581	950.0
2582	854.0
2583	730.0
2584	1106.0
2585	786.0
2586	960.0
2587	952.0
2588	814.0
2589	912.0
2590	888.0
2591	808.0
2592	720.0
2593	668.0
2594	920.0
2595	1138.0
2596	960.0
2597	844.0
2598	806.0
2599	884.0
2600	796.0
2601	880.0
2602	870.0
2603	1004.0
2604	834.0
2605	710.0
2606	784.0
2607	1028.0
2608	812.0
2609	840.0
2610	666.0
2611	854.0
2612	752.0
2613	1002.0
2614	796.0
2615	828.0
2616	876.0
2617	746.0
2618	850.0
2619	744.0
2620	662.0
2621	758.0
2622	740.0
2623	1024.0
2624	584.0
2625	768.0
2626	814.0
2627	572.0
2628	1006.0
2629	852.0
2630	936.0
2631	858.0
2632	816.0
2633	958.0
2634	852.0
2635	958.0
2636	762.0
2637	862.0
2638	1066.0
2639	844.0
2640	712.0
2641	526.0
2642	732.0
2643	1004.0
2644	1118.0
2645	732.0
2646	1020.0
2647	988.0
2648	908.0
2649	924.0
2650	860.0
2651	960.0
2652	798.0
2653	840.0
2654	720.0
2655	620.0
2656	812.0
2657	914.0
2658	792.0
2659	712.0
2660	740.0
2661	794.0
2662	1020.0
2663	588.0
2664	658.0
2665	782.0
2666	1148.0
2667	996.0
2668	648.0
2669	714.0
2670	800.0
2671	944.0
2672	810.0
2673	770.0
2674	824.0
2675	916.0
2676	808.0
2677	718.0
2678	760.0
2679	908.0
2680	882.0
2681	732.0
2682	708.0
2683	696.0
2684	836.0
2685	846.0
2686	634.0
2687	584.0
2688	674.0
2689	870.0
2690	900.0
2691	762.0
2692	804.0
2693	756.0
2694	764.0
2695	728.0
2696	656.0
2697	758.0
2698	922.0
2699	772.0
2700	814.0
2701	762.0
2702	752.0
2703	864.0
2704	756.0
2705	868.0
2706	788.0
2707	830.0
2708	774.0
2709	688.0
2710	726.0
2711	1012.0
2712	484.0
2713	640.0
2714	974.0
2715	756.0
2716	828.0
2717	618.0
2718	892.0
2719	818.0
2720	854.0
2721	704.0
2722	792.0
2723	924.0
2724	732.0
2725	676.0
2726	804.0
2727	536.0
2728	724.0
2729	688.0
2730	708.0
2731	850.0
2732	820.0
2733	608.0
2734	832.0
2735	858.0
2736	654.0
2737	764.0
2738	748.0
2739	660.0
2740	536.0
2741	702.0
2742	888.0
2743	826.0
2744	758.0
2745	836.0
2746	648.0
2747	798.0
