0,7376.0
1,7996.0
2,7808.0
3,8048.0
4,7536.0
5,7892.0
6,8108.0
7,8160.0
8,7964.0
9,8280.0
10,8032.0
11,8296.0
12,8216.0
13,8204.0
14,8012.0
15,7936.0
16,8304.0
17,8244.0
18,7532.0
19,8056.0
20,7784.0
21,8100.0
22,7520.0
23,8472.0
24,8328.0
25,8096.0
26,8320.0
27,7972.0
28,8152.0
29,7888.0
30,7928.0
31,8308.0
32,8496.0
33,8104.0
34,7996.0
35,8188.0
36,7888.0
37,7784.0
38,8180.0
39,7844.0
40,8156.0
41,8352.0
42,8408.0
43,8176.0
44,8236.0
45,8236.0
46,8344.0
47,8400.0
48,8764.0
49,8948.0
50,8552.0
51,8276.0
52,8348.0
53,8456.0
54,8352.0
55,8508.0
56,8180.0
57,8644.0
58,8476.0
59,7892.0
60,7948.0
61,8252.0
62,7900.0
63,8280.0
64,8384.0
65,8520.0
66,8276.0
67,8244.0
68,8132.0
69,8468.0
70,8076.0
71,8416.0
72,8200.0
73,8968.0
74,8692.0
75,8536.0
76,8372.0
77,8800.0
78,8504.0
79,8672.0
80,8324.0
81,8336.0
82,8492.0
83,8544.0
84,8280.0
85,8296.0
86,8492.0
87,8176.0
88,8300.0
89,8488.0
90,7952.0
91,8328.0
92,8316.0
93,8612.0
94,8104.0
95,8032.0
96,7984.0
97,8416.0
98,8752.0
99,9032.0
100,8456.0
101,8376.0
102,8556.0
103,8856.0
104,8972.0
105,8636.0
106,8904.0
107,8828.0
108,8628.0
109,8744.0
110,9304.0
111,8640.0
112,8608.0
113,8612.0
114,8568.0
115,8844.0
116,8796.0
117,8800.0
118,8600.0
119,8572.0
120,9104.0
121,8240.0
122,8424.0
123,8516.0
124,8824.0
125,8624.0
126,8756.0
127,8348.0
128,8516.0
129,8880.0
130,8784.0
131,8956.0
132,9076.0
133,8752.0
134,9408.0
135,9392.0
136,9604.0
137,9120.0
138,9196.0
139,9424.0
140,9448.0
141,9420.0
142,9080.0
143,8772.0
144,8788.0
145,9044.0
146,8964.0
147,8428.0
148,8776.0
149,9096.0
150,9212.0
151,9116.0
152,9124.0
153,8784.0
154,9232.0
155,9172.0
156,9288.0
157,9456.0
158,9400.0
159,8996.0
160,9044.0
161,9276.0
162,8844.0
163,9776.0
164,9560.0
165,9892.0
166,9756.0
167,9184.0
168,9876.0
169,9384.0
170,9252.0
171,9236.0
172,9684.0
173,9272.0
174,9216.0
175,9336.0
176,9496.0
177,8860.0
178,9356.0
179,8572.0
180,9008.0
181,9064.0
182,9228.0
183,9320.0
184,9120.0
185,9100.0
186,8820.0
187,9204.0
188,8740.0
189,8940.0
190,9568.0
191,9848.0
192,9512.0
193,9252.0
194,9296.0
195,10536.0
196,8820.0
197,9232.0
198,9712.0
199,9684.0
200,9620.0
201,9052.0
202,9692.0
203,9856.0
204,9868.0
205,9484.0
206,9688.0
207,10044.0
208,9796.0
209,9360.0
210,9672.0
211,9612.0
212,9436.0
213,9224.0
214,9256.0
215,9184.0
216,9272.0
217,9176.0
218,9248.0
219,9332.0
220,9476.0
221,9384.0
222,8684.0
223,9252.0
224,9640.0
225,9612.0
226,9188.0
227,9484.0
228,9732.0
229,9352.0
230,9528.0
231,9612.0
232,10092.0
233,10340.0
234,9752.0
235,10196.0
236,10132.0
237,10584.0
238,9860.0
239,10200.0
240,10396.0
241,10180.0
242,10180.0
243,9764.0
244,9480.0
245,9656.0
246,9572.0
247,9716.0
248,9808.0
249,9852.0
250,9232.0
251,9332.0
252,9640.0
253,9744.0
254,9816.0
255,9540.0
256,10240.0
257,9812.0
258,10280.0
259,9800.0
260,10088.0
261,10136.0
262,10408.0
263,10572.0
264,10584.0
265,10652.0
266,10732.0
267,10264.0
268,10008.0
269,10260.0
270,10052.0
271,10052.0
272,10196.0
273,10252.0
274,10428.0
275,9776.0
276,9804.0
277,9928.0
278,9828.0
279,9696.0
280,9392.0
281,9608.0
282,10220.0
283,10000.0
284,9472.0
285,10020.0
286,10268.0
287,10320.0
288,9888.0
289,10128.0
290,10888.0
291,10620.0
292,10132.0
293,10064.0
294,10196.0
295,10120.0
296,10300.0
297,10024.0
298,10552.0
299,10728.0
300,10160.0
301,9732.0
302,10336.0
303,10096.0
304,10184.0
305,10012.0
306,10248.0
307,10560.0
308,10472.0
309,10504.0
310,10268.0
311,10348.0
312,10020.0
313,9920.0
314,10256.0
315,10316.0
316,10356.0
317,10132.0
318,9964.0
319,9884.0
320,10032.0
321,9504.0
322,9892.0
323,10076.0
324,10200.0
325,10100.0
326,10072.0
327,9856.0
328,10208.0
329,10016.0
330,10140.0
331,9968.0
332,10432.0
333,10544.0
334,10052.0
335,10260.0
336,10108.0
337,10364.0
338,9796.0
339,10460.0
340,10476.0
341,10072.0
342,10740.0
343,10088.0
344,10208.0
345,10276.0
346,9536.0
347,9672.0
348,9960.0
349,10072.0
350,9588.0
351,9584.0
352,9796.0
353,10076.0
354,10128.0
355,10048.0
356,9952.0
357,10356.0
358,10332.0
359,10048.0
360,10452.0
361,10500.0
362,10912.0
363,10508.0
364,10588.0
365,11452.0
366,11388.0
367,11012.0
368,10876.0
369,11292.0
370,11296.0
371,10480.0
372,10468.0
373,11228.0
374,10884.0
375,10308.0
376,10012.0
377,9888.0
378,10132.0
379,10084.0
380,10012.0
381,10352.0
382,10412.0
383,10436.0
384,10196.0
385,10120.0
386,10432.0
387,10608.0
388,10352.0
389,10408.0
390,10908.0
391,11184.0
392,10452.0
393,10556.0
394,11028.0
395,10836.0
396,10620.0
397,10884.0
398,11252.0
399,11368.0
400,11016.0
401,10064.0
402,10712.0
403,11132.0
404,10896.0
405,10344.0
406,10988.0
407,11044.0
408,11004.0
409,10668.0
410,10428.0
411,11044.0
412,10916.0
413,10508.0
414,10760.0
415,10936.0
416,11172.0
417,10756.0
418,10780.0
419,10468.0
420,11136.0
421,11112.0
422,11328.0
423,10972.0
424,11816.0
425,11252.0
426,10920.0
427,10632.0
428,11044.0
429,11152.0
430,10732.0
431,10952.0
432,11656.0
433,11788.0
434,10976.0
435,11108.0
436,11248.0
437,11080.0
438,11048.0
439,11476.0
440,11860.0
441,11780.0
442,11316.0
443,10940.0
444,11300.0
445,11588.0
446,10876.0
447,11376.0
448,11628.0
449,11276.0
450,11092.0
451,10740.0
452,11104.0
453,10952.0
454,10452.0
455,10076.0
456,10756.0
457,11044.0
458,10732.0
459,10376.0
460,10492.0
461,10476.0
462,10708.0
463,10792.0
464,11080.0
465,11188.0
466,11328.0
467,11032.0
468,10808.0
469,11132.0
470,11340.0
471,11204.0
472,11264.0
473,11096.0
474,11472.0
475,11240.0
476,10584.0
477,10448.0
478,10532.0
479,10728.0
480,10472.0
481,10824.0
482,11224.0
483,10592.0
484,10636.0
485,10436.0
486,10772.0
487,10704.0
488,10392.0
489,10384.0
490,10888.0
491,11100.0
492,11008.0
493,10728.0
494,10692.0
495,11188.0
496,10988.0
497,10760.0
498,10748.0
499,11224.0
500,11440.0
501,11360.0
502,11000.0
503,11152.0
504,11292.0
505,11208.0
506,11372.0
507,11608.0
508,11476.0
509,11176.0
510,11368.0
511,11300.0
512,11492.0
513,11340.0
514,11408.0
515,11988.0
516,11740.0
517,11288.0
518,11616.0
519,11760.0
520,11572.0
521,11284.0
522,11492.0
523,11744.0
524,11992.0
525,12108.0
526,11180.0
527,11364.0
528,11396.0
529,10920.0
530,11088.0
531,10948.0
532,11248.0
533,11220.0
534,10852.0
535,10956.0
536,10940.0
537,10896.0
538,11676.0
539,12164.0
540,11556.0
541,11688.0
542,11576.0
543,11644.0
544,11416.0
545,11904.0
546,11568.0
547,11420.0
548,11612.0
549,11996.0
550,12012.0
551,11944.0
552,11852.0
553,11760.0
554,12028.0
555,11504.0
556,11880.0
557,11104.0
558,11772.0
559,11140.0
560,11024.0
561,11312.0
562,11192.0
563,11240.0
564,10864.0
565,11512.0
566,11384.0
567,10788.0
568,11336.0
569,11136.0
570,11176.0
571,11096.0
572,11300.0
573,11788.0
574,11668.0
575,11176.0
576,11304.0
577,11204.0
578,11448.0
579,10936.0
580,10960.0
581,11500.0
582,11204.0
583,11480.0
584,11272.0
585,11444.0
586,10944.0
587,11080.0
588,11032.0
589,11232.0
590,11528.0
591,11632.0
592,11492.0
593,11332.0
594,11368.0
595,11716.0
596,11716.0
597,11696.0
598,11944.0
599,11492.0
600,11460.0
601,11448.0
602,11356.0
603,11056.0
604,11516.0
605,11304.0
606,11200.0
607,11252.0
608,11088.0
609,10920.0
610,11348.0
611,11048.0
612,10776.0
613,10816.0
614,10912.0
615,11140.0
616,11552.0
617,10944.0
618,11144.0
619,11660.0
620,11308.0
621,11408.0
622,11776.0
623,11536.0
624,11460.0
625,11748.0
626,11880.0
627,12156.0
628,11940.0
629,11936.0
630,11864.0
631,11880.0
632,11464.0
633,11316.0
634,11480.0
635,11332.0
636,11520.0
637,11828.0
638,11644.0
639,11152.0
640,11608.0
641,11396.0
642,11932.0
643,11508.0
644,11300.0
645,11720.0
646,11676.0
647,11592.0
648,11756.0
649,12220.0
650,11372.0
651,11496.0
652,11864.0
653,12108.0
654,12004.0
655,11740.0
656,11452.0
657,11292.0
658,11192.0
659,11320.0
660,11232.0
661,11452.0
662,11668.0
663,11572.0
664,11300.0
665,11384.0
666,11764.0
667,11752.0
668,12064.0
669,11908.0
670,12300.0
671,11924.0
672,12460.0
673,12032.0
674,12160.0
675,12200.0
676,12388.0
677,12464.0
678,12284.0
679,12428.0
680,12296.0
681,11996.0
682,12028.0
683,11764.0
684,11128.0
685,11520.0
686,11368.0
687,11700.0
688,11444.0
689,11508.0
690,11192.0
691,11392.0
692,11312.0
693,11544.0
694,11636.0
695,11560.0
696,10884.0
697,11336.0
698,11160.0
699,11396.0
700,11368.0
701,12020.0
702,12496.0
703,11792.0
704,12464.0
705,12248.0
706,12376.0
707,12040.0
708,11716.0
709,12124.0
710,12520.0
711,12092.0
712,12252.0
713,11780.0
714,11952.0
715,11276.0
716,12072.0
717,11388.0
718,11028.0
719,10984.0
720,10716.0
721,11212.0
722,11452.0
723,11312.0
724,10972.0
725,11128.0
726,11280.0
727,11936.0
728,11756.0
729,12012.0
730,10892.0
731,11092.0
732,11284.0
733,11196.0
734,11268.0
735,11572.0
736,11720.0
737,11636.0
738,11080.0
739,11568.0
740,11252.0
741,11024.0
742,11340.0
743,11184.0
744,10856.0
745,11256.0
746,11656.0
747,11868.0
748,11528.0
749,11880.0
750,11132.0
751,11376.0
752,11708.0
753,12052.0
754,11952.0
755,11688.0
756,11948.0
757,11264.0
758,11336.0
759,11780.0
760,11952.0
761,11792.0
762,11616.0
763,11504.0
764,10672.0
765,11252.0
766,11016.0
767,11184.0
768,11320.0
769,11604.0
770,11564.0
771,11156.0
772,11316.0
773,11124.0
774,10868.0
775,11212.0
776,11488.0
777,11404.0
778,11596.0
779,11428.0
780,11220.0
781,11516.0
782,11520.0
783,11316.0
784,11240.0
785,11472.0
786,11544.0
787,11136.0
788,11064.0
789,11144.0
790,11628.0
791,11168.0
792,11224.0
793,11640.0
794,11672.0
795,11656.0
796,11364.0
797,11568.0
798,11460.0
799,11504.0
800,11112.0
801,11436.0
802,11992.0
803,11720.0
804,11596.0
805,11472.0
806,11068.0
807,11776.0
808,11612.0
809,11568.0
810,11612.0
811,11408.0
812,11580.0
813,11260.0
814,11328.0
815,11444.0
816,11516.0
817,11212.0
818,11532.0
819,11108.0
820,11092.0
821,11188.0
822,10932.0
823,10904.0
824,10992.0
825,10940.0
826,11160.0
827,11572.0
828,11656.0
829,11564.0
830,11620.0
831,11624.0
832,11476.0
833,11636.0
834,11628.0
835,11732.0
836,11968.0
837,11920.0
838,11532.0
839,11820.0
840,11228.0
841,11564.0
842,11700.0
843,11700.0
844,11904.0
845,11576.0
846,11900.0
847,11680.0
848,11612.0
849,11916.0
850,11944.0
851,11868.0
852,12032.0
853,12200.0
854,11356.0
855,12072.0
856,11688.0
857,11540.0
858,12252.0
859,11636.0
860,11348.0
861,11748.0
862,11540.0
863,11916.0
864,11756.0
865,11688.0
866,11432.0
867,11860.0
868,11680.0
869,11880.0
870,11088.0
871,10908.0
872,10936.0
873,10924.0
874,11272.0
875,10980.0
876,11592.0
877,11388.0
878,11404.0
879,11196.0
880,11220.0
881,11180.0
882,10856.0
883,11488.0
884,11192.0
885,11184.0
886,11924.0
887,11528.0
888,11828.0
889,11596.0
890,11176.0
891,11184.0
892,11340.0
893,12028.0
894,11764.0
895,11412.0
896,11944.0
897,11236.0
898,10804.0
899,11220.0
900,11564.0
901,11900.0
902,11732.0
903,11768.0
904,11560.0
905,11396.0
906,11036.0
907,10988.0
908,11304.0
909,10968.0
910,11268.0
911,11268.0
912,11708.0
913,11356.0
914,11020.0
915,11260.0
916,11352.0
917,11428.0
918,11396.0
919,11564.0
920,11196.0
921,11120.0
922,10880.0
923,10724.0
924,10872.0
925,10584.0
926,11292.0
927,10948.0
928,11120.0
929,11104.0
930,10964.0
931,10924.0
932,10600.0
933,10616.0
934,10792.0
935,11160.0
936,11092.0
937,10868.0
938,11284.0
939,10892.0
940,11512.0
941,10804.0
942,10876.0
943,11264.0
944,11268.0
945,11480.0
946,11608.0
947,11324.0
948,11524.0
949,11156.0
950,11216.0
951,11432.0
952,11676.0
953,10836.0
954,11440.0
955,10884.0
956,11036.0
957,10684.0
958,10432.0
959,10824.0
960,10644.0
961,11048.0
962,10856.0
963,10800.0
964,10524.0
965,10196.0
966,10708.0
967,10320.0
968,10452.0
969,11000.0
970,10632.0
971,10632.0
972,10496.0
973,10544.0
974,10520.0
975,10912.0
976,11132.0
977,11060.0
978,10820.0
979,10416.0
980,10432.0
981,9976.0
982,10516.0
983,10472.0
984,10600.0
985,10868.0
986,10760.0
987,10456.0
988,10712.0
989,10712.0
990,10268.0
991,10316.0
992,10304.0
993,10568.0
994,10348.0
995,10572.0
996,10236.0
997,10720.0
998,10784.0
999,10560.0
1000,10772.0
1001,10440.0
1002,10684.0
1003,11112.0
1004,10672.0
1005,10512.0
1006,10716.0
1007,10564.0
1008,10376.0
1009,10508.0
1010,10724.0
1011,10964.0
1012,10556.0
1013,10804.0
1014,10484.0
1015,10820.0
1016,10548.0
1017,9732.0
1018,10108.0
1019,10592.0
1020,10168.0
1021,10532.0
1022,10292.0
1023,10132.0
1024,10560.0
1025,10432.0
1026,10612.0
1027,10524.0
1028,10740.0
1029,10800.0
1030,10168.0
1031,10352.0
1032,10448.0
1033,10300.0
1034,9852.0
1035,10112.0
1036,10408.0
1037,10412.0
1038,9864.0
1039,10452.0
1040,10132.0
1041,10632.0
1042,10180.0
1043,10324.0
1044,10660.0
1045,10396.0
1046,10196.0
1047,10604.0
1048,10536.0
1049,10364.0
1050,10360.0
1051,10416.0
1052,10756.0
1053,10428.0
1054,10068.0
1055,9820.0
1056,10188.0
1057,10256.0
1058,10064.0
1059,9852.0
1060,9776.0
1061,9848.0
1062,9844.0
1063,9848.0
1064,9888.0
1065,10056.0
1066,9960.0
1067,9836.0
1068,9960.0
1069,10056.0
1070,9968.0
1071,10092.0
1072,10080.0
1073,10320.0
1074,10416.0
1075,10092.0
1076,9848.0
1077,10452.0
1078,10044.0
1079,10268.0
1080,10020.0
1081,10236.0
1082,10000.0
1083,9788.0
1084,9916.0
1085,9832.0
1086,9800.0
1087,9648.0
1088,9996.0
1089,9744.0
1090,9548.0
1091,9608.0
1092,10072.0
1093,9728.0
1094,9884.0
1095,9820.0
1096,9884.0
1097,10220.0
1098,9660.0
1099,9884.0
1100,9692.0
1101,9728.0
1102,10012.0
1103,10260.0
1104,9828.0
1105,9940.0
1106,9924.0
1107,9744.0
1108,9720.0
1109,9500.0
1110,9636.0
1111,9500.0
1112,9528.0
1113,9392.0
1114,9660.0
1115,9588.0
1116,10080.0
1117,9560.0
1118,9724.0
1119,10284.0
1120,10040.0
1121,9600.0
1122,9552.0
1123,10160.0
1124,10016.0
1125,9960.0
1126,9872.0
1127,10076.0
1128,10316.0
1129,9400.0
1130,9720.0
1131,9796.0
1132,10480.0
1133,9760.0
1134,10064.0
1135,9880.0
1136,9392.0
1137,9704.0
1138,9364.0
1139,9576.0
1140,9860.0
1141,9696.0
1142,9636.0
1143,9844.0
1144,9384.0
1145,9640.0
1146,9760.0
1147,9488.0
1148,9692.0
1149,9884.0
1150,9836.0
1151,9572.0
1152,9324.0
1153,9612.0
1154,9328.0
1155,9404.0
1156,9408.0
1157,9816.0
1158,9740.0
1159,9136.0
1160,9908.0
1161,9540.0
1162,9652.0
1163,9800.0
1164,9412.0
1165,9608.0
1166,9496.0
1167,9648.0
1168,9392.0
1169,9444.0
1170,9316.0
1171,9264.0
1172,9104.0
1173,9120.0
1174,9520.0
1175,9280.0
1176,8972.0
1177,9396.0
1178,9572.0
1179,9244.0
1180,9084.0
1181,9648.0
1182,9808.0
1183,9676.0
1184,9668.0
1185,9364.0
1186,9736.0
1187,9656.0
1188,9552.0
1189,9428.0
1190,9408.0
1191,9524.0
1192,9268.0
1193,9052.0
1194,9064.0
1195,9180.0
1196,9264.0
1197,9584.0
1198,8996.0
1199,8760.0
1200,9172.0
1201,9204.0
1202,8804.0
1203,9432.0
1204,9148.0
1205,9232.0
1206,9512.0
1207,9228.0
1208,9340.0
1209,9024.0
1210,9336.0
1211,9492.0
1212,9340.0
1213,9260.0
1214,9524.0
1215,9568.0
1216,9264.0
1217,9268.0
1218,9180.0
1219,9092.0
1220,9196.0
1221,9168.0
1222,8968.0
1223,8884.0
1224,8952.0
1225,9028.0
1226,9124.0
1227,9368.0
1228,8908.0
1229,9024.0
1230,9216.0
1231,9376.0
1232,9496.0
1233,9388.0
1234,9492.0
1235,9076.0
1236,9268.0
1237,9216.0
1238,9584.0
1239,9320.0
1240,9416.0
1241,9568.0
1242,9052.0
1243,9184.0
1244,9160.0
1245,9384.0
1246,9300.0
1247,9256.0
1248,9560.0
1249,9176.0
1250,9140.0
1251,9228.0
1252,9172.0
1253,9312.0
1254,9352.0
1255,9260.0
1256,9048.0
1257,9136.0
1258,9172.0
1259,9004.0
1260,9148.0
1261,9340.0
1262,9224.0
1263,9212.0
1264,9576.0
1265,9260.0
1266,9048.0
1267,8944.0
1268,9024.0
1269,8808.0
1270,9096.0
1271,9252.0
1272,9264.0
1273,8896.0
1274,9104.0
1275,8652.0
1276,8700.0
1277,9276.0
1278,8908.0
1279,8700.0
1280,9036.0
1281,8740.0
1282,9004.0
1283,9384.0
1284,8876.0
1285,8792.0
1286,9148.0
1287,9004.0
1288,8884.0
1289,8796.0
1290,9144.0
1291,9140.0
1292,9012.0
1293,8584.0
1294,8964.0
1295,9036.0
1296,8768.0
1297,8836.0
1298,8644.0
1299,9032.0
1300,8936.0
1301,8744.0
1302,8636.0
1303,8988.0
1304,8848.0
1305,8880.0
1306,8400.0
1307,9012.0
1308,8636.0
1309,8760.0
1310,8904.0
1311,8728.0
1312,8612.0
1313,8840.0
1314,8920.0
1315,8764.0
1316,8904.0
1317,8356.0
1318,8624.0
1319,8464.0
1320,8916.0
1321,8620.0
1322,8728.0
1323,8772.0
1324,8872.0
1325,8668.0
1326,8384.0
1327,8924.0
1328,8296.0
1329,8788.0
1330,8564.0
1331,8668.0
1332,8732.0
1333,8548.0
1334,8976.0
1335,8604.0
1336,8516.0
1337,8380.0
1338,8428.0
1339,8620.0
1340,8172.0
1341,8744.0
1342,8480.0
1343,8360.0
1344,8592.0
1345,8100.0
1346,8344.0
1347,8680.0
1348,8500.0
1349,8692.0
1350,8384.0
1351,8228.0
1352,7996.0
1353,8304.0
1354,8500.0
1355,8236.0
1356,8164.0
1357,8416.0
1358,8192.0
1359,7840.0
1360,8216.0
1361,8320.0
1362,8524.0
1363,7936.0
1364,8748.0
1365,8676.0
1366,8420.0
1367,8176.0
1368,8196.0
1369,8232.0
1370,8548.0
1371,8176.0
1372,8208.0
1373,8400.0
1374,8468.0
1375,8480.0
1376,8156.0
1377,8280.0
1378,8548.0
1379,8732.0
1380,8252.0
1381,8240.0
1382,8036.0
1383,8240.0
1384,8116.0
1385,8328.0
1386,8244.0
1387,8156.0
1388,8244.0
1389,8564.0
1390,8196.0
1391,8640.0
1392,8040.0
1393,8224.0
1394,8388.0
1395,8196.0
1396,8244.0
1397,7768.0
1398,8712.0
1399,8368.0
1400,8092.0
1401,7976.0
1402,8468.0
1403,8252.0
1404,8040.0
1405,8292.0
1406,7816.0
1407,8188.0
1408,8220.0
1409,7964.0
1410,7964.0
1411,8136.0
1412,8336.0
1413,7956.0
1414,8084.0
1415,7668.0
1416,8188.0
1417,7828.0
1418,7956.0
1419,7760.0
1420,7844.0
1421,7736.0
1422,7780.0
1423,7960.0
1424,8008.0
1425,7884.0
1426,7368.0
1427,7896.0
1428,7860.0
1429,7784.0
1430,7936.0
1431,7744.0
1432,7408.0
1433,7432.0
1434,7848.0
1435,7568.0
1436,7184.0
1437,7340.0
1438,7660.0
1439,7540.0
1440,7416.0
1441,7592.0
1442,7388.0
1443,7912.0
1444,7608.0
1445,7576.0
1446,7560.0
1447,7676.0
1448,7848.0
1449,7816.0
1450,7228.0
1451,7668.0
1452,8152.0
1453,7936.0
1454,7672.0
1455,7888.0
1456,7556.0
1457,7672.0
1458,7940.0
1459,7652.0
1460,7804.0
1461,7484.0
1462,7716.0
1463,7608.0
1464,7756.0
1465,7536.0
1466,7772.0
1467,7460.0
1468,7536.0
1469,7720.0
1470,7816.0
1471,7644.0
1472,8024.0
1473,7508.0
1474,7980.0
1475,7288.0
1476,7696.0
1477,7424.0
1478,7612.0
1479,7564.0
1480,7372.0
1481,7644.0
1482,7448.0
1483,7504.0
1484,7460.0
1485,7696.0
1486,7344.0
1487,7644.0
1488,7448.0
1489,7512.0
1490,7360.0
1491,7388.0
1492,7308.0
1493,7232.0
1494,7540.0
1495,7396.0
1496,7200.0
1497,7264.0
1498,7312.0
1499,7372.0
1500,7444.0
1501,7504.0
1502,7216.0
1503,7640.0
1504,7688.0
1505,7348.0
1506,7688.0
1507,7140.0
1508,7144.0
1509,7436.0
1510,7552.0
1511,7292.0
1512,7408.0
1513,7292.0
1514,7484.0
1515,7196.0
1516,7732.0
1517,7212.0
1518,7132.0
1519,7572.0
1520,7160.0
1521,7252.0
1522,7468.0
1523,7096.0
1524,7544.0
1525,6872.0
1526,7060.0
1527,6892.0
1528,7208.0
1529,7196.0
1530,7608.0
1531,7084.0
1532,7124.0
1533,7248.0
1534,7308.0
1535,7340.0
1536,7196.0
1537,7200.0
1538,7336.0
1539,7080.0
1540,7080.0
1541,6948.0
1542,7324.0
1543,7228.0
1544,7200.0
1545,7356.0
1546,7524.0
1547,7476.0
1548,7464.0
1549,7076.0
1550,7172.0
1551,7360.0
1552,7372.0
1553,7256.0
1554,7252.0
1555,7252.0
1556,7060.0
1557,7128.0
1558,7452.0
1559,6924.0
1560,7384.0
1561,7072.0
1562,7556.0
1563,6976.0
1564,7212.0
1565,7308.0
1566,7584.0
1567,7464.0
1568,7208.0
1569,7392.0
1570,7096.0
1571,6868.0
1572,7120.0
1573,6992.0
1574,6872.0
1575,6764.0
1576,7076.0
1577,7160.0
1578,6544.0
1579,6900.0
1580,6924.0
1581,6800.0
1582,6784.0
1583,6576.0
1584,6768.0
1585,7048.0
1586,6844.0
1587,6828.0
1588,6832.0
1589,6624.0
1590,6792.0
1591,6584.0
1592,6712.0
1593,6652.0
1594,6728.0
1595,6496.0
1596,6688.0
1597,6416.0
1598,6696.0
1599,6932.0
1600,6708.0
1601,6412.0
1602,6648.0
1603,6564.0
1604,6840.0
1605,6748.0
1606,6544.0
1607,6712.0
1608,6676.0
1609,6860.0
1610,6480.0
1611,6720.0
1612,6592.0
1613,6772.0
1614,6572.0
1615,6928.0
1616,7164.0
1617,7232.0
1618,6628.0
1619,6836.0
1620,6776.0
1621,6548.0
1622,6692.0
1623,6848.0
1624,7080.0
1625,7120.0
1626,6636.0
1627,6984.0
1628,6872.0
1629,6632.0
1630,6812.0
1631,6732.0
1632,6724.0
1633,6920.0
1634,6984.0
1635,7060.0
1636,6692.0
1637,6868.0
1638,7092.0
1639,6892.0
1640,6676.0
1641,6796.0
1642,6664.0
1643,6812.0
1644,6868.0
1645,6752.0
1646,6724.0
1647,6884.0
1648,7096.0
1649,6684.0
1650,6744.0
1651,6696.0
1652,6472.0
1653,6352.0
1654,6888.0
1655,6588.0
1656,6428.0
1657,6780.0
1658,6816.0
1659,6792.0
1660,6536.0
1661,6672.0
1662,6640.0
1663,6700.0
1664,6836.0
1665,6684.0
1666,6960.0
1667,6824.0
1668,6708.0
1669,6636.0
1670,6764.0
1671,6624.0
1672,6708.0
1673,6452.0
1674,6820.0
1675,6700.0
1676,6720.0
1677,6668.0
1678,6492.0
1679,7052.0
1680,6468.0
1681,6740.0
1682,6320.0
1683,6640.0
1684,6624.0
1685,6720.0
1686,6792.0
1687,6628.0
1688,6608.0
1689,6384.0
1690,6708.0
1691,6492.0
1692,6684.0
1693,6628.0
1694,6560.0
1695,6724.0
1696,6280.0
1697,6828.0
1698,6564.0
1699,6396.0
1700,6532.0
1701,6612.0
1702,6396.0
1703,6376.0
1704,6612.0
1705,6588.0
1706,6396.0
1707,6720.0
1708,6668.0
1709,6752.0
1710,6776.0
1711,6396.0
1712,6160.0
1713,6824.0
1714,6336.0
1715,6420.0
1716,6548.0
1717,6588.0
1718,6476.0
1719,6300.0
1720,6372.0
1721,6164.0
1722,6552.0
1723,6424.0
1724,6404.0
1725,6316.0
1726,6160.0
1727,6200.0
1728,6524.0
1729,6336.0
1730,6308.0
1731,6448.0
1732,6548.0
1733,6556.0
1734,6708.0
1735,6484.0
1736,6352.0
1737,6420.0
1738,6564.0
1739,6400.0
1740,6272.0
1741,6280.0
1742,6232.0
1743,6264.0
1744,6508.0
1745,6724.0
1746,6204.0
1747,6324.0
1748,6620.0
1749,6400.0
1750,6344.0
1751,6364.0
1752,6628.0
1753,6672.0
1754,6324.0
1755,6348.0
1756,6444.0
1757,6308.0
1758,6420.0
1759,6420.0
1760,6740.0
1761,6276.0
1762,6468.0
1763,6816.0
1764,6388.0
1765,6504.0
1766,6188.0
1767,6504.0
1768,6148.0
1769,6384.0
1770,6204.0
1771,6140.0
1772,6188.0
1773,6408.0
1774,5928.0
1775,6296.0
1776,6512.0
1777,6388.0
1778,6684.0
1779,6632.0
1780,6076.0
1781,6336.0
1782,6360.0
1783,6412.0
1784,6448.0
1785,6404.0
1786,6156.0
1787,6620.0
1788,6284.0
1789,6644.0
1790,6148.0
1791,6616.0
1792,6432.0
1793,6304.0
1794,6092.0
1795,6512.0
1796,6628.0
1797,6312.0
1798,6092.0
1799,6264.0
1800,6244.0
1801,6316.0
1802,6032.0
1803,6440.0
1804,6304.0
1805,6040.0
1806,6284.0
1807,6144.0
1808,6308.0
1809,6324.0
1810,6408.0
1811,6204.0
1812,6072.0
1813,6336.0
1814,6144.0
1815,6000.0
1816,6464.0
1817,6084.0
1818,6300.0
1819,6072.0
1820,5924.0
1821,6140.0
1822,6240.0
1823,6316.0
1824,6120.0
1825,6044.0
1826,6020.0
1827,5904.0
1828,6268.0
1829,5972.0
1830,6140.0
1831,6160.0
1832,5884.0
1833,5840.0
1834,6056.0
1835,5756.0
1836,6224.0
1837,5904.0
1838,6348.0
1839,6120.0
1840,6232.0
1841,6132.0
1842,6432.0
1843,6348.0
1844,6196.0
1845,6268.0
1846,6256.0
1847,5948.0
1848,6440.0
1849,6120.0
1850,6528.0
1851,5972.0
1852,6268.0
1853,6476.0
1854,6448.0
1855,6216.0
1856,6004.0
1857,6200.0
1858,6188.0
1859,6268.0
1860,6188.0
1861,6112.0
1862,6188.0
1863,6256.0
1864,6016.0
1865,6124.0
1866,6008.0
1867,6060.0
1868,5876.0
1869,6376.0
1870,6044.0
1871,6008.0
1872,6000.0
1873,6212.0
1874,6688.0
1875,5896.0
1876,6428.0
1877,6380.0
1878,5812.0
1879,5740.0
1880,6016.0
1881,6236.0
1882,5956.0
1883,6440.0
1884,6344.0
1885,6316.0
1886,5896.0
1887,5924.0
1888,6080.0
1889,6120.0
1890,6228.0
1891,6300.0
1892,6196.0
1893,6152.0
1894,5952.0
1895,6044.0
1896,6096.0
1897,6252.0
1898,6376.0
1899,6084.0
1900,6088.0
1901,6152.0
1902,6348.0
1903,5992.0
1904,5964.0
1905,6248.0
1906,6292.0
1907,6008.0
1908,6244.0
1909,5824.0
1910,6040.0
1911,6200.0
1912,6284.0
1913,5852.0
1914,6412.0
1915,5972.0
1916,6180.0
1917,6064.0
1918,6288.0
1919,6080.0
1920,6368.0
1921,6280.0
1922,6244.0
1923,6344.0
1924,6092.0
1925,6040.0
1926,5844.0
1927,6140.0
1928,6020.0
1929,5972.0
1930,6264.0
1931,6080.0
1932,5904.0
1933,6144.0
1934,6220.0
1935,5964.0
1936,5912.0
1937,5772.0
1938,5860.0
1939,6132.0
1940,6348.0
1941,6032.0
1942,6236.0
1943,6100.0
1944,5924.0
1945,5924.0
1946,5832.0
1947,6088.0
1948,5904.0
1949,6116.0
1950,5964.0
1951,6208.0
1952,5648.0
1953,6000.0
1954,5964.0
1955,5772.0
1956,6244.0
1957,5828.0
1958,6176.0
1959,6000.0
1960,6100.0
1961,6028.0
1962,5920.0
1963,6036.0
1964,6204.0
1965,6012.0
1966,6096.0
1967,6100.0
1968,6008.0
1969,5980.0
1970,6256.0
1971,6112.0
1972,5764.0
1973,6088.0
1974,5888.0
1975,5976.0
1976,6244.0
1977,6188.0
1978,6000.0
1979,5952.0
1980,6080.0
1981,5912.0
1982,6028.0
1983,6012.0
1984,5936.0
1985,6272.0
1986,6472.0
1987,5952.0
1988,5920.0
1989,5940.0
1990,5968.0
1991,5988.0
1992,5544.0
1993,5928.0
1994,5836.0
1995,5980.0
1996,5892.0
1997,5980.0
1998,6172.0
1999,5884.0
2000,5920.0
2001,6216.0
2002,6160.0
2003,6072.0
2004,5756.0
2005,6004.0
2006,5928.0
2007,5952.0
2008,5840.0
2009,6104.0
2010,6180.0
2011,6100.0
2012,5708.0
2013,5732.0
2014,5872.0
2015,5824.0
2016,5628.0
2017,6040.0
2018,6164.0
2019,5828.0
2020,5944.0
2021,6084.0
2022,6240.0
2023,6004.0
2024,5864.0
2025,6088.0
2026,5960.0
2027,5896.0
2028,5752.0
2029,6012.0
2030,5932.0
2031,5776.0
2032,5792.0
2033,5936.0
2034,5740.0
2035,5952.0
2036,5908.0
2037,5884.0
2038,5608.0
2039,5840.0
2040,5936.0
2041,5744.0
2042,5732.0
2043,5996.0
2044,5636.0
2045,5924.0
2046,6176.0
2047,6144.0
2048,6084.0
2049,5900.0
2050,5828.0
2051,5940.0
2052,5744.0
2053,5840.0
2054,5760.0
2055,5792.0
2056,6016.0
2057,5816.0
2058,5844.0
2059,5776.0
2060,5972.0
2061,6068.0
2062,6064.0
2063,5680.0
2064,5736.0
2065,5692.0
2066,5884.0
2067,5900.0
2068,5944.0
2069,5864.0
2070,5752.0
2071,5912.0
2072,5784.0
2073,5764.0
2074,5624.0
2075,5892.0
2076,5796.0
2077,5996.0
2078,6140.0
2079,5940.0
2080,6080.0
2081,5628.0
2082,5676.0
2083,5628.0
2084,5796.0
2085,6148.0
2086,5664.0
2087,5708.0
2088,5932.0
2089,5884.0
2090,5432.0
2091,5868.0
2092,5852.0
2093,5952.0
2094,5696.0
2095,5976.0
2096,5632.0
2097,5868.0
2098,5896.0
2099,5856.0
2100,5892.0
2101,6784.0
2102,5676.0
2103,5624.0
2104,5588.0
2105,5596.0
2106,5672.0
2107,5448.0
2108,5896.0
2109,5888.0
2110,6100.0
2111,5868.0
2112,6088.0
2113,5940.0
2114,5744.0
2115,5748.0
2116,6132.0
2117,5724.0
2118,5920.0
2119,5632.0
2120,5900.0
2121,5600.0
2122,5808.0
2123,5592.0
2124,6112.0
2125,5588.0
2126,5716.0
2127,5852.0
2128,5624.0
2129,5740.0
2130,5928.0
2131,5524.0
2132,5624.0
2133,5656.0
2134,5948.0
2135,5624.0
2136,5880.0
2137,5824.0
2138,5940.0
2139,5696.0
2140,5672.0
2141,5760.0
2142,5764.0
2143,5708.0
2144,5584.0
2145,5720.0
2146,5860.0
2147,5932.0
2148,5564.0
2149,5900.0
2150,5776.0
2151,5984.0
2152,5568.0
2153,5920.0
2154,5892.0
2155,5852.0
2156,5500.0
2157,5712.0
2158,5712.0
2159,6084.0
2160,5960.0
2161,5588.0
2162,5956.0
2163,5848.0
2164,6080.0
2165,5752.0
2166,5928.0
2167,5944.0
2168,5724.0
2169,5672.0
2170,5932.0
2171,5748.0
2172,6172.0
2173,5764.0
2174,6152.0
2175,5904.0
2176,5672.0
2177,5640.0
2178,6056.0
2179,6008.0
2180,6064.0
2181,5556.0
2182,6052.0
2183,5828.0
2184,5728.0
2185,5632.0
2186,5844.0
2187,6012.0
2188,5688.0
2189,6000.0
2190,5660.0
2191,5944.0
2192,5892.0
2193,5588.0
2194,5684.0
2195,5388.0
2196,5624.0
2197,5800.0
2198,5540.0
2199,6044.0
2200,5832.0
2201,5900.0
2202,5696.0
2203,6068.0
2204,5772.0
2205,5932.0
2206,5820.0
2207,5644.0
2208,5856.0
2209,5904.0
2210,5500.0
2211,5644.0
2212,5788.0
2213,5824.0
2214,5756.0
2215,5476.0
2216,5544.0
2217,5924.0
2218,5456.0
2219,5636.0
2220,5980.0
2221,5784.0
2222,5852.0
2223,5644.0
2224,5632.0
2225,5864.0
2226,5632.0
2227,5720.0
2228,5936.0
2229,5612.0
2230,5596.0
2231,5800.0
2232,5636.0
2233,5728.0
2234,5728.0
2235,5764.0
2236,5452.0
2237,5480.0
2238,5612.0
2239,5856.0
2240,5720.0
2241,5832.0
2242,5776.0
2243,5436.0
2244,5640.0
2245,5652.0
2246,5388.0
2247,5564.0
2248,5832.0
2249,5460.0
2250,5480.0
2251,5248.0
2252,5516.0
2253,5616.0
2254,5808.0
2255,5408.0
2256,5676.0
2257,5776.0
2258,5824.0
2259,5480.0
2260,5516.0
2261,5632.0
2262,5660.0
2263,5608.0
2264,5500.0
2265,5620.0
2266,5568.0
2267,5588.0
2268,5656.0
2269,5512.0
2270,5696.0
2271,5568.0
2272,5860.0
2273,5840.0
2274,5972.0
2275,5840.0
2276,5480.0
2277,5848.0
2278,5776.0
2279,5628.0
2280,5580.0
2281,5908.0
2282,5320.0
2283,5508.0
2284,5504.0
2285,5640.0
2286,5792.0
2287,5912.0
2288,5948.0
2289,5708.0
2290,5940.0
2291,5920.0
2292,5812.0
2293,6000.0
2294,5836.0
2295,5752.0
2296,5844.0
2297,5888.0
2298,5496.0
2299,6040.0
2300,5952.0
2301,5932.0
2302,6060.0
2303,5784.0
2304,6052.0
2305,5604.0
2306,5892.0
2307,6052.0
2308,5748.0
2309,6008.0
2310,6068.0
2311,6132.0
2312,5892.0
2313,6152.0
2314,5856.0
2315,5892.0
2316,5840.0
2317,5968.0
2318,5892.0
2319,6004.0
2320,5868.0
2321,5904.0
2322,5848.0
2323,5776.0
2324,5716.0
2325,5868.0
2326,5720.0
2327,5712.0
2328,6060.0
2329,5828.0
2330,5800.0
2331,6120.0
2332,5884.0
2333,5980.0
2334,5632.0
2335,5728.0
2336,6000.0
2337,5812.0
2338,5776.0
2339,6092.0
2340,5952.0
2341,5816.0
2342,5656.0
2343,5892.0
2344,5676.0
2345,5976.0
2346,5780.0
2347,6120.0
2348,5600.0
2349,5636.0
2350,6040.0
2351,5896.0
2352,5804.0
2353,5808.0
2354,6012.0
2355,5856.0
2356,5756.0
2357,5364.0
2358,5800.0
2359,5808.0
2360,5872.0
2361,5696.0
2362,5824.0
2363,5664.0
2364,5816.0
2365,5808.0
2366,5676.0
2367,5892.0
2368,5668.0
2369,6064.0
2370,5796.0
2371,5836.0
2372,5308.0
2373,5836.0
2374,5632.0
2375,5520.0
2376,5844.0
2377,5824.0
2378,5892.0
2379,5676.0
2380,5708.0
2381,5640.0
2382,5712.0
2383,5660.0
2384,5816.0
2385,5788.0
2386,5644.0
2387,5644.0
2388,5740.0
2389,5812.0
2390,5856.0
2391,5900.0
2392,6236.0
2393,5868.0
2394,5892.0
2395,5860.0
2396,5728.0
2397,5616.0
2398,5612.0
2399,5844.0
2400,5944.0
2401,6008.0
2402,6140.0
2403,5820.0
2404,5832.0
2405,5748.0
2406,5932.0
2407,5692.0
2408,5464.0
2409,5724.0
2410,5956.0
2411,6060.0
2412,5804.0
2413,5856.0
2414,5876.0
2415,6048.0
2416,5612.0
2417,5672.0
2418,5924.0
2419,5528.0
2420,5868.0
2421,5976.0
2422,6408.0
2423,5820.0
2424,5704.0
2425,5756.0
2426,5712.0
2427,6136.0
2428,5868.0
2429,6012.0
2430,6048.0
2431,5856.0
2432,5900.0
2433,5688.0
2434,5856.0
2435,5728.0
2436,5760.0
2437,5660.0
2438,5924.0
2439,5532.0
2440,6016.0
2441,5924.0
2442,5872.0
2443,5784.0
2444,5668.0
2445,5688.0
2446,6152.0
2447,5776.0
2448,5804.0
2449,5852.0
2450,5868.0
2451,5640.0
2452,5804.0
2453,5788.0
2454,5736.0
2455,5672.0
2456,5988.0
2457,5756.0
2458,5900.0
2459,6104.0
2460,6132.0
2461,6068.0
2462,6172.0
2463,6076.0
2464,5684.0
2465,5928.0
2466,5816.0
2467,6028.0
2468,5888.0
2469,5836.0
2470,5888.0
2471,6032.0
2472,5888.0
2473,5876.0
2474,5904.0
2475,6064.0
2476,6220.0
2477,5980.0
2478,6092.0
2479,6064.0
2480,6160.0
2481,5940.0
2482,5924.0
2483,6044.0
2484,6040.0
2485,5684.0
2486,5984.0
2487,6408.0
2488,5764.0
2489,5704.0
2490,6228.0
2491,5988.0
2492,6180.0
2493,6124.0
2494,6152.0
2495,6172.0
2496,5924.0
2497,6076.0
2498,6256.0
2499,6116.0
2500,5984.0
2501,5952.0
2502,6168.0
2503,5764.0
2504,5916.0
2505,5588.0
2506,5960.0
2507,5636.0
2508,5996.0
2509,6220.0
2510,6172.0
2511,6072.0
2512,5640.0
2513,6008.0
2514,5964.0
2515,5784.0
2516,5784.0
2517,5632.0
2518,5824.0
2519,6024.0
2520,5972.0
2521,5960.0
2522,6100.0
2523,6088.0
2524,5736.0
2525,6036.0
2526,5508.0
2527,6096.0
2528,5756.0
2529,6076.0
2530,5880.0
2531,6092.0
2532,5592.0
2533,5992.0
2534,5832.0
2535,6196.0
2536,5584.0
2537,6476.0
2538,6196.0
2539,5908.0
2540,6004.0
2541,5940.0
2542,6048.0
2543,6008.0
2544,6492.0
2545,6408.0
2546,6352.0
2547,6476.0
2548,6156.0
2549,6012.0
2550,6044.0
2551,6128.0
2552,6276.0
2553,6532.0
2554,5988.0
2555,6136.0
2556,6136.0
2557,5880.0
2558,5960.0
2559,6092.0
2560,6088.0
2561,5988.0
2562,6080.0
2563,6120.0
2564,6500.0
2565,5948.0
2566,6084.0
2567,5956.0
2568,6280.0
2569,6416.0
2570,6388.0
2571,6372.0
2572,6028.0
2573,5996.0
2574,6336.0
2575,6272.0
2576,6452.0
2577,6164.0
2578,6368.0
2579,6148.0
2580,6060.0
2581,6376.0
2582,6156.0
2583,6316.0
2584,6244.0
2585,6668.0
2586,6348.0
2587,6432.0
2588,6604.0
2589,6544.0
2590,6052.0
2591,6120.0
2592,5996.0
2593,6416.0
2594,6104.0
2595,6220.0
2596,6264.0
2597,6132.0
2598,6196.0
2599,6296.0
2600,6588.0
2601,6284.0
2602,6576.0
2603,6344.0
2604,6244.0
2605,6680.0
2606,6412.0
2607,5924.0
2608,6312.0
2609,6608.0
2610,6340.0
2611,6332.0
2612,6212.0
2613,6760.0
2614,6740.0
2615,6360.0
2616,6524.0
2617,6340.0
2618,6732.0
2619,6616.0
2620,6552.0
2621,6368.0
2622,6460.0
2623,6296.0
2624,6420.0
2625,6352.0
2626,6344.0
2627,6072.0
2628,6160.0
2629,6180.0
2630,6504.0
2631,6308.0
2632,6080.0
2633,6368.0
2634,6376.0
2635,6196.0
2636,6172.0
2637,6328.0
2638,5976.0
2639,6304.0
2640,6168.0
2641,6252.0
2642,6256.0
2643,6028.0
2644,6432.0
2645,5904.0
2646,6464.0
2647,6528.0
2648,6292.0
2649,6132.0
2650,6468.0
2651,6628.0
2652,6116.0
2653,6028.0
2654,6308.0
2655,6048.0
2656,6584.0
2657,6676.0
2658,6304.0
2659,6224.0
2660,6076.0
2661,6332.0
2662,6144.0
2663,6324.0
2664,6380.0
2665,6516.0
2666,6500.0
2667,6388.0
2668,6436.0
2669,6348.0
2670,6344.0
2671,6316.0
2672,6012.0
2673,6304.0
2674,5960.0
2675,5984.0
2676,6408.0
2677,6360.0
2678,6136.0
2679,6120.0
2680,6276.0
2681,6228.0
2682,6212.0
2683,6608.0
2684,6636.0
2685,6340.0
2686,6256.0
2687,6460.0
2688,6224.0
2689,6164.0
2690,6372.0
2691,6692.0
2692,6392.0
2693,6184.0
2694,6428.0
2695,6112.0
2696,6488.0
2697,6460.0
2698,6440.0
2699,6328.0
2700,6116.0
2701,6720.0
2702,6328.0
2703,6240.0
2704,6380.0
2705,6412.0
2706,6756.0
2707,6416.0
2708,6548.0
2709,6576.0
2710,6656.0
2711,6552.0
2712,6488.0
2713,6412.0
2714,6768.0
2715,6684.0
2716,6544.0
2717,6596.0
2718,6620.0
2719,6632.0
2720,6628.0
2721,6608.0
2722,6556.0
2723,6028.0
2724,6860.0
2725,6420.0
2726,6612.0
2727,6720.0
2728,6660.0
2729,6640.0
2730,7068.0
2731,6536.0
2732,6988.0
2733,6796.0
2734,6704.0
2735,6584.0
2736,6796.0
2737,6412.0
2738,6916.0
2739,6680.0
2740,6952.0
2741,6884.0
2742,6636.0
2743,6696.0
2744,6412.0
2745,6424.0
2746,6884.0
2747,6392.0
