0	1084.0
1	1016.0
2	1112.0
3	1014.0
4	1028.0
5	1126.0
6	1146.0
7	1100.0
8	978.0
9	924.0
10	1086.0
11	1092.0
12	1024.0
13	964.0
14	944.0
15	1072.0
16	974.0
17	992.0
18	1088.0
19	1376.0
20	1204.0
21	1128.0
22	1088.0
23	1028.0
24	1148.0
25	1048.0
26	1048.0
27	1244.0
28	1128.0
29	1104.0
30	1372.0
31	1156.0
32	1084.0
33	1140.0
34	1078.0
35	1092.0
36	1036.0
37	1168.0
38	1106.0
39	1030.0
40	1164.0
41	802.0
42	1184.0
43	1228.0
44	1184.0
45	1068.0
46	1076.0
47	1196.0
48	1180.0
49	1178.0
50	1060.0
51	1040.0
52	1078.0
53	1010.0
54	1152.0
55	1148.0
56	1216.0
57	1282.0
58	952.0
59	1100.0
60	872.0
61	1100.0
62	944.0
63	1104.0
64	1152.0
65	1008.0
66	1076.0
67	810.0
68	976.0
69	1064.0
70	760.0
71	728.0
72	1028.0
73	898.0
74	950.0
75	1042.0
76	902.0
77	1002.0
78	1008.0
79	906.0
80	932.0
81	928.0
82	1156.0
83	1254.0
84	1290.0
85	1516.0
86	1220.0
87	1292.0
88	1028.0
89	1324.0
90	1126.0
91	1244.0
92	1300.0
93	1212.0
94	1280.0
95	1312.0
96	1184.0
97	1304.0
98	1104.0
99	1372.0
100	1496.0
101	1250.0
102	1344.0
103	1286.0
104	1084.0
105	1128.0
106	1344.0
107	1252.0
108	1364.0
109	1194.0
110	1284.0
111	1008.0
112	1244.0
113	1296.0
114	1080.0
115	1160.0
116	1034.0
117	1114.0
118	960.0
119	1132.0
120	1090.0
121	840.0
122	1268.0
123	1234.0
124	1116.0
125	1072.0
126	944.0
127	1096.0
128	1032.0
129	992.0
130	1266.0
131	1064.0
132	1160.0
133	1180.0
134	1104.0
135	1126.0
136	1068.0
137	1140.0
138	1088.0
139	1116.0
140	1090.0
141	1132.0
142	1458.0
143	1032.0
144	1164.0
145	1056.0
146	1402.0
147	1302.0
148	1272.0
149	1292.0
150	1320.0
151	984.0
152	1264.0
153	1264.0
154	1288.0
155	1304.0
156	1084.0
157	1200.0
158	1392.0
159	1106.0
160	980.0
161	1238.0
162	1124.0
163	1116.0
164	1064.0
165	1108.0
166	1160.0
167	1244.0
168	1146.0
169	870.0
170	1080.0
171	908.0
172	1284.0
173	1256.0
174	1112.0
175	1166.0
176	1056.0
177	1104.0
178	1064.0
179	980.0
180	1090.0
181	1198.0
182	1284.0
183	1276.0
184	1160.0
185	1264.0
186	1100.0
187	1052.0
188	868.0
189	912.0
190	754.0
191	708.0
192	1104.0
193	1088.0
194	912.0
195	936.0
196	932.0
197	980.0
198	1154.0
199	1344.0
200	1192.0
201	1070.0
202	1296.0
203	1160.0
204	1368.0
205	1228.0
206	1282.0
207	1196.0
208	1268.0
209	1268.0
210	1100.0
211	1172.0
212	1356.0
213	1184.0
214	1268.0
215	1276.0
216	1272.0
217	1404.0
218	1192.0
219	1206.0
220	1164.0
221	1142.0
222	1218.0
223	1100.0
224	1168.0
225	1070.0
226	1392.0
227	1220.0
228	1160.0
229	1128.0
230	1488.0
231	1396.0
232	1266.0
233	1340.0
234	1204.0
235	1304.0
236	1234.0
237	1172.0
238	1360.0
239	1348.0
240	1188.0
241	1150.0
242	1378.0
243	1244.0
244	1260.0
245	1232.0
246	1232.0
247	1418.0
248	1072.0
249	1256.0
250	1064.0
251	1184.0
252	1158.0
253	1176.0
254	1072.0
255	1388.0
256	1212.0
257	1288.0
258	1304.0
259	1220.0
260	1192.0
261	1272.0
262	1064.0
263	1152.0
264	1270.0
265	1392.0
266	1188.0
267	1306.0
268	1068.0
269	1412.0
270	1308.0
271	1300.0
272	1224.0
273	1460.0
274	1236.0
275	1068.0
276	1184.0
277	1336.0
278	1092.0
279	1236.0
280	1234.0
281	1128.0
282	1156.0
283	1048.0
284	1060.0
285	1288.0
286	1230.0
287	1248.0
288	1238.0
289	1124.0
290	1260.0
291	1390.0
292	1300.0
293	1198.0
294	1060.0
295	1128.0
296	1242.0
297	1160.0
298	1344.0
299	1212.0
300	968.0
301	1292.0
302	1076.0
303	1012.0
304	1026.0
305	1484.0
306	1068.0
307	1216.0
308	1132.0
309	1324.0
310	1476.0
311	1200.0
312	1296.0
313	1280.0
314	1200.0
315	1110.0
316	1216.0
317	1264.0
318	1388.0
319	1184.0
320	1142.0
321	1138.0
322	1264.0
323	1292.0
324	1180.0
325	1376.0
326	1348.0
327	1346.0
328	1364.0
329	1448.0
330	1304.0
331	1260.0
332	1328.0
333	1320.0
334	1224.0
335	1262.0
336	1440.0
337	1464.0
338	1304.0
339	1456.0
340	1392.0
341	1396.0
342	1320.0
343	1392.0
344	1188.0
345	1260.0
346	1404.0
347	1352.0
348	1152.0
349	1082.0
350	1176.0
351	1240.0
352	1350.0
353	1460.0
354	1338.0
355	1492.0
356	1108.0
357	1154.0
358	1288.0
359	1336.0
360	1296.0
361	1228.0
362	1268.0
363	1348.0
364	1348.0
365	1286.0
366	1348.0
367	1288.0
368	1264.0
369	1232.0
370	1428.0
371	1164.0
372	1368.0
373	1106.0
374	1170.0
375	1300.0
376	1214.0
377	1536.0
378	1188.0
379	1100.0
380	1116.0
381	1412.0
382	1274.0
383	1052.0
384	1318.0
385	1190.0
386	1180.0
387	1376.0
388	1256.0
389	1192.0
390	1312.0
391	1336.0
392	1332.0
393	1324.0
394	1544.0
395	1130.0
396	1290.0
397	1432.0
398	1220.0
399	1152.0
400	1180.0
401	1268.0
402	1336.0
403	1200.0
404	1232.0
405	1172.0
406	1068.0
407	1044.0
408	1180.0
409	1080.0
410	1136.0
411	1168.0
412	1100.0
413	1080.0
414	1348.0
415	1368.0
416	1164.0
417	1060.0
418	1200.0
419	1044.0
420	1276.0
421	1216.0
422	1100.0
423	1086.0
424	1216.0
425	1176.0
426	1188.0
427	1330.0
428	1244.0
429	1280.0
430	1196.0
431	1200.0
432	1264.0
433	1104.0
434	1324.0
435	1360.0
436	1324.0
437	1220.0
438	1308.0
439	1148.0
440	1236.0
441	1064.0
442	1164.0
443	1122.0
444	1168.0
445	1152.0
446	1400.0
447	1244.0
448	1148.0
449	1072.0
450	1040.0
451	1296.0
452	1356.0
453	1342.0
454	1352.0
455	1276.0
456	1248.0
457	1180.0
458	1120.0
459	1528.0
460	1212.0
461	1284.0
462	1220.0
463	1404.0
464	1132.0
465	1268.0
466	1132.0
467	1314.0
468	1424.0
469	1336.0
470	1436.0
471	1432.0
472	1392.0
473	1162.0
474	1344.0
475	1240.0
476	1424.0
477	1356.0
478	1372.0
479	1650.0
480	1464.0
481	1268.0
482	1480.0
483	1144.0
484	1248.0
485	1116.0
486	1600.0
487	1108.0
488	1324.0
489	1420.0
490	1460.0
491	1262.0
492	1372.0
493	1464.0
494	1292.0
495	1194.0
496	1316.0
497	1446.0
498	1176.0
499	1304.0
500	1304.0
501	1392.0
502	1132.0
503	1088.0
504	1348.0
505	1180.0
506	1188.0
507	1184.0
508	1040.0
509	1068.0
510	1168.0
511	1220.0
512	1052.0
513	1124.0
514	1316.0
515	1184.0
516	1242.0
517	1272.0
518	1372.0
519	1202.0
520	1328.0
521	1372.0
522	1392.0
523	1264.0
524	1536.0
525	1388.0
526	1392.0
527	1360.0
528	1180.0
529	1388.0
530	1412.0
531	1392.0
532	1266.0
533	1464.0
534	1444.0
535	1420.0
536	1456.0
537	1356.0
538	1428.0
539	1388.0
540	1340.0
541	1232.0
542	1336.0
543	1122.0
544	1356.0
545	1224.0
546	1252.0
547	1416.0
548	1188.0
549	1266.0
550	1208.0
551	1252.0
552	1258.0
553	1290.0
554	1416.0
555	1324.0
556	1284.0
557	1416.0
558	1204.0
559	1260.0
560	1244.0
561	1396.0
562	1416.0
563	1348.0
564	1440.0
565	1264.0
566	1144.0
567	1180.0
568	1488.0
569	1332.0
570	1608.0
571	1388.0
572	1408.0
573	1180.0
574	1256.0
575	1412.0
576	1336.0
577	1528.0
578	1276.0
579	1544.0
580	1384.0
581	1444.0
582	1288.0
583	1384.0
584	1526.0
585	1264.0
586	1388.0
587	1340.0
588	1484.0
589	1444.0
590	1144.0
591	1324.0
592	1460.0
593	1368.0
594	1560.0
595	1384.0
596	1424.0
597	1364.0
598	1336.0
599	1620.0
600	1444.0
601	1468.0
602	1464.0
603	1086.0
604	1232.0
605	1192.0
606	1474.0
607	1308.0
608	1136.0
609	1244.0
610	1484.0
611	1530.0
612	1560.0
613	1428.0
614	1434.0
615	1320.0
616	1564.0
617	1352.0
618	1182.0
619	1464.0
620	1392.0
621	1652.0
622	1368.0
623	1220.0
624	1448.0
625	1314.0
626	1364.0
627	1316.0
628	1484.0
629	1300.0
630	1464.0
631	1376.0
632	1332.0
633	1368.0
634	1224.0
635	1576.0
636	1138.0
637	1288.0
638	1308.0
639	1412.0
640	1300.0
641	1240.0
642	1312.0
643	1240.0
644	1604.0
645	1304.0
646	1364.0
647	1360.0
648	1216.0
649	1308.0
650	1212.0
651	1460.0
652	1612.0
653	1496.0
654	1304.0
655	1376.0
656	1116.0
657	1012.0
658	1570.0
659	1314.0
660	1158.0
661	972.0
662	1004.0
663	1068.0
664	1156.0
665	1184.0
666	928.0
667	1268.0
668	1340.0
669	1504.0
670	1092.0
671	1496.0
672	1464.0
673	1508.0
674	1556.0
675	1284.0
676	1228.0
677	1656.0
678	1296.0
679	1444.0
680	1280.0
681	1508.0
682	1324.0
683	1556.0
684	1380.0
685	1396.0
686	1708.0
687	1408.0
688	1428.0
689	1304.0
690	1460.0
691	1464.0
692	1348.0
693	1428.0
694	1232.0
695	1236.0
696	1194.0
697	1360.0
698	1592.0
699	1428.0
700	1428.0
701	1376.0
702	1616.0
703	1456.0
704	1428.0
705	1478.0
706	1496.0
707	1524.0
708	1372.0
709	1556.0
710	1584.0
711	1472.0
712	1548.0
713	1696.0
714	1496.0
715	1412.0
716	1644.0
717	1692.0
718	1620.0
719	1488.0
720	1272.0
721	1424.0
722	1826.0
723	1496.0
724	1520.0
725	1580.0
726	1572.0
727	1456.0
728	1644.0
729	1500.0
730	1404.0
731	1648.0
732	1584.0
733	1432.0
734	1460.0
735	1652.0
736	1620.0
737	1576.0
738	1716.0
739	1400.0
740	1584.0
741	1584.0
742	1560.0
743	1628.0
744	1548.0
745	1700.0
746	1780.0
747	1600.0
748	1408.0
749	1452.0
750	1442.0
751	1748.0
752	1624.0
753	1656.0
754	1616.0
755	1708.0
756	1508.0
757	1616.0
758	1780.0
759	1412.0
760	1608.0
761	1300.0
762	1630.0
763	1456.0
764	1468.0
765	1360.0
766	1372.0
767	1496.0
768	1388.0
769	1400.0
770	1572.0
771	1428.0
772	1308.0
773	1356.0
774	1568.0
775	1412.0
776	1652.0
777	1420.0
778	1612.0
779	1382.0
780	1516.0
781	1332.0
782	1396.0
783	1372.0
784	1532.0
785	1440.0
786	1572.0
787	1352.0
788	1516.0
789	1536.0
790	1452.0
791	1424.0
792	1592.0
793	1404.0
794	1452.0
795	1600.0
796	1484.0
797	1472.0
798	1420.0
799	1472.0
800	1304.0
801	1700.0
802	1604.0
803	1432.0
804	1296.0
805	1552.0
806	1380.0
807	1436.0
808	1632.0
809	1496.0
810	1380.0
811	1696.0
812	1502.0
813	1372.0
814	1448.0
815	1580.0
816	1356.0
817	1500.0
818	1652.0
819	1500.0
820	1528.0
821	1416.0
822	1468.0
823	1580.0
824	1282.0
825	1368.0
826	1276.0
827	1408.0
828	1532.0
829	1656.0
830	1460.0
831	1224.0
832	1668.0
833	1468.0
834	1572.0
835	1628.0
836	1496.0
837	1532.0
838	1380.0
839	1588.0
840	1456.0
841	1408.0
842	1718.0
843	1500.0
844	1264.0
845	1444.0
846	1428.0
847	1444.0
848	1496.0
849	1444.0
850	1628.0
851	1592.0
852	1448.0
853	1576.0
854	1364.0
855	1612.0
856	1544.0
857	1416.0
858	1312.0
859	1340.0
860	1276.0
861	1556.0
862	1656.0
863	1544.0
864	1420.0
865	1448.0
866	1388.0
867	1424.0
868	1604.0
869	1320.0
870	1288.0
871	1380.0
872	1236.0
873	1336.0
874	1620.0
875	1560.0
876	1752.0
877	1612.0
878	1804.0
879	1552.0
880	1592.0
881	1400.0
882	1392.0
883	1452.0
884	1196.0
885	1420.0
886	1044.0
887	1536.0
888	1500.0
889	1400.0
890	1512.0
891	1588.0
892	1400.0
893	1596.0
894	1736.0
895	1408.0
896	1684.0
897	1532.0
898	1548.0
899	1548.0
900	1432.0
901	1532.0
902	1552.0
903	1728.0
904	1796.0
905	1504.0
906	1936.0
907	1706.0
908	1524.0
909	1552.0
910	1380.0
911	1684.0
912	1616.0
913	1672.0
914	1484.0
915	1712.0
916	1560.0
917	1432.0
918	1720.0
919	1624.0
920	1472.0
921	1588.0
922	1420.0
923	1664.0
924	1436.0
925	1628.0
926	1624.0
927	1604.0
928	1356.0
929	1456.0
930	1432.0
931	1502.0
932	1556.0
933	1472.0
934	1656.0
935	1626.0
936	1600.0
937	1392.0
938	1592.0
939	1254.0
940	1612.0
941	1344.0
942	1624.0
943	1584.0
944	1540.0
945	1624.0
946	1364.0
947	1724.0
948	1616.0
949	1524.0
950	1512.0
951	1660.0
952	1568.0
953	1732.0
954	1468.0
955	1376.0
956	1524.0
957	1660.0
958	1516.0
959	1576.0
960	1712.0
961	1540.0
962	1452.0
963	1796.0
964	1316.0
965	1720.0
966	1728.0
967	1408.0
968	1576.0
969	1696.0
970	1680.0
971	1632.0
972	1416.0
973	1592.0
974	1512.0
975	1480.0
976	1380.0
977	1758.0
978	1428.0
979	1440.0
980	1668.0
981	1376.0
982	1636.0
983	1584.0
984	1424.0
985	1416.0
986	1156.0
987	1424.0
988	1444.0
989	1312.0
990	1492.0
991	1452.0
992	1520.0
993	1532.0
994	1604.0
995	1304.0
996	1484.0
997	1548.0
998	1408.0
999	1280.0
1000	1156.0
1001	1360.0
1002	1460.0
1003	1472.0
1004	1496.0
1005	1500.0
1006	1504.0
1007	1516.0
1008	1320.0
1009	1592.0
1010	1256.0
1011	1424.0
1012	1708.0
1013	1564.0
1014	1620.0
1015	1892.0
1016	1772.0
1017	1736.0
1018	1444.0
1019	1652.0
1020	1512.0
1021	1592.0
1022	1736.0
1023	1692.0
1024	1820.0
1025	1716.0
1026	1612.0
1027	1552.0
1028	1544.0
1029	1472.0
1030	1464.0
1031	1620.0
1032	1508.0
1033	1644.0
1034	1816.0
1035	1768.0
1036	1512.0
1037	1672.0
1038	1864.0
1039	1696.0
1040	1708.0
1041	1884.0
1042	1636.0
1043	1548.0
1044	1548.0
1045	1724.0
1046	1872.0
1047	1744.0
1048	1724.0
1049	1724.0
1050	1588.0
1051	1820.0
1052	1860.0
1053	1972.0
1054	1864.0
1055	1788.0
1056	1812.0
1057	1596.0
1058	1752.0
1059	1560.0
1060	1856.0
1061	1836.0
1062	1420.0
1063	1528.0
1064	1688.0
1065	1736.0
1066	1556.0
1067	1744.0
1068	1896.0
1069	1684.0
1070	1632.0
1071	1544.0
1072	1696.0
1073	1748.0
1074	1520.0
1075	1750.0
1076	1692.0
1077	1612.0
1078	1616.0
1079	1940.0
1080	1672.0
1081	1756.0
1082	1468.0
1083	1604.0
1084	1728.0
1085	1692.0
1086	1740.0
1087	1696.0
1088	1648.0
1089	1712.0
1090	1768.0
1091	1632.0
1092	1848.0
1093	1508.0
1094	1624.0
1095	1536.0
1096	1452.0
1097	1560.0
1098	1620.0
1099	1748.0
1100	1572.0
1101	1956.0
1102	1664.0
1103	1608.0
1104	1704.0
1105	1772.0
1106	1860.0
1107	1688.0
1108	1492.0
1109	1900.0
1110	1700.0
1111	1632.0
1112	1580.0
1113	1792.0
1114	1808.0
1115	1892.0
1116	1804.0
1117	1596.0
1118	1912.0
1119	1832.0
1120	1904.0
1121	1808.0
1122	1788.0
1123	1580.0
1124	1708.0
1125	1928.0
1126	1720.0
1127	1772.0
1128	1808.0
1129	1664.0
1130	1880.0
1131	1744.0
1132	1798.0
1133	1788.0
1134	1824.0
1135	1708.0
1136	1616.0
1137	1772.0
1138	1672.0
1139	1672.0
1140	1636.0
1141	1964.0
1142	1500.0
1143	1624.0
1144	1682.0
1145	1686.0
1146	1916.0
1147	1836.0
1148	1656.0
1149	1680.0
1150	1628.0
1151	1808.0
1152	1656.0
1153	1672.0
1154	1628.0
1155	1720.0
1156	1776.0
1157	1884.0
1158	1808.0
1159	1816.0
1160	1708.0
1161	1752.0
1162	1804.0
1163	1616.0
1164	1792.0
1165	1848.0
1166	1824.0
1167	1724.0
1168	1740.0
1169	1756.0
1170	1804.0
1171	1884.0
1172	1656.0
1173	1604.0
1174	1784.0
1175	1836.0
1176	1972.0
1177	1960.0
1178	1820.0
1179	1792.0
1180	1768.0
1181	1792.0
1182	1572.0
1183	1836.0
1184	1824.0
1185	1724.0
1186	1628.0
1187	1632.0
1188	1700.0
1189	1700.0
1190	1484.0
1191	1572.0
1192	1700.0
1193	1660.0
1194	1540.0
1195	1552.0
1196	1772.0
1197	1714.0
1198	1800.0
1199	1484.0
1200	1452.0
1201	1860.0
1202	1748.0
1203	1836.0
1204	1676.0
1205	1896.0
1206	1540.0
1207	1652.0
1208	1644.0
1209	1848.0
1210	2040.0
1211	1676.0
1212	1740.0
1213	1984.0
1214	1832.0
1215	1856.0
1216	1916.0
1217	1956.0
1218	1844.0
1219	1680.0
1220	1792.0
1221	1652.0
1222	1792.0
1223	1848.0
1224	1896.0
1225	1748.0
1226	1860.0
1227	1720.0
1228	1748.0
1229	1486.0
1230	1708.0
1231	1740.0
1232	1380.0
1233	1828.0
1234	1592.0
1235	1644.0
1236	1572.0
1237	1944.0
1238	1800.0
1239	1608.0
1240	1700.0
1241	1652.0
1242	1696.0
1243	1492.0
1244	1856.0
1245	1656.0
1246	1632.0
1247	1916.0
1248	1808.0
1249	1508.0
1250	1752.0
1251	1712.0
1252	1924.0
1253	1972.0
1254	1704.0
1255	1776.0
1256	1672.0
1257	1728.0
1258	1552.0
1259	1676.0
1260	1596.0
1261	1404.0
1262	1656.0
1263	1804.0
1264	1836.0
1265	1768.0
1266	1632.0
1267	1836.0
1268	1904.0
1269	1824.0
1270	1896.0
1271	1808.0
1272	1680.0
1273	1712.0
1274	1500.0
1275	1528.0
1276	1660.0
1277	1656.0
1278	1792.0
1279	1832.0
1280	1936.0
1281	1676.0
1282	1772.0
1283	1752.0
1284	1632.0
1285	1692.0
1286	1832.0
1287	1790.0
1288	1800.0
1289	1684.0
1290	1752.0
1291	1948.0
1292	1696.0
1293	1502.0
1294	1616.0
1295	1652.0
1296	1760.0
1297	1656.0
1298	1760.0
1299	1704.0
1300	1856.0
1301	1508.0
1302	1460.0
1303	1748.0
1304	1772.0
1305	1684.0
1306	1504.0
1307	1312.0
1308	1432.0
1309	1516.0
1310	1688.0
1311	1388.0
1312	1552.0
1313	1160.0
1314	1780.0
1315	1660.0
1316	1652.0
1317	1636.0
1318	1708.0
1319	1512.0
1320	1556.0
1321	1620.0
1322	1544.0
1323	1584.0
1324	1788.0
1325	1548.0
1326	1628.0
1327	1680.0
1328	1812.0
1329	1644.0
1330	1624.0
1331	1780.0
1332	1972.0
1333	1688.0
1334	1936.0
1335	1548.0
1336	1660.0
1337	1972.0
1338	1644.0
1339	1600.0
1340	1564.0
1341	1500.0
1342	1732.0
1343	1890.0
1344	1716.0
1345	1656.0
1346	1548.0
1347	1716.0
1348	1820.0
1349	1832.0
1350	1656.0
1351	1648.0
1352	1860.0
1353	1660.0
1354	1640.0
1355	1544.0
1356	1460.0
1357	1676.0
1358	1788.0
1359	1624.0
1360	1508.0
1361	1460.0
1362	1668.0
1363	1524.0
1364	1504.0
1365	1232.0
1366	1324.0
1367	1296.0
1368	1222.0
1369	1228.0
1370	1300.0
1371	1432.0
1372	1352.0
1373	1408.0
1374	1600.0
1375	1756.0
1376	1620.0
1377	1668.0
1378	1448.0
1379	1508.0
1380	1600.0
1381	1800.0
1382	1608.0
1383	1872.0
1384	1780.0
1385	1736.0
1386	1828.0
1387	1688.0
1388	1476.0
1389	1618.0
1390	1504.0
1391	1852.0
1392	1548.0
1393	1516.0
1394	1540.0
1395	1620.0
1396	1784.0
1397	1928.0
1398	1992.0
1399	1648.0
1400	1676.0
1401	1500.0
1402	1680.0
1403	1864.0
1404	1820.0
1405	1892.0
1406	1816.0
1407	1660.0
1408	1840.0
1409	1804.0
1410	1896.0
1411	1764.0
1412	1524.0
1413	1604.0
1414	1776.0
1415	1860.0
1416	1826.0
1417	2004.0
1418	1612.0
1419	1884.0
1420	1704.0
1421	1840.0
1422	1752.0
1423	1788.0
1424	1696.0
1425	1738.0
1426	1588.0
1427	1688.0
1428	1656.0
1429	1636.0
1430	1736.0
1431	1736.0
1432	1664.0
1433	1728.0
1434	1792.0
1435	2220.0
1436	1920.0
1437	1756.0
1438	1812.0
1439	1720.0
1440	1780.0
1441	1608.0
1442	1568.0
1443	1868.0
1444	1632.0
1445	1860.0
1446	1508.0
1447	1524.0
1448	1664.0
1449	1884.0
1450	1736.0
1451	2016.0
1452	1504.0
1453	1828.0
1454	1744.0
1455	1616.0
1456	1576.0
1457	1568.0
1458	1532.0
1459	1900.0
1460	1612.0
1461	1504.0
1462	1412.0
1463	1588.0
1464	1712.0
1465	1548.0
1466	1656.0
1467	1736.0
1468	1636.0
1469	1812.0
1470	1664.0
1471	1628.0
1472	1476.0
1473	1620.0
1474	1680.0
1475	1780.0
1476	1532.0
1477	1736.0
1478	1592.0
1479	1920.0
1480	1764.0
1481	1912.0
1482	1880.0
1483	1824.0
1484	1712.0
1485	1692.0
1486	1812.0
1487	1728.0
1488	1536.0
1489	1656.0
1490	2000.0
1491	1752.0
1492	1608.0
1493	1980.0
1494	1756.0
1495	1564.0
1496	1788.0
1497	1744.0
1498	1792.0
1499	1588.0
1500	1612.0
1501	1440.0
1502	1736.0
1503	1520.0
1504	1876.0
1505	1916.0
1506	1888.0
1507	1752.0
1508	1728.0
1509	1848.0
1510	1480.0
1511	1624.0
1512	1944.0
1513	1888.0
1514	1592.0
1515	1568.0
1516	1624.0
1517	1892.0
1518	1772.0
1519	1632.0
1520	1556.0
1521	1996.0
1522	1572.0
1523	1712.0
1524	1700.0
1525	1788.0
1526	1764.0
1527	1724.0
1528	1982.0
1529	1616.0
1530	1880.0
1531	1824.0
1532	1664.0
1533	2028.0
1534	1796.0
1535	1900.0
1536	2012.0
1537	1900.0
1538	1656.0
1539	1792.0
1540	1676.0
1541	1452.0
1542	1680.0
1543	1912.0
1544	1720.0
1545	1684.0
1546	1772.0
1547	1780.0
1548	1872.0
1549	1780.0
1550	1940.0
1551	1636.0
1552	1952.0
1553	1524.0
1554	1692.0
1555	1796.0
1556	1564.0
1557	1484.0
1558	1504.0
1559	1828.0
1560	1692.0
1561	1640.0
1562	1896.0
1563	2032.0
1564	1688.0
1565	1804.0
1566	1800.0
1567	1684.0
1568	1916.0
1569	1756.0
1570	1794.0
1571	1750.0
1572	1732.0
1573	1592.0
1574	1708.0
1575	1804.0
1576	1732.0
1577	1604.0
1578	1744.0
1579	1796.0
1580	1920.0
1581	1636.0
1582	1736.0
1583	1676.0
1584	1752.0
1585	1816.0
1586	1964.0
1587	1716.0
1588	1600.0
1589	1672.0
1590	1588.0
1591	1784.0
1592	1804.0
1593	1788.0
1594	1676.0
1595	1588.0
1596	1756.0
1597	1666.0
1598	1496.0
1599	1740.0
1600	1572.0
1601	1764.0
1602	1652.0
1603	1872.0
1604	1700.0
1605	1732.0
1606	1916.0
1607	1536.0
1608	1548.0
1609	1442.0
1610	1516.0
1611	1404.0
1612	1512.0
1613	1676.0
1614	1684.0
1615	1600.0
1616	1636.0
1617	1372.0
1618	1748.0
1619	1848.0
1620	1728.0
1621	1708.0
1622	1752.0
1623	1788.0
1624	1816.0
1625	1688.0
1626	1868.0
1627	1592.0
1628	1568.0
1629	1592.0
1630	1680.0
1631	1580.0
1632	1688.0
1633	1492.0
1634	1788.0
1635	1524.0
1636	1908.0
1637	1616.0
1638	1400.0
1639	1512.0
1640	1712.0
1641	1660.0
1642	1696.0
1643	1426.0
1644	1736.0
1645	1700.0
1646	1650.0
1647	1756.0
1648	1548.0
1649	1696.0
1650	1672.0
1651	1546.0
1652	1564.0
1653	1772.0
1654	1538.0
1655	1888.0
1656	1800.0
1657	1470.0
1658	1940.0
1659	1908.0
1660	1584.0
1661	1748.0
1662	1588.0
1663	1752.0
1664	1708.0
1665	1568.0
1666	1592.0
1667	1568.0
1668	1596.0
1669	1780.0
1670	1556.0
1671	1680.0
1672	1544.0
1673	1636.0
1674	1532.0
1675	1716.0
1676	1792.0
1677	1648.0
1678	1900.0
1679	1736.0
1680	1694.0
1681	1808.0
1682	1748.0
1683	1804.0
1684	1652.0
1685	1484.0
1686	1564.0
1687	1588.0
1688	1576.0
1689	1656.0
1690	1684.0
1691	1752.0
1692	1664.0
1693	1656.0
1694	1756.0
1695	1708.0
1696	1764.0
1697	1812.0
1698	1784.0
1699	1744.0
1700	1636.0
1701	1648.0
1702	1784.0
1703	1848.0
1704	1282.0
1705	1524.0
1706	1632.0
1707	1672.0
1708	1684.0
1709	1620.0
1710	1696.0
1711	1440.0
1712	1664.0
1713	1520.0
1714	1632.0
1715	1812.0
1716	1692.0
1717	1700.0
1718	1428.0
1719	1724.0
1720	1476.0
1721	1588.0
1722	1752.0
1723	1608.0
1724	1532.0
1725	1364.0
1726	1440.0
1727	1560.0
1728	1456.0
1729	1312.0
1730	1388.0
1731	1408.0
1732	1404.0
1733	1152.0
1734	1508.0
1735	1472.0
1736	1460.0
1737	1452.0
1738	1264.0
1739	1532.0
1740	1716.0
1741	1616.0
1742	1544.0
1743	1756.0
1744	1640.0
1745	1720.0
1746	1584.0
1747	1964.0
1748	1704.0
1749	1616.0
1750	1698.0
1751	1704.0
1752	1532.0
1753	1360.0
1754	1496.0
1755	1460.0
1756	1520.0
1757	1476.0
1758	1624.0
1759	1488.0
1760	1720.0
1761	1568.0
1762	1728.0
1763	1432.0
1764	1896.0
1765	1712.0
1766	1868.0
1767	1988.0
1768	1692.0
1769	1696.0
1770	1788.0
1771	1864.0
1772	1852.0
1773	1592.0
1774	1760.0
1775	1724.0
1776	1620.0
1777	1688.0
1778	1724.0
1779	1548.0
1780	1788.0
1781	1844.0
1782	1764.0
1783	1728.0
1784	1504.0
1785	1504.0
1786	1560.0
1787	1636.0
1788	1448.0
1789	1364.0
1790	1540.0
1791	1764.0
1792	1848.0
1793	1348.0
1794	1792.0
1795	1724.0
1796	1748.0
1797	1620.0
1798	1932.0
1799	1708.0
1800	1688.0
1801	1444.0
1802	1640.0
1803	1632.0
1804	1640.0
1805	1916.0
1806	1552.0
1807	1680.0
1808	1896.0
1809	1688.0
1810	1812.0
1811	1644.0
1812	1944.0
1813	1760.0
1814	1768.0
1815	1796.0
1816	1548.0
1817	1712.0
1818	1656.0
1819	1604.0
1820	1608.0
1821	1548.0
1822	1564.0
1823	1408.0
1824	1604.0
1825	1828.0
1826	1748.0
1827	1828.0
1828	1744.0
1829	1688.0
1830	1876.0
1831	1808.0
1832	1780.0
1833	1840.0
1834	1972.0
1835	1740.0
1836	1552.0
1837	1660.0
1838	1698.0
1839	1676.0
1840	1856.0
1841	1816.0
1842	1880.0
1843	1468.0
1844	1584.0
1845	1592.0
1846	1420.0
1847	1504.0
1848	1872.0
1849	1820.0
1850	1732.0
1851	1640.0
1852	1732.0
1853	1816.0
1854	1708.0
1855	1856.0
1856	1400.0
1857	1900.0
1858	1832.0
1859	1900.0
1860	1680.0
1861	1516.0
1862	1712.0
1863	1680.0
1864	1784.0
1865	1780.0
1866	1936.0
1867	1612.0
1868	1588.0
1869	1712.0
1870	1712.0
1871	1700.0
1872	1592.0
1873	1522.0
1874	1714.0
1875	1724.0
1876	1496.0
1877	1832.0
1878	1736.0
1879	1528.0
1880	1788.0
1881	1712.0
1882	1768.0
1883	1780.0
1884	1604.0
1885	1338.0
1886	1748.0
1887	1632.0
1888	1732.0
1889	1772.0
1890	1824.0
1891	1968.0
1892	1788.0
1893	1940.0
1894	1620.0
1895	1752.0
1896	1768.0
1897	1672.0
1898	1724.0
1899	1752.0
1900	1712.0
1901	1672.0
1902	1772.0
1903	1720.0
1904	1816.0
1905	1696.0
1906	1576.0
1907	1748.0
1908	1816.0
1909	1700.0
1910	1700.0
1911	1640.0
1912	1728.0
1913	1844.0
1914	1676.0
1915	1704.0
1916	1544.0
1917	1964.0
1918	1540.0
1919	1628.0
1920	1824.0
1921	1620.0
1922	1824.0
1923	1580.0
1924	1844.0
1925	1704.0
1926	1172.0
1927	1784.0
1928	1744.0
1929	1584.0
1930	1620.0
1931	1664.0
1932	1644.0
1933	1568.0
1934	1488.0
1935	1664.0
1936	1680.0
1937	1456.0
1938	1232.0
1939	1548.0
1940	1552.0
1941	1432.0
1942	1584.0
1943	1592.0
1944	1616.0
1945	1712.0
1946	1584.0
1947	1452.0
1948	1648.0
1949	1596.0
1950	1660.0
1951	1504.0
1952	1352.0
1953	1800.0
1954	1452.0
1955	1524.0
1956	1660.0
1957	1692.0
1958	1724.0
1959	1684.0
1960	1730.0
1961	1816.0
1962	1744.0
1963	1764.0
1964	1712.0
1965	1700.0
1966	1320.0
1967	1456.0
1968	1512.0
1969	1452.0
1970	1432.0
1971	1504.0
1972	1520.0
1973	2028.0
1974	1636.0
1975	1500.0
1976	1548.0
1977	1620.0
1978	1668.0
1979	1684.0
1980	1540.0
1981	1820.0
1982	1796.0
1983	1768.0
1984	1516.0
1985	1632.0
1986	1732.0
1987	1600.0
1988	1592.0
1989	1752.0
1990	1724.0
1991	1948.0
1992	1748.0
1993	1780.0
1994	1640.0
1995	1448.0
1996	2000.0
1997	1740.0
1998	1748.0
1999	1760.0
2000	1708.0
2001	1676.0
2002	1512.0
2003	1776.0
2004	1888.0
2005	1588.0
2006	1532.0
2007	1728.0
2008	1784.0
2009	1920.0
2010	1568.0
2011	1668.0
2012	1852.0
2013	1688.0
2014	1748.0
2015	1540.0
2016	1808.0
2017	1704.0
2018	1760.0
2019	1636.0
2020	1536.0
2021	1616.0
2022	1752.0
2023	1580.0
2024	1704.0
2025	1780.0
2026	1500.0
2027	1708.0
2028	1544.0
2029	1708.0
2030	1664.0
2031	1668.0
2032	1676.0
2033	1624.0
2034	1400.0
2035	1544.0
2036	1492.0
2037	1620.0
2038	1766.0
2039	1636.0
2040	1564.0
2041	1784.0
2042	1868.0
2043	1840.0
2044	1568.0
2045	1444.0
2046	1856.0
2047	1580.0
2048	1904.0
2049	1832.0
2050	1420.0
2051	1640.0
2052	1800.0
2053	1524.0
2054	1676.0
2055	1400.0
2056	1708.0
2057	1728.0
2058	1596.0
2059	1420.0
2060	1482.0
2061	1640.0
2062	1648.0
2063	1484.0
2064	1740.0
2065	1872.0
2066	1252.0
2067	1560.0
2068	1500.0
2069	1600.0
2070	1452.0
2071	1820.0
2072	1592.0
2073	1732.0
2074	1516.0
2075	1656.0
2076	1420.0
2077	1476.0
2078	1484.0
2079	1552.0
2080	1556.0
2081	1580.0
2082	1624.0
2083	1372.0
2084	1700.0
2085	1720.0
2086	1480.0
2087	1608.0
2088	1704.0
2089	1608.0
2090	1448.0
2091	1484.0
2092	1824.0
2093	1408.0
2094	1440.0
2095	1740.0
2096	1692.0
2097	1464.0
2098	1556.0
2099	1628.0
2100	1552.0
2101	1388.0
2102	1440.0
2103	1556.0
2104	1340.0
2105	1456.0
2106	1596.0
2107	1382.0
2108	1560.0
2109	1684.0
2110	1584.0
2111	1616.0
2112	1456.0
2113	1460.0
2114	1756.0
2115	1712.0
2116	1462.0
2117	1636.0
2118	1340.0
2119	1560.0
2120	1720.0
2121	1512.0
2122	1888.0
2123	1764.0
2124	1714.0
2125	1524.0
2126	1628.0
2127	1700.0
2128	1420.0
2129	1552.0
2130	1736.0
2131	1316.0
2132	1496.0
2133	1544.0
2134	1452.0
2135	1512.0
2136	1464.0
2137	1612.0
2138	1508.0
2139	1372.0
2140	1612.0
2141	1848.0
2142	1344.0
2143	1540.0
2144	1574.0
2145	1696.0
2146	1388.0
2147	1580.0
2148	1792.0
2149	1568.0
2150	1680.0
2151	1350.0
2152	1708.0
2153	1400.0
2154	1584.0
2155	1332.0
2156	1512.0
2157	1540.0
2158	1400.0
2159	1292.0
2160	1100.0
2161	1600.0
2162	1448.0
2163	1364.0
2164	1216.0
2165	1420.0
2166	1280.0
2167	1520.0
2168	1420.0
2169	1800.0
2170	1408.0
2171	1256.0
2172	1456.0
2173	1588.0
2174	1396.0
2175	1392.0
2176	1456.0
2177	1624.0
2178	1356.0
2179	1508.0
2180	1524.0
2181	1532.0
2182	1732.0
2183	1676.0
2184	1308.0
2185	1512.0
2186	1680.0
2187	1700.0
2188	1360.0
2189	1588.0
2190	1552.0
2191	1808.0
2192	1728.0
2193	1500.0
2194	1600.0
2195	1468.0
2196	1580.0
2197	1480.0
2198	1548.0
2199	1576.0
2200	1568.0
2201	1500.0
2202	1484.0
2203	1824.0
2204	1656.0
2205	1636.0
2206	1456.0
2207	1600.0
2208	1640.0
2209	1696.0
2210	1596.0
2211	1560.0
2212	1572.0
2213	1512.0
2214	1604.0
2215	1236.0
2216	1492.0
2217	1504.0
2218	1546.0
2219	1460.0
2220	1404.0
2221	1524.0
2222	1620.0
2223	1672.0
2224	1716.0
2225	1620.0
2226	1604.0
2227	1572.0
2228	1260.0
2229	1564.0
2230	1372.0
2231	1532.0
2232	1792.0
2233	1764.0
2234	1304.0
2235	1860.0
2236	1160.0
2237	1624.0
2238	1528.0
2239	1412.0
2240	1416.0
2241	1644.0
2242	1324.0
2243	1492.0
2244	1286.0
2245	1494.0
2246	1614.0
2247	1440.0
2248	1636.0
2249	1324.0
2250	1576.0
2251	1520.0
2252	1512.0
2253	1524.0
2254	1484.0
2255	1628.0
2256	1516.0
2257	1368.0
2258	1544.0
2259	1604.0
2260	1468.0
2261	1684.0
2262	1476.0
2263	1420.0
2264	1376.0
2265	1544.0
2266	1464.0
2267	1576.0
2268	1220.0
2269	1484.0
2270	1512.0
2271	1402.0
2272	1292.0
2273	1384.0
2274	1704.0
2275	1456.0
2276	1524.0
2277	1472.0
2278	1524.0
2279	1396.0
2280	1508.0
2281	1582.0
2282	1384.0
2283	1656.0
2284	1364.0
2285	1392.0
2286	1260.0
2287	1452.0
2288	1444.0
2289	1460.0
2290	1396.0
2291	1436.0
2292	1444.0
2293	1536.0
2294	1220.0
2295	1376.0
2296	1472.0
2297	1352.0
2298	1336.0
2299	1400.0
2300	1700.0
2301	1532.0
2302	1416.0
2303	1504.0
2304	1632.0
2305	1348.0
2306	1620.0
2307	1356.0
2308	1340.0
2309	1428.0
2310	1300.0
2311	1496.0
2312	1382.0
2313	1324.0
2314	1428.0
2315	1508.0
2316	1340.0
2317	1444.0
2318	1396.0
2319	1384.0
2320	1344.0
2321	1432.0
2322	1344.0
2323	1460.0
2324	1316.0
2325	1164.0
2326	1512.0
2327	1384.0
2328	1440.0
2329	1308.0
2330	1142.0
2331	1280.0
2332	1404.0
2333	1430.0
2334	1316.0
2335	1544.0
2336	1438.0
2337	1488.0
2338	1288.0
2339	1396.0
2340	1504.0
2341	1360.0
2342	1464.0
2343	1240.0
2344	1332.0
2345	1208.0
2346	1496.0
2347	1496.0
2348	1330.0
2349	1496.0
2350	1292.0
2351	1492.0
2352	1516.0
2353	1624.0
2354	1148.0
2355	1336.0
2356	1400.0
2357	1404.0
2358	1496.0
2359	1420.0
2360	1624.0
2361	1108.0
2362	1540.0
2363	1060.0
2364	1532.0
2365	1472.0
2366	1560.0
2367	1234.0
2368	1564.0
2369	1300.0
2370	1268.0
2371	1268.0
2372	1316.0
2373	1788.0
2374	1492.0
2375	1396.0
2376	1616.0
2377	1448.0
2378	1328.0
2379	1424.0
2380	1424.0
2381	1364.0
2382	1260.0
2383	1624.0
2384	1422.0
2385	1280.0
2386	1354.0
2387	1372.0
2388	1548.0
2389	1488.0
2390	1220.0
2391	1212.0
2392	1484.0
2393	1240.0
2394	1360.0
2395	1524.0
2396	1368.0
2397	1386.0
2398	1640.0
2399	1388.0
2400	1488.0
2401	1304.0
2402	1532.0
2403	1080.0
2404	1228.0
2405	1420.0
2406	1428.0
2407	1532.0
2408	1272.0
2409	1484.0
2410	1260.0
2411	1184.0
2412	1378.0
2413	1576.0
2414	1296.0
2415	1464.0
2416	1596.0
2417	1420.0
2418	1400.0
2419	1316.0
2420	1604.0
2421	1208.0
2422	1392.0
2423	1140.0
2424	1324.0
2425	1276.0
2426	1424.0
2427	1448.0
2428	1420.0
2429	1180.0
2430	1280.0
2431	1256.0
2432	1412.0
2433	1346.0
2434	1180.0
2435	1388.0
2436	1488.0
2437	1452.0
2438	1596.0
2439	1436.0
2440	1180.0
2441	1476.0
2442	1436.0
2443	1280.0
2444	1392.0
2445	1370.0
2446	1404.0
2447	1612.0
2448	1348.0
2449	1304.0
2450	1256.0
2451	1500.0
2452	1488.0
2453	1258.0
2454	1344.0
2455	1136.0
2456	1200.0
2457	1232.0
2458	1204.0
2459	1384.0
2460	1260.0
2461	1316.0
2462	1316.0
2463	1256.0
2464	1484.0
2465	1344.0
2466	1304.0
2467	1130.0
2468	1260.0
2469	1310.0
2470	1288.0
2471	1412.0
2472	1364.0
2473	1160.0
2474	1284.0
2475	1312.0
2476	1324.0
2477	1492.0
2478	1352.0
2479	1472.0
2480	1380.0
2481	1416.0
2482	1408.0
2483	1328.0
2484	1204.0
2485	1240.0
2486	1164.0
2487	1532.0
2488	1336.0
2489	1440.0
2490	1372.0
2491	1276.0
2492	1128.0
2493	1224.0
2494	1086.0
2495	1188.0
2496	1336.0
2497	1248.0
2498	1172.0
2499	1084.0
2500	1452.0
2501	1332.0
2502	978.0
2503	1244.0
2504	1308.0
2505	1384.0
2506	1224.0
2507	1108.0
2508	1416.0
2509	1184.0
2510	1320.0
2511	1260.0
2512	1308.0
2513	1268.0
2514	1128.0
2515	1588.0
2516	1088.0
2517	1260.0
2518	1060.0
2519	1208.0
2520	1084.0
2521	1120.0
2522	1188.0
2523	1396.0
2524	1376.0
2525	1372.0
2526	1252.0
2527	1176.0
2528	1232.0
2529	1212.0
2530	1308.0
2531	1384.0
2532	1282.0
2533	1202.0
2534	1268.0
2535	1356.0
2536	978.0
2537	1092.0
2538	1356.0
2539	1240.0
2540	1144.0
2541	844.0
2542	1188.0
2543	1304.0
2544	1284.0
2545	1228.0
2546	1140.0
2547	1056.0
2548	1180.0
2549	1080.0
2550	1532.0
2551	1260.0
2552	1100.0
2553	1062.0
2554	1372.0
2555	1120.0
2556	1228.0
2557	1332.0
2558	1340.0
2559	1412.0
2560	1348.0
2561	1200.0
2562	1256.0
2563	1070.0
2564	1196.0
2565	1012.0
2566	1184.0
2567	1376.0
2568	1380.0
2569	1328.0
2570	1156.0
2571	1028.0
2572	1500.0
2573	1308.0
2574	1448.0
2575	1324.0
2576	1244.0
2577	1368.0
2578	1016.0
2579	1100.0
2580	1260.0
2581	972.0
2582	1204.0
2583	1320.0
2584	1092.0
2585	1408.0
2586	1208.0
2587	1108.0
2588	1288.0
2589	1312.0
2590	1132.0
2591	1448.0
2592	1264.0
2593	1020.0
2594	980.0
2595	1346.0
2596	1092.0
2597	1162.0
2598	1140.0
2599	1036.0
2600	1396.0
2601	1212.0
2602	1216.0
2603	1354.0
2604	1220.0
2605	1248.0
2606	1040.0
2607	1108.0
2608	920.0
2609	1036.0
2610	950.0
2611	1076.0
