0	41980.0
1	41184.0
2	41572.0
3	42484.0
4	42344.0
5	42428.0
6	42832.0
7	42736.0
8	42932.0
9	42220.0
10	42976.0
11	42860.0
12	43388.0
13	42692.0
14	42816.0
15	42836.0
16	43380.0
17	42524.0
18	43692.0
19	43224.0
20	42796.0
21	43420.0
22	42988.0
23	42644.0
24	43188.0
25	42956.0
26	42512.0
27	42748.0
28	42356.0
29	42496.0
30	43088.0
31	42700.0
32	43548.0
33	44268.0
34	42844.0
35	43152.0
36	43184.0
37	42948.0
38	42644.0
39	42760.0
40	43376.0
41	41920.0
42	43248.0
43	42680.0
44	43468.0
45	42988.0
46	42808.0
47	42732.0
48	43548.0
49	43376.0
50	43084.0
51	43048.0
52	43572.0
53	43236.0
54	43420.0
55	43460.0
56	43984.0
57	44444.0
58	43960.0
59	43140.0
60	44192.0
61	44228.0
62	43020.0
63	43796.0
64	43760.0
65	43636.0
66	43900.0
67	43344.0
68	43584.0
69	43628.0
70	43652.0
71	43416.0
72	43000.0
73	43228.0
74	43384.0
75	43920.0
76	43876.0
77	43424.0
78	44096.0
79	43068.0
80	44064.0
81	43180.0
82	44068.0
83	45464.0
84	45476.0
85	45068.0
86	44540.0
87	45052.0
88	44544.0
89	45076.0
90	45820.0
91	46336.0
92	43628.0
93	46020.0
94	45532.0
95	45372.0
96	45608.0
97	46280.0
98	46180.0
99	45596.0
100	46008.0
101	45332.0
102	45788.0
103	45492.0
104	45352.0
105	45336.0
106	44996.0
107	45892.0
108	45684.0
109	45016.0
110	45628.0
111	45652.0
112	45440.0
113	46272.0
114	45476.0
115	46304.0
116	46504.0
117	45648.0
118	46484.0
119	45660.0
120	46136.0
121	45668.0
122	46008.0
123	46448.0
124	46700.0
125	45752.0
126	45232.0
127	46028.0
128	45972.0
129	46728.0
130	45952.0
131	46976.0
132	47476.0
133	46292.0
134	46068.0
135	46264.0
136	46656.0
137	47208.0
138	45840.0
139	47460.0
140	46700.0
141	47060.0
142	46792.0
143	46876.0
144	47500.0
145	47660.0
146	48100.0
147	47444.0
148	46940.0
149	47492.0
150	47224.0
151	46856.0
152	46604.0
153	47268.0
154	47912.0
155	46696.0
156	47724.0
157	48244.0
158	47516.0
159	46652.0
160	47100.0
161	48356.0
162	47876.0
163	47180.0
164	48760.0
165	47788.0
166	48512.0
167	48084.0
168	48232.0
169	47160.0
170	46988.0
171	47564.0
172	47720.0
173	47172.0
174	47440.0
175	47672.0
176	46452.0
177	47240.0
178	47028.0
179	47364.0
180	47172.0
181	47536.0
182	47660.0
183	47480.0
184	47376.0
185	47968.0
186	48020.0
187	47300.0
188	47032.0
189	47632.0
190	47672.0
191	48572.0
192	47188.0
193	47944.0
194	47488.0
195	48284.0
196	47996.0
197	47912.0
198	48292.0
199	48020.0
200	48364.0
201	47912.0
202	48936.0
203	49216.0
204	49516.0
205	50208.0
206	49652.0
207	49952.0
208	49844.0
209	49324.0
210	48944.0
211	50060.0
212	48828.0
213	47776.0
214	50108.0
215	49808.0
216	50176.0
217	51564.0
218	48992.0
219	51072.0
220	49928.0
221	50076.0
222	49704.0
223	49916.0
224	49144.0
225	50148.0
226	49996.0
227	50108.0
228	49540.0
229	49724.0
230	50268.0
231	49512.0
232	50720.0
233	50224.0
234	50032.0
235	50168.0
236	50340.0
237	50544.0
238	49268.0
239	50692.0
240	50792.0
241	52032.0
242	50924.0
243	50368.0
244	49472.0
245	51380.0
246	51204.0
247	50724.0
248	50652.0
249	51692.0
250	51612.0
251	50776.0
252	51304.0
253	50612.0
254	51396.0
255	51244.0
256	51696.0
257	51784.0
258	51360.0
259	50296.0
260	50188.0
261	51120.0
262	51392.0
263	50188.0
264	51156.0
265	51264.0
266	51812.0
267	50396.0
268	50948.0
269	51760.0
270	50896.0
271	51412.0
272	51268.0
273	51460.0
274	51620.0
275	50664.0
276	51436.0
277	52300.0
278	51440.0
279	51460.0
280	50876.0
281	50996.0
282	51856.0
283	51956.0
284	52052.0
285	51412.0
286	52040.0
287	51308.0
288	50640.0
289	51292.0
290	51384.0
291	51696.0
292	50984.0
293	51712.0
294	51460.0
295	52144.0
296	50784.0
297	51060.0
298	51960.0
299	51864.0
300	51284.0
301	50916.0
302	51688.0
303	52260.0
304	51736.0
305	51056.0
306	52432.0
307	52168.0
308	51096.0
309	51104.0
310	51208.0
311	51372.0
312	51820.0
313	51616.0
314	51512.0
315	52568.0
316	52912.0
317	51820.0
318	51704.0
319	52200.0
320	52484.0
321	52704.0
322	52416.0
323	52680.0
324	52636.0
325	53720.0
326	51716.0
327	51808.0
328	52736.0
329	52400.0
330	51632.0
331	53284.0
332	52412.0
333	52676.0
334	51852.0
335	53596.0
336	53656.0
337	53788.0
338	53480.0
339	53476.0
340	55268.0
341	54452.0
342	53452.0
343	53408.0
344	54300.0
345	54780.0
346	55644.0
347	53192.0
348	55520.0
349	53164.0
350	53176.0
351	54040.0
352	53184.0
353	53240.0
354	54256.0
355	53752.0
356	53744.0
357	53872.0
358	54156.0
359	53004.0
360	54056.0
361	54424.0
362	54580.0
363	53992.0
364	56172.0
365	55716.0
366	55524.0
367	54532.0
368	54096.0
369	55256.0
370	55744.0
371	54860.0
372	54400.0
373	55264.0
374	55432.0
375	54724.0
376	55508.0
377	54904.0
378	55904.0
379	54808.0
380	55492.0
381	54908.0
382	55244.0
383	55220.0
384	55180.0
385	55388.0
386	55076.0
387	55316.0
388	55172.0
389	55156.0
390	55980.0
391	55136.0
392	55032.0
393	55732.0
394	54956.0
395	55712.0
396	55260.0
397	54680.0
398	56184.0
399	55640.0
400	55996.0
401	55288.0
402	55792.0
403	55576.0
404	55920.0
405	56120.0
406	55304.0
407	55996.0
408	54356.0
409	54876.0
410	55044.0
411	55804.0
412	56044.0
413	54776.0
414	55692.0
415	55880.0
416	56064.0
417	55616.0
418	55768.0
419	55400.0
420	55944.0
421	55428.0
422	55876.0
423	56272.0
424	56892.0
425	55436.0
426	56200.0
427	56160.0
428	56052.0
429	56440.0
430	56428.0
431	56564.0
432	56764.0
433	57572.0
434	56472.0
435	56516.0
436	56584.0
437	56632.0
438	55932.0
439	56320.0
440	55720.0
441	56932.0
442	55656.0
443	56568.0
444	56596.0
445	56684.0
446	56800.0
447	57544.0
448	57292.0
449	58244.0
450	57348.0
451	57116.0
452	58456.0
453	57004.0
454	59116.0
455	56140.0
456	59484.0
457	59556.0
458	59392.0
459	57672.0
460	57500.0
461	57944.0
462	58188.0
463	57320.0
464	56916.0
465	57100.0
466	58880.0
467	57512.0
468	57920.0
469	58296.0
470	57628.0
471	57056.0
472	58692.0
473	59712.0
474	57864.0
475	59024.0
476	58296.0
477	57036.0
478	57888.0
479	57880.0
480	56932.0
481	57048.0
482	57672.0
483	57192.0
484	56604.0
485	57628.0
486	59728.0
487	58408.0
488	58132.0
489	59872.0
490	60040.0
491	59528.0
492	58016.0
493	58732.0
494	59404.0
495	58508.0
496	58328.0
497	57720.0
498	59228.0
499	59588.0
500	59432.0
501	58456.0
502	58348.0
503	58040.0
504	58436.0
505	58640.0
506	58448.0
507	58232.0
508	59104.0
509	60428.0
510	59692.0
511	58592.0
512	58556.0
513	58676.0
514	58952.0
515	59680.0
516	59688.0
517	57884.0
518	57428.0
519	58564.0
520	58244.0
521	58152.0
522	60004.0
523	59764.0
524	60092.0
525	58696.0
526	58908.0
527	58472.0
528	58100.0
529	58672.0
530	58100.0
531	58952.0
532	58284.0
533	58352.0
534	59224.0
535	57408.0
536	57984.0
537	57380.0
538	58084.0
539	57216.0
540	57772.0
541	58752.0
542	58392.0
543	58372.0
544	59328.0
545	58916.0
546	57548.0
547	58688.0
548	58808.0
549	59404.0
550	57700.0
551	58412.0
552	59088.0
553	59320.0
554	58604.0
555	59124.0
556	58988.0
557	58600.0
558	59668.0
559	58256.0
560	59004.0
561	58996.0
562	58472.0
563	58200.0
564	58660.0
565	59104.0
566	59224.0
567	58664.0
568	59392.0
569	59308.0
570	59308.0
571	58812.0
572	59604.0
573	60616.0
574	59452.0
575	58636.0
576	58312.0
577	58348.0
578	58424.0
579	59224.0
580	57968.0
581	58904.0
582	59080.0
583	59732.0
584	58584.0
585	58780.0
586	58516.0
587	59068.0
588	58028.0
589	58364.0
590	58412.0
591	58748.0
592	57612.0
593	58652.0
594	58356.0
595	57644.0
596	58736.0
597	57980.0
598	57872.0
599	59480.0
600	58592.0
601	58104.0
602	59680.0
603	59164.0
604	58516.0
605	58468.0
606	58776.0
607	59028.0
608	58880.0
609	58108.0
610	59096.0
611	58056.0
612	59200.0
613	59200.0
614	58760.0
615	59176.0
616	61024.0
617	59596.0
618	59320.0
619	58880.0
620	57592.0
621	59128.0
622	58236.0
623	59576.0
624	60756.0
625	59896.0
626	60224.0
627	60016.0
628	59040.0
629	59492.0
630	58904.0
631	60028.0
632	60548.0
633	59584.0
634	59136.0
635	58700.0
636	59656.0
637	60100.0
638	58956.0
639	59080.0
640	60216.0
641	59752.0
642	60380.0
643	59812.0
644	59576.0
645	62032.0
646	60468.0
647	60952.0
648	62648.0
649	61860.0
650	61560.0
651	60864.0
652	61704.0
653	61128.0
654	61432.0
655	62212.0
656	62188.0
657	60856.0
658	62112.0
659	60800.0
660	60324.0
661	60228.0
662	59928.0
663	60608.0
664	60600.0
665	60976.0
666	61856.0
667	59808.0
668	60860.0
669	61068.0
670	60484.0
671	59816.0
672	60156.0
673	60688.0
674	61508.0
675	59652.0
676	58832.0
677	60036.0
678	61432.0
679	61172.0
680	59740.0
681	60104.0
682	61244.0
683	60488.0
684	60212.0
685	61092.0
686	60512.0
687	61364.0
688	60212.0
689	60612.0
690	59844.0
691	59916.0
692	60112.0
693	59468.0
694	59552.0
695	60544.0
696	59252.0
697	59804.0
698	61032.0
699	61776.0
700	60024.0
701	59896.0
702	60276.0
703	59904.0
704	60300.0
705	59372.0
706	60684.0
707	61076.0
708	60116.0
709	59404.0
710	59840.0
711	60312.0
712	60264.0
713	59604.0
714	60588.0
715	60132.0
716	60076.0
717	59368.0
718	58780.0
719	58684.0
720	58980.0
721	59636.0
722	58732.0
723	60028.0
724	60236.0
725	59928.0
726	58972.0
727	58864.0
728	59184.0
729	59652.0
730	59156.0
731	61048.0
732	59596.0
733	59916.0
734	58400.0
735	58616.0
736	58684.0
737	58776.0
738	58600.0
739	58592.0
740	60488.0
741	60696.0
742	59044.0
743	60812.0
744	60116.0
745	60020.0
746	59360.0
747	59324.0
748	59988.0
749	60052.0
750	60460.0
751	59996.0
752	59848.0
753	59244.0
754	59944.0
755	58920.0
756	60284.0
757	60168.0
758	60128.0
759	59244.0
760	60076.0
761	60556.0
762	60780.0
763	59696.0
764	60092.0
765	59964.0
766	62464.0
767	60444.0
768	60016.0
769	60276.0
770	60040.0
771	60040.0
772	60100.0
773	60192.0
774	61620.0
775	61880.0
776	61244.0
777	63200.0
778	61396.0
779	62176.0
780	61508.0
781	62180.0
782	61104.0
783	60644.0
784	59560.0
785	59548.0
786	60336.0
787	60316.0
788	60840.0
789	59320.0
790	59852.0
791	59624.0
792	59220.0
793	58748.0
794	60092.0
795	60844.0
796	59796.0
797	60768.0
798	61240.0
799	59288.0
800	59604.0
801	59308.0
802	59484.0
803	59972.0
804	59772.0
805	58988.0
806	60876.0
807	60976.0
808	60112.0
809	60360.0
810	60736.0
811	61032.0
812	60520.0
813	60936.0
814	62296.0
815	61704.0
816	61936.0
817	62300.0
818	59972.0
819	60092.0
820	59292.0
821	59760.0
822	59464.0
823	60308.0
824	61532.0
825	62692.0
826	62692.0
827	61016.0
828	60992.0
829	61200.0
830	61232.0
831	61832.0
832	62580.0
833	61964.0
834	61344.0
835	61444.0
836	62304.0
837	60468.0
838	60768.0
839	60292.0
840	62608.0
841	61064.0
842	60936.0
843	60716.0
844	61352.0
845	62276.0
846	61404.0
847	61112.0
848	60716.0
849	62032.0
850	60852.0
851	59860.0
852	60736.0
853	61376.0
854	60448.0
855	60700.0
856	59868.0
857	62844.0
858	61812.0
859	61084.0
860	60144.0
861	60732.0
862	60332.0
863	60828.0
864	60232.0
865	61532.0
866	61984.0
867	61548.0
868	60896.0
869	60668.0
870	60596.0
871	61824.0
872	60208.0
873	61636.0
874	61588.0
875	61232.0
876	60536.0
877	60840.0
878	60088.0
879	60140.0
880	59588.0
881	60816.0
882	60548.0
883	60392.0
884	59288.0
885	59844.0
886	60504.0
887	60344.0
888	59084.0
889	59736.0
890	59904.0
891	60780.0
892	59720.0
893	58640.0
894	59240.0
895	58876.0
896	59348.0
897	59112.0
898	59944.0
899	60140.0
900	59740.0
901	59760.0
902	60252.0
903	59716.0
904	60152.0
905	58672.0
906	59864.0
907	60388.0
908	60556.0
909	60112.0
910	60900.0
911	59828.0
912	58812.0
913	59508.0
914	59936.0
915	59432.0
916	60140.0
917	58772.0
918	58944.0
919	58516.0
920	59164.0
921	58776.0
922	59772.0
923	59196.0
924	60304.0
925	59132.0
926	59300.0
927	59260.0
928	59356.0
929	58908.0
930	58424.0
931	58516.0
932	60092.0
933	60888.0
934	58964.0
935	58520.0
936	57980.0
937	59304.0
938	58048.0
939	59792.0
940	59272.0
941	59708.0
942	58960.0
943	59360.0
944	58852.0
945	58812.0
946	58556.0
947	59016.0
948	58204.0
949	60036.0
950	59328.0
951	58368.0
952	57384.0
953	58732.0
954	57388.0
955	57904.0
956	57900.0
957	58960.0
958	58276.0
959	57680.0
960	58768.0
961	59216.0
962	58968.0
963	58032.0
964	57532.0
965	58092.0
966	58844.0
967	58228.0
968	57952.0
969	58128.0
970	58444.0
971	57344.0
972	57492.0
973	57508.0
974	58824.0
975	58604.0
976	57692.0
977	58548.0
978	57592.0
979	56744.0
980	56772.0
981	57508.0
982	56796.0
983	57700.0
984	56376.0
985	57608.0
986	57300.0
987	57852.0
988	56916.0
989	57240.0
990	57492.0
991	58600.0
992	57296.0
993	56372.0
994	59780.0
995	58980.0
996	59428.0
997	58012.0
998	59748.0
999	59172.0
1000	57688.0
1001	57432.0
1002	56836.0
1003	57264.0
1004	58104.0
1005	57484.0
1006	57104.0
1007	60104.0
1008	57988.0
1009	56460.0
1010	57720.0
1011	57368.0
1012	56508.0
1013	56960.0
1014	57232.0
1015	58192.0
1016	57896.0
1017	56640.0
1018	55716.0
1019	56024.0
1020	57512.0
1021	56636.0
1022	56504.0
1023	57364.0
1024	58476.0
1025	56492.0
1026	57032.0
1027	58720.0
1028	58384.0
1029	58900.0
1030	57512.0
1031	58608.0
1032	58920.0
1033	58412.0
1034	57060.0
1035	57396.0
1036	58432.0
1037	59200.0
1038	57760.0
1039	58748.0
1040	58404.0
1041	58624.0
1042	59456.0
1043	57560.0
1044	58520.0
1045	58028.0
1046	58168.0
1047	59208.0
1048	59012.0
1049	59704.0
1050	59100.0
1051	57296.0
1052	58440.0
1053	58072.0
1054	57288.0
1055	56900.0
1056	58220.0
1057	58848.0
1058	58328.0
1059	57696.0
1060	57768.0
1061	57672.0
1062	58124.0
1063	57660.0
1064	58224.0
1065	57972.0
1066	57404.0
1067	57260.0
1068	57188.0
1069	57708.0
1070	57860.0
1071	57044.0
1072	57176.0
1073	59068.0
1074	58312.0
1075	56828.0
1076	57380.0
1077	56888.0
1078	57140.0
1079	56780.0
1080	56640.0
1081	58436.0
1082	58812.0
1083	58100.0
1084	57492.0
1085	56628.0
1086	58788.0
1087	58872.0
1088	56336.0
1089	56948.0
1090	57296.0
1091	57840.0
1092	56732.0
1093	56488.0
1094	56484.0
1095	57544.0
1096	56768.0
1097	56524.0
1098	57700.0
1099	57144.0
1100	56204.0
1101	57468.0
1102	57260.0
1103	57848.0
1104	56704.0
1105	56348.0
1106	57268.0
1107	57912.0
1108	59296.0
1109	57408.0
1110	56820.0
1111	56968.0
1112	56796.0
1113	56428.0
1114	57028.0
1115	57064.0
1116	57632.0
1117	56192.0
1118	55808.0
1119	55684.0
1120	56576.0
1121	56512.0
1122	55968.0
1123	56500.0
1124	56872.0
1125	57304.0
1126	55568.0
1127	55300.0
1128	55536.0
1129	55436.0
1130	55708.0
1131	56124.0
1132	56592.0
1133	57300.0
1134	55036.0
1135	55936.0
1136	55156.0
1137	55556.0
1138	55992.0
1139	55184.0
1140	54864.0
1141	56900.0
1142	55860.0
1143	53824.0
1144	55968.0
1145	55376.0
1146	55964.0
1147	56160.0
1148	56992.0
1149	57132.0
1150	56000.0
1151	55872.0
1152	55432.0
1153	55144.0
1154	55400.0
1155	53820.0
1156	54772.0
1157	56308.0
1158	56164.0
1159	55320.0
1160	55544.0
1161	54956.0
1162	55196.0
1163	53888.0
1164	56984.0
1165	56324.0
1166	55912.0
1167	54884.0
1168	54904.0
1169	54084.0
1170	55364.0
1171	54456.0
1172	53808.0
1173	56592.0
1174	55612.0
1175	54436.0
1176	53728.0
1177	54612.0
1178	54344.0
1179	54544.0
1180	55216.0
1181	54024.0
1182	55172.0
1183	55376.0
1184	54444.0
1185	55008.0
1186	55208.0
1187	54504.0
1188	54292.0
1189	55300.0
1190	56184.0
1191	55184.0
1192	52912.0
1193	54092.0
1194	54536.0
1195	54624.0
1196	54136.0
1197	53520.0
1198	54304.0
1199	54488.0
1200	54944.0
1201	54400.0
1202	55060.0
1203	54404.0
1204	54048.0
1205	52444.0
1206	54056.0
1207	54656.0
1208	54020.0
1209	54096.0
1210	53576.0
1211	54564.0
1212	54036.0
1213	54172.0
1214	53396.0
1215	55536.0
1216	53468.0
1217	53400.0
1218	52420.0
1219	53200.0
1220	54140.0
1221	54168.0
1222	53776.0
1223	53476.0
1224	53928.0
1225	54492.0
1226	53264.0
1227	52420.0
1228	52952.0
1229	53180.0
1230	54076.0
1231	54244.0
1232	52908.0
1233	53240.0
1234	53236.0
1235	52904.0
1236	53272.0
1237	53716.0
1238	53832.0
1239	52604.0
1240	54132.0
1241	53440.0
1242	53732.0
1243	53268.0
1244	53908.0
1245	52636.0
1246	53000.0
1247	53092.0
1248	53492.0
1249	54040.0
1250	52972.0
1251	52372.0
1252	52632.0
1253	52044.0
1254	52692.0
1255	53596.0
1256	52848.0
1257	52232.0
1258	53512.0
1259	53028.0
1260	52928.0
1261	52092.0
1262	52820.0
1263	52540.0
1264	52852.0
1265	53488.0
1266	53696.0
1267	52212.0
1268	52088.0
1269	53700.0
1270	53968.0
1271	53124.0
1272	53412.0
1273	53836.0
1274	53496.0
1275	53180.0
1276	52264.0
1277	52228.0
1278	53020.0
1279	52520.0
1280	52864.0
1281	53776.0
1282	53788.0
1283	52464.0
1284	51812.0
1285	52228.0
1286	51972.0
1287	52772.0
1288	52236.0
1289	52788.0
1290	53472.0
1291	53092.0
1292	51976.0
1293	52068.0
1294	52820.0
1295	52440.0
1296	52836.0
1297	52540.0
1298	53308.0
1299	52968.0
1300	52168.0
1301	52344.0
1302	53300.0
1303	52460.0
1304	52216.0
1305	52156.0
1306	52032.0
1307	52904.0
1308	52132.0
1309	52224.0
1310	52184.0
1311	53160.0
1312	52540.0
1313	52220.0
1314	53120.0
1315	53676.0
1316	52620.0
1317	51912.0
1318	51792.0
1319	52492.0
1320	52000.0
1321	51880.0
1322	50880.0
1323	51492.0
1324	53636.0
1325	52064.0
1326	52076.0
1327	52208.0
1328	51096.0
1329	51740.0
1330	50760.0
1331	51488.0
1332	52144.0
1333	51956.0
1334	51464.0
1335	51364.0
1336	52488.0
1337	50736.0
1338	51372.0
1339	51596.0
1340	51560.0
1341	51900.0
1342	51284.0
1343	50396.0
1344	50988.0
1345	50796.0
1346	51068.0
1347	51716.0
1348	51648.0
1349	52752.0
1350	51284.0
1351	51312.0
1352	51656.0
1353	52588.0
1354	50568.0
1355	50556.0
1356	51140.0
1357	51928.0
1358	51220.0
1359	51068.0
1360	50500.0
1361	51188.0
1362	51244.0
1363	50704.0
1364	51476.0
1365	51856.0
1366	51112.0
1367	52264.0
1368	50964.0
1369	51072.0
1370	50480.0
1371	50356.0
1372	50788.0
1373	51416.0
1374	52320.0
1375	50904.0
1376	51628.0
1377	50852.0
1378	51272.0
1379	50960.0
1380	51008.0
1381	51940.0
1382	51184.0
1383	51408.0
1384	50576.0
1385	50536.0
1386	50624.0
1387	50184.0
1388	50560.0
1389	50572.0
1390	51368.0
1391	50540.0
1392	50192.0
1393	49732.0
1394	50752.0
1395	49756.0
1396	50456.0
1397	49496.0
1398	50724.0
1399	51172.0
1400	50232.0
1401	50612.0
1402	49772.0
1403	50268.0
1404	50960.0
1405	49124.0
1406	49768.0
1407	51164.0
1408	49904.0
1409	50040.0
1410	49800.0
1411	50040.0
1412	49808.0
1413	49876.0
1414	50120.0
1415	49204.0
1416	49928.0
1417	48508.0
1418	48724.0
1419	49932.0
1420	50360.0
1421	49636.0
1422	48836.0
1423	49800.0
1424	50584.0
1425	51280.0
1426	48864.0
1427	50536.0
1428	49032.0
1429	49580.0
1430	49476.0
1431	50232.0
1432	50624.0
1433	48724.0
1434	49856.0
1435	48820.0
1436	50128.0
1437	48536.0
1438	48820.0
1439	49276.0
1440	48724.0
1441	49648.0
1442	48640.0
1443	49392.0
1444	48360.0
1445	48528.0
1446	48868.0
1447	48340.0
1448	48860.0
1449	49000.0
1450	48144.0
1451	47928.0
1452	48780.0
1453	49600.0
1454	49440.0
1455	49308.0
1456	48620.0
1457	49448.0
1458	48524.0
1459	48856.0
1460	48288.0
1461	48444.0
1462	48624.0
1463	48640.0
1464	48984.0
1465	47408.0
1466	49412.0
1467	49048.0
1468	48424.0
1469	49208.0
1470	48920.0
1471	48252.0
1472	48764.0
1473	49412.0
1474	48468.0
1475	48808.0
1476	48048.0
1477	48412.0
1478	48872.0
1479	47592.0
1480	48096.0
1481	48280.0
1482	47964.0
1483	48708.0
1484	49124.0
1485	48352.0
1486	48840.0
1487	48300.0
1488	47868.0
1489	47984.0
1490	48096.0
1491	47460.0
1492	48320.0
1493	48872.0
1494	47960.0
1495	48636.0
1496	47600.0
1497	48884.0
1498	48080.0
1499	48692.0
1500	47856.0
1501	47596.0
1502	47996.0
1503	48248.0
1504	48244.0
1505	48452.0
1506	48704.0
1507	48588.0
1508	48328.0
1509	47604.0
1510	48316.0
1511	47824.0
1512	49384.0
1513	48468.0
1514	48548.0
1515	47780.0
1516	48300.0
1517	48668.0
1518	48076.0
1519	47440.0
1520	47644.0
1521	47680.0
1522	48416.0
1523	48032.0
1524	48660.0
1525	49084.0
1526	48484.0
1527	48768.0
1528	48588.0
1529	47912.0
1530	47820.0
1531	48012.0
1532	48328.0
1533	47668.0
1534	48356.0
1535	47528.0
1536	47820.0
1537	47848.0
1538	48012.0
1539	48168.0
1540	48568.0
1541	47968.0
1542	47836.0
1543	47876.0
1544	48392.0
1545	47824.0
1546	47368.0
1547	47368.0
1548	47988.0
1549	47296.0
1550	48084.0
1551	46992.0
1552	47168.0
1553	47108.0
1554	47744.0
1555	48584.0
1556	48276.0
1557	48948.0
1558	48144.0
1559	48156.0
1560	48100.0
1561	47696.0
1562	47488.0
1563	47688.0
1564	48136.0
1565	47428.0
1566	47764.0
1567	47452.0
1568	47736.0
1569	47452.0
1570	47708.0
1571	47424.0
1572	47956.0
1573	48628.0
1574	47884.0
1575	47624.0
1576	46896.0
1577	46936.0
1578	47804.0
1579	47660.0
1580	46484.0
1581	47264.0
1582	47232.0
1583	47140.0
1584	48308.0
1585	47008.0
1586	46692.0
1587	47144.0
1588	46860.0
1589	46980.0
1590	47040.0
1591	47124.0
1592	46800.0
1593	46920.0
1594	46812.0
1595	46800.0
1596	47160.0
1597	45928.0
1598	46688.0
1599	46340.0
1600	46224.0
1601	46504.0
1602	45896.0
1603	46008.0
1604	46788.0
1605	46848.0
1606	46480.0
1607	46872.0
1608	46732.0
1609	46464.0
1610	47148.0
1611	46108.0
1612	46528.0
1613	45640.0
1614	45908.0
1615	46300.0
1616	45936.0
1617	46420.0
1618	45712.0
1619	45628.0
1620	46448.0
1621	46412.0
1622	45920.0
1623	46232.0
1624	45920.0
1625	45744.0
1626	46836.0
1627	46588.0
1628	45652.0
1629	47216.0
1630	46240.0
1631	46308.0
1632	45424.0
1633	46000.0
1634	45776.0
1635	45856.0
1636	45620.0
1637	45316.0
1638	45744.0
1639	46332.0
1640	46020.0
1641	46008.0
1642	45788.0
1643	46076.0
1644	46124.0
1645	45364.0
1646	45944.0
1647	45744.0
1648	45520.0
1649	46516.0
1650	46236.0
1651	46128.0
1652	47224.0
1653	46104.0
1654	46084.0
1655	46900.0
1656	46332.0
1657	46352.0
1658	45676.0
1659	46188.0
1660	46140.0
1661	45980.0
1662	45612.0
1663	46192.0
1664	46776.0
1665	46852.0
1666	45448.0
1667	45440.0
1668	45804.0
1669	45164.0
1670	45692.0
1671	46148.0
1672	45560.0
1673	45368.0
1674	45476.0
1675	45336.0
1676	45356.0
1677	45056.0
1678	44996.0
1679	44416.0
1680	45692.0
1681	45552.0
1682	44884.0
1683	45392.0
1684	45368.0
1685	45544.0
1686	45496.0
1687	44776.0
1688	46528.0
1689	45016.0
1690	45644.0
1691	45224.0
1692	45324.0
1693	45348.0
1694	45072.0
1695	44124.0
1696	44916.0
1697	45312.0
1698	44912.0
1699	45336.0
1700	44888.0
1701	44696.0
1702	45136.0
1703	44992.0
1704	45100.0
1705	44012.0
1706	44460.0
1707	44504.0
1708	45168.0
1709	43804.0
1710	43728.0
1711	44016.0
1712	44136.0
1713	44436.0
1714	44752.0
1715	44100.0
1716	43608.0
1717	44584.0
1718	44076.0
1719	44084.0
1720	43608.0
1721	44236.0
1722	44140.0
1723	44192.0
1724	44544.0
1725	43720.0
1726	44380.0
1727	44060.0
1728	44248.0
1729	45116.0
1730	43900.0
1731	43896.0
1732	43880.0
1733	44856.0
1734	43824.0
1735	44072.0
1736	44672.0
1737	43200.0
1738	44580.0
1739	43956.0
1740	43408.0
1741	43796.0
1742	43704.0
1743	43628.0
1744	44692.0
1745	42940.0
1746	44664.0
1747	44108.0
1748	44720.0
1749	44056.0
1750	43928.0
1751	43832.0
1752	42636.0
1753	44328.0
1754	43924.0
1755	43692.0
1756	45288.0
1757	43428.0
1758	43784.0
1759	43008.0
1760	43868.0
1761	44128.0
1762	43228.0
1763	43880.0
1764	43880.0
1765	43928.0
1766	43440.0
1767	43452.0
1768	43016.0
1769	44816.0
1770	43604.0
1771	43376.0
1772	43984.0
1773	42792.0
1774	43384.0
1775	42488.0
1776	43148.0
1777	43548.0
1778	43552.0
1779	44020.0
1780	44032.0
1781	43144.0
1782	44204.0
1783	42668.0
1784	43260.0
1785	43604.0
1786	43972.0
1787	43456.0
1788	43720.0
1789	44312.0
1790	43636.0
1791	43776.0
1792	42992.0
1793	43928.0
1794	43908.0
1795	44068.0
1796	43652.0
1797	43292.0
1798	43188.0
1799	42460.0
1800	43420.0
1801	42640.0
1802	43504.0
1803	43416.0
1804	42876.0
1805	43104.0
1806	43336.0
1807	42924.0
1808	44084.0
1809	43068.0
1810	42556.0
1811	42900.0
1812	42616.0
1813	42340.0
1814	42580.0
1815	42632.0
1816	42340.0
1817	42332.0
1818	42424.0
1819	42100.0
1820	42012.0
1821	42436.0
1822	41888.0
1823	42692.0
1824	42468.0
1825	42920.0
1826	42088.0
1827	42032.0
1828	42900.0
1829	42136.0
1830	42356.0
1831	42156.0
1832	42636.0
1833	42432.0
1834	42612.0
1835	41036.0
1836	42424.0
1837	41872.0
1838	42708.0
1839	42312.0
1840	42072.0
1841	42228.0
1842	41940.0
1843	42060.0
1844	42856.0
1845	42180.0
1846	42472.0
1847	43332.0
1848	42448.0
1849	42252.0
1850	42468.0
1851	42036.0
1852	43028.0
1853	42312.0
1854	42268.0
1855	41056.0
1856	41944.0
1857	42040.0
1858	41488.0
1859	42152.0
1860	41408.0
1861	41820.0
1862	42872.0
1863	41852.0
1864	43092.0
1865	42344.0
1866	42100.0
1867	41696.0
1868	41692.0
1869	43220.0
1870	41028.0
1871	42032.0
1872	42492.0
1873	41848.0
1874	42560.0
1875	42224.0
1876	41488.0
1877	41824.0
1878	41632.0
1879	42412.0
1880	41368.0
1881	41504.0
1882	41832.0
1883	42092.0
1884	41548.0
1885	41688.0
1886	42384.0
1887	41976.0
1888	42052.0
1889	42000.0
1890	40808.0
1891	40924.0
1892	41856.0
1893	41804.0
1894	40992.0
1895	41328.0
1896	42480.0
1897	41652.0
1898	41668.0
1899	41808.0
1900	40708.0
1901	40840.0
1902	41172.0
1903	41340.0
1904	40948.0
1905	41692.0
1906	40920.0
1907	42196.0
1908	41020.0
1909	40492.0
1910	41616.0
1911	41036.0
1912	42368.0
1913	40668.0
1914	41620.0
1915	41116.0
1916	41172.0
1917	41080.0
1918	41328.0
1919	41164.0
1920	41052.0
1921	41284.0
1922	41100.0
1923	41616.0
1924	41028.0
1925	41504.0
1926	40860.0
1927	40884.0
1928	40216.0
1929	40580.0
1930	41344.0
1931	40912.0
1932	40900.0
1933	40488.0
1934	40992.0
1935	40032.0
1936	40920.0
1937	40668.0
1938	40184.0
1939	40452.0
1940	40164.0
1941	41216.0
1942	41056.0
1943	40064.0
1944	40364.0
1945	40676.0
1946	40344.0
1947	40976.0
1948	40156.0
1949	40444.0
1950	39544.0
1951	40120.0
1952	40424.0
1953	41156.0
1954	39660.0
1955	40820.0
1956	40836.0
1957	40264.0
1958	40272.0
1959	40180.0
1960	40180.0
1961	41264.0
1962	40548.0
1963	40348.0
1964	40308.0
1965	40940.0
1966	40568.0
1967	40036.0
1968	40456.0
1969	39780.0
1970	39400.0
1971	39860.0
1972	40016.0
1973	39908.0
1974	40312.0
1975	40020.0
1976	40324.0
1977	39896.0
1978	40436.0
1979	39920.0
1980	39924.0
1981	40624.0
1982	40724.0
1983	39548.0
1984	39356.0
1985	40780.0
1986	39880.0
1987	40324.0
1988	39392.0
1989	40016.0
1990	39908.0
1991	39996.0
1992	39804.0
1993	39852.0
1994	39500.0
1995	39656.0
1996	39796.0
1997	40036.0
1998	39484.0
1999	40004.0
2000	40088.0
2001	39164.0
2002	39532.0
2003	39688.0
2004	39592.0
2005	39964.0
2006	38904.0
2007	39912.0
2008	39208.0
2009	39984.0
2010	39100.0
2011	40096.0
2012	41024.0
2013	40564.0
2014	39424.0
2015	39312.0
2016	39004.0
2017	39272.0
2018	39256.0
2019	39400.0
2020	39632.0
2021	39500.0
2022	39444.0
2023	39884.0
2024	39212.0
2025	38724.0
2026	39132.0
2027	39360.0
2028	39312.0
2029	39532.0
2030	38660.0
2031	38996.0
2032	38480.0
2033	38580.0
2034	39048.0
2035	38844.0
2036	38660.0
2037	38900.0
2038	38840.0
2039	38964.0
2040	38860.0
2041	38572.0
2042	39040.0
2043	39124.0
2044	39104.0
2045	38616.0
2046	38588.0
2047	39412.0
2048	38664.0
2049	38732.0
2050	39056.0
2051	38880.0
2052	38004.0
2053	38512.0
2054	38480.0
2055	38868.0
2056	38004.0
2057	38332.0
2058	38672.0
2059	38348.0
2060	37788.0
2061	38636.0
2062	38352.0
2063	37860.0
2064	37780.0
2065	38200.0
2066	38220.0
2067	38888.0
2068	37432.0
2069	38460.0
2070	38160.0
2071	38616.0
2072	39096.0
2073	38152.0
2074	38148.0
2075	37344.0
2076	38476.0
2077	37916.0
2078	38984.0
2079	37392.0
2080	37684.0
2081	38028.0
2082	37980.0
2083	37928.0
2084	37844.0
2085	38492.0
2086	38680.0
2087	37764.0
2088	38864.0
2089	37728.0
2090	38248.0
2091	37572.0
2092	38084.0
2093	38148.0
2094	37448.0
2095	37772.0
2096	37692.0
2097	37480.0
2098	37260.0
2099	37668.0
2100	38252.0
2101	38112.0
2102	37792.0
2103	37956.0
2104	37132.0
2105	37640.0
2106	37372.0
2107	37128.0
2108	36500.0
2109	36964.0
2110	37884.0
2111	38000.0
2112	38356.0
2113	37372.0
2114	37432.0
2115	38004.0
2116	38224.0
2117	37540.0
2118	37680.0
2119	37644.0
2120	37592.0
2121	37672.0
2122	37540.0
2123	37732.0
2124	37816.0
2125	37368.0
2126	37824.0
2127	37648.0
2128	37648.0
2129	37272.0
2130	36732.0
2131	37464.0
2132	36932.0
2133	37052.0
2134	37112.0
2135	37112.0
2136	37500.0
2137	36964.0
2138	37076.0
2139	37728.0
2140	37692.0
2141	37272.0
2142	38612.0
2143	37224.0
2144	37440.0
2145	37468.0
2146	37128.0
2147	37356.0
2148	37556.0
2149	36680.0
2150	37524.0
2151	36952.0
2152	36840.0
2153	37112.0
2154	36564.0
2155	37400.0
2156	36976.0
2157	36752.0
2158	35912.0
2159	37288.0
2160	36744.0
2161	37136.0
2162	36820.0
2163	36384.0
2164	37504.0
2165	36708.0
2166	37020.0
2167	36328.0
2168	36568.0
2169	37000.0
2170	37088.0
2171	36348.0
2172	36612.0
2173	36508.0
2174	36472.0
2175	35928.0
2176	36668.0
2177	36232.0
2178	36944.0
2179	36640.0
2180	36204.0
2181	36728.0
2182	35924.0
2183	36884.0
2184	35944.0
2185	36344.0
2186	37032.0
2187	36444.0
2188	36100.0
2189	36720.0
2190	36380.0
2191	36024.0
2192	35724.0
2193	36352.0
2194	35956.0
2195	35868.0
2196	35972.0
2197	37132.0
2198	35676.0
2199	35864.0
2200	35824.0
2201	36596.0
2202	36864.0
2203	36448.0
2204	35804.0
2205	36184.0
2206	35596.0
2207	35380.0
2208	36260.0
2209	35848.0
2210	35488.0
2211	35184.0
2212	36172.0
2213	35348.0
2214	35748.0
2215	36500.0
2216	34540.0
2217	35544.0
2218	35476.0
2219	36220.0
2220	36324.0
2221	36380.0
2222	35628.0
2223	35608.0
2224	35308.0
2225	34768.0
2226	35584.0
2227	34888.0
2228	35344.0
2229	34896.0
2230	35540.0
2231	35548.0
2232	36408.0
2233	34644.0
2234	35116.0
2235	36396.0
2236	35708.0
2237	35788.0
2238	35780.0
2239	35304.0
2240	34320.0
2241	34784.0
2242	34600.0
2243	34768.0
2244	35032.0
2245	34612.0
2246	35956.0
2247	34844.0
2248	35412.0
2249	35096.0
2250	35252.0
2251	34896.0
2252	35356.0
2253	35216.0
2254	34280.0
2255	34664.0
2256	34184.0
2257	35232.0
2258	35016.0
2259	34572.0
2260	35188.0
2261	35656.0
2262	35252.0
2263	34940.0
2264	35132.0
2265	34840.0
2266	34784.0
2267	34088.0
2268	34524.0
2269	34820.0
2270	35476.0
2271	34764.0
2272	34684.0
2273	34416.0
2274	34276.0
2275	34856.0
2276	34176.0
2277	34920.0
2278	34800.0
2279	34276.0
2280	35452.0
2281	34652.0
2282	34408.0
2283	34580.0
2284	35224.0
2285	34960.0
2286	34648.0
2287	35184.0
2288	34836.0
2289	34092.0
2290	34944.0
2291	34424.0
2292	35072.0
2293	34676.0
2294	35480.0
2295	34748.0
2296	34328.0
2297	35140.0
2298	34384.0
2299	35152.0
2300	34032.0
2301	34356.0
2302	33948.0
2303	35132.0
2304	34444.0
2305	34272.0
2306	34712.0
2307	34512.0
2308	34480.0
2309	34820.0
2310	33576.0
2311	34336.0
2312	34664.0
2313	35144.0
2314	35364.0
2315	34648.0
2316	34124.0
2317	34256.0
2318	35272.0
2319	34336.0
2320	34340.0
2321	34296.0
2322	34736.0
2323	34576.0
2324	34200.0
2325	34412.0
2326	34280.0
2327	33648.0
2328	33652.0
2329	33868.0
2330	34004.0
2331	33780.0
2332	33844.0
2333	34996.0
2334	34768.0
2335	34360.0
2336	35248.0
2337	34692.0
2338	34628.0
2339	34948.0
2340	34036.0
2341	34540.0
2342	34804.0
2343	34792.0
2344	34188.0
2345	34512.0
2346	34172.0
2347	34332.0
2348	33996.0
2349	33848.0
2350	33748.0
2351	34392.0
2352	33808.0
2353	33744.0
2354	34076.0
2355	34304.0
2356	34376.0
2357	33396.0
2358	33940.0
2359	34804.0
2360	34044.0
2361	33956.0
2362	33404.0
2363	34164.0
2364	34348.0
2365	34084.0
2366	33196.0
2367	34020.0
2368	33812.0
2369	34176.0
2370	34176.0
2371	33488.0
2372	33504.0
2373	33656.0
2374	33448.0
2375	33516.0
2376	33964.0
2377	34700.0
2378	32928.0
2379	33996.0
2380	33560.0
2381	33528.0
2382	33676.0
2383	33576.0
2384	33364.0
2385	34024.0
2386	34412.0
2387	32896.0
2388	33716.0
2389	32908.0
2390	33192.0
2391	33504.0
2392	34276.0
2393	34020.0
2394	33580.0
2395	34108.0
2396	33668.0
2397	33608.0
2398	33204.0
2399	32796.0
2400	33600.0
2401	34276.0
2402	34032.0
2403	34112.0
2404	33760.0
2405	33388.0
2406	33596.0
2407	33248.0
2408	33536.0
2409	34452.0
2410	33552.0
2411	33636.0
2412	33756.0
2413	34084.0
2414	34104.0
2415	32860.0
2416	33384.0
2417	33476.0
2418	33528.0
2419	34632.0
2420	33752.0
2421	34108.0
2422	34028.0
2423	33568.0
2424	33620.0
2425	33892.0
2426	34916.0
2427	33640.0
2428	34404.0
2429	34664.0
2430	34740.0
2431	34072.0
2432	33252.0
2433	34480.0
2434	34268.0
2435	34056.0
2436	34044.0
2437	34416.0
2438	33888.0
2439	33592.0
2440	33060.0
2441	33616.0
2442	33768.0
2443	34236.0
2444	34324.0
2445	33676.0
2446	33672.0
2447	33852.0
2448	33776.0
2449	33592.0
2450	33600.0
2451	34440.0
2452	34580.0
2453	33756.0
2454	33964.0
2455	34276.0
2456	33748.0
2457	33500.0
2458	34208.0
2459	34836.0
2460	33692.0
2461	33984.0
2462	33308.0
2463	34548.0
2464	33880.0
2465	32940.0
2466	32724.0
2467	33648.0
2468	33692.0
2469	33340.0
2470	34240.0
2471	33572.0
2472	32516.0
2473	33764.0
2474	33460.0
2475	33464.0
2476	33916.0
2477	33692.0
2478	33196.0
2479	33656.0
2480	33920.0
2481	32768.0
2482	33212.0
2483	33036.0
2484	33704.0
2485	34160.0
2486	33544.0
2487	33180.0
2488	33608.0
2489	33696.0
2490	32760.0
2491	32832.0
2492	33852.0
2493	33236.0
2494	33144.0
2495	33284.0
2496	33564.0
2497	32828.0
2498	33728.0
2499	33588.0
2500	32432.0
2501	32932.0
2502	32924.0
2503	31984.0
2504	32484.0
2505	33868.0
2506	33056.0
2507	32636.0
2508	32852.0
2509	33384.0
2510	33624.0
2511	33148.0
2512	33004.0
2513	33228.0
2514	33972.0
2515	32596.0
2516	32704.0
2517	32944.0
2518	33140.0
2519	32944.0
2520	33668.0
2521	32580.0
2522	32808.0
2523	33032.0
2524	32164.0
2525	33060.0
2526	34568.0
2527	33364.0
2528	33088.0
2529	33348.0
2530	32552.0
2531	32720.0
2532	31872.0
2533	32700.0
2534	33836.0
2535	33260.0
2536	32272.0
2537	33448.0
2538	33164.0
2539	33268.0
2540	32680.0
2541	31976.0
2542	32880.0
2543	33200.0
2544	33564.0
2545	33368.0
2546	33496.0
2547	33912.0
2548	32892.0
2549	32920.0
2550	34168.0
2551	34060.0
2552	34684.0
2553	33908.0
2554	34692.0
2555	34796.0
2556	33988.0
2557	33252.0
2558	33720.0
2559	34576.0
2560	33996.0
2561	34080.0
2562	34512.0
2563	35204.0
2564	33956.0
2565	33780.0
2566	34712.0
2567	34232.0
2568	33856.0
2569	34920.0
2570	33856.0
2571	34632.0
2572	34764.0
2573	33780.0
2574	33472.0
2575	34476.0
2576	35284.0
2577	34516.0
2578	34068.0
2579	34292.0
2580	34304.0
2581	33164.0
2582	33372.0
2583	33708.0
2584	34000.0
2585	34100.0
2586	33680.0
2587	34212.0
2588	34040.0
2589	34476.0
2590	33068.0
2591	33380.0
2592	34308.0
2593	34148.0
2594	33624.0
2595	34204.0
2596	34500.0
2597	34784.0
2598	34128.0
2599	34284.0
2600	33660.0
2601	34216.0
2602	35156.0
2603	34408.0
2604	35300.0
2605	34644.0
2606	34716.0
2607	34256.0
2608	33940.0
2609	35004.0
2610	34648.0
2611	34256.0
2612	35596.0
2613	34620.0
2614	34000.0
2615	34412.0
2616	34640.0
2617	34620.0
2618	34672.0
2619	34456.0
2620	34504.0
2621	34944.0
2622	34380.0
2623	34500.0
2624	34704.0
2625	34672.0
2626	35188.0
2627	33748.0
2628	35260.0
2629	35088.0
2630	35176.0
2631	35360.0
2632	33776.0
2633	34720.0
2634	34880.0
2635	35056.0
2636	34724.0
2637	35356.0
2638	34568.0
2639	35560.0
2640	34108.0
2641	33816.0
2642	34516.0
2643	34712.0
2644	34292.0
2645	34368.0
2646	35436.0
2647	32972.0
2648	32844.0
2649	34052.0
2650	33168.0
2651	33868.0
2652	34860.0
2653	34632.0
2654	33948.0
2655	34868.0
2656	32596.0
2657	32704.0
2658	32960.0
2659	34628.0
2660	33644.0
2661	33704.0
2662	33728.0
2663	33772.0
2664	33956.0
2665	32384.0
2666	34284.0
2667	33820.0
2668	35052.0
2669	34420.0
2670	34492.0
2671	34580.0
2672	33344.0
2673	33436.0
2674	34008.0
2675	33716.0
2676	35040.0
2677	34108.0
2678	34348.0
2679	34308.0
2680	33980.0
2681	34308.0
2682	34004.0
2683	34188.0
2684	33748.0
2685	33416.0
2686	33956.0
2687	34072.0
2688	33896.0
2689	34176.0
2690	33512.0
2691	33164.0
2692	33976.0
2693	34512.0
2694	34448.0
2695	34620.0
2696	35356.0
2697	34568.0
2698	34336.0
2699	34664.0
2700	34888.0
2701	34252.0
2702	34836.0
2703	34504.0
2704	34588.0
2705	34600.0
2706	35000.0
2707	34524.0
2708	33532.0
2709	35564.0
2710	35160.0
2711	35016.0
2712	34264.0
2713	34540.0
2714	34308.0
2715	33908.0
2716	33976.0
2717	34776.0
2718	34168.0
2719	34640.0
2720	33928.0
2721	34332.0
2722	33752.0
2723	33988.0
2724	33948.0
2725	34540.0
2726	34784.0
2727	34368.0
2728	34516.0
2729	34596.0
2730	34520.0
2731	34384.0
2732	33844.0
2733	34468.0
2734	34884.0
2735	35120.0
2736	36156.0
2737	34912.0
2738	34016.0
2739	34988.0
2740	34424.0
2741	33692.0
2742	34384.0
2743	35036.0
2744	34756.0
2745	34852.0
2746	35516.0
2747	35496.0
