0	1000.0
1	1184.0
2	1202.0
3	1180.0
4	1026.0
5	1304.0
6	1076.0
7	1268.0
8	1188.0
9	1528.0
10	1276.0
11	1208.0
12	1276.0
13	1356.0
14	1140.0
15	1264.0
16	1248.0
17	1148.0
18	1144.0
19	1260.0
20	940.0
21	1244.0
22	1124.0
23	1282.0
24	1174.0
25	1224.0
26	1188.0
27	1312.0
28	1294.0
29	1068.0
30	1228.0
31	1016.0
32	1262.0
33	1364.0
34	1154.0
35	1360.0
36	1260.0
37	1184.0
38	1348.0
39	1160.0
40	1244.0
41	1188.0
42	1172.0
43	1396.0
44	1304.0
45	1612.0
46	1376.0
47	1150.0
48	1372.0
49	1286.0
50	1208.0
51	1256.0
52	1168.0
53	1224.0
54	1268.0
55	1316.0
56	1160.0
57	1144.0
58	1444.0
59	1244.0
60	1212.0
61	1180.0
62	1200.0
63	1076.0
64	1488.0
65	1180.0
66	1228.0
67	1368.0
68	1380.0
69	1272.0
70	1204.0
71	1484.0
72	1268.0
73	1328.0
74	1200.0
75	1396.0
76	1236.0
77	1224.0
78	1244.0
79	1312.0
80	1344.0
81	1210.0
82	1268.0
83	1576.0
84	1394.0
85	1412.0
86	1264.0
87	1400.0
88	1368.0
89	1536.0
90	1476.0
91	1336.0
92	1308.0
93	1260.0
94	1424.0
95	1342.0
96	1612.0
97	1374.0
98	1648.0
99	1512.0
100	1424.0
101	1404.0
102	1368.0
103	1552.0
104	1632.0
105	1216.0
106	1424.0
107	1356.0
108	1434.0
109	1524.0
110	1564.0
111	1636.0
112	1420.0
113	1392.0
114	1412.0
115	1500.0
116	1468.0
117	1456.0
118	1424.0
119	1404.0
120	1384.0
121	1500.0
122	1468.0
123	1332.0
124	1432.0
125	1528.0
126	1576.0
127	1314.0
128	1516.0
129	1308.0
130	1468.0
131	1368.0
132	1448.0
133	1400.0
134	1580.0
135	1204.0
136	1456.0
137	1444.0
138	1728.0
139	1712.0
140	1648.0
141	1248.0
142	1676.0
143	1628.0
144	1400.0
145	1376.0
146	1436.0
147	1120.0
148	1436.0
149	1456.0
150	1512.0
151	1872.0
152	1394.0
153	1604.0
154	1394.0
155	1330.0
156	1390.0
157	1468.0
158	1504.0
159	1372.0
160	1680.0
161	1412.0
162	1472.0
163	1568.0
164	1516.0
165	1520.0
166	1724.0
167	1464.0
168	1476.0
169	1368.0
170	1432.0
171	1704.0
172	1536.0
173	1576.0
174	1682.0
175	1264.0
176	1392.0
177	1556.0
178	1500.0
179	1416.0
180	1624.0
181	1408.0
182	1608.0
183	1582.0
184	1580.0
185	1436.0
186	1524.0
187	1452.0
188	1700.0
189	1592.0
190	1676.0
191	1588.0
192	1424.0
193	1792.0
194	1448.0
195	1388.0
196	1360.0
197	1444.0
198	1616.0
199	1316.0
200	1504.0
201	1472.0
202	1188.0
203	1420.0
204	1484.0
205	1456.0
206	1400.0
207	1340.0
208	1312.0
209	1572.0
210	1332.0
211	1500.0
212	1232.0
213	1408.0
214	1652.0
215	1780.0
216	1800.0
217	1772.0
218	1576.0
219	1724.0
220	1628.0
221	1736.0
222	1444.0
223	1756.0
224	1848.0
225	1732.0
226	1692.0
227	1664.0
228	1604.0
229	1712.0
230	1548.0
231	1444.0
232	1772.0
233	1608.0
234	1676.0
235	1536.0
236	1608.0
237	1604.0
238	1672.0
239	1748.0
240	1800.0
241	1876.0
242	1704.0
243	1512.0
244	1608.0
245	1656.0
246	1700.0
247	1596.0
248	1732.0
249	2044.0
250	1792.0
251	1776.0
252	1776.0
253	1696.0
254	1788.0
255	1636.0
256	1932.0
257	1720.0
258	1604.0
259	1740.0
260	1624.0
261	1520.0
262	1900.0
263	1700.0
264	1432.0
265	1942.0
266	1440.0
267	1760.0
268	1560.0
269	1540.0
270	1636.0
271	1632.0
272	1708.0
273	1708.0
274	1624.0
275	1804.0
276	1608.0
277	1840.0
278	1692.0
279	1936.0
280	1688.0
281	1720.0
282	1924.0
283	1668.0
284	1884.0
285	1808.0
286	1744.0
287	1896.0
288	1660.0
289	1828.0
290	1680.0
291	1816.0
292	1552.0
293	1698.0
294	1772.0
295	1676.0
296	1832.0
297	1712.0
298	1704.0
299	2000.0
300	1664.0
301	1452.0
302	1764.0
303	1716.0
304	1776.0
305	1788.0
306	1884.0
307	1820.0
308	1632.0
309	1560.0
310	1666.0
311	1596.0
312	1794.0
313	1852.0
314	1552.0
315	1808.0
316	1752.0
317	1776.0
318	1976.0
319	1944.0
320	1756.0
321	1584.0
322	1780.0
323	1784.0
324	1600.0
325	1604.0
326	1604.0
327	1656.0
328	1580.0
329	1848.0
330	1608.0
331	1636.0
332	1660.0
333	2048.0
334	1600.0
335	1976.0
336	1940.0
337	1862.0
338	1736.0
339	1788.0
340	2056.0
341	2024.0
342	1980.0
343	1968.0
344	1996.0
345	1936.0
346	1824.0
347	1808.0
348	1944.0
349	1796.0
350	1592.0
351	1468.0
352	1560.0
353	1692.0
354	1688.0
355	1684.0
356	1824.0
357	1808.0
358	1708.0
359	1828.0
360	1680.0
361	1626.0
362	1696.0
363	1780.0
364	1944.0
365	2088.0
366	2088.0
367	1908.0
368	2108.0
369	1968.0
370	1916.0
371	1816.0
372	1908.0
373	1804.0
374	2040.0
375	1808.0
376	1860.0
377	1848.0
378	1996.0
379	1760.0
380	1884.0
381	1888.0
382	1900.0
383	1776.0
384	1914.0
385	1900.0
386	2014.0
387	2028.0
388	1828.0
389	1884.0
390	1712.0
391	2064.0
392	1776.0
393	1840.0
394	1972.0
395	1806.0
396	1928.0
397	1996.0
398	1872.0
399	1956.0
400	2084.0
401	1808.0
402	1876.0
403	2028.0
404	1860.0
405	1884.0
406	1844.0
407	2044.0
408	2152.0
409	1940.0
410	1872.0
411	1992.0
412	1864.0
413	1796.0
414	2080.0
415	2036.0
416	1704.0
417	2196.0
418	1928.0
419	1584.0
420	1952.0
421	1880.0
422	1824.0
423	2160.0
424	1800.0
425	1944.0
426	1824.0
427	1968.0
428	1772.0
429	1968.0
430	1792.0
431	2028.0
432	2080.0
433	2116.0
434	1836.0
435	1944.0
436	1940.0
437	2012.0
438	2000.0
439	1816.0
440	1936.0
441	2052.0
442	2004.0
443	1904.0
444	1876.0
445	1756.0
446	1732.0
447	1616.0
448	1876.0
449	1780.0
450	2000.0
451	1616.0
452	1676.0
453	2028.0
454	1880.0
455	1848.0
456	1968.0
457	2192.0
458	1802.0
459	1860.0
460	1804.0
461	1744.0
462	2080.0
463	2076.0
464	2056.0
465	1800.0
466	2156.0
467	2212.0
468	1980.0
469	1948.0
470	2268.0
471	2020.0
472	2060.0
473	1920.0
474	2136.0
475	2288.0
476	1884.0
477	2008.0
478	1916.0
479	2056.0
480	1868.0
481	2000.0
482	1896.0
483	1972.0
484	1748.0
485	1696.0
486	2000.0
487	1872.0
488	1840.0
489	1608.0
490	2088.0
491	1756.0
492	1896.0
493	2052.0
494	1956.0
495	1892.0
496	2152.0
497	1880.0
498	2084.0
499	2328.0
500	2036.0
501	2232.0
502	1788.0
503	2112.0
504	1968.0
505	1996.0
506	2056.0
507	1848.0
508	1744.0
509	1724.0
510	1940.0
511	1768.0
512	1764.0
513	1768.0
514	1628.0
515	1820.0
516	1996.0
517	1848.0
518	1868.0
519	1976.0
520	2052.0
521	2062.0
522	1908.0
523	1936.0
524	1928.0
525	2114.0
526	2000.0
527	2020.0
528	2124.0
529	2104.0
530	1820.0
531	1836.0
532	2000.0
533	2068.0
534	2156.0
535	2084.0
536	2056.0
537	1912.0
538	1692.0
539	1612.0
540	1616.0
541	1720.0
542	1472.0
543	1712.0
544	1580.0
545	1648.0
546	1712.0
547	1596.0
548	1564.0
549	1548.0
550	1788.0
551	1712.0
552	1932.0
553	1844.0
554	1984.0
555	1904.0
556	2124.0
557	2120.0
558	1956.0
559	1972.0
560	2032.0
561	2136.0
562	2056.0
563	1868.0
564	1888.0
565	2340.0
566	2220.0
567	2076.0
568	1928.0
569	2168.0
570	2056.0
571	2172.0
572	1688.0
573	1972.0
574	2080.0
575	2096.0
576	1928.0
577	2232.0
578	1948.0
579	2070.0
580	1676.0
581	1912.0
582	2084.0
583	1816.0
584	2296.0
585	2160.0
586	1980.0
587	1788.0
588	1812.0
589	1960.0
590	1892.0
591	2236.0
592	2052.0
593	1908.0
594	1952.0
595	2308.0
596	1972.0
597	1852.0
598	1696.0
599	1964.0
600	2028.0
601	1700.0
602	1744.0
603	1484.0
604	1576.0
605	1646.0
606	1856.0
607	1652.0
608	1704.0
609	1692.0
610	1664.0
611	1836.0
612	2080.0
613	1856.0
614	1908.0
615	1904.0
616	2268.0
617	2336.0
618	2036.0
619	2176.0
620	1916.0
621	1832.0
622	1952.0
623	1788.0
624	2280.0
625	2032.0
626	2144.0
627	2268.0
628	2184.0
629	2292.0
630	2224.0
631	1868.0
632	2224.0
633	2292.0
634	2100.0
635	1988.0
636	2072.0
637	2140.0
638	2220.0
639	1968.0
640	2076.0
641	2364.0
642	2280.0
643	2048.0
644	2044.0
645	2224.0
646	2424.0
647	2312.0
648	2224.0
649	2136.0
650	2332.0
651	2208.0
652	2416.0
653	2392.0
654	2268.0
655	2404.0
656	1968.0
657	2032.0
658	2324.0
659	2312.0
660	2240.0
661	2316.0
662	2220.0
663	2224.0
664	1952.0
665	2148.0
666	2284.0
667	2316.0
668	1996.0
669	2296.0
670	2320.0
671	2224.0
672	2360.0
673	2208.0
674	2212.0
675	2744.0
676	2276.0
677	2228.0
678	2288.0
679	2352.0
680	2272.0
681	2236.0
682	2200.0
683	2296.0
684	1850.0
685	2280.0
686	2224.0
687	2168.0
688	2096.0
689	2112.0
690	2064.0
691	2216.0
692	2144.0
693	1936.0
694	1856.0
695	2056.0
696	2172.0
697	1996.0
698	2124.0
699	2136.0
700	2176.0
701	2132.0
702	2316.0
703	2244.0
704	1904.0
705	2224.0
706	1992.0
707	2304.0
708	2056.0
709	1832.0
710	2280.0
711	2272.0
712	2432.0
713	2164.0
714	2224.0
715	2440.0
716	2328.0
717	2168.0
718	2040.0
719	2204.0
720	2312.0
721	2084.0
722	1980.0
723	2208.0
724	2116.0
725	2168.0
726	2184.0
727	2204.0
728	1992.0
729	2156.0
730	2032.0
731	2046.0
732	2160.0
733	1836.0
734	2224.0
735	2120.0
736	1852.0
737	1956.0
738	1980.0
739	2196.0
740	2096.0
741	2168.0
742	2096.0
743	2004.0
744	2188.0
745	1960.0
746	1876.0
747	2368.0
748	2172.0
749	2088.0
750	2492.0
751	2284.0
752	1864.0
753	2132.0
754	2276.0
755	1960.0
756	2272.0
757	2060.0
758	2256.0
759	2168.0
760	2176.0
761	2076.0
762	1804.0
763	2188.0
764	2172.0
765	1916.0
766	2368.0
767	2020.0
768	2188.0
769	2304.0
770	2160.0
771	2164.0
772	2312.0
773	2364.0
774	2624.0
775	2312.0
776	2440.0
777	2448.0
778	2188.0
779	2324.0
780	2428.0
781	2284.0
782	2216.0
783	1896.0
784	2312.0
785	2024.0
786	2128.0
787	2060.0
788	2332.0
789	2140.0
790	2288.0
791	2168.0
792	1984.0
793	2220.0
794	2320.0
795	2068.0
796	2036.0
797	2012.0
798	2388.0
799	2288.0
800	2104.0
801	2136.0
802	1948.0
803	2092.0
804	2100.0
805	1892.0
806	2128.0
807	2076.0
808	1788.0
809	1872.0
810	2168.0
811	2252.0
812	2064.0
813	2240.0
814	2068.0
815	2328.0
816	2348.0
817	2268.0
818	2228.0
819	2116.0
820	2052.0
821	2092.0
822	2288.0
823	2092.0
824	2160.0
825	2224.0
826	2204.0
827	2292.0
828	2276.0
829	2316.0
830	2236.0
831	2040.0
832	2184.0
833	2140.0
834	2284.0
835	2184.0
836	2192.0
837	2360.0
838	2304.0
839	2204.0
840	2412.0
841	2324.0
842	2236.0
843	2192.0
844	2132.0
845	2228.0
846	2432.0
847	2032.0
848	2312.0
849	2152.0
850	2296.0
851	1970.0
852	2200.0
853	2268.0
854	2040.0
855	2000.0
856	2160.0
857	2060.0
858	2256.0
859	2460.0
860	2166.0
861	2240.0
862	2108.0
863	1960.0
864	1788.0
865	1956.0
866	1736.0
867	1716.0
868	1784.0
869	1774.0
870	1940.0
871	2028.0
872	2164.0
873	2264.0
874	2108.0
875	2352.0
876	2004.0
877	2196.0
878	2036.0
879	2428.0
880	2348.0
881	2148.0
882	2124.0
883	2312.0
884	2004.0
885	2120.0
886	2356.0
887	2164.0
888	2044.0
889	2116.0
890	1972.0
891	2236.0
892	2156.0
893	2180.0
894	2068.0
895	2044.0
896	1936.0
897	2008.0
898	2144.0
899	2260.0
900	2188.0
901	2588.0
902	2164.0
903	2200.0
904	1972.0
905	2032.0
906	2500.0
907	2176.0
908	2344.0
909	2164.0
910	2192.0
911	2412.0
912	1908.0
913	2024.0
914	1872.0
915	2308.0
916	2224.0
917	2304.0
918	2260.0
919	2088.0
920	2108.0
921	2116.0
922	2240.0
923	2168.0
924	2160.0
925	2048.0
926	2136.0
927	2080.0
928	2100.0
929	2168.0
930	2156.0
931	1900.0
932	2084.0
933	2316.0
934	2120.0
935	1840.0
936	2096.0
937	2068.0
938	1936.0
939	1928.0
940	2136.0
941	2064.0
942	2128.0
943	1964.0
944	2060.0
945	2144.0
946	1888.0
947	1968.0
948	1872.0
949	2024.0
950	2296.0
951	2100.0
952	2128.0
953	1964.0
954	1980.0
955	1776.0
956	2444.0
957	1956.0
958	2088.0
959	1872.0
960	2092.0
961	1756.0
962	2164.0
963	1788.0
964	1964.0
965	2144.0
966	2036.0
967	2292.0
968	1864.0
969	2288.0
970	1928.0
971	1944.0
972	2008.0
973	1892.0
974	2108.0
975	2104.0
976	2156.0
977	1952.0
978	1756.0
979	1888.0
980	1852.0
981	1608.0
982	1808.0
983	1828.0
984	1824.0
985	1692.0
986	2012.0
987	1872.0
988	1916.0
989	1976.0
990	1936.0
991	1960.0
992	2032.0
993	2036.0
994	1920.0
995	2048.0
996	2320.0
997	1928.0
998	1908.0
999	2076.0
1000	1912.0
1001	2144.0
1002	1956.0
1003	2176.0
1004	2048.0
1005	2068.0
1006	1796.0
1007	1884.0
1008	2128.0
1009	1692.0
1010	2032.0
1011	1728.0
1012	1892.0
1013	1840.0
1014	1868.0
1015	1968.0
1016	2140.0
1017	2304.0
1018	1976.0
1019	2304.0
1020	2052.0
1021	1948.0
1022	2236.0
1023	1884.0
1024	2140.0
1025	2300.0
1026	2096.0
1027	2508.0
1028	2152.0
1029	2200.0
1030	1964.0
1031	2272.0
1032	2132.0
1033	2144.0
1034	2088.0
1035	2328.0
1036	2140.0
1037	2060.0
1038	2044.0
1039	2020.0
1040	2312.0
1041	2184.0
1042	2056.0
1043	2092.0
1044	2312.0
1045	1968.0
1046	2040.0
1047	2280.0
1048	1792.0
1049	2124.0
1050	1968.0
1051	2084.0
1052	2208.0
1053	2124.0
1054	2352.0
1055	2292.0
1056	2288.0
1057	2260.0
1058	2204.0
1059	2204.0
1060	2324.0
1061	2120.0
1062	1956.0
1063	2124.0
1064	2024.0
1065	1968.0
1066	1980.0
1067	2240.0
1068	2020.0
1069	2116.0
1070	2228.0
1071	2004.0
1072	1984.0
1073	1992.0
1074	1952.0
1075	1796.0
1076	2008.0
1077	2064.0
1078	2068.0
1079	2056.0
1080	2056.0
1081	1892.0
1082	2156.0
1083	2280.0
1084	2272.0
1085	2104.0
1086	2016.0
1087	1916.0
1088	2192.0
1089	1984.0
1090	2276.0
1091	2108.0
1092	1888.0
1093	2152.0
1094	2072.0
1095	1888.0
1096	2204.0
1097	1908.0
1098	2100.0
1099	2024.0
1100	1908.0
1101	1596.0
1102	1944.0
1103	1656.0
1104	2004.0
1105	1824.0
1106	1868.0
1107	1960.0
1108	2068.0
1109	1868.0
1110	1908.0
1111	2028.0
1112	1944.0
1113	1784.0
1114	1932.0
1115	1904.0
1116	2232.0
1117	1920.0
1118	1904.0
1119	2008.0
1120	2288.0
1121	2064.0
1122	2044.0
1123	2304.0
1124	2262.0
1125	2056.0
1126	2352.0
1127	1836.0
1128	1924.0
1129	1760.0
1130	2020.0
1131	2040.0
1132	1964.0
1133	2248.0
1134	2128.0
1135	1764.0
1136	1868.0
1137	1972.0
1138	2072.0
1139	1976.0
1140	1924.0
1141	1948.0
1142	2108.0
1143	1984.0
1144	1800.0
1145	2148.0
1146	2120.0
1147	2060.0
1148	2088.0
1149	2152.0
1150	2072.0
1151	2192.0
1152	1876.0
1153	1712.0
1154	1808.0
1155	1892.0
1156	1916.0
1157	1820.0
1158	1892.0
1159	1904.0
1160	1716.0
1161	1720.0
1162	1740.0
1163	1752.0
1164	1960.0
1165	1964.0
1166	1824.0
1167	1664.0
1168	1904.0
1169	1620.0
1170	1728.0
1171	1868.0
1172	1764.0
1173	1712.0
1174	1696.0
1175	1820.0
1176	1636.0
1177	1920.0
1178	1820.0
1179	1868.0
1180	1840.0
1181	1760.0
1182	1944.0
1183	2040.0
1184	2008.0
1185	2100.0
1186	2008.0
1187	1872.0
1188	1956.0
1189	1968.0
1190	2424.0
1191	1704.0
1192	2124.0
1193	1976.0
1194	1988.0
1195	1880.0
1196	2024.0
1197	2000.0
1198	2100.0
1199	1860.0
1200	1988.0
1201	1744.0
1202	1900.0
1203	2300.0
1204	1756.0
1205	2040.0
1206	1876.0
1207	1884.0
1208	2140.0
1209	1624.0
1210	1684.0
1211	2124.0
1212	1816.0
1213	1804.0
1214	1716.0
1215	1988.0
1216	1804.0
1217	1820.0
1218	1652.0
1219	1728.0
1220	1760.0
1221	1732.0
1222	1560.0
1223	1596.0
1224	1584.0
1225	1684.0
1226	1544.0
1227	1868.0
1228	1700.0
1229	1832.0
1230	1736.0
1231	1608.0
1232	1800.0
1233	1864.0
1234	2056.0
1235	1792.0
1236	1920.0
1237	1680.0
1238	1932.0
1239	2056.0
1240	1896.0
1241	1692.0
1242	2012.0
1243	1656.0
1244	1660.0
1245	1768.0
1246	2000.0
1247	1832.0
1248	1856.0
1249	1976.0
1250	1688.0
1251	1968.0
1252	1816.0
1253	1804.0
1254	1764.0
1255	1760.0
1256	2024.0
1257	1888.0
1258	2084.0
1259	2048.0
1260	2008.0
1261	2096.0
1262	1776.0
1263	1784.0
1264	1804.0
1265	1912.0
1266	1780.0
1267	1932.0
1268	1768.0
1269	1706.0
1270	2000.0
1271	1628.0
1272	1644.0
1273	1748.0
1274	1592.0
1275	1632.0
1276	1440.0
1277	1332.0
1278	1648.0
1279	1612.0
1280	1564.0
1281	1688.0
1282	1716.0
1283	1632.0
1284	1768.0
1285	1676.0
1286	1560.0
1287	1568.0
1288	1564.0
1289	1720.0
1290	1784.0
1291	1968.0
1292	1976.0
1293	1788.0
1294	1820.0
1295	1608.0
1296	1800.0
1297	1724.0
1298	1716.0
1299	1924.0
1300	1948.0
1301	1708.0
1302	1748.0
1303	1684.0
1304	1756.0
1305	1564.0
1306	1932.0
1307	2068.0
1308	1760.0
1309	2028.0
1310	1916.0
1311	2036.0
1312	1784.0
1313	1740.0
1314	1776.0
1315	1848.0
1316	1652.0
1317	1600.0
1318	1816.0
1319	1888.0
1320	1832.0
1321	1852.0
1322	1784.0
1323	1772.0
1324	1896.0
1325	1948.0
1326	1700.0
1327	2052.0
1328	1840.0
1329	2104.0
1330	2000.0
1331	1784.0
1332	1864.0
1333	1772.0
1334	1708.0
1335	1820.0
1336	1668.0
1337	1688.0
1338	1548.0
1339	1648.0
1340	1468.0
1341	1344.0
1342	1704.0
1343	1560.0
1344	1512.0
1345	1768.0
1346	1752.0
1347	1668.0
1348	1732.0
1349	1854.0
1350	1668.0
1351	1900.0
1352	1896.0
1353	1860.0
1354	1760.0
1355	1736.0
1356	1624.0
1357	1716.0
1358	1848.0
1359	1472.0
1360	1652.0
1361	1848.0
1362	1928.0
1363	1692.0
1364	2092.0
1365	1812.0
1366	1640.0
1367	1816.0
1368	1860.0
1369	1824.0
1370	1760.0
1371	2040.0
1372	1964.0
1373	2104.0
1374	1788.0
1375	1816.0
1376	1784.0
1377	1772.0
1378	1768.0
1379	1888.0
1380	1776.0
1381	1820.0
1382	1704.0
1383	1796.0
1384	1664.0
1385	1800.0
1386	1756.0
1387	1604.0
1388	1652.0
1389	1812.0
1390	1642.0
1391	1788.0
1392	1852.0
1393	1536.0
1394	1708.0
1395	1704.0
1396	1828.0
1397	1760.0
1398	2040.0
1399	1756.0
1400	1972.0
1401	1808.0
1402	1904.0
1403	1672.0
1404	1700.0
1405	1596.0
1406	1736.0
1407	1788.0
1408	1768.0
1409	1680.0
1410	1612.0
1411	1724.0
1412	1548.0
1413	1872.0
1414	1660.0
1415	1936.0
1416	1604.0
1417	1568.0
1418	1544.0
1419	1280.0
1420	1260.0
1421	988.0
1422	1196.0
1423	1040.0
1424	1302.0
1425	1450.0
1426	1192.0
1427	1344.0
1428	1548.0
1429	1480.0
1430	1516.0
1431	1696.0
1432	1724.0
1433	1540.0
1434	1704.0
1435	1812.0
1436	1800.0
1437	1788.0
1438	1704.0
1439	1828.0
1440	2016.0
1441	1524.0
1442	1716.0
1443	1732.0
1444	1408.0
1445	1592.0
1446	1188.0
1447	1292.0
1448	960.0
1449	1248.0
1450	988.0
1451	1232.0
1452	1064.0
1453	1328.0
1454	1392.0
1455	1608.0
1456	1532.0
1457	1736.0
1458	1536.0
1459	1824.0
1460	1668.0
1461	1688.0
1462	1784.0
1463	1972.0
1464	1884.0
1465	1792.0
1466	1696.0
1467	1712.0
1468	1660.0
1469	1656.0
1470	1920.0
1471	1648.0
1472	1820.0
1473	1708.0
1474	1936.0
1475	1664.0
1476	1816.0
1477	1708.0
1478	1988.0
1479	1744.0
1480	1768.0
1481	1572.0
1482	1860.0
1483	1908.0
1484	1904.0
1485	1780.0
1486	1632.0
1487	1812.0
1488	1752.0
1489	1744.0
1490	1720.0
1491	1748.0
1492	1540.0
1493	1748.0
1494	1736.0
1495	1660.0
1496	1796.0
1497	1736.0
1498	1724.0
1499	1788.0
1500	1852.0
1501	1776.0
1502	1912.0
1503	1560.0
1504	1876.0
1505	1904.0
1506	1900.0
1507	1740.0
1508	1580.0
1509	1656.0
1510	1716.0
1511	1572.0
1512	1672.0
1513	1676.0
1514	1500.0
1515	1676.0
1516	1548.0
1517	1616.0
1518	1636.0
1519	1640.0
1520	1768.0
1521	1656.0
1522	1764.0
1523	1652.0
1524	1588.0
1525	1864.0
1526	1568.0
1527	1668.0
1528	1700.0
1529	1788.0
1530	1728.0
1531	1444.0
1532	1372.0
1533	1692.0
1534	1620.0
1535	1552.0
1536	1540.0
1537	1456.0
1538	1652.0
1539	1672.0
1540	1636.0
1541	1660.0
1542	1512.0
1543	1440.0
1544	1672.0
1545	1724.0
1546	1704.0
1547	1716.0
1548	1688.0
1549	1656.0
1550	1440.0
1551	1464.0
1552	1716.0
1553	1616.0
1554	1528.0
1555	1488.0
1556	1548.0
1557	1188.0
1558	1252.0
1559	1248.0
1560	1272.0
1561	1252.0
1562	1324.0
1563	1516.0
1564	1316.0
1565	1352.0
1566	1256.0
1567	1444.0
1568	1492.0
1569	1328.0
1570	1364.0
1571	1196.0
1572	1308.0
1573	1304.0
1574	1200.0
1575	1292.0
1576	1148.0
1577	1112.0
1578	1044.0
1579	1088.0
1580	1300.0
1581	1078.0
1582	1072.0
1583	1076.0
1584	1472.0
1585	1312.0
1586	1280.0
1587	1412.0
1588	980.0
1589	956.0
1590	998.0
1591	776.0
1592	836.0
1593	940.0
1594	928.0
1595	996.0
1596	1324.0
1597	1188.0
1598	1644.0
1599	1388.0
1600	1492.0
1601	1680.0
1602	1832.0
1603	1628.0
1604	1668.0
1605	1484.0
1606	1784.0
1607	1632.0
1608	1888.0
1609	1716.0
1610	1644.0
1611	1852.0
1612	1924.0
1613	1460.0
1614	1588.0
1615	1556.0
1616	1728.0
1617	1636.0
1618	1836.0
1619	1796.0
1620	1692.0
1621	1672.0
1622	1544.0
1623	1808.0
1624	1852.0
1625	1536.0
1626	1880.0
1627	1844.0
1628	1720.0
1629	1628.0
1630	1640.0
1631	1536.0
1632	1288.0
1633	1218.0
1634	1368.0
1635	1184.0
1636	1076.0
1637	1084.0
1638	1228.0
1639	1228.0
1640	1424.0
1641	1744.0
1642	1436.0
1643	1664.0
1644	1708.0
1645	1808.0
1646	1752.0
1647	1584.0
1648	1808.0
1649	1736.0
1650	1528.0
1651	1688.0
1652	1616.0
1653	1688.0
1654	1508.0
1655	1768.0
1656	1776.0
1657	1708.0
1658	1620.0
1659	1412.0
1660	1676.0
1661	1916.0
1662	1864.0
1663	1904.0
1664	1936.0
1665	1864.0
1666	1560.0
1667	1548.0
1668	1388.0
1669	1584.0
1670	1580.0
1671	1700.0
1672	1584.0
1673	1728.0
1674	1652.0
1675	1636.0
1676	1620.0
1677	1484.0
1678	1342.0
1679	1488.0
1680	1596.0
1681	1968.0
1682	1676.0
1683	1632.0
1684	1508.0
1685	1720.0
1686	1488.0
1687	1564.0
1688	1392.0
1689	1532.0
1690	1732.0
1691	1424.0
1692	1628.0
1693	1680.0
1694	1708.0
1695	1792.0
1696	1660.0
1697	1372.0
1698	1544.0
1699	1608.0
1700	1444.0
1701	1468.0
1702	1344.0
1703	1348.0
1704	1356.0
1705	1408.0
1706	1400.0
1707	1348.0
1708	1404.0
1709	1452.0
1710	1632.0
1711	1384.0
1712	1436.0
1713	1144.0
1714	1416.0
1715	1086.0
1716	1292.0
1717	1384.0
1718	1300.0
1719	1324.0
1720	1640.0
1721	1856.0
1722	1576.0
1723	1676.0
1724	1700.0
1725	1620.0
1726	1308.0
1727	1668.0
1728	1480.0
1729	1448.0
1730	1428.0
1731	1234.0
1732	1364.0
1733	1160.0
1734	1072.0
1735	1080.0
1736	916.0
1737	1036.0
1738	1340.0
1739	1120.0
1740	1424.0
1741	1548.0
1742	1364.0
1743	1124.0
1744	1332.0
1745	1408.0
1746	1528.0
1747	1456.0
1748	1444.0
1749	1120.0
1750	1140.0
1751	1388.0
1752	1272.0
1753	1456.0
1754	1088.0
1755	1344.0
1756	1048.0
1757	892.0
1758	1016.0
1759	1028.0
1760	980.0
1761	1040.0
1762	942.0
1763	964.0
1764	1000.0
1765	1160.0
1766	1244.0
1767	1340.0
1768	1460.0
1769	1608.0
1770	1520.0
1771	1696.0
1772	1616.0
1773	1540.0
1774	1796.0
1775	1624.0
1776	1544.0
1777	1660.0
1778	1564.0
1779	1612.0
1780	1368.0
1781	1388.0
1782	1788.0
1783	1788.0
1784	1600.0
1785	1628.0
1786	1736.0
1787	1720.0
1788	1860.0
1789	1748.0
1790	1868.0
1791	1724.0
1792	1752.0
1793	1840.0
1794	1516.0
1795	1528.0
1796	1494.0
1797	1452.0
1798	1808.0
1799	1420.0
1800	1540.0
1801	1732.0
1802	1484.0
1803	1406.0
1804	1056.0
1805	1184.0
1806	1224.0
1807	1348.0
1808	1208.0
1809	1428.0
1810	1376.0
1811	1536.0
1812	1512.0
1813	1720.0
1814	1700.0
1815	1656.0
1816	1540.0
1817	1524.0
1818	1588.0
1819	1592.0
1820	1748.0
1821	1696.0
1822	1668.0
1823	1536.0
1824	1796.0
1825	1700.0
1826	1492.0
1827	1892.0
1828	1824.0
1829	1580.0
1830	1956.0
1831	1744.0
1832	1792.0
1833	1736.0
1834	1744.0
1835	1752.0
1836	1584.0
1837	1896.0
1838	1680.0
1839	1728.0
1840	1848.0
1841	1728.0
1842	1620.0
1843	1722.0
1844	1840.0
1845	1712.0
1846	1904.0
1847	1552.0
1848	1592.0
1849	1656.0
1850	1536.0
1851	1500.0
1852	1696.0
1853	1440.0
1854	1464.0
1855	1500.0
1856	1340.0
1857	1504.0
1858	1396.0
1859	1264.0
1860	1620.0
1861	1496.0
1862	1316.0
1863	1564.0
1864	1636.0
1865	1616.0
1866	1672.0
1867	1588.0
1868	1620.0
1869	1600.0
1870	1868.0
1871	1560.0
1872	1552.0
1873	1500.0
1874	1508.0
1875	1392.0
1876	1348.0
1877	1252.0
1878	1364.0
1879	1220.0
1880	1168.0
1881	1064.0
1882	1436.0
1883	1584.0
1884	1448.0
1885	1636.0
1886	1628.0
1887	1632.0
1888	1608.0
1889	1440.0
1890	1452.0
1891	1474.0
1892	1564.0
1893	1624.0
1894	1484.0
1895	1448.0
1896	1440.0
1897	1428.0
1898	1436.0
1899	1752.0
1900	1532.0
1901	1588.0
1902	1520.0
1903	1604.0
1904	1376.0
1905	1460.0
1906	1472.0
1907	1468.0
1908	1540.0
1909	1478.0
1910	1400.0
1911	1388.0
1912	1268.0
1913	1268.0
1914	1152.0
1915	1230.0
1916	1214.0
1917	828.0
1918	788.0
1919	836.0
1920	808.0
1921	956.0
1922	1048.0
1923	840.0
1924	1144.0
1925	1224.0
1926	1048.0
1927	1342.0
1928	1220.0
1929	1368.0
1930	1376.0
1931	1260.0
1932	1192.0
1933	1412.0
1934	1304.0
1935	1180.0
1936	1220.0
1937	1124.0
1938	1172.0
1939	956.0
1940	1068.0
1941	868.0
1942	1184.0
1943	1204.0
1944	1220.0
1945	1284.0
1946	1240.0
1947	1444.0
1948	1572.0
1949	1604.0
1950	1452.0
1951	1488.0
1952	1456.0
1953	1580.0
1954	1700.0
1955	1518.0
1956	1600.0
1957	1420.0
1958	1376.0
1959	1666.0
1960	1388.0
1961	1516.0
1962	1464.0
1963	1464.0
1964	1616.0
1965	1492.0
1966	1220.0
1967	1300.0
1968	1172.0
1969	1176.0
1970	984.0
1971	1296.0
1972	1200.0
1973	1184.0
1974	1164.0
1975	1468.0
1976	1216.0
1977	1316.0
1978	1440.0
1979	1258.0
1980	1588.0
1981	1472.0
1982	1680.0
1983	1476.0
1984	1660.0
1985	1776.0
1986	1680.0
1987	1524.0
1988	1508.0
1989	1424.0
1990	1488.0
1991	1316.0
1992	1176.0
1993	1242.0
1994	1336.0
1995	1200.0
1996	1416.0
1997	1616.0
1998	1480.0
1999	1592.0
2000	1672.0
2001	1448.0
2002	1388.0
2003	1644.0
2004	1488.0
2005	1426.0
2006	1472.0
2007	1692.0
2008	1300.0
2009	1500.0
2010	1276.0
2011	1212.0
2012	1248.0
2013	1328.0
2014	1160.0
2015	1344.0
2016	968.0
2017	1270.0
2018	1236.0
2019	1428.0
2020	1136.0
2021	1520.0
2022	1324.0
2023	1428.0
2024	1396.0
2025	1360.0
2026	1524.0
2027	1608.0
2028	1600.0
2029	1188.0
2030	1308.0
2031	1042.0
2032	1034.0
2033	1104.0
2034	936.0
2035	868.0
2036	972.0
2037	598.0
2038	876.0
2039	760.0
2040	878.0
2041	1052.0
2042	1292.0
2043	1040.0
2044	1420.0
2045	1356.0
2046	1456.0
2047	1244.0
2048	1340.0
2049	1760.0
2050	1484.0
2051	1504.0
2052	1496.0
2053	1436.0
2054	1588.0
2055	1492.0
2056	1280.0
2057	1608.0
2058	1348.0
2059	1444.0
2060	1516.0
2061	1408.0
2062	1528.0
2063	1440.0
2064	1244.0
2065	1240.0
2066	1524.0
2067	1372.0
2068	1432.0
2069	1348.0
2070	1116.0
2071	1344.0
2072	1032.0
2073	1360.0
2074	1256.0
2075	1256.0
2076	1474.0
2077	1444.0
2078	1424.0
2079	1304.0
2080	1442.0
2081	1292.0
2082	1340.0
2083	1292.0
2084	1456.0
2085	1520.0
2086	1280.0
2087	1204.0
2088	1316.0
2089	1328.0
2090	1076.0
2091	1052.0
2092	944.0
2093	856.0
2094	1076.0
2095	916.0
2096	808.0
2097	782.0
2098	688.0
2099	658.0
2100	670.0
2101	824.0
2102	790.0
2103	606.0
2104	776.0
2105	738.0
2106	964.0
2107	820.0
2108	1254.0
2109	1116.0
2110	1196.0
2111	1300.0
2112	1288.0
2113	1174.0
2114	1300.0
2115	1088.0
2116	974.0
2117	1164.0
2118	870.0
2119	1064.0
2120	1216.0
2121	994.0
2122	1024.0
2123	1000.0
2124	1008.0
2125	858.0
2126	1120.0
2127	912.0
2128	1000.0
2129	658.0
2130	832.0
2131	948.0
2132	892.0
2133	708.0
2134	928.0
2135	976.0
2136	1040.0
2137	996.0
2138	1196.0
2139	1328.0
2140	1392.0
2141	1408.0
2142	1180.0
2143	1208.0
2144	1368.0
2145	1288.0
2146	1280.0
2147	1440.0
2148	1368.0
2149	1496.0
2150	1444.0
2151	1340.0
2152	1124.0
2153	1388.0
2154	1108.0
2155	1136.0
2156	848.0
2157	960.0
2158	976.0
2159	956.0
2160	1066.0
2161	906.0
2162	1252.0
2163	1280.0
2164	1332.0
2165	1332.0
2166	1280.0
2167	1364.0
2168	1456.0
2169	1368.0
2170	1596.0
2171	1572.0
2172	1732.0
2173	1616.0
2174	1452.0
2175	1524.0
2176	1656.0
2177	1484.0
2178	1768.0
2179	1504.0
2180	1884.0
2181	1668.0
2182	1796.0
2183	1744.0
2184	1492.0
2185	1700.0
2186	1528.0
2187	1592.0
2188	1616.0
2189	1536.0
2190	1480.0
2191	1564.0
2192	1576.0
2193	1844.0
2194	1572.0
2195	1620.0
2196	1628.0
2197	1720.0
2198	1604.0
2199	1676.0
2200	1560.0
2201	1492.0
2202	1524.0
2203	1588.0
2204	1580.0
2205	1724.0
2206	1680.0
2207	1396.0
2208	1820.0
2209	1652.0
2210	1668.0
2211	1428.0
2212	1748.0
2213	1736.0
2214	1464.0
2215	1652.0
2216	1540.0
2217	1544.0
2218	1540.0
2219	1804.0
2220	1552.0
2221	1768.0
2222	1596.0
2223	1532.0
2224	1804.0
2225	1600.0
2226	1744.0
2227	1464.0
2228	1552.0
2229	1760.0
2230	1764.0
2231	1764.0
2232	1696.0
2233	1536.0
2234	1564.0
2235	1644.0
2236	1560.0
2237	1764.0
2238	1576.0
2239	1412.0
2240	1640.0
2241	1284.0
2242	1588.0
2243	1612.0
2244	1668.0
2245	1816.0
2246	1588.0
2247	1300.0
2248	1536.0
2249	1628.0
2250	1528.0
2251	1328.0
2252	1040.0
2253	1532.0
2254	1448.0
2255	1264.0
2256	1408.0
2257	1388.0
2258	1130.0
2259	1148.0
2260	1596.0
2261	1428.0
2262	1400.0
2263	1408.0
2264	1408.0
2265	1648.0
2266	1460.0
2267	1320.0
2268	1352.0
2269	1480.0
2270	1356.0
2271	1470.0
2272	1356.0
2273	1508.0
2274	1396.0
2275	1428.0
2276	1510.0
2277	1644.0
2278	1430.0
2279	1284.0
2280	1294.0
2281	1624.0
2282	1412.0
2283	1500.0
2284	1516.0
2285	1496.0
2286	1630.0
2287	1448.0
2288	1548.0
2289	1210.0
2290	1528.0
2291	1548.0
2292	1354.0
2293	1532.0
2294	1528.0
2295	1576.0
2296	1380.0
2297	1684.0
2298	1692.0
2299	1692.0
2300	1376.0
2301	1524.0
2302	1508.0
2303	1472.0
2304	1372.0
2305	1536.0
2306	1264.0
2307	1232.0
2308	1044.0
2309	1220.0
2310	1320.0
2311	1132.0
2312	1410.0
2313	1236.0
2314	964.0
2315	1278.0
2316	1364.0
2317	1084.0
2318	976.0
2319	976.0
2320	1210.0
2321	876.0
2322	996.0
2323	1216.0
2324	1408.0
2325	1208.0
2326	1140.0
2327	1244.0
2328	1332.0
2329	1236.0
2330	1060.0
2331	1092.0
2332	1108.0
2333	928.0
2334	896.0
2335	970.0
2336	772.0
2337	1024.0
2338	1080.0
2339	900.0
2340	900.0
2341	908.0
2342	824.0
2343	1168.0
2344	1168.0
2345	1122.0
2346	1296.0
2347	1224.0
2348	1284.0
2349	1356.0
2350	1412.0
2351	1316.0
2352	1184.0
2353	1232.0
2354	1372.0
2355	1476.0
2356	1350.0
2357	1316.0
2358	1484.0
2359	1460.0
2360	1412.0
2361	1484.0
2362	1396.0
2363	1320.0
2364	1680.0
2365	1444.0
2366	1372.0
2367	1420.0
2368	1544.0
2369	1444.0
2370	1272.0
2371	1488.0
2372	1544.0
2373	1496.0
2374	1622.0
2375	1356.0
2376	1580.0
2377	1336.0
2378	1494.0
2379	1534.0
2380	1400.0
2381	1440.0
2382	1420.0
2383	1748.0
2384	1724.0
2385	1540.0
2386	1464.0
2387	1656.0
2388	1488.0
2389	1476.0
2390	1432.0
2391	1268.0
2392	1560.0
2393	1216.0
2394	1312.0
2395	1224.0
2396	1292.0
2397	1444.0
2398	1012.0
2399	1058.0
2400	1030.0
2401	1032.0
2402	938.0
2403	994.0
2404	876.0
2405	980.0
2406	950.0
2407	952.0
2408	1152.0
2409	1028.0
2410	1014.0
2411	1220.0
2412	1000.0
2413	1080.0
2414	1352.0
2415	1224.0
2416	1444.0
2417	1272.0
2418	1092.0
2419	1276.0
2420	1084.0
2421	1160.0
2422	1092.0
2423	1088.0
2424	1026.0
2425	976.0
2426	936.0
2427	1120.0
2428	1184.0
2429	1170.0
2430	1456.0
2431	1432.0
2432	1564.0
2433	1568.0
2434	1740.0
2435	1696.0
2436	1480.0
2437	1516.0
2438	1860.0
2439	1620.0
2440	1612.0
2441	1920.0
2442	1728.0
2443	2132.0
2444	1864.0
2445	1784.0
2446	1824.0
2447	1800.0
2448	2084.0
2449	1792.0
2450	2140.0
2451	1720.0
2452	1700.0
2453	1712.0
2454	2000.0
2455	1872.0
2456	1856.0
2457	1956.0
2458	1796.0
2459	1820.0
2460	1908.0
2461	1504.0
2462	1904.0
2463	2032.0
2464	1776.0
2465	2024.0
2466	1868.0
2467	1924.0
2468	1868.0
2469	1852.0
2470	1892.0
2471	1756.0
2472	2008.0
2473	1888.0
2474	1756.0
2475	1704.0
2476	1712.0
2477	1624.0
2478	1518.0
2479	1730.0
2480	2080.0
2481	1844.0
2482	1796.0
2483	1984.0
2484	1840.0
2485	1696.0
2486	1504.0
2487	1772.0
2488	1748.0
2489	1632.0
2490	1672.0
2491	1606.0
2492	1580.0
2493	1760.0
2494	1724.0
2495	1984.0
2496	1616.0
2497	2244.0
2498	1882.0
2499	1952.0
2500	1784.0
2501	1940.0
2502	1776.0
2503	1868.0
2504	1836.0
2505	1816.0
2506	1812.0
2507	1628.0
2508	1924.0
2509	1900.0
2510	2008.0
2511	1748.0
2512	1840.0
2513	1648.0
2514	1732.0
2515	1704.0
2516	1900.0
2517	1512.0
2518	1888.0
2519	1780.0
2520	1628.0
2521	1456.0
2522	1604.0
2523	1588.0
2524	1536.0
2525	1628.0
2526	1836.0
2527	1968.0
2528	1764.0
2529	1864.0
2530	1692.0
2531	1636.0
2532	1720.0
2533	1704.0
2534	1852.0
2535	1692.0
2536	1908.0
2537	1708.0
2538	1868.0
2539	1700.0
2540	1632.0
2541	2064.0
2542	1784.0
2543	1760.0
2544	1780.0
2545	1664.0
2546	1832.0
2547	1556.0
2548	1652.0
2549	1604.0
2550	1620.0
2551	1588.0
2552	1204.0
2553	1420.0
2554	1496.0
2555	1432.0
2556	1372.0
2557	1484.0
2558	1708.0
2559	1792.0
2560	1932.0
2561	2148.0
2562	1876.0
2563	1844.0
2564	1944.0
2565	2020.0
2566	1920.0
2567	2124.0
2568	2056.0
2569	1856.0
2570	2144.0
2571	1884.0
2572	1936.0
2573	2216.0
2574	1416.0
2575	1480.0
2576	1496.0
2577	1880.0
2578	1616.0
2579	1376.0
2580	1124.0
2581	1416.0
2582	1200.0
2583	1152.0
2584	1034.0
2585	1044.0
2586	1148.0
2587	1414.0
2588	1384.0
2589	1524.0
2590	1604.0
2591	1554.0
2592	1860.0
2593	1844.0
2594	1640.0
2595	1604.0
2596	1804.0
2597	1836.0
2598	1872.0
2599	1740.0
2600	2272.0
2601	2224.0
2602	1904.0
2603	2040.0
2604	1696.0
2605	2040.0
2606	1928.0
2607	2076.0
2608	1956.0
2609	1936.0
2610	1824.0
2611	1888.0
2612	1908.0
2613	1992.0
2614	1944.0
2615	1924.0
2616	1608.0
2617	1944.0
2618	1716.0
2619	1650.0
2620	1790.0
2621	1868.0
2622	1572.0
2623	1464.0
2624	2044.0
2625	1644.0
2626	1676.0
2627	1804.0
2628	1860.0
2629	1904.0
2630	1816.0
2631	1976.0
2632	1800.0
2633	1860.0
2634	2048.0
2635	1840.0
2636	1616.0
2637	1724.0
2638	1904.0
2639	1868.0
2640	1792.0
2641	1702.0
2642	1580.0
2643	1480.0
2644	1492.0
2645	1908.0
2646	1292.0
2647	1324.0
2648	1324.0
2649	1576.0
2650	1656.0
2651	1752.0
2652	1628.0
2653	1476.0
2654	1824.0
2655	1984.0
2656	1992.0
2657	2168.0
2658	1576.0
2659	1840.0
2660	1672.0
2661	1792.0
2662	1764.0
2663	1748.0
2664	1904.0
2665	1776.0
2666	1740.0
2667	1776.0
2668	1916.0
2669	1744.0
2670	2092.0
2671	1832.0
2672	1732.0
2673	1896.0
2674	1840.0
2675	1820.0
2676	1608.0
2677	1784.0
2678	1624.0
2679	1508.0
2680	1636.0
2681	1582.0
2682	1800.0
2683	1504.0
2684	1568.0
2685	1172.0
2686	1760.0
2687	1444.0
2688	1284.0
2689	1488.0
2690	1308.0
2691	1396.0
2692	1328.0
2693	1504.0
2694	1496.0
2695	1272.0
2696	1840.0
2697	1784.0
2698	1724.0
2699	2020.0
2700	1632.0
2701	1876.0
2702	1768.0
2703	2020.0
2704	1768.0
2705	1784.0
2706	1980.0
2707	2096.0
2708	2068.0
2709	2124.0
2710	2096.0
2711	2100.0
2712	2384.0
2713	2156.0
2714	2224.0
2715	2372.0
2716	2028.0
2717	2292.0
2718	2228.0
2719	2436.0
2720	2036.0
2721	2236.0
2722	2300.0
2723	1908.0
2724	2244.0
2725	2172.0
2726	1960.0
2727	2260.0
2728	2408.0
2729	2136.0
2730	2092.0
2731	2336.0
2732	2332.0
2733	2056.0
2734	2440.0
2735	2332.0
2736	2156.0
2737	2240.0
2738	2092.0
2739	2132.0
2740	1956.0
2741	2154.0
2742	1988.0
2743	2180.0
2744	2116.0
2745	2080.0
2746	1800.0
2747	2088.0
