0	844.0
1	694.0
2	844.0
3	736.0
4	642.0
5	640.0
6	592.0
7	790.0
8	848.0
9	866.0
10	668.0
11	806.0
12	664.0
13	722.0
14	668.0
15	830.0
16	732.0
17	776.0
18	628.0
19	834.0
20	642.0
21	688.0
22	780.0
23	816.0
24	732.0
25	548.0
26	696.0
27	572.0
28	670.0
29	544.0
30	676.0
31	598.0
32	708.0
33	782.0
34	590.0
35	732.0
36	816.0
37	840.0
38	908.0
39	660.0
40	852.0
41	820.0
42	704.0
43	780.0
44	800.0
45	930.0
46	816.0
47	768.0
48	804.0
49	638.0
50	828.0
51	692.0
52	852.0
53	656.0
54	916.0
55	614.0
56	682.0
57	772.0
58	558.0
59	694.0
60	942.0
61	648.0
62	650.0
63	784.0
64	764.0
65	812.0
66	902.0
67	842.0
68	698.0
69	916.0
70	750.0
71	712.0
72	854.0
73	790.0
74	690.0
75	906.0
76	660.0
77	528.0
78	818.0
79	864.0
80	600.0
81	750.0
82	620.0
83	936.0
84	814.0
85	696.0
86	684.0
87	742.0
88	764.0
89	898.0
90	806.0
91	976.0
92	982.0
93	890.0
94	634.0
95	768.0
96	668.0
97	722.0
98	670.0
99	632.0
100	854.0
101	820.0
102	824.0
103	706.0
104	674.0
105	756.0
106	716.0
107	744.0
108	750.0
109	698.0
110	834.0
111	928.0
112	800.0
113	820.0
114	744.0
115	606.0
116	810.0
117	764.0
118	608.0
119	760.0
120	862.0
121	872.0
122	630.0
123	648.0
124	932.0
125	622.0
126	714.0
127	522.0
128	784.0
129	700.0
130	698.0
131	812.0
132	764.0
133	786.0
134	782.0
135	738.0
136	920.0
137	876.0
138	832.0
139	832.0
140	764.0
141	910.0
142	716.0
143	794.0
144	848.0
145	688.0
146	756.0
147	812.0
148	688.0
149	716.0
150	846.0
151	752.0
152	632.0
153	832.0
154	760.0
155	748.0
156	684.0
157	1066.0
158	706.0
159	808.0
160	854.0
161	796.0
162	652.0
163	916.0
164	704.0
165	656.0
166	638.0
167	798.0
168	694.0
169	656.0
170	684.0
171	776.0
172	802.0
173	880.0
174	856.0
175	982.0
176	646.0
177	758.0
178	792.0
179	840.0
180	618.0
181	768.0
182	710.0
183	858.0
184	710.0
185	770.0
186	826.0
187	684.0
188	644.0
189	770.0
190	792.0
191	736.0
192	838.0
193	592.0
194	852.0
195	850.0
196	884.0
197	762.0
198	692.0
199	868.0
200	790.0
201	636.0
202	904.0
203	838.0
204	678.0
205	726.0
206	698.0
207	844.0
208	644.0
209	930.0
210	826.0
211	754.0
212	816.0
213	920.0
214	802.0
215	786.0
216	770.0
217	496.0
218	844.0
219	788.0
220	706.0
221	804.0
222	836.0
223	852.0
224	892.0
225	878.0
226	1060.0
227	740.0
228	780.0
229	864.0
230	882.0
231	728.0
232	832.0
233	700.0
234	864.0
235	888.0
236	876.0
237	604.0
238	844.0
239	768.0
240	800.0
241	854.0
242	544.0
243	820.0
244	832.0
245	886.0
246	860.0
247	750.0
248	720.0
249	974.0
250	666.0
251	832.0
252	860.0
253	874.0
254	882.0
255	962.0
256	650.0
257	834.0
258	880.0
259	660.0
260	866.0
261	848.0
262	818.0
263	808.0
264	790.0
265	780.0
266	652.0
267	650.0
268	786.0
269	1068.0
270	688.0
271	762.0
272	770.0
273	820.0
274	696.0
275	926.0
276	804.0
277	784.0
278	820.0
279	822.0
280	844.0
281	856.0
282	756.0
283	910.0
284	844.0
285	732.0
286	820.0
287	854.0
288	828.0
289	848.0
290	1008.0
291	848.0
292	956.0
293	832.0
294	864.0
295	758.0
296	612.0
297	826.0
298	736.0
299	1044.0
300	760.0
301	864.0
302	724.0
303	902.0
304	850.0
305	876.0
306	840.0
307	924.0
308	744.0
309	644.0
310	812.0
311	804.0
312	938.0
313	1068.0
314	872.0
315	780.0
316	682.0
317	810.0
318	748.0
319	786.0
320	848.0
321	960.0
322	952.0
323	708.0
324	888.0
325	922.0
326	670.0
327	844.0
328	1036.0
329	854.0
330	868.0
331	864.0
332	648.0
333	836.0
334	800.0
335	754.0
336	740.0
337	928.0
338	856.0
339	800.0
340	734.0
341	922.0
342	878.0
343	860.0
344	856.0
345	834.0
346	672.0
347	922.0
348	706.0
349	850.0
350	678.0
351	814.0
352	570.0
353	824.0
354	864.0
355	794.0
356	910.0
357	810.0
358	856.0
359	954.0
360	928.0
361	688.0
362	862.0
363	826.0
364	768.0
365	882.0
366	896.0
367	808.0
368	1068.0
369	692.0
370	940.0
371	828.0
372	724.0
373	768.0
374	718.0
375	830.0
376	720.0
377	740.0
378	760.0
379	838.0
380	772.0
381	842.0
382	732.0
383	888.0
384	776.0
385	680.0
386	674.0
387	644.0
388	822.0
389	856.0
390	868.0
391	880.0
392	820.0
393	636.0
394	882.0
395	858.0
396	856.0
397	858.0
398	778.0
399	890.0
400	720.0
401	700.0
402	720.0
403	766.0
404	852.0
405	738.0
406	894.0
407	904.0
408	830.0
409	946.0
410	844.0
411	852.0
412	756.0
413	722.0
414	800.0
415	640.0
416	628.0
417	826.0
418	660.0
419	800.0
420	808.0
421	852.0
422	816.0
423	876.0
424	868.0
425	964.0
426	678.0
427	808.0
428	670.0
429	796.0
430	790.0
431	814.0
432	768.0
433	744.0
434	900.0
435	1112.0
436	578.0
437	776.0
438	888.0
439	830.0
440	826.0
441	922.0
442	854.0
443	808.0
444	864.0
445	820.0
446	948.0
447	876.0
448	854.0
449	940.0
450	716.0
451	922.0
452	888.0
453	728.0
454	830.0
455	1090.0
456	878.0
457	938.0
458	916.0
459	822.0
460	896.0
461	826.0
462	864.0
463	742.0
464	972.0
465	1018.0
466	976.0
467	930.0
468	794.0
469	846.0
470	696.0
471	792.0
472	970.0
473	780.0
474	560.0
475	964.0
476	756.0
477	814.0
478	704.0
479	778.0
480	920.0
481	906.0
482	802.0
483	722.0
484	776.0
485	744.0
486	750.0
487	1074.0
488	1022.0
489	888.0
490	878.0
491	658.0
492	890.0
493	758.0
494	954.0
495	782.0
496	896.0
497	860.0
498	824.0
499	862.0
500	782.0
501	812.0
502	844.0
503	984.0
504	740.0
505	724.0
506	1018.0
507	866.0
508	756.0
509	772.0
510	826.0
511	980.0
512	812.0
513	776.0
514	790.0
515	824.0
516	974.0
517	826.0
518	600.0
519	898.0
520	744.0
521	818.0
522	738.0
523	820.0
524	716.0
525	882.0
526	694.0
527	854.0
528	828.0
529	760.0
530	794.0
531	764.0
532	764.0
533	762.0
534	668.0
535	872.0
536	784.0
537	868.0
538	922.0
539	916.0
540	886.0
541	888.0
542	712.0
543	800.0
544	856.0
545	916.0
546	836.0
547	1136.0
548	800.0
549	912.0
550	1038.0
551	832.0
552	960.0
553	932.0
554	760.0
555	836.0
556	844.0
557	836.0
558	768.0
559	810.0
560	746.0
561	692.0
562	758.0
563	904.0
564	704.0
565	954.0
566	1016.0
567	764.0
568	760.0
569	928.0
570	870.0
571	874.0
572	856.0
573	958.0
574	1000.0
575	812.0
576	984.0
577	952.0
578	916.0
579	964.0
580	868.0
581	818.0
582	748.0
583	916.0
584	764.0
585	1042.0
586	866.0
587	940.0
588	836.0
589	716.0
590	776.0
591	600.0
592	892.0
593	684.0
594	822.0
595	686.0
596	860.0
597	932.0
598	948.0
599	820.0
600	794.0
601	946.0
602	968.0
603	848.0
604	1004.0
605	828.0
606	886.0
607	754.0
608	720.0
609	968.0
610	868.0
611	756.0
612	902.0
613	944.0
614	688.0
615	796.0
616	808.0
617	764.0
618	1060.0
619	736.0
620	846.0
621	870.0
622	832.0
623	828.0
624	844.0
625	740.0
626	832.0
627	962.0
628	1094.0
629	694.0
630	876.0
631	694.0
632	1194.0
633	904.0
634	984.0
635	922.0
636	1020.0
637	832.0
638	832.0
639	870.0
640	832.0
641	862.0
642	904.0
643	734.0
644	912.0
645	988.0
646	656.0
647	948.0
648	696.0
649	832.0
650	928.0
651	944.0
652	892.0
653	818.0
654	1036.0
655	736.0
656	846.0
657	960.0
658	1116.0
659	892.0
660	930.0
661	814.0
662	872.0
663	956.0
664	988.0
665	728.0
666	956.0
667	1110.0
668	864.0
669	672.0
670	920.0
671	1072.0
672	646.0
673	994.0
674	802.0
675	856.0
676	928.0
677	944.0
678	920.0
679	684.0
680	614.0
681	672.0
682	944.0
683	908.0
684	1040.0
685	1134.0
686	712.0
687	826.0
688	796.0
689	888.0
690	776.0
691	960.0
692	932.0
693	936.0
694	828.0
695	778.0
696	888.0
697	874.0
698	612.0
699	862.0
700	940.0
701	734.0
702	820.0
703	826.0
704	688.0
705	868.0
706	794.0
707	840.0
708	708.0
709	712.0
710	810.0
711	952.0
712	780.0
713	928.0
714	1112.0
715	736.0
716	936.0
717	924.0
718	908.0
719	830.0
720	674.0
721	724.0
722	992.0
723	780.0
724	780.0
725	888.0
726	878.0
727	900.0
728	840.0
729	844.0
730	818.0
731	1022.0
732	904.0
733	980.0
734	1020.0
735	856.0
736	936.0
737	900.0
738	1020.0
739	926.0
740	962.0
741	914.0
742	1084.0
743	836.0
744	848.0
745	724.0
746	944.0
747	716.0
748	1016.0
749	970.0
750	938.0
751	908.0
752	844.0
753	928.0
754	718.0
755	1092.0
756	904.0
757	792.0
758	776.0
759	788.0
760	904.0
761	860.0
762	918.0
763	882.0
764	866.0
765	844.0
766	850.0
767	670.0
768	1060.0
769	980.0
770	804.0
771	768.0
772	1000.0
773	1122.0
774	780.0
775	912.0
776	788.0
777	1080.0
778	950.0
779	778.0
780	860.0
781	824.0
782	996.0
783	1008.0
784	928.0
785	862.0
786	962.0
787	1090.0
788	900.0
789	954.0
790	900.0
791	916.0
792	940.0
793	964.0
794	1032.0
795	972.0
796	786.0
797	768.0
798	856.0
799	772.0
800	972.0
801	884.0
802	1014.0
803	986.0
804	850.0
805	860.0
806	764.0
807	760.0
808	984.0
809	834.0
810	860.0
811	864.0
812	808.0
813	920.0
814	892.0
815	836.0
816	822.0
817	984.0
818	754.0
819	952.0
820	634.0
821	736.0
822	776.0
823	844.0
824	834.0
825	1016.0
826	814.0
827	816.0
828	854.0
829	788.0
830	856.0
831	774.0
832	752.0
833	752.0
834	968.0
835	922.0
836	946.0
837	904.0
838	596.0
839	754.0
840	616.0
841	610.0
842	732.0
843	576.0
844	720.0
845	698.0
846	714.0
847	1038.0
848	944.0
849	848.0
850	934.0
851	890.0
852	1024.0
853	950.0
854	980.0
855	972.0
856	940.0
857	682.0
858	912.0
859	822.0
860	784.0
861	728.0
862	1018.0
863	830.0
864	840.0
865	950.0
866	788.0
867	810.0
868	882.0
869	770.0
870	750.0
871	652.0
872	1000.0
873	974.0
874	824.0
875	800.0
876	770.0
877	892.0
878	912.0
879	738.0
880	866.0
881	814.0
882	906.0
883	900.0
884	1040.0
885	792.0
886	1006.0
887	1012.0
888	868.0
889	880.0
890	924.0
891	732.0
892	1096.0
893	852.0
894	850.0
895	824.0
896	872.0
897	934.0
898	678.0
899	820.0
900	684.0
901	828.0
902	706.0
903	718.0
904	604.0
905	1046.0
906	868.0
907	966.0
908	774.0
909	820.0
910	914.0
911	838.0
912	900.0
913	1128.0
914	888.0
915	820.0
916	916.0
917	732.0
918	764.0
919	760.0
920	830.0
921	844.0
922	854.0
923	860.0
924	896.0
925	682.0
926	876.0
927	818.0
928	808.0
929	792.0
930	764.0
931	892.0
932	868.0
933	852.0
934	1094.0
935	868.0
936	848.0
937	834.0
938	972.0
939	906.0
940	812.0
941	940.0
942	792.0
943	868.0
944	960.0
945	768.0
946	878.0
947	820.0
948	782.0
949	868.0
950	1012.0
951	884.0
952	1018.0
953	784.0
954	828.0
955	1028.0
956	992.0
957	1090.0
958	784.0
959	928.0
960	992.0
961	882.0
962	844.0
963	812.0
964	1220.0
965	820.0
966	908.0
967	864.0
968	920.0
969	990.0
970	780.0
971	1082.0
972	862.0
973	948.0
974	970.0
975	824.0
976	896.0
977	768.0
978	944.0
979	740.0
980	792.0
981	858.0
982	948.0
983	792.0
984	888.0
985	880.0
986	818.0
987	936.0
988	830.0
989	988.0
990	958.0
991	914.0
992	772.0
993	884.0
994	748.0
995	988.0
996	1002.0
997	916.0
998	854.0
999	938.0
1000	882.0
1001	904.0
1002	986.0
1003	892.0
1004	1052.0
1005	878.0
1006	862.0
1007	772.0
1008	838.0
1009	898.0
1010	836.0
1011	912.0
1012	908.0
1013	820.0
1014	774.0
1015	1118.0
1016	796.0
1017	760.0
1018	1018.0
1019	970.0
1020	864.0
1021	904.0
1022	870.0
1023	980.0
1024	774.0
1025	750.0
1026	940.0
1027	900.0
1028	984.0
1029	1124.0
1030	844.0
1031	852.0
1032	976.0
1033	980.0
1034	982.0
1035	1008.0
1036	818.0
1037	1052.0
1038	920.0
1039	1048.0
1040	868.0
1041	812.0
1042	800.0
1043	848.0
1044	876.0
1045	916.0
1046	948.0
1047	848.0
1048	980.0
1049	1016.0
1050	908.0
1051	908.0
1052	896.0
1053	972.0
1054	984.0
1055	876.0
1056	808.0
1057	1104.0
1058	868.0
1059	902.0
1060	832.0
1061	968.0
1062	1092.0
1063	934.0
1064	994.0
1065	870.0
1066	1136.0
1067	790.0
1068	874.0
1069	902.0
1070	1044.0
1071	880.0
1072	942.0
1073	778.0
1074	1014.0
1075	1136.0
1076	852.0
1077	960.0
1078	744.0
1079	960.0
1080	854.0
1081	920.0
1082	800.0
1083	856.0
1084	734.0
1085	760.0
1086	654.0
1087	584.0
1088	754.0
1089	924.0
1090	774.0
1091	850.0
1092	754.0
1093	964.0
1094	658.0
1095	894.0
1096	712.0
1097	984.0
1098	826.0
1099	944.0
1100	844.0
1101	840.0
1102	914.0
1103	848.0
1104	900.0
1105	928.0
1106	1020.0
1107	1044.0
1108	844.0
1109	1212.0
1110	952.0
1111	808.0
1112	1040.0
1113	1092.0
1114	862.0
1115	940.0
1116	868.0
1117	816.0
1118	894.0
1119	872.0
1120	964.0
1121	878.0
1122	1006.0
1123	1032.0
1124	868.0
1125	948.0
1126	930.0
1127	1006.0
1128	1104.0
1129	992.0
1130	786.0
1131	776.0
1132	836.0
1133	980.0
1134	1088.0
1135	980.0
1136	1004.0
1137	966.0
1138	940.0
1139	1036.0
1140	828.0
1141	750.0
1142	1064.0
1143	960.0
1144	1004.0
1145	944.0
1146	674.0
1147	842.0
1148	764.0
1149	802.0
1150	964.0
1151	644.0
1152	876.0
1153	700.0
1154	678.0
1155	920.0
1156	940.0
1157	660.0
1158	680.0
1159	654.0
1160	1020.0
1161	852.0
1162	782.0
1163	884.0
1164	864.0
1165	976.0
1166	1072.0
1167	832.0
1168	848.0
1169	978.0
1170	984.0
1171	852.0
1172	1028.0
1173	788.0
1174	908.0
1175	752.0
1176	882.0
1177	980.0
1178	1058.0
1179	904.0
1180	1032.0
1181	872.0
1182	876.0
1183	1022.0
1184	1030.0
1185	982.0
1186	972.0
1187	796.0
1188	910.0
1189	918.0
1190	1014.0
1191	994.0
1192	982.0
1193	908.0
1194	932.0
1195	988.0
1196	944.0
1197	756.0
1198	956.0
1199	958.0
1200	880.0
1201	1090.0
1202	870.0
1203	848.0
1204	1004.0
1205	790.0
1206	920.0
1207	728.0
1208	794.0
1209	1100.0
1210	918.0
1211	792.0
1212	748.0
1213	742.0
1214	664.0
1215	874.0
1216	900.0
1217	896.0
1218	768.0
1219	876.0
1220	672.0
1221	832.0
1222	740.0
1223	820.0
1224	876.0
1225	806.0
1226	968.0
1227	852.0
1228	812.0
1229	916.0
1230	736.0
1231	802.0
1232	836.0
1233	1232.0
1234	852.0
1235	944.0
1236	964.0
1237	912.0
1238	776.0
1239	902.0
1240	874.0
1241	1020.0
1242	980.0
1243	700.0
1244	876.0
1245	892.0
1246	888.0
1247	836.0
1248	794.0
1249	700.0
1250	906.0
1251	876.0
1252	844.0
1253	868.0
1254	1060.0
1255	816.0
1256	740.0
1257	1078.0
1258	828.0
1259	808.0
1260	710.0
1261	818.0
1262	1014.0
1263	956.0
1264	792.0
1265	844.0
1266	1076.0
1267	678.0
1268	948.0
1269	824.0
1270	794.0
1271	838.0
1272	888.0
1273	860.0
1274	942.0
1275	874.0
1276	850.0
1277	892.0
1278	760.0
1279	954.0
1280	872.0
1281	800.0
1282	952.0
1283	934.0
1284	928.0
1285	824.0
1286	912.0
1287	740.0
1288	776.0
1289	834.0
1290	764.0
1291	796.0
1292	928.0
1293	842.0
1294	896.0
1295	1048.0
1296	870.0
1297	966.0
1298	1028.0
1299	850.0
1300	822.0
1301	726.0
1302	752.0
1303	768.0
1304	856.0
1305	918.0
1306	1034.0
1307	880.0
1308	924.0
1309	820.0
1310	846.0
1311	858.0
1312	860.0
1313	876.0
1314	836.0
1315	636.0
1316	536.0
1317	580.0
1318	684.0
1319	844.0
1320	778.0
1321	738.0
1322	652.0
1323	698.0
1324	736.0
1325	640.0
1326	950.0
1327	808.0
1328	804.0
1329	722.0
1330	852.0
1331	792.0
1332	764.0
1333	894.0
1334	1012.0
1335	976.0
1336	910.0
1337	788.0
1338	952.0
1339	676.0
1340	652.0
1341	812.0
1342	744.0
1343	880.0
1344	948.0
1345	880.0
1346	598.0
1347	760.0
1348	764.0
1349	782.0
1350	812.0
1351	886.0
1352	922.0
1353	816.0
1354	708.0
1355	700.0
1356	856.0
1357	832.0
1358	760.0
1359	752.0
1360	704.0
1361	518.0
1362	808.0
1363	660.0
1364	832.0
1365	852.0
1366	818.0
1367	764.0
1368	856.0
1369	796.0
1370	722.0
1371	836.0
1372	810.0
1373	740.0
1374	940.0
1375	774.0
1376	762.0
1377	972.0
1378	884.0
1379	732.0
1380	766.0
1381	730.0
1382	656.0
1383	760.0
1384	888.0
1385	780.0
1386	836.0
1387	894.0
1388	736.0
1389	752.0
1390	756.0
1391	756.0
1392	796.0
1393	938.0
1394	876.0
1395	732.0
1396	692.0
1397	824.0
1398	898.0
1399	768.0
1400	916.0
1401	1032.0
1402	912.0
1403	732.0
1404	894.0
1405	844.0
1406	764.0
1407	708.0
1408	582.0
1409	604.0
1410	616.0
1411	580.0
1412	406.0
1413	720.0
1414	680.0
1415	690.0
1416	814.0
1417	722.0
1418	808.0
1419	670.0
1420	664.0
1421	850.0
1422	940.0
1423	736.0
1424	764.0
1425	828.0
1426	934.0
1427	922.0
1428	962.0
1429	780.0
1430	826.0
1431	678.0
1432	856.0
1433	782.0
1434	810.0
1435	1162.0
1436	824.0
1437	968.0
1438	840.0
1439	736.0
1440	852.0
1441	936.0
1442	904.0
1443	914.0
1444	856.0
1445	878.0
1446	732.0
1447	1138.0
1448	970.0
1449	864.0
1450	940.0
1451	1000.0
1452	824.0
1453	772.0
1454	828.0
1455	808.0
1456	1068.0
1457	858.0
1458	984.0
1459	1044.0
1460	1068.0
1461	912.0
1462	904.0
1463	1052.0
1464	896.0
1465	896.0
1466	882.0
1467	792.0
1468	760.0
1469	996.0
1470	1028.0
1471	1000.0
1472	1010.0
1473	996.0
1474	872.0
1475	1066.0
1476	854.0
1477	848.0
1478	1048.0
1479	984.0
1480	870.0
1481	1116.0
1482	996.0
1483	844.0
1484	952.0
1485	926.0
1486	912.0
1487	1030.0
1488	966.0
1489	1110.0
1490	928.0
1491	884.0
1492	870.0
1493	808.0
1494	1112.0
1495	952.0
1496	1188.0
1497	1008.0
1498	928.0
1499	958.0
1500	800.0
1501	986.0
1502	812.0
1503	1312.0
1504	1212.0
1505	982.0
1506	1188.0
1507	968.0
1508	1012.0
1509	1020.0
1510	1060.0
1511	846.0
1512	1184.0
1513	1080.0
1514	1036.0
1515	884.0
1516	964.0
1517	928.0
1518	884.0
1519	1020.0
1520	986.0
1521	1028.0
1522	906.0
1523	876.0
1524	1010.0
1525	972.0
1526	1018.0
1527	864.0
1528	784.0
1529	908.0
1530	762.0
1531	634.0
1532	746.0
1533	776.0
1534	822.0
1535	1104.0
1536	1038.0
1537	1004.0
1538	1076.0
1539	942.0
1540	1032.0
1541	1180.0
1542	1068.0
1543	962.0
1544	1134.0
1545	928.0
1546	1060.0
1547	870.0
1548	1000.0
1549	860.0
1550	784.0
1551	1048.0
1552	816.0
1553	912.0
1554	1070.0
1555	988.0
1556	1080.0
1557	884.0
1558	946.0
1559	1200.0
1560	1168.0
1561	1100.0
1562	992.0
1563	1076.0
1564	942.0
1565	904.0
1566	978.0
1567	1160.0
1568	1178.0
1569	876.0
1570	1008.0
1571	1060.0
1572	964.0
1573	998.0
1574	1152.0
1575	1196.0
1576	1144.0
1577	1164.0
1578	1092.0
1579	948.0
1580	972.0
1581	976.0
1582	1156.0
1583	1120.0
1584	1158.0
1585	1000.0
1586	1024.0
1587	1156.0
1588	850.0
1589	1036.0
1590	1054.0
1591	964.0
1592	808.0
1593	840.0
1594	752.0
1595	808.0
1596	736.0
1597	632.0
1598	920.0
1599	1054.0
1600	1158.0
1601	1040.0
1602	964.0
1603	1260.0
1604	1116.0
1605	832.0
1606	1076.0
1607	1000.0
1608	944.0
1609	970.0
1610	1140.0
1611	1200.0
1612	1140.0
1613	1022.0
1614	1320.0
1615	902.0
1616	1272.0
1617	1044.0
1618	1112.0
1619	798.0
1620	1092.0
1621	1108.0
1622	1132.0
1623	1150.0
1624	1100.0
1625	1124.0
1626	1172.0
1627	978.0
1628	1136.0
1629	1062.0
1630	1272.0
1631	1060.0
1632	992.0
1633	1284.0
1634	1124.0
1635	1164.0
1636	1176.0
1637	1132.0
1638	1160.0
1639	1106.0
1640	952.0
1641	1022.0
1642	1074.0
1643	1284.0
1644	1172.0
1645	1152.0
1646	1212.0
1647	990.0
1648	948.0
1649	896.0
1650	1006.0
1651	1204.0
1652	1296.0
1653	954.0
1654	1308.0
1655	1088.0
1656	788.0
1657	1016.0
1658	962.0
1659	1060.0
1660	1104.0
1661	1002.0
1662	972.0
1663	1162.0
1664	1020.0
1665	992.0
1666	1236.0
1667	1140.0
1668	1188.0
1669	1148.0
1670	858.0
1671	1046.0
1672	1184.0
1673	1162.0
1674	1292.0
1675	1294.0
1676	1150.0
1677	1016.0
1678	1140.0
1679	1214.0
1680	1140.0
1681	1198.0
1682	1230.0
1683	1284.0
1684	1222.0
1685	1024.0
1686	1152.0
1687	1048.0
1688	1036.0
1689	1080.0
1690	1140.0
1691	1140.0
1692	1230.0
1693	1304.0
1694	976.0
1695	1216.0
1696	1296.0
1697	1164.0
1698	1108.0
1699	1064.0
1700	1190.0
1701	1004.0
1702	1154.0
1703	1128.0
1704	1068.0
1705	1056.0
1706	1056.0
1707	952.0
1708	1170.0
1709	1064.0
1710	1044.0
1711	1202.0
1712	1176.0
1713	1176.0
1714	1074.0
1715	1062.0
1716	1180.0
1717	1098.0
1718	1202.0
1719	1328.0
1720	1072.0
1721	1082.0
1722	1070.0
1723	1224.0
1724	1304.0
1725	976.0
1726	1340.0
1727	1074.0
1728	1186.0
1729	1080.0
1730	1128.0
1731	1236.0
1732	1352.0
1733	1336.0
1734	1224.0
1735	1244.0
1736	1256.0
1737	1102.0
1738	1212.0
1739	1286.0
1740	1100.0
1741	1308.0
1742	1248.0
1743	1228.0
1744	1124.0
1745	1320.0
1746	1036.0
1747	1286.0
1748	1296.0
1749	1488.0
1750	1364.0
1751	1108.0
1752	1304.0
1753	956.0
1754	1244.0
1755	1636.0
1756	1068.0
1757	1182.0
1758	1156.0
1759	1240.0
1760	1232.0
1761	1376.0
1762	1332.0
1763	1192.0
1764	1110.0
1765	1152.0
1766	1322.0
1767	1168.0
1768	1144.0
1769	976.0
1770	1184.0
1771	1052.0
1772	1148.0
1773	1084.0
1774	1148.0
1775	1260.0
1776	1128.0
1777	1140.0
1778	944.0
1779	1088.0
1780	1180.0
1781	1204.0
1782	1272.0
1783	1474.0
1784	1216.0
1785	1280.0
1786	1172.0
1787	992.0
1788	1356.0
1789	1352.0
1790	1084.0
1791	1236.0
1792	1126.0
1793	1312.0
1794	1332.0
1795	1108.0
1796	1118.0
1797	1224.0
1798	1280.0
1799	1246.0
1800	1290.0
1801	1348.0
1802	1240.0
1803	1096.0
1804	1204.0
1805	1496.0
1806	1620.0
1807	1330.0
1808	1068.0
1809	922.0
1810	1256.0
1811	1174.0
1812	1352.0
1813	1304.0
1814	1452.0
1815	1312.0
1816	1132.0
1817	1178.0
1818	1202.0
1819	1188.0
1820	1210.0
1821	1160.0
1822	1378.0
1823	1460.0
1824	1198.0
1825	1324.0
1826	1332.0
1827	1098.0
1828	1284.0
1829	1220.0
1830	1272.0
1831	1408.0
1832	1312.0
1833	1138.0
1834	1368.0
1835	1392.0
1836	1260.0
1837	1280.0
1838	1184.0
1839	1400.0
1840	1288.0
1841	1184.0
1842	1140.0
1843	1264.0
1844	1368.0
1845	1276.0
1846	1200.0
1847	1200.0
1848	1336.0
1849	1176.0
1850	1436.0
1851	1064.0
1852	1232.0
1853	1396.0
1854	1188.0
1855	1292.0
1856	1114.0
1857	1352.0
1858	1248.0
1859	1336.0
1860	1320.0
1861	1224.0
1862	1102.0
1863	1384.0
1864	1318.0
1865	1280.0
1866	1482.0
1867	1444.0
1868	1360.0
1869	1368.0
1870	1264.0
1871	1388.0
1872	1464.0
1873	1296.0
1874	1440.0
1875	1308.0
1876	1160.0
1877	1232.0
1878	1356.0
1879	1356.0
1880	1292.0
1881	1134.0
1882	1272.0
1883	1220.0
1884	1340.0
1885	1368.0
1886	1340.0
1887	1480.0
1888	1288.0
1889	1172.0
1890	1408.0
1891	1272.0
1892	1212.0
1893	1220.0
1894	1428.0
1895	1228.0
1896	1404.0
1897	1620.0
1898	1500.0
1899	1368.0
1900	1432.0
1901	1428.0
1902	1296.0
1903	1230.0
1904	1372.0
1905	1400.0
1906	1516.0
1907	1336.0
1908	1288.0
1909	1332.0
1910	1448.0
1911	1384.0
1912	1256.0
1913	1628.0
1914	1370.0
1915	1436.0
1916	1324.0
1917	1484.0
1918	1194.0
1919	1148.0
1920	1224.0
1921	1500.0
1922	1356.0
1923	1320.0
1924	1468.0
1925	1252.0
1926	1400.0
1927	1164.0
1928	1216.0
1929	1378.0
1930	1352.0
1931	1488.0
1932	1172.0
1933	1240.0
1934	1370.0
1935	1384.0
1936	1028.0
1937	1064.0
1938	1112.0
1939	1084.0
1940	1292.0
1941	1232.0
1942	978.0
1943	1208.0
1944	1208.0
1945	1300.0
1946	1152.0
1947	1172.0
1948	1320.0
1949	1448.0
1950	1212.0
1951	1276.0
1952	1344.0
1953	1440.0
1954	1504.0
1955	1312.0
1956	1196.0
1957	1518.0
1958	1256.0
1959	1504.0
1960	1276.0
1961	1432.0
1962	1464.0
1963	1356.0
1964	1396.0
1965	1516.0
1966	1300.0
1967	1564.0
1968	1448.0
1969	1200.0
1970	1544.0
1971	1260.0
1972	1372.0
1973	1400.0
1974	1500.0
1975	1252.0
1976	1400.0
1977	1346.0
1978	1402.0
1979	1404.0
1980	1492.0
1981	1476.0
1982	1460.0
1983	1172.0
1984	1196.0
1985	1292.0
1986	1404.0
1987	1530.0
1988	1596.0
1989	1256.0
1990	1200.0
1991	1114.0
1992	1286.0
1993	1394.0
1994	1140.0
1995	1456.0
1996	1456.0
1997	1368.0
1998	1144.0
1999	1612.0
2000	1562.0
2001	1416.0
2002	1220.0
2003	1244.0
2004	1536.0
2005	1740.0
2006	1176.0
2007	1352.0
2008	1316.0
2009	1580.0
2010	1228.0
2011	1492.0
2012	1296.0
2013	1356.0
2014	1426.0
2015	1300.0
2016	1292.0
2017	1328.0
2018	1272.0
2019	1240.0
2020	1472.0
2021	1348.0
2022	1440.0
2023	1508.0
2024	1176.0
2025	1100.0
2026	1316.0
2027	1456.0
2028	1416.0
2029	1206.0
2030	1196.0
2031	1426.0
2032	1392.0
2033	1420.0
2034	1426.0
2035	1332.0
2036	1272.0
2037	1204.0
2038	1140.0
2039	1256.0
2040	1216.0
2041	1294.0
2042	1420.0
2043	1460.0
2044	1516.0
2045	1480.0
2046	1368.0
2047	1426.0
2048	1340.0
2049	1316.0
2050	1500.0
2051	1360.0
2052	1252.0
2053	1258.0
2054	1232.0
2055	1420.0
2056	1312.0
2057	1444.0
2058	1316.0
2059	1436.0
2060	1330.0
2061	1344.0
2062	1344.0
2063	1384.0
2064	1116.0
2065	1404.0
2066	1324.0
2067	1288.0
2068	1348.0
2069	1520.0
2070	1344.0
2071	1428.0
2072	1496.0
2073	1392.0
2074	1532.0
2075	1516.0
2076	1378.0
2077	1500.0
2078	1392.0
2079	1582.0
2080	1324.0
2081	1444.0
2082	1688.0
2083	1368.0
2084	1570.0
2085	1504.0
2086	1476.0
2087	1572.0
2088	1392.0
2089	1684.0
2090	1376.0
2091	1536.0
2092	1360.0
2093	1308.0
2094	1600.0
2095	1800.0
2096	1500.0
2097	1564.0
2098	1532.0
2099	1492.0
2100	1428.0
2101	1288.0
2102	1284.0
2103	1464.0
2104	1336.0
2105	1532.0
2106	1544.0
2107	1348.0
2108	1456.0
2109	1292.0
2110	1316.0
2111	1308.0
2112	1640.0
2113	1392.0
2114	1468.0
2115	1504.0
2116	1344.0
2117	1382.0
2118	1344.0
2119	1566.0
2120	1426.0
2121	1684.0
2122	1296.0
2123	1468.0
2124	1548.0
2125	1556.0
2126	1284.0
2127	1384.0
2128	1482.0
2129	1348.0
2130	1476.0
2131	1484.0
2132	1412.0
2133	1416.0
2134	1468.0
2135	1340.0
2136	1136.0
2137	1470.0
2138	1468.0
2139	1528.0
2140	1360.0
2141	1456.0
2142	1314.0
2143	1594.0
2144	1476.0
2145	1396.0
2146	1388.0
2147	1044.0
2148	1272.0
2149	1204.0
2150	1104.0
2151	1392.0
2152	1336.0
2153	1476.0
2154	1480.0
2155	1416.0
2156	1172.0
2157	1460.0
2158	1492.0
2159	1304.0
2160	1156.0
2161	1348.0
2162	1514.0
2163	1372.0
2164	1632.0
2165	1352.0
2166	1306.0
2167	1492.0
2168	1256.0
2169	1408.0
2170	1096.0
2171	1494.0
2172	1388.0
2173	1368.0
2174	1412.0
2175	1460.0
2176	1488.0
2177	1450.0
2178	1340.0
2179	1704.0
2180	1420.0
2181	1370.0
2182	1404.0
2183	1764.0
2184	1594.0
2185	1526.0
2186	1496.0
2187	1238.0
2188	1396.0
2189	1656.0
2190	1686.0
2191	1352.0
2192	1468.0
2193	1436.0
2194	1500.0
2195	1444.0
2196	1554.0
2197	1508.0
2198	1512.0
2199	1560.0
2200	1454.0
2201	1484.0
2202	1448.0
2203	1436.0
2204	1472.0
2205	1666.0
2206	1532.0
2207	1468.0
2208	1620.0
2209	1576.0
2210	1428.0
2211	1312.0
2212	1268.0
2213	1528.0
2214	1488.0
2215	1572.0
2216	1326.0
2217	1428.0
2218	1540.0
2219	964.0
2220	1492.0
2221	1540.0
2222	1460.0
2223	1548.0
2224	1724.0
2225	1448.0
2226	1444.0
2227	1428.0
2228	1712.0
2229	1420.0
2230	1452.0
2231	1496.0
2232	1480.0
2233	1588.0
2234	1448.0
2235	1520.0
2236	1424.0
2237	1556.0
2238	1576.0
2239	1612.0
2240	1576.0
2241	1616.0
2242	1652.0
2243	1716.0
2244	1508.0
2245	1636.0
2246	1468.0
2247	1424.0
2248	1808.0
2249	1712.0
2250	1452.0
2251	1640.0
2252	1592.0
2253	1432.0
2254	1532.0
2255	1620.0
2256	1664.0
2257	1632.0
2258	1728.0
2259	1720.0
2260	1560.0
2261	1476.0
2262	1376.0
2263	1576.0
2264	1376.0
2265	1436.0
2266	1516.0
2267	1524.0
2268	1288.0
2269	1468.0
2270	1512.0
2271	1336.0
2272	1468.0
2273	1564.0
2274	1656.0
2275	1656.0
2276	1520.0
2277	1564.0
2278	1620.0
2279	1454.0
2280	1656.0
2281	1440.0
2282	1516.0
2283	1532.0
2284	1640.0
2285	1868.0
2286	1452.0
2287	1480.0
2288	1486.0
2289	1560.0
2290	1528.0
2291	1438.0
2292	1516.0
2293	1428.0
2294	1100.0
2295	1342.0
2296	992.0
2297	1204.0
2298	984.0
2299	1172.0
2300	1152.0
2301	1380.0
2302	1208.0
2303	1072.0
2304	1328.0
2305	1374.0
2306	1268.0
2307	1476.0
2308	1376.0
2309	1180.0
2310	1612.0
2311	1452.0
2312	1380.0
2313	1572.0
2314	1628.0
2315	1268.0
2316	1392.0
2317	1408.0
2318	1204.0
2319	1464.0
2320	1424.0
2321	1104.0
2322	1188.0
2323	1008.0
2324	1216.0
2325	1100.0
2326	1152.0
2327	1396.0
2328	1432.0
2329	1500.0
2330	1332.0
2331	1344.0
2332	1552.0
2333	1576.0
2334	1652.0
2335	1440.0
2336	1524.0
2337	1488.0
2338	1316.0
2339	1528.0
2340	1408.0
2341	1500.0
2342	1588.0
2343	1580.0
2344	1480.0
2345	1604.0
2346	1600.0
2347	1460.0
2348	1518.0
2349	1456.0
2350	1406.0
2351	1446.0
2352	1528.0
2353	1444.0
2354	1624.0
2355	1544.0
2356	1524.0
2357	1728.0
2358	1244.0
2359	1448.0
2360	1396.0
2361	1542.0
2362	1488.0
2363	1348.0
2364	1296.0
2365	1232.0
2366	1584.0
2367	1432.0
2368	1332.0
2369	1556.0
2370	1626.0
2371	1488.0
2372	1464.0
2373	1484.0
2374	1380.0
2375	1496.0
2376	1460.0
2377	1596.0
2378	1482.0
2379	1402.0
2380	1232.0
2381	1520.0
2382	1736.0
2383	1528.0
2384	1328.0
2385	1332.0
2386	1620.0
2387	1380.0
2388	1526.0
2389	1332.0
2390	1420.0
2391	1468.0
2392	1640.0
2393	1392.0
2394	1648.0
2395	1592.0
2396	1704.0
2397	1524.0
2398	1342.0
2399	1548.0
2400	1560.0
2401	1484.0
2402	1400.0
2403	1728.0
2404	1636.0
2405	1672.0
2406	1428.0
2407	1780.0
2408	1568.0
2409	1608.0
2410	1652.0
2411	1558.0
2412	1840.0
2413	1840.0
2414	1460.0
2415	1628.0
2416	1620.0
2417	1622.0
2418	1632.0
2419	1504.0
2420	1520.0
2421	1612.0
2422	1580.0
2423	1496.0
2424	1848.0
2425	1644.0
2426	1608.0
2427	1560.0
2428	1576.0
2429	1580.0
2430	1556.0
2431	1412.0
2432	1604.0
2433	1452.0
2434	1692.0
2435	1664.0
2436	1724.0
2437	1584.0
2438	1486.0
2439	1640.0
2440	1640.0
2441	1464.0
2442	1684.0
2443	1564.0
2444	1440.0
2445	1432.0
2446	1616.0
2447	1722.0
2448	1820.0
2449	1560.0
2450	1354.0
2451	1592.0
2452	1624.0
2453	1546.0
2454	1602.0
2455	1548.0
2456	1860.0
2457	1684.0
2458	1480.0
2459	1580.0
2460	1536.0
2461	1552.0
2462	1816.0
2463	1580.0
2464	1648.0
2465	1440.0
2466	1712.0
2467	1708.0
2468	1620.0
2469	1768.0
2470	1776.0
2471	1452.0
2472	1516.0
2473	1640.0
2474	1636.0
2475	1744.0
2476	1528.0
2477	1536.0
2478	1508.0
2479	1564.0
2480	1404.0
2481	1322.0
2482	1656.0
2483	1380.0
2484	1094.0
2485	1400.0
2486	1046.0
2487	1064.0
2488	1182.0
2489	1340.0
2490	1184.0
2491	1452.0
2492	1688.0
2493	1510.0
2494	1464.0
2495	1540.0
2496	1580.0
2497	1744.0
2498	1596.0
2499	1420.0
2500	1614.0
2501	1456.0
2502	1676.0
2503	1560.0
2504	1584.0
2505	1488.0
2506	1732.0
2507	1572.0
2508	1624.0
2509	1368.0
2510	1816.0
2511	1588.0
2512	1686.0
2513	1604.0
2514	1800.0
2515	1620.0
2516	1760.0
2517	1536.0
2518	1652.0
2519	1620.0
2520	1676.0
2521	1556.0
2522	1736.0
2523	1680.0
2524	1720.0
2525	1544.0
2526	1520.0
2527	1442.0
2528	1564.0
2529	1680.0
2530	1680.0
2531	1336.0
2532	1464.0
2533	1376.0
2534	1724.0
2535	1504.0
2536	1274.0
2537	1504.0
2538	1600.0
2539	1430.0
2540	1386.0
2541	1488.0
2542	1322.0
2543	1508.0
2544	1314.0
2545	1348.0
2546	1164.0
2547	1048.0
2548	1080.0
2549	1222.0
2550	1246.0
2551	1360.0
2552	1296.0
2553	1528.0
2554	1508.0
2555	1536.0
2556	1362.0
2557	1768.0
2558	1420.0
2559	1660.0
2560	1620.0
2561	1436.0
2562	1452.0
2563	1520.0
2564	1484.0
2565	1396.0
2566	1538.0
2567	1504.0
2568	1532.0
2569	1684.0
2570	1584.0
2571	1544.0
2572	1272.0
2573	1340.0
2574	1856.0
2575	1444.0
2576	1564.0
2577	1584.0
2578	1692.0
2579	1548.0
2580	1536.0
2581	1620.0
2582	1672.0
2583	1724.0
2584	1648.0
2585	1546.0
2586	1524.0
2587	1384.0
2588	1764.0
2589	1660.0
2590	1424.0
2591	1382.0
2592	1244.0
2593	1348.0
2594	1528.0
2595	1376.0
2596	1316.0
2597	1216.0
2598	1252.0
2599	1384.0
2600	1540.0
2601	1640.0
2602	1556.0
2603	1436.0
2604	1400.0
2605	1536.0
2606	1668.0
2607	1500.0
2608	1440.0
2609	1476.0
2610	1292.0
2611	1540.0
2612	1322.0
2613	1140.0
2614	1416.0
2615	1536.0
2616	1430.0
2617	1376.0
2618	1564.0
2619	1540.0
2620	1426.0
2621	1508.0
2622	1564.0
2623	1692.0
2624	1638.0
2625	1676.0
2626	1456.0
2627	1648.0
2628	1672.0
2629	1660.0
2630	1472.0
2631	1292.0
2632	1432.0
2633	1356.0
2634	1560.0
2635	1712.0
2636	1428.0
2637	1524.0
2638	1532.0
2639	1608.0
2640	1476.0
2641	1472.0
2642	1476.0
2643	1496.0
2644	1624.0
2645	1244.0
2646	1460.0
2647	1588.0
2648	1388.0
2649	1412.0
2650	1476.0
2651	1528.0
2652	1456.0
2653	1364.0
2654	1360.0
2655	1440.0
2656	1508.0
2657	1232.0
2658	1240.0
2659	1166.0
2660	1282.0
2661	1292.0
2662	1456.0
2663	1370.0
2664	1444.0
2665	1492.0
2666	1484.0
2667	1504.0
2668	1432.0
2669	1424.0
2670	1380.0
2671	1596.0
2672	1580.0
2673	1560.0
2674	1624.0
2675	1344.0
2676	1740.0
2677	1696.0
2678	1668.0
2679	1440.0
2680	1308.0
2681	1222.0
2682	1440.0
2683	1588.0
2684	1300.0
2685	1294.0
2686	1352.0
2687	1298.0
2688	1512.0
2689	1480.0
2690	1172.0
2691	1384.0
2692	1452.0
2693	1288.0
2694	1488.0
2695	1220.0
2696	1302.0
2697	1416.0
2698	1168.0
2699	1492.0
2700	1432.0
2701	1356.0
2702	1164.0
2703	1236.0
2704	1172.0
2705	1364.0
2706	1388.0
2707	1440.0
2708	1416.0
2709	1454.0
2710	1156.0
2711	1014.0
2712	1150.0
2713	1340.0
2714	1184.0
2715	1192.0
2716	1148.0
2717	1198.0
2718	1172.0
