0	148.0
1	272.0
2	348.0
3	356.0
4	304.0
5	292.0
6	268.0
7	336.0
8	308.0
9	312.0
10	316.0
11	296.0
12	388.0
13	272.0
14	296.0
15	312.0
16	244.0
17	252.0
18	280.0
19	288.0
20	224.0
21	316.0
22	272.0
23	368.0
24	304.0
25	268.0
26	292.0
27	380.0
28	264.0
29	304.0
30	272.0
31	392.0
32	268.0
33	320.0
34	332.0
35	336.0
36	336.0
37	280.0
38	328.0
39	296.0
40	312.0
41	236.0
42	308.0
43	284.0
44	332.0
45	252.0
46	288.0
47	284.0
48	308.0
49	288.0
50	236.0
51	248.0
52	324.0
53	224.0
54	312.0
55	292.0
56	296.0
57	288.0
58	324.0
59	336.0
60	256.0
61	352.0
62	344.0
63	284.0
64	308.0
65	308.0
66	340.0
67	344.0
68	304.0
69	324.0
70	316.0
71	340.0
72	304.0
73	320.0
74	296.0
75	212.0
76	280.0
77	328.0
78	316.0
79	328.0
80	304.0
81	192.0
82	396.0
83	340.0
84	396.0
85	364.0
86	396.0
87	376.0
88	316.0
89	464.0
90	276.0
91	376.0
92	272.0
93	356.0
94	324.0
95	268.0
96	352.0
97	320.0
98	368.0
99	320.0
100	324.0
101	352.0
102	324.0
103	336.0
104	424.0
105	372.0
106	300.0
107	372.0
108	324.0
109	280.0
110	392.0
111	340.0
112	340.0
113	392.0
114	344.0
115	428.0
116	372.0
117	388.0
118	340.0
119	364.0
120	348.0
121	348.0
122	360.0
123	424.0
124	352.0
125	344.0
126	392.0
127	396.0
128	320.0
129	404.0
130	420.0
131	384.0
132	348.0
133	364.0
134	440.0
135	360.0
136	264.0
137	412.0
138	364.0
139	384.0
140	404.0
141	296.0
142	440.0
143	392.0
144	376.0
145	436.0
146	348.0
147	332.0
148	400.0
149	336.0
150	252.0
151	316.0
152	316.0
153	428.0
154	384.0
155	324.0
156	316.0
157	336.0
158	376.0
159	304.0
160	412.0
161	408.0
162	388.0
163	404.0
164	348.0
165	424.0
166	336.0
167	332.0
168	364.0
169	260.0
170	336.0
171	208.0
172	236.0
173	292.0
174	256.0
175	252.0
176	308.0
177	300.0
178	308.0
179	384.0
180	284.0
181	348.0
182	300.0
183	372.0
184	436.0
185	416.0
186	364.0
187	484.0
188	356.0
189	344.0
190	336.0
191	388.0
192	332.0
193	436.0
194	388.0
195	424.0
196	292.0
197	368.0
198	300.0
199	344.0
200	260.0
201	312.0
202	416.0
203	480.0
204	416.0
205	524.0
206	384.0
207	432.0
208	476.0
209	492.0
210	340.0
211	448.0
212	292.0
213	364.0
214	484.0
215	464.0
216	384.0
217	488.0
218	432.0
219	440.0
220	484.0
221	512.0
222	448.0
223	444.0
224	508.0
225	480.0
226	428.0
227	424.0
228	308.0
229	364.0
230	356.0
231	388.0
232	392.0
233	380.0
234	516.0
235	436.0
236	448.0
237	384.0
238	408.0
239	464.0
240	400.0
241	452.0
242	412.0
243	480.0
244	420.0
245	488.0
246	464.0
247	484.0
248	440.0
249	464.0
250	472.0
251	464.0
252	460.0
253	464.0
254	468.0
255	436.0
256	532.0
257	380.0
258	376.0
259	448.0
260	424.0
261	452.0
262	416.0
263	500.0
264	480.0
265	424.0
266	476.0
267	440.0
268	476.0
269	400.0
270	412.0
271	424.0
272	420.0
273	344.0
274	440.0
275	416.0
276	432.0
277	492.0
278	432.0
279	460.0
280	444.0
281	424.0
282	488.0
283	560.0
284	352.0
285	400.0
286	416.0
287	472.0
288	492.0
289	468.0
290	388.0
291	464.0
292	464.0
293	364.0
294	476.0
295	428.0
296	416.0
297	404.0
298	492.0
299	448.0
300	420.0
301	508.0
302	344.0
303	404.0
304	444.0
305	440.0
306	396.0
307	404.0
308	384.0
309	456.0
310	460.0
311	380.0
312	368.0
313	448.0
314	308.0
315	444.0
316	412.0
317	344.0
318	328.0
319	344.0
320	356.0
321	384.0
322	348.0
323	448.0
324	416.0
325	416.0
326	292.0
327	424.0
328	408.0
329	420.0
330	456.0
331	424.0
332	420.0
333	384.0
334	388.0
335	484.0
336	512.0
337	524.0
338	528.0
339	512.0
340	532.0
341	588.0
342	480.0
343	472.0
344	576.0
345	520.0
346	524.0
347	448.0
348	512.0
349	384.0
350	332.0
351	424.0
352	424.0
353	376.0
354	544.0
355	444.0
356	488.0
357	460.0
358	428.0
359	424.0
360	432.0
361	520.0
362	432.0
363	504.0
364	556.0
365	516.0
366	452.0
367	516.0
368	500.0
369	428.0
370	412.0
371	516.0
372	488.0
373	508.0
374	508.0
375	496.0
376	400.0
377	416.0
378	384.0
379	424.0
380	400.0
381	444.0
382	512.0
383	508.0
384	484.0
385	444.0
386	488.0
387	460.0
388	436.0
389	512.0
390	544.0
391	600.0
392	420.0
393	564.0
394	488.0
395	500.0
396	516.0
397	508.0
398	576.0
399	576.0
400	488.0
401	540.0
402	536.0
403	560.0
404	572.0
405	476.0
406	508.0
407	564.0
408	504.0
409	428.0
410	424.0
411	648.0
412	340.0
413	568.0
414	604.0
415	540.0
416	480.0
417	600.0
418	484.0
419	488.0
420	488.0
421	564.0
422	588.0
423	548.0
424	544.0
425	440.0
426	396.0
427	468.0
428	456.0
429	416.0
430	468.0
431	572.0
432	596.0
433	552.0
434	556.0
435	520.0
436	568.0
437	484.0
438	472.0
439	568.0
440	476.0
441	536.0
442	452.0
443	512.0
444	468.0
445	488.0
446	496.0
447	476.0
448	572.0
449	436.0
450	456.0
451	552.0
452	500.0
453	500.0
454	484.0
455	376.0
456	672.0
457	608.0
458	608.0
459	436.0
460	412.0
461	364.0
462	476.0
463	428.0
464	436.0
465	488.0
466	544.0
467	576.0
468	632.0
469	564.0
470	352.0
471	464.0
472	452.0
473	368.0
474	352.0
475	384.0
476	304.0
477	412.0
478	352.0
479	508.0
480	384.0
481	396.0
482	448.0
483	456.0
484	368.0
485	468.0
486	496.0
487	476.0
488	372.0
489	544.0
490	512.0
491	500.0
492	508.0
493	480.0
494	552.0
495	496.0
496	576.0
497	500.0
498	548.0
499	532.0
500	576.0
501	436.0
502	572.0
503	456.0
504	560.0
505	408.0
506	420.0
507	460.0
508	380.0
509	348.0
510	404.0
511	420.0
512	348.0
513	424.0
514	356.0
515	496.0
516	484.0
517	500.0
518	516.0
519	532.0
520	556.0
521	592.0
522	548.0
523	544.0
524	492.0
525	532.0
526	580.0
527	556.0
528	628.0
529	492.0
530	588.0
531	640.0
532	528.0
533	604.0
534	488.0
535	568.0
536	508.0
537	500.0
538	460.0
539	564.0
540	616.0
541	484.0
542	640.0
543	544.0
544	596.0
545	560.0
546	612.0
547	468.0
548	576.0
549	520.0
550	596.0
551	520.0
552	592.0
553	556.0
554	596.0
555	568.0
556	676.0
557	480.0
558	528.0
559	588.0
560	480.0
561	548.0
562	476.0
563	436.0
564	436.0
565	448.0
566	412.0
567	444.0
568	376.0
569	340.0
570	396.0
571	348.0
572	384.0
573	428.0
574	388.0
575	452.0
576	408.0
577	460.0
578	552.0
579	488.0
580	528.0
581	480.0
582	512.0
583	464.0
584	472.0
585	472.0
586	484.0
587	576.0
588	428.0
589	432.0
590	600.0
591	548.0
592	556.0
593	508.0
594	520.0
595	484.0
596	412.0
597	488.0
598	572.0
599	512.0
600	536.0
601	468.0
602	484.0
603	560.0
604	500.0
605	552.0
606	464.0
607	596.0
608	504.0
609	524.0
610	420.0
611	656.0
612	500.0
613	512.0
614	552.0
615	548.0
616	608.0
617	716.0
618	484.0
619	488.0
620	476.0
621	436.0
622	500.0
623	540.0
624	656.0
625	660.0
626	584.0
627	616.0
628	620.0
629	548.0
630	632.0
631	572.0
632	736.0
633	524.0
634	728.0
635	464.0
636	704.0
637	616.0
638	584.0
639	636.0
640	640.0
641	564.0
642	604.0
643	640.0
644	640.0
645	624.0
646	604.0
647	576.0
648	672.0
649	596.0
650	616.0
651	540.0
652	644.0
653	624.0
654	604.0
655	648.0
656	664.0
657	564.0
658	672.0
659	560.0
660	600.0
661	588.0
662	608.0
663	648.0
664	656.0
665	732.0
666	528.0
667	544.0
668	540.0
669	528.0
670	696.0
671	560.0
672	628.0
673	632.0
674	624.0
675	568.0
676	636.0
677	676.0
678	668.0
679	576.0
680	556.0
681	708.0
682	576.0
683	620.0
684	524.0
685	668.0
686	552.0
687	584.0
688	560.0
689	536.0
690	680.0
691	568.0
692	648.0
693	544.0
694	592.0
695	548.0
696	596.0
697	620.0
698	548.0
699	640.0
700	616.0
701	640.0
702	528.0
703	668.0
704	620.0
705	544.0
706	564.0
707	560.0
708	576.0
709	576.0
710	656.0
711	644.0
712	624.0
713	572.0
714	548.0
715	616.0
716	560.0
717	488.0
718	536.0
719	620.0
720	560.0
721	488.0
722	512.0
723	492.0
724	528.0
725	516.0
726	504.0
727	552.0
728	576.0
729	568.0
730	592.0
731	464.0
732	640.0
733	532.0
734	624.0
735	588.0
736	592.0
737	644.0
738	604.0
739	560.0
740	564.0
741	552.0
742	536.0
743	456.0
744	600.0
745	668.0
746	572.0
747	532.0
748	520.0
749	648.0
750	624.0
751	592.0
752	556.0
753	548.0
754	568.0
755	560.0
756	536.0
757	564.0
758	540.0
759	532.0
760	588.0
761	448.0
762	488.0
763	532.0
764	468.0
765	504.0
766	600.0
767	512.0
768	500.0
769	536.0
770	580.0
771	528.0
772	576.0
773	480.0
774	648.0
775	704.0
776	632.0
777	724.0
778	632.0
779	584.0
780	696.0
781	612.0
782	532.0
783	468.0
784	544.0
785	580.0
786	548.0
787	528.0
788	688.0
789	580.0
790	448.0
791	484.0
792	564.0
793	476.0
794	520.0
795	520.0
796	480.0
797	528.0
798	492.0
799	472.0
800	544.0
801	556.0
802	488.0
803	516.0
804	540.0
805	552.0
806	324.0
807	496.0
808	484.0
809	584.0
810	620.0
811	644.0
812	668.0
813	632.0
814	548.0
815	612.0
816	548.0
817	668.0
818	692.0
819	580.0
820	420.0
821	476.0
822	504.0
823	448.0
824	420.0
825	576.0
826	448.0
827	472.0
828	484.0
829	336.0
830	396.0
831	384.0
832	368.0
833	424.0
834	528.0
835	488.0
836	536.0
837	596.0
838	544.0
839	592.0
840	640.0
841	596.0
842	636.0
843	592.0
844	516.0
845	604.0
846	548.0
847	600.0
848	572.0
849	528.0
850	544.0
851	636.0
852	592.0
853	636.0
854	552.0
855	548.0
856	500.0
857	504.0
858	564.0
859	556.0
860	600.0
861	544.0
862	560.0
863	552.0
864	620.0
865	700.0
866	556.0
867	576.0
868	576.0
869	532.0
870	640.0
871	540.0
872	528.0
873	500.0
874	568.0
875	560.0
876	596.0
877	548.0
878	676.0
879	532.0
880	648.0
881	656.0
882	528.0
883	540.0
884	700.0
885	620.0
886	628.0
887	516.0
888	664.0
889	664.0
890	536.0
891	484.0
892	672.0
893	688.0
894	564.0
895	580.0
896	512.0
897	512.0
898	564.0
899	544.0
900	460.0
901	552.0
902	496.0
903	508.0
904	624.0
905	652.0
906	604.0
907	556.0
908	524.0
909	464.0
910	504.0
911	596.0
912	604.0
913	628.0
914	516.0
915	628.0
916	492.0
917	508.0
918	552.0
919	596.0
920	480.0
921	436.0
922	536.0
923	644.0
924	524.0
925	580.0
926	504.0
927	584.0
928	524.0
929	544.0
930	448.0
931	484.0
932	604.0
933	640.0
934	584.0
935	608.0
936	524.0
937	476.0
938	608.0
939	524.0
940	412.0
941	456.0
942	488.0
943	444.0
944	420.0
945	404.0
946	476.0
947	412.0
948	332.0
949	400.0
950	592.0
951	428.0
952	532.0
953	528.0
954	448.0
955	584.0
956	476.0
957	536.0
958	548.0
959	512.0
960	672.0
961	580.0
962	572.0
963	536.0
964	488.0
965	516.0
966	408.0
967	476.0
968	532.0
969	416.0
970	456.0
971	516.0
972	392.0
973	408.0
974	448.0
975	532.0
976	456.0
977	476.0
978	452.0
979	512.0
980	516.0
981	444.0
982	456.0
983	492.0
984	336.0
985	540.0
986	488.0
987	456.0
988	468.0
989	536.0
990	456.0
991	408.0
992	492.0
993	472.0
994	580.0
995	620.0
996	516.0
997	440.0
998	640.0
999	392.0
1000	460.0
1001	440.0
1002	412.0
1003	444.0
1004	400.0
1005	480.0
1006	476.0
1007	484.0
1008	440.0
1009	420.0
1010	412.0
1011	428.0
1012	396.0
1013	452.0
1014	388.0
1015	464.0
1016	484.0
1017	412.0
1018	480.0
1019	396.0
1020	404.0
1021	328.0
1022	484.0
1023	496.0
1024	396.0
1025	444.0
1026	460.0
1027	544.0
1028	448.0
1029	464.0
1030	632.0
1031	512.0
1032	616.0
1033	520.0
1034	444.0
1035	496.0
1036	508.0
1037	576.0
1038	564.0
1039	556.0
1040	568.0
1041	568.0
1042	500.0
1043	568.0
1044	564.0
1045	604.0
1046	544.0
1047	584.0
1048	520.0
1049	616.0
1050	536.0
1051	456.0
1052	596.0
1053	504.0
1054	512.0
1055	516.0
1056	568.0
1057	548.0
1058	536.0
1059	484.0
1060	488.0
1061	416.0
1062	480.0
1063	460.0
1064	444.0
1065	500.0
1066	500.0
1067	404.0
1068	464.0
1069	452.0
1070	484.0
1071	480.0
1072	576.0
1073	528.0
1074	592.0
1075	540.0
1076	572.0
1077	616.0
1078	516.0
1079	480.0
1080	604.0
1081	388.0
1082	588.0
1083	580.0
1084	548.0
1085	492.0
1086	496.0
1087	512.0
1088	432.0
1089	584.0
1090	512.0
1091	424.0
1092	520.0
1093	504.0
1094	492.0
1095	504.0
1096	440.0
1097	392.0
1098	596.0
1099	448.0
1100	484.0
1101	444.0
1102	568.0
1103	504.0
1104	408.0
1105	464.0
1106	456.0
1107	556.0
1108	532.0
1109	588.0
1110	456.0
1111	552.0
1112	432.0
1113	604.0
1114	500.0
1115	608.0
1116	480.0
1117	424.0
1118	572.0
1119	508.0
1120	468.0
1121	512.0
1122	436.0
1123	508.0
1124	364.0
1125	428.0
1126	444.0
1127	468.0
1128	412.0
1129	372.0
1130	612.0
1131	504.0
1132	488.0
1133	420.0
1134	352.0
1135	440.0
1136	400.0
1137	432.0
1138	360.0
1139	500.0
1140	380.0
1141	500.0
1142	432.0
1143	384.0
1144	440.0
1145	420.0
1146	508.0
1147	536.0
1148	468.0
1149	524.0
1150	460.0
1151	504.0
1152	396.0
1153	468.0
1154	464.0
1155	476.0
1156	464.0
1157	516.0
1158	432.0
1159	504.0
1160	432.0
1161	500.0
1162	468.0
1163	436.0
1164	460.0
1165	464.0
1166	444.0
1167	480.0
1168	492.0
1169	476.0
1170	444.0
1171	364.0
1172	436.0
1173	456.0
1174	452.0
1175	444.0
1176	432.0
1177	368.0
1178	404.0
1179	464.0
1180	416.0
1181	516.0
1182	376.0
1183	292.0
1184	424.0
1185	316.0
1186	384.0
1187	336.0
1188	352.0
1189	256.0
1190	308.0
1191	408.0
1192	360.0
1193	328.0
1194	400.0
1195	456.0
1196	368.0
1197	412.0
1198	388.0
1199	388.0
1200	432.0
1201	404.0
1202	396.0
1203	472.0
1204	400.0
1205	440.0
1206	388.0
1207	444.0
1208	504.0
1209	428.0
1210	352.0
1211	424.0
1212	556.0
1213	360.0
1214	472.0
1215	508.0
1216	400.0
1217	488.0
1218	444.0
1219	472.0
1220	456.0
1221	420.0
1222	404.0
1223	468.0
1224	536.0
1225	412.0
1226	436.0
1227	464.0
1228	472.0
1229	316.0
1230	440.0
1231	428.0
1232	328.0
1233	384.0
1234	340.0
1235	316.0
1236	332.0
1237	328.0
1238	280.0
1239	312.0
1240	304.0
1241	296.0
1242	296.0
1243	376.0
1244	320.0
1245	396.0
1246	256.0
1247	328.0
1248	400.0
1249	368.0
1250	320.0
1251	268.0
1252	392.0
1253	368.0
1254	408.0
1255	452.0
1256	412.0
1257	416.0
1258	368.0
1259	352.0
1260	372.0
1261	368.0
1262	512.0
1263	504.0
1264	384.0
1265	376.0
1266	356.0
1267	336.0
1268	336.0
1269	364.0
1270	352.0
1271	424.0
1272	388.0
1273	420.0
1274	344.0
1275	376.0
1276	364.0
1277	412.0
1278	380.0
1279	372.0
1280	392.0
1281	392.0
1282	456.0
1283	336.0
1284	452.0
1285	496.0
1286	396.0
1287	436.0
1288	416.0
1289	564.0
1290	404.0
1291	436.0
1292	404.0
1293	416.0
1294	460.0
1295	240.0
1296	356.0
1297	432.0
1298	344.0
1299	432.0
1300	304.0
1301	332.0
1302	300.0
1303	300.0
1304	256.0
1305	264.0
1306	240.0
1307	304.0
1308	352.0
1309	336.0
1310	276.0
1311	408.0
1312	412.0
1313	372.0
1314	392.0
1315	320.0
1316	372.0
1317	292.0
1318	312.0
1319	384.0
1320	276.0
1321	432.0
1322	436.0
1323	420.0
1324	404.0
1325	404.0
1326	348.0
1327	420.0
1328	368.0
1329	432.0
1330	388.0
1331	332.0
1332	404.0
1333	444.0
1334	328.0
1335	432.0
1336	388.0
1337	368.0
1338	412.0
1339	360.0
1340	324.0
1341	332.0
1342	480.0
1343	396.0
1344	428.0
1345	356.0
1346	340.0
1347	356.0
1348	420.0
1349	316.0
1350	384.0
1351	288.0
1352	352.0
1353	348.0
1354	356.0
1355	376.0
1356	328.0
1357	388.0
1358	264.0
1359	380.0
1360	368.0
1361	348.0
1362	276.0
1363	348.0
1364	340.0
1365	312.0
1366	264.0
1367	428.0
1368	424.0
1369	332.0
1370	328.0
1371	380.0
1372	244.0
1373	368.0
1374	368.0
1375	356.0
1376	376.0
1377	384.0
1378	360.0
1379	288.0
1380	252.0
1381	228.0
1382	320.0
1383	236.0
1384	208.0
1385	52.0
1386	136.0
1387	136.0
1388	164.0
1389	272.0
1390	248.0
1391	316.0
1392	324.0
1393	324.0
1394	352.0
1395	372.0
1396	312.0
1397	340.0
1398	432.0
1399	308.0
1400	352.0
1401	352.0
1402	380.0
1403	352.0
1404	236.0
1405	272.0
1406	252.0
1407	172.0
1408	300.0
1409	180.0
1410	120.0
1411	144.0
1412	104.0
1413	96.0
1414	68.0
1415	120.0
1416	168.0
1417	132.0
1418	200.0
1419	292.0
1420	204.0
1421	256.0
1422	268.0
1423	312.0
1424	260.0
1425	308.0
1426	244.0
1427	312.0
1428	324.0
1429	324.0
1430	360.0
1431	424.0
1432	312.0
1433	392.0
1434	340.0
1435	344.0
1436	372.0
1437	304.0
1438	320.0
1439	276.0
1440	276.0
1441	360.0
1442	364.0
1443	400.0
1444	364.0
1445	272.0
1446	308.0
1447	292.0
1448	340.0
1449	316.0
1450	268.0
1451	288.0
1452	356.0
1453	280.0
1454	256.0
1455	356.0
1456	288.0
1457	280.0
1458	220.0
1459	256.0
1460	348.0
1461	276.0
1462	320.0
1463	224.0
1464	316.0
1465	296.0
1466	312.0
1467	280.0
1468	296.0
1469	292.0
1470	216.0
1471	300.0
1472	328.0
1473	376.0
1474	304.0
1475	408.0
1476	292.0
1477	276.0
1478	324.0
1479	288.0
1480	292.0
1481	284.0
1482	252.0
1483	352.0
1484	308.0
1485	368.0
1486	376.0
1487	400.0
1488	340.0
1489	328.0
1490	248.0
1491	264.0
1492	300.0
1493	312.0
1494	296.0
1495	348.0
1496	232.0
1497	340.0
1498	380.0
1499	328.0
1500	244.0
1501	300.0
1502	296.0
1503	252.0
1504	280.0
1505	324.0
1506	356.0
1507	252.0
1508	172.0
1509	240.0
1510	348.0
1511	308.0
1512	260.0
1513	324.0
1514	252.0
1515	344.0
1516	252.0
1517	320.0
1518	264.0
1519	288.0
1520	220.0
1521	188.0
1522	132.0
1523	172.0
1524	256.0
1525	148.0
1526	216.0
1527	216.0
1528	308.0
1529	316.0
1530	296.0
1531	224.0
1532	232.0
1533	260.0
1534	252.0
1535	216.0
1536	228.0
1537	216.0
1538	168.0
1539	76.0
1540	104.0
1541	76.0
1542	88.0
1543	148.0
1544	184.0
1545	188.0
1546	100.0
1547	156.0
1548	104.0
1549	140.0
1550	152.0
1551	104.0
1552	140.0
1553	16.0
1554	128.0
1555	52.0
1556	52.0
1557	64.0
1558	92.0
1559	124.0
1560	148.0
1561	176.0
1562	252.0
1563	200.0
1564	240.0
1565	316.0
1566	324.0
1567	252.0
1568	304.0
1569	332.0
1570	252.0
1571	296.0
1572	240.0
1573	200.0
1574	304.0
1575	276.0
1576	332.0
1577	352.0
1578	300.0
1579	340.0
1580	260.0
1581	276.0
1582	240.0
1583	312.0
1584	304.0
1585	268.0
1586	332.0
1587	304.0
1588	240.0
1589	240.0
1590	292.0
1591	228.0
1592	284.0
1593	212.0
1594	156.0
1595	184.0
1596	164.0
1597	152.0
1598	100.0
1599	168.0
1600	96.0
1601	176.0
1602	188.0
1603	272.0
1604	236.0
1605	244.0
1606	292.0
1607	200.0
1608	300.0
1609	224.0
1610	352.0
1611	224.0
1612	240.0
1613	280.0
1614	312.0
1615	276.0
1616	296.0
1617	216.0
1618	248.0
1619	220.0
1620	336.0
1621	244.0
1622	276.0
1623	304.0
1624	300.0
1625	360.0
1626	284.0
1627	220.0
1628	164.0
1629	300.0
1630	152.0
1631	168.0
1632	304.0
1633	268.0
1634	248.0
1635	264.0
1636	144.0
1637	248.0
1638	268.0
1639	324.0
1640	236.0
1641	296.0
1642	216.0
1643	352.0
1644	288.0
1645	344.0
1646	300.0
1647	332.0
1648	280.0
1649	236.0
1650	308.0
1651	268.0
1652	224.0
1653	260.0
1654	256.0
1655	304.0
1656	208.0
1657	304.0
1658	256.0
1659	260.0
1660	236.0
1661	284.0
1662	236.0
1663	212.0
1664	200.0
1665	184.0
1666	184.0
1667	236.0
1668	176.0
1669	204.0
1670	172.0
1671	228.0
1672	240.0
1673	212.0
1674	224.0
1675	200.0
1676	176.0
1677	160.0
1678	184.0
1679	152.0
1680	144.0
1681	180.0
1682	232.0
1683	276.0
1684	252.0
1685	228.0
1686	328.0
1687	284.0
1688	240.0
1689	308.0
1690	300.0
1691	264.0
1692	280.0
1693	224.0
1694	140.0
1695	224.0
1696	152.0
1697	144.0
1698	140.0
1699	168.0
1700	116.0
1701	172.0
1702	168.0
1703	136.0
1704	232.0
1705	200.0
1706	260.0
1707	248.0
1708	236.0
1709	144.0
1710	228.0
1711	176.0
1712	260.0
1713	180.0
1714	152.0
1715	140.0
1716	108.0
1717	152.0
1718	64.0
1719	120.0
1720	36.0
1721	136.0
1722	108.0
1723	100.0
1724	88.0
1725	68.0
1726	108.0
1727	168.0
1728	156.0
1729	204.0
1730	180.0
1731	240.0
1732	248.0
1733	208.0
1734	152.0
1735	264.0
1736	264.0
1737	216.0
1738	308.0
1739	260.0
1740	240.0
1741	264.0
1742	268.0
1743	244.0
1744	184.0
1745	196.0
1746	368.0
1747	216.0
1748	268.0
1749	240.0
1750	304.0
1751	276.0
1752	212.0
1753	248.0
1754	276.0
1755	200.0
1756	284.0
1757	300.0
1758	204.0
1759	296.0
1760	300.0
1761	256.0
1762	216.0
1763	220.0
1764	216.0
1765	156.0
1766	156.0
1767	172.0
1768	64.0
1769	148.0
1770	152.0
1771	188.0
1772	180.0
1773	184.0
1774	208.0
1775	220.0
1776	224.0
1777	216.0
1778	264.0
1779	300.0
1780	272.0
1781	284.0
1782	272.0
1783	252.0
1784	288.0
1785	228.0
1786	312.0
1787	168.0
1788	196.0
1789	264.0
1790	252.0
1791	268.0
1792	232.0
1793	288.0
1794	288.0
1795	264.0
1796	292.0
1797	256.0
1798	204.0
1799	308.0
1800	216.0
1801	292.0
1802	204.0
1803	356.0
1804	256.0
1805	240.0
1806	300.0
1807	304.0
1808	244.0
1809	344.0
1810	272.0
1811	292.0
1812	336.0
1813	272.0
1814	304.0
1815	168.0
1816	236.0
1817	264.0
1818	236.0
1819	184.0
1820	248.0
1821	204.0
1822	260.0
1823	196.0
1824	224.0
1825	256.0
1826	248.0
1827	224.0
1828	248.0
1829	284.0
1830	344.0
1831	240.0
1832	268.0
1833	200.0
1834	176.0
1835	240.0
1836	144.0
1837	224.0
1838	256.0
1839	256.0
1840	160.0
1841	180.0
1842	188.0
1843	160.0
1844	220.0
1845	204.0
1846	216.0
1847	232.0
1848	252.0
1849	284.0
1850	284.0
1851	268.0
1852	244.0
1853	260.0
1854	312.0
1855	184.0
1856	252.0
1857	296.0
1858	304.0
1859	256.0
1860	348.0
1861	240.0
1862	356.0
1863	228.0
1864	244.0
1865	336.0
1866	268.0
1867	252.0
1868	304.0
1869	320.0
1870	328.0
1871	296.0
1872	280.0
1873	252.0
1874	128.0
1875	148.0
1876	196.0
1877	260.0
1878	120.0
1879	104.0
1880	144.0
1881	116.0
1882	80.0
1883	92.0
1884	60.0
1885	96.0
1886	124.0
1887	124.0
1888	168.0
1889	60.0
1890	136.0
1891	216.0
1892	204.0
1893	212.0
1894	220.0
1895	240.0
1896	172.0
1897	204.0
1898	192.0
1899	144.0
1900	136.0
1901	92.0
1902	60.0
1903	116.0
1904	88.0
1905	140.0
1906	176.0
1907	140.0
1908	236.0
1909	212.0
1910	256.0
1911	220.0
1912	272.0
1913	212.0
1914	244.0
1915	324.0
1916	248.0
1917	224.0
1918	272.0
1919	152.0
1920	296.0
1921	180.0
1922	224.0
1923	180.0
1924	252.0
1925	268.0
1926	212.0
1927	216.0
1928	120.0
1929	220.0
1930	236.0
1931	252.0
1932	192.0
1933	140.0
1934	184.0
1935	164.0
1936	256.0
1937	228.0
1938	168.0
1939	232.0
1940	232.0
1941	240.0
1942	260.0
1943	128.0
1944	196.0
1945	248.0
1946	296.0
1947	224.0
1948	260.0
1949	256.0
1950	276.0
1951	196.0
1952	296.0
1953	212.0
1954	192.0
1955	156.0
1956	116.0
1957	124.0
1958	184.0
1959	292.0
1960	264.0
1961	212.0
1962	316.0
1963	232.0
1964	280.0
1965	272.0
1966	172.0
1967	260.0
1968	268.0
1969	256.0
1970	256.0
1971	328.0
1972	248.0
1973	328.0
1974	200.0
1975	208.0
1976	156.0
1977	248.0
1978	212.0
1979	216.0
1980	188.0
1981	84.0
1982	184.0
1983	220.0
1984	192.0
1985	224.0
1986	236.0
1987	256.0
1988	168.0
1989	236.0
1990	196.0
1991	240.0
1992	220.0
1993	216.0
1994	184.0
1995	192.0
1996	80.0
1997	60.0
1998	24.0
1999	84.0
2000	52.0
2001	164.0
2002	184.0
2003	184.0
2004	108.0
2005	232.0
2006	260.0
2007	232.0
2008	216.0
2009	316.0
2010	304.0
2011	272.0
2012	204.0
2013	200.0
2014	280.0
2015	256.0
2016	296.0
2017	268.0
2018	252.0
2019	200.0
2020	280.0
2021	192.0
2022	272.0
2023	268.0
2024	264.0
2025	280.0
2026	204.0
2027	276.0
2028	280.0
2029	204.0
2030	232.0
2031	224.0
2032	244.0
2033	292.0
2034	256.0
2035	204.0
2036	260.0
2037	300.0
2038	296.0
2039	280.0
2040	324.0
2041	252.0
2042	244.0
2043	292.0
2044	296.0
2045	240.0
2046	288.0
2047	316.0
2048	284.0
2049	268.0
2050	344.0
2051	232.0
2052	192.0
2053	224.0
2054	192.0
2055	164.0
2056	124.0
2057	48.0
2058	112.0
2059	68.0
2060	104.0
2061	20.0
2062	64.0
2063	72.0
2064	12.0
2065	38.0
2066	8.0
2067	104.0
2068	64.0
2069	156.0
2070	148.0
2071	204.0
2072	128.0
2073	160.0
2074	140.0
2075	156.0
2076	172.0
2077	140.0
2078	180.0
2079	100.0
2080	104.0
2081	68.0
2082	156.0
2083	28.0
2084	52.0
2085	116.0
2086	92.0
2087	132.0
2088	128.0
2089	140.0
2090	108.0
2091	84.0
2092	96.0
2093	84.0
2094	40.0
2095	68.0
2096	52.0
2097	68.0
2098	184.0
2099	144.0
2100	76.0
2101	100.0
2102	204.0
2103	244.0
2104	144.0
2105	208.0
2106	256.0
2107	224.0
2108	180.0
2109	188.0
2110	208.0
2111	168.0
2112	236.0
2113	192.0
2114	96.0
2115	188.0
2116	124.0
2117	100.0
2118	64.0
2119	68.0
2120	140.0
2121	108.0
2122	116.0
2123	88.0
2124	104.0
2125	60.0
2126	188.0
2127	152.0
2128	188.0
2129	112.0
2130	284.0
2131	176.0
2132	184.0
2133	172.0
2134	228.0
2135	224.0
2136	308.0
2137	164.0
2138	212.0
2139	292.0
2140	168.0
2141	236.0
2142	248.0
2143	296.0
2144	312.0
2145	232.0
2146	236.0
2147	352.0
2148	204.0
2149	224.0
2150	248.0
2151	188.0
2152	260.0
2153	208.0
2154	312.0
2155	224.0
2156	280.0
2157	352.0
2158	260.0
2159	288.0
2160	376.0
2161	192.0
2162	264.0
2163	360.0
2164	216.0
2165	248.0
2166	284.0
2167	320.0
2168	260.0
2169	296.0
2170	220.0
2171	276.0
2172	292.0
2173	228.0
2174	320.0
2175	200.0
2176	272.0
2177	232.0
2178	208.0
2179	336.0
2180	284.0
2181	260.0
2182	296.0
2183	296.0
2184	288.0
2185	392.0
2186	320.0
2187	240.0
2188	416.0
2189	304.0
2190	248.0
2191	352.0
2192	308.0
2193	328.0
2194	356.0
2195	316.0
2196	320.0
2197	220.0
2198	232.0
2199	240.0
2200	440.0
2201	344.0
2202	248.0
2203	304.0
2204	280.0
2205	212.0
2206	296.0
2207	312.0
2208	256.0
2209	312.0
2210	312.0
2211	308.0
2212	300.0
2213	336.0
2214	304.0
2215	200.0
2216	360.0
2217	256.0
2218	236.0
2219	300.0
2220	256.0
2221	216.0
2222	220.0
2223	296.0
2224	288.0
2225	308.0
2226	260.0
2227	264.0
2228	308.0
2229	320.0
2230	244.0
2231	348.0
2232	248.0
2233	332.0
2234	252.0
2235	292.0
2236	236.0
2237	248.0
2238	264.0
2239	292.0
2240	300.0
2241	264.0
2242	248.0
2243	284.0
2244	364.0
2245	304.0
2246	224.0
2247	184.0
2248	300.0
2249	328.0
2250	316.0
2251	308.0
2252	284.0
2253	344.0
2254	324.0
2255	292.0
2256	240.0
2257	356.0
2258	328.0
2259	256.0
2260	312.0
2261	288.0
2262	248.0
2263	196.0
2264	240.0
2265	276.0
2266	248.0
2267	280.0
2268	196.0
2269	128.0
2270	168.0
2271	156.0
2272	172.0
2273	196.0
2274	136.0
2275	132.0
2276	184.0
2277	160.0
2278	140.0
2279	140.0
2280	132.0
2281	180.0
2282	84.0
2283	120.0
2284	124.0
2285	140.0
2286	100.0
2287	128.0
2288	200.0
2289	168.0
2290	160.0
2291	160.0
2292	96.0
2293	192.0
2294	128.0
2295	100.0
2296	64.0
2297	88.0
2298	72.0
2299	96.0
2300	140.0
2301	136.0
2302	96.0
2303	84.0
2304	196.0
2305	168.0
2306	212.0
2307	276.0
2308	284.0
2309	232.0
2310	264.0
2311	312.0
2312	236.0
2313	340.0
2314	308.0
2315	256.0
2316	244.0
2317	208.0
2318	248.0
2319	244.0
2320	228.0
2321	296.0
2322	276.0
2323	368.0
2324	320.0
2325	356.0
2326	288.0
2327	328.0
2328	288.0
2329	256.0
2330	272.0
2331	340.0
2332	324.0
2333	320.0
2334	360.0
2335	296.0
2336	276.0
2337	288.0
2338	372.0
2339	272.0
2340	248.0
2341	308.0
2342	280.0
2343	304.0
2344	344.0
2345	360.0
2346	340.0
2347	348.0
2348	320.0
2349	276.0
2350	364.0
2351	308.0
2352	272.0
2353	240.0
2354	336.0
2355	256.0
2356	248.0
2357	216.0
2358	164.0
2359	144.0
2360	116.0
2361	108.0
2362	44.0
2363	60.0
2364	24.0
2365	80.0
2366	16.0
2367	132.0
2368	60.0
2369	112.0
2370	112.0
2371	152.0
2372	224.0
2373	160.0
2374	132.0
2375	200.0
2376	224.0
2377	224.0
2378	212.0
2379	120.0
2380	140.0
2381	152.0
2382	120.0
2383	80.0
2384	148.0
2385	52.0
2386	96.0
2387	92.0
2388	48.0
2389	84.0
2390	88.0
2391	212.0
2392	252.0
2393	196.0
2394	244.0
2395	288.0
2396	284.0
2397	280.0
2398	308.0
2399	344.0
2400	320.0
2401	340.0
2402	296.0
2403	384.0
2404	340.0
2405	388.0
2406	356.0
2407	272.0
2408	276.0
2409	284.0
2410	308.0
2411	284.0
2412	320.0
2413	400.0
2414	360.0
2415	312.0
2416	396.0
2417	352.0
2418	348.0
2419	260.0
2420	372.0
2421	348.0
2422	396.0
2423	316.0
2424	276.0
2425	312.0
2426	340.0
2427	332.0
2428	348.0
2429	292.0
2430	316.0
2431	416.0
2432	388.0
2433	316.0
2434	356.0
2435	392.0
2436	280.0
2437	280.0
2438	308.0
2439	356.0
2440	344.0
2441	380.0
2442	332.0
2443	372.0
2444	364.0
2445	328.0
2446	372.0
2447	412.0
2448	340.0
2449	404.0
2450	308.0
2451	260.0
2452	408.0
2453	364.0
2454	348.0
2455	400.0
2456	388.0
2457	404.0
2458	408.0
2459	388.0
2460	400.0
2461	412.0
2462	404.0
2463	452.0
2464	328.0
2465	328.0
2466	396.0
2467	432.0
2468	360.0
2469	404.0
2470	320.0
2471	368.0
2472	368.0
2473	408.0
2474	316.0
2475	412.0
2476	380.0
2477	416.0
2478	388.0
2479	428.0
2480	316.0
2481	404.0
2482	392.0
2483	388.0
2484	436.0
2485	380.0
2486	436.0
2487	460.0
2488	388.0
2489	348.0
2490	396.0
2491	440.0
2492	392.0
2493	424.0
2494	388.0
2495	464.0
2496	356.0
2497	292.0
2498	424.0
2499	360.0
2500	284.0
2501	420.0
2502	440.0
2503	436.0
2504	372.0
2505	336.0
2506	368.0
2507	312.0
2508	220.0
2509	180.0
2510	188.0
2511	212.0
2512	92.0
2513	128.0
2514	164.0
2515	108.0
2516	236.0
2517	180.0
2518	228.0
2519	336.0
2520	248.0
2521	300.0
2522	380.0
2523	360.0
2524	308.0
2525	376.0
2526	404.0
2527	460.0
2528	332.0
2529	444.0
2530	272.0
2531	396.0
2532	304.0
2533	348.0
2534	332.0
2535	272.0
2536	308.0
2537	292.0
2538	244.0
2539	276.0
2540	268.0
2541	200.0
2542	116.0
2543	84.0
2544	104.0
2545	132.0
2546	176.0
2547	148.0
2548	164.0
2549	264.0
2550	332.0
2551	272.0
2552	340.0
2553	388.0
2554	356.0
2555	336.0
2556	360.0
2557	340.0
2558	364.0
2559	472.0
2560	408.0
2561	408.0
2562	276.0
2563	380.0
2564	348.0
2565	296.0
2566	384.0
2567	348.0
2568	484.0
2569	472.0
2570	448.0
2571	456.0
2572	440.0
2573	428.0
2574	408.0
2575	360.0
2576	436.0
2577	556.0
2578	444.0
2579	488.0
2580	408.0
2581	500.0
2582	396.0
2583	368.0
2584	428.0
2585	444.0
2586	412.0
2587	476.0
2588	472.0
2589	388.0
2590	480.0
2591	276.0
2592	456.0
2593	448.0
2594	512.0
2595	444.0
2596	440.0
2597	380.0
2598	352.0
2599	312.0
2600	296.0
2601	156.0
2602	224.0
2603	160.0
2604	80.0
2605	84.0
2606	200.0
2607	88.0
2608	192.0
2609	216.0
2610	204.0
2611	328.0
2612	296.0
2613	328.0
2614	340.0
2615	272.0
2616	232.0
2617	268.0
2618	332.0
2619	316.0
2620	424.0
2621	436.0
2622	396.0
2623	476.0
2624	444.0
2625	440.0
2626	476.0
2627	276.0
2628	396.0
2629	420.0
2630	412.0
2631	424.0
2632	376.0
2633	404.0
2634	408.0
2635	272.0
2636	312.0
2637	300.0
2638	228.0
2639	200.0
2640	272.0
2641	220.0
2642	204.0
2643	176.0
2644	148.0
2645	160.0
2646	164.0
2647	144.0
2648	144.0
2649	72.0
2650	72.0
2651	88.0
2652	84.0
2653	148.0
2654	192.0
2655	156.0
2656	184.0
2657	240.0
2658	304.0
2659	320.0
2660	260.0
2661	304.0
2662	312.0
2663	288.0
2664	412.0
2665	424.0
2666	348.0
2667	352.0
2668	368.0
2669	364.0
2670	404.0
2671	424.0
2672	400.0
2673	404.0
2674	364.0
2675	308.0
2676	416.0
2677	424.0
2678	400.0
2679	368.0
2680	376.0
2681	284.0
2682	396.0
2683	380.0
2684	388.0
2685	352.0
2686	368.0
2687	448.0
2688	476.0
2689	480.0
2690	440.0
2691	360.0
2692	392.0
2693	468.0
2694	424.0
2695	364.0
2696	432.0
2697	460.0
2698	472.0
2699	416.0
2700	360.0
2701	356.0
2702	344.0
2703	416.0
2704	520.0
2705	296.0
2706	352.0
2707	496.0
2708	400.0
2709	420.0
2710	468.0
2711	492.0
2712	460.0
2713	472.0
2714	404.0
2715	480.0
2716	324.0
2717	488.0
2718	436.0
2719	484.0
2720	368.0
2721	516.0
2722	480.0
2723	328.0
2724	376.0
2725	368.0
2726	312.0
2727	472.0
2728	336.0
2729	328.0
2730	440.0
2731	392.0
2732	376.0
2733	424.0
2734	388.0
2735	476.0
2736	392.0
2737	412.0
2738	412.0
2739	336.0
2740	432.0
2741	512.0
2742	396.0
2743	552.0
2744	528.0
2745	476.0
2746	416.0
2747	372.0
