0	38.0
1	37.0
2	38.0
3	38.0
4	38.0
5	38.0
6	38.0
7	38.0
8	38.0
9	14.0
10	38.0
11	38.0
12	38.0
13	38.0
14	38.0
15	38.0
16	28.0
17	38.0
18	38.0
19	38.0
20	37.0
21	38.0
22	38.0
23	33.0
24	35.0
25	38.0
26	38.0
27	24.0
28	37.0
29	34.0
30	38.0
31	37.0
32	38.0
33	35.0
34	38.0
35	31.0
36	38.0
37	31.0
38	38.0
39	38.0
40	38.0
41	38.0
42	38.0
43	38.0
44	38.0
45	33.0
46	33.0
47	38.0
48	38.0
49	38.0
50	29.0
51	38.0
52	38.0
53	38.0
54	38.0
55	38.0
56	38.0
57	27.0
58	38.0
59	35.0
60	38.0
61	38.0
62	38.0
63	37.0
64	22.0
65	38.0
66	20.0
67	38.0
68	38.0
69	18.0
70	38.0
71	33.0
72	38.0
73	38.0
74	38.0
75	38.0
76	18.0
77	38.0
78	31.0
79	38.0
80	24.0
81	38.0
82	38.0
83	32.0
84	36.0
85	38.0
86	38.0
87	29.0
88	38.0
89	35.0
90	38.0
91	20.0
92	31.0
93	38.0
94	31.0
95	38.0
96	38.0
97	31.0
98	20.0
99	38.0
100	38.0
101	38.0
102	38.0
103	38.0
104	38.0
105	38.0
106	38.0
107	24.0
108	24.0
109	38.0
110	38.0
111	38.0
112	38.0
113	38.0
114	32.0
115	38.0
116	38.0
117	35.0
118	38.0
119	38.0
120	38.0
121	38.0
122	38.0
123	38.0
124	38.0
125	38.0
126	38.0
127	20.0
128	38.0
129	30.0
130	38.0
131	38.0
132	24.0
133	38.0
134	38.0
135	35.0
136	38.0
137	32.0
138	38.0
139	35.0
140	38.0
141	38.0
142	34.0
143	33.0
144	24.0
145	22.0
146	38.0
147	38.0
148	38.0
149	38.0
150	38.0
151	24.0
152	38.0
153	38.0
154	38.0
155	38.0
156	38.0
157	38.0
158	33.0
159	38.0
160	38.0
161	38.0
162	38.0
163	33.0
164	38.0
165	38.0
166	38.0
167	38.0
168	35.0
169	38.0
170	26.0
171	38.0
172	27.0
173	22.0
174	38.0
175	38.0
176	38.0
177	38.0
178	38.0
179	38.0
180	24.0
181	38.0
182	38.0
183	26.0
184	38.0
185	38.0
186	38.0
187	22.0
188	28.0
189	38.0
190	16.0
191	35.0
192	38.0
193	22.0
194	38.0
195	38.0
196	27.0
197	20.0
198	38.0
199	33.0
200	12.0
201	38.0
202	38.0
203	38.0
204	38.0
205	20.0
206	38.0
207	38.0
208	38.0
209	38.0
210	20.0
211	38.0
212	38.0
213	38.0
214	38.0
215	38.0
216	38.0
217	24.0
218	28.0
219	38.0
220	38.0
221	35.0
222	38.0
223	38.0
224	38.0
225	38.0
226	26.0
227	35.0
228	38.0
229	34.0
230	38.0
231	38.0
232	38.0
233	18.0
234	22.0
235	22.0
236	37.0
237	24.0
238	38.0
239	33.0
240	38.0
241	24.0
242	38.0
243	38.0
244	38.0
245	38.0
246	38.0
247	35.0
248	18.0
249	22.0
250	38.0
251	38.0
252	37.0
253	38.0
254	28.0
255	38.0
256	24.0
257	38.0
258	38.0
259	38.0
260	38.0
261	38.0
262	27.0
263	38.0
264	38.0
265	28.0
266	38.0
267	38.0
268	38.0
269	38.0
270	27.0
271	38.0
272	38.0
273	38.0
274	38.0
275	20.0
276	38.0
277	38.0
278	38.0
279	38.0
280	38.0
281	38.0
282	38.0
283	38.0
284	31.0
285	38.0
286	16.0
287	38.0
288	33.0
289	37.0
290	38.0
291	38.0
292	38.0
293	38.0
294	38.0
295	31.0
296	30.0
297	38.0
298	38.0
299	30.0
300	33.0
301	35.0
302	38.0
303	38.0
304	38.0
305	30.0
306	38.0
307	38.0
308	34.0
309	38.0
310	38.0
311	38.0
312	38.0
313	20.0
314	38.0
315	16.0
316	29.0
317	35.0
318	16.0
319	38.0
320	38.0
321	38.0
322	35.0
323	38.0
324	38.0
325	38.0
326	38.0
327	38.0
328	38.0
329	35.0
330	38.0
331	38.0
332	38.0
333	38.0
334	38.0
335	28.0
336	38.0
337	31.0
338	25.0
339	38.0
340	22.0
341	28.0
342	37.0
343	38.0
344	35.0
345	38.0
346	38.0
347	37.0
348	33.0
349	38.0
350	31.0
351	38.0
352	24.0
353	38.0
354	38.0
355	16.0
356	38.0
357	38.0
358	38.0
359	38.0
360	38.0
361	38.0
362	24.0
363	38.0
364	26.0
365	26.0
366	38.0
367	38.0
368	24.0
369	12.0
370	16.0
371	38.0
372	38.0
373	29.0
374	38.0
375	38.0
376	33.0
377	38.0
378	38.0
379	38.0
380	24.0
381	35.0
382	34.0
383	38.0
384	37.0
385	38.0
386	38.0
387	24.0
388	38.0
389	38.0
390	38.0
391	38.0
392	37.0
393	38.0
394	37.0
395	38.0
396	38.0
397	16.0
398	38.0
399	28.0
400	38.0
401	38.0
402	38.0
403	38.0
404	38.0
405	38.0
406	37.0
407	38.0
408	18.0
409	38.0
410	38.0
411	22.0
412	37.0
413	38.0
414	35.0
415	38.0
416	38.0
417	38.0
418	38.0
419	38.0
420	27.0
421	38.0
422	31.0
423	30.0
424	38.0
425	18.0
426	38.0
427	38.0
428	37.0
429	22.0
430	38.0
431	38.0
432	31.0
433	38.0
434	38.0
435	38.0
436	38.0
437	38.0
438	38.0
439	38.0
440	37.0
441	33.0
442	31.0
443	34.0
444	38.0
445	38.0
446	20.0
447	35.0
448	38.0
449	38.0
450	33.0
451	38.0
452	38.0
453	38.0
454	38.0
455	22.0
456	38.0
457	37.0
458	38.0
459	22.0
460	38.0
461	38.0
462	38.0
463	33.0
464	38.0
465	33.0
466	29.0
467	35.0
468	29.0
469	38.0
470	38.0
471	38.0
472	35.0
473	38.0
474	30.0
475	38.0
476	27.0
477	38.0
478	38.0
479	37.0
480	37.0
481	16.0
482	38.0
483	32.0
484	38.0
485	35.0
486	38.0
487	35.0
488	24.0
489	38.0
490	26.0
491	38.0
492	29.0
493	38.0
494	37.0
495	37.0
496	18.0
497	38.0
498	38.0
499	38.0
500	38.0
501	38.0
502	38.0
503	38.0
504	38.0
505	38.0
506	20.0
507	35.0
508	38.0
509	38.0
510	38.0
511	37.0
512	38.0
513	38.0
514	38.0
515	31.0
516	38.0
517	29.0
518	38.0
519	38.0
520	38.0
521	38.0
522	38.0
523	38.0
524	38.0
525	37.0
526	22.0
527	16.0
528	22.0
529	16.0
530	38.0
531	38.0
532	32.0
533	38.0
534	38.0
535	38.0
536	30.0
537	38.0
538	22.0
539	38.0
540	38.0
541	38.0
542	38.0
543	38.0
544	35.0
545	35.0
546	38.0
547	38.0
548	31.0
549	35.0
550	20.0
551	38.0
552	38.0
553	26.0
554	38.0
555	29.0
556	38.0
557	22.0
558	29.0
559	38.0
560	38.0
561	38.0
562	38.0
563	28.0
564	38.0
565	24.0
566	32.0
567	38.0
568	38.0
569	26.0
570	28.0
571	26.0
572	38.0
573	38.0
574	35.0
575	38.0
576	38.0
577	30.0
578	38.0
579	38.0
580	38.0
581	33.0
582	33.0
583	31.0
584	38.0
585	34.0
586	20.0
587	38.0
588	38.0
589	38.0
590	38.0
591	35.0
592	28.0
593	38.0
594	37.0
595	38.0
596	38.0
597	20.0
598	38.0
599	35.0
600	38.0
601	22.0
602	38.0
603	37.0
604	38.0
605	38.0
606	38.0
607	38.0
608	33.0
609	38.0
610	38.0
611	38.0
612	24.0
613	38.0
614	38.0
615	38.0
616	38.0
617	38.0
618	27.0
619	31.0
620	26.0
621	38.0
622	16.0
623	31.0
624	38.0
625	38.0
626	38.0
627	29.0
628	30.0
629	18.0
630	38.0
631	31.0
632	28.0
633	26.0
634	20.0
635	35.0
636	38.0
637	38.0
638	38.0
639	38.0
640	38.0
641	38.0
642	27.0
643	38.0
644	38.0
645	38.0
646	38.0
647	38.0
648	26.0
649	38.0
650	38.0
651	18.0
652	38.0
653	38.0
654	38.0
655	37.0
656	38.0
657	38.0
658	33.0
659	35.0
660	38.0
661	28.0
662	38.0
663	35.0
664	38.0
665	38.0
666	26.0
667	38.0
668	38.0
669	38.0
670	20.0
671	38.0
672	35.0
673	32.0
674	32.0
675	38.0
676	28.0
677	38.0
678	35.0
679	38.0
680	32.0
681	38.0
682	38.0
683	24.0
684	38.0
685	33.0
686	28.0
687	38.0
688	38.0
689	35.0
690	38.0
691	30.0
692	34.0
693	38.0
694	38.0
695	38.0
696	35.0
697	25.0
698	33.0
699	38.0
700	38.0
701	38.0
702	35.0
703	29.0
704	38.0
705	38.0
706	38.0
707	38.0
708	24.0
709	38.0
710	38.0
711	37.0
712	33.0
713	38.0
714	38.0
715	38.0
716	38.0
717	38.0
718	38.0
719	24.0
720	35.0
721	37.0
722	38.0
723	38.0
724	38.0
725	38.0
726	38.0
727	31.0
728	38.0
729	28.0
730	38.0
731	38.0
732	38.0
733	38.0
734	28.0
735	38.0
736	33.0
737	38.0
738	38.0
739	38.0
740	38.0
741	24.0
742	24.0
743	35.0
744	18.0
745	37.0
746	38.0
747	37.0
748	38.0
749	38.0
750	38.0
751	38.0
752	37.0
753	12.0
754	38.0
755	38.0
756	38.0
757	38.0
758	26.0
759	37.0
760	38.0
761	31.0
762	38.0
763	27.0
764	32.0
765	18.0
766	38.0
767	38.0
768	38.0
769	20.0
770	34.0
771	38.0
772	16.0
773	38.0
774	37.0
775	26.0
776	20.0
777	32.0
778	38.0
779	38.0
780	35.0
781	38.0
782	26.0
783	35.0
784	38.0
785	38.0
786	38.0
787	31.0
788	24.0
789	34.0
790	38.0
791	38.0
792	38.0
793	38.0
794	37.0
795	30.0
796	38.0
797	38.0
798	35.0
799	38.0
800	38.0
801	38.0
802	12.0
803	37.0
804	37.0
805	38.0
806	38.0
807	38.0
808	38.0
809	38.0
810	33.0
811	35.0
812	38.0
813	30.0
814	38.0
815	33.0
816	38.0
817	38.0
818	38.0
819	20.0
820	38.0
821	38.0
822	38.0
823	38.0
824	14.0
825	35.0
826	38.0
827	26.0
828	29.0
829	16.0
830	29.0
831	38.0
832	38.0
833	31.0
834	38.0
835	38.0
836	38.0
837	37.0
838	38.0
839	38.0
840	24.0
841	38.0
842	34.0
843	26.0
844	20.0
845	24.0
846	31.0
847	38.0
848	38.0
849	22.0
850	35.0
851	38.0
852	38.0
853	38.0
854	38.0
855	38.0
856	38.0
857	35.0
858	35.0
859	22.0
860	38.0
861	38.0
862	38.0
863	28.0
864	37.0
865	34.0
866	38.0
867	33.0
868	38.0
869	38.0
870	38.0
871	29.0
872	38.0
873	38.0
874	24.0
875	33.0
876	38.0
877	35.0
878	38.0
879	38.0
880	12.0
881	38.0
882	38.0
883	37.0
884	38.0
885	38.0
886	38.0
887	38.0
888	37.0
889	38.0
890	38.0
891	30.0
892	30.0
893	24.0
894	24.0
895	30.0
896	38.0
897	38.0
898	27.0
899	24.0
900	38.0
901	33.0
902	37.0
903	38.0
904	38.0
905	38.0
906	20.0
907	38.0
908	38.0
909	28.0
910	38.0
911	22.0
912	20.0
913	24.0
914	26.0
915	29.0
916	38.0
917	35.0
918	33.0
919	12.0
920	38.0
921	38.0
922	33.0
923	35.0
924	38.0
925	38.0
926	38.0
927	38.0
928	29.0
929	38.0
930	38.0
931	28.0
932	38.0
933	35.0
934	38.0
935	38.0
936	31.0
937	38.0
938	38.0
939	38.0
940	28.0
941	32.0
942	38.0
943	38.0
944	38.0
945	38.0
946	38.0
947	38.0
948	29.0
949	38.0
950	38.0
951	38.0
952	10.0
953	37.0
954	38.0
955	38.0
956	35.0
957	26.0
958	38.0
959	38.0
960	28.0
961	38.0
962	38.0
963	38.0
964	22.0
965	37.0
966	26.0
967	37.0
968	30.0
969	36.0
970	35.0
971	38.0
972	38.0
973	38.0
974	35.0
975	24.0
976	35.0
977	38.0
978	38.0
979	38.0
980	38.0
981	29.0
982	38.0
983	34.0
984	38.0
985	38.0
986	16.0
987	33.0
988	38.0
989	38.0
990	31.0
991	38.0
992	38.0
993	22.0
994	38.0
995	38.0
996	38.0
997	38.0
998	33.0
999	18.0
1000	38.0
1001	38.0
1002	20.0
1003	18.0
1004	38.0
1005	38.0
1006	33.0
1007	38.0
1008	38.0
1009	38.0
1010	32.0
1011	38.0
1012	38.0
1013	27.0
1014	24.0
1015	33.0
1016	30.0
1017	32.0
1018	35.0
1019	35.0
1020	37.0
1021	18.0
1022	38.0
1023	38.0
1024	38.0
1025	38.0
1026	38.0
1027	35.0
1028	33.0
1029	38.0
1030	33.0
1031	20.0
1032	38.0
1033	35.0
1034	38.0
1035	20.0
1036	22.0
1037	38.0
1038	38.0
1039	38.0
1040	38.0
1041	32.0
1042	38.0
1043	33.0
1044	38.0
1045	38.0
1046	20.0
1047	38.0
1048	30.0
1049	38.0
1050	38.0
1051	14.0
1052	38.0
1053	37.0
1054	24.0
1055	38.0
1056	38.0
1057	28.0
1058	24.0
1059	28.0
1060	38.0
1061	38.0
1062	38.0
1063	32.0
1064	38.0
1065	38.0
1066	38.0
1067	38.0
1068	38.0
1069	38.0
1070	38.0
1071	25.0
1072	38.0
1073	38.0
1074	38.0
1075	28.0
1076	32.0
1077	38.0
1078	38.0
1079	38.0
1080	38.0
1081	38.0
1082	16.0
1083	22.0
1084	24.0
1085	22.0
1086	38.0
1087	38.0
1088	38.0
1089	8.0
1090	32.0
1091	31.0
1092	38.0
1093	38.0
1094	38.0
1095	38.0
1096	38.0
1097	38.0
1098	38.0
1099	37.0
1100	38.0
1101	28.0
1102	32.0
1103	31.0
1104	38.0
1105	38.0
1106	38.0
1107	38.0
1108	38.0
1109	38.0
1110	38.0
1111	37.0
1112	24.0
1113	14.0
1114	38.0
1115	38.0
1116	31.0
1117	12.0
1118	38.0
1119	38.0
1120	36.0
1121	38.0
1122	38.0
1123	37.0
1124	22.0
1125	20.0
1126	38.0
1127	38.0
1128	22.0
1129	38.0
1130	24.0
1131	30.0
1132	31.0
1133	37.0
1134	14.0
1135	38.0
1136	38.0
1137	28.0
1138	32.0
1139	33.0
1140	23.0
1141	38.0
1142	24.0
1143	38.0
1144	38.0
1145	38.0
1146	38.0
1147	31.0
1148	38.0
1149	22.0
1150	38.0
1151	38.0
1152	38.0
1153	38.0
1154	37.0
1155	38.0
1156	24.0
1157	38.0
1158	38.0
1159	38.0
1160	38.0
1161	38.0
1162	26.0
1163	38.0
1164	36.0
1165	38.0
1166	38.0
1167	38.0
1168	27.0
1169	38.0
1170	33.0
1171	38.0
1172	38.0
1173	16.0
1174	38.0
1175	24.0
1176	38.0
1177	38.0
1178	20.0
1179	38.0
1180	33.0
1181	38.0
1182	38.0
1183	26.0
1184	16.0
1185	38.0
1186	38.0
1187	35.0
1188	38.0
1189	37.0
1190	35.0
1191	38.0
1192	26.0
1193	38.0
1194	35.0
1195	38.0
1196	27.0
1197	38.0
1198	38.0
1199	38.0
1200	38.0
1201	30.0
1202	32.0
1203	38.0
1204	30.0
1205	38.0
1206	28.0
1207	27.0
1208	38.0
1209	38.0
1210	38.0
1211	38.0
1212	37.0
1213	20.0
1214	29.0
1215	38.0
1216	38.0
1217	31.0
1218	24.0
1219	38.0
1220	22.0
1221	31.0
1222	38.0
1223	38.0
1224	24.0
1225	30.0
1226	38.0
1227	38.0
1228	38.0
1229	20.0
1230	38.0
1231	38.0
1232	36.0
1233	38.0
1234	38.0
1235	22.0
1236	38.0
1237	38.0
1238	38.0
1239	24.0
1240	28.0
1241	38.0
1242	38.0
1243	38.0
1244	38.0
1245	38.0
1246	38.0
1247	30.0
1248	37.0
1249	31.0
1250	26.0
1251	38.0
1252	38.0
1253	38.0
1254	38.0
1255	38.0
1256	16.0
1257	38.0
1258	30.0
1259	38.0
1260	38.0
1261	28.0
1262	30.0
1263	38.0
1264	38.0
1265	38.0
1266	33.0
1267	38.0
1268	38.0
1269	33.0
1270	38.0
1271	22.0
1272	37.0
1273	38.0
1274	38.0
1275	28.0
1276	31.0
1277	24.0
1278	38.0
1279	38.0
1280	38.0
1281	38.0
1282	33.0
1283	24.0
1284	35.0
1285	38.0
1286	31.0
1287	37.0
1288	38.0
1289	38.0
1290	35.0
1291	33.0
1292	24.0
1293	18.0
1294	38.0
1295	38.0
1296	38.0
1297	38.0
1298	38.0
1299	37.0
1300	38.0
1301	38.0
1302	38.0
1303	38.0
1304	29.0
1305	33.0
1306	26.0
1307	38.0
1308	38.0
1309	20.0
1310	38.0
1311	38.0
1312	38.0
1313	38.0
1314	38.0
1315	28.0
1316	38.0
1317	38.0
1318	27.0
1319	38.0
1320	38.0
1321	38.0
1322	38.0
1323	38.0
1324	38.0
1325	38.0
1326	38.0
1327	38.0
1328	30.0
1329	26.0
1330	38.0
1331	18.0
1332	14.0
1333	38.0
1334	38.0
1335	37.0
1336	38.0
1337	38.0
1338	38.0
1339	38.0
1340	38.0
1341	37.0
1342	38.0
1343	24.0
1344	38.0
1345	18.0
1346	38.0
1347	38.0
1348	38.0
1349	20.0
1350	38.0
1351	26.0
1352	38.0
1353	38.0
1354	38.0
1355	22.0
1356	30.0
1357	38.0
1358	37.0
1359	23.0
1360	38.0
1361	38.0
1362	33.0
1363	35.0
1364	35.0
1365	35.0
1366	38.0
1367	38.0
1368	38.0
1369	38.0
1370	24.0
1371	37.0
1372	24.0
1373	38.0
1374	38.0
1375	38.0
1376	12.0
1377	38.0
1378	38.0
1379	35.0
1380	38.0
1381	35.0
1382	37.0
1383	38.0
1384	38.0
1385	35.0
1386	20.0
1387	38.0
1388	35.0
1389	22.0
1390	31.0
1391	38.0
1392	33.0
1393	20.0
1394	38.0
1395	38.0
1396	38.0
1397	27.0
1398	38.0
1399	38.0
1400	29.0
1401	4.0
1402	38.0
1403	30.0
1404	31.0
1405	35.0
1406	38.0
1407	38.0
1408	35.0
1409	38.0
1410	38.0
1411	24.0
1412	37.0
1413	38.0
1414	38.0
1415	37.0
1416	22.0
1417	28.0
1418	38.0
1419	38.0
1420	38.0
1421	38.0
1422	33.0
1423	38.0
1424	38.0
1425	38.0
1426	33.0
1427	22.0
1428	38.0
1429	32.0
1430	38.0
1431	28.0
1432	32.0
1433	38.0
1434	38.0
1435	27.0
1436	31.0
1437	31.0
1438	27.0
1439	24.0
1440	35.0
1441	38.0
1442	38.0
1443	38.0
1444	38.0
1445	35.0
1446	24.0
1447	38.0
1448	24.0
1449	38.0
1450	38.0
1451	32.0
1452	35.0
1453	38.0
1454	38.0
1455	35.0
1456	38.0
1457	38.0
1458	38.0
1459	38.0
1460	38.0
1461	38.0
1462	38.0
1463	20.0
1464	33.0
1465	38.0
1466	38.0
1467	38.0
1468	38.0
1469	38.0
1470	38.0
1471	38.0
1472	37.0
1473	38.0
1474	38.0
1475	16.0
1476	38.0
1477	38.0
1478	38.0
1479	38.0
1480	32.0
1481	38.0
1482	14.0
1483	38.0
1484	38.0
1485	38.0
1486	38.0
1487	38.0
1488	35.0
1489	38.0
1490	38.0
1491	34.0
1492	38.0
1493	29.0
1494	37.0
1495	33.0
1496	26.0
1497	38.0
1498	31.0
1499	38.0
1500	26.0
1501	38.0
1502	38.0
1503	31.0
1504	38.0
1505	37.0
1506	33.0
1507	38.0
1508	38.0
1509	35.0
1510	38.0
1511	38.0
1512	38.0
1513	35.0
1514	38.0
1515	38.0
1516	38.0
1517	35.0
1518	38.0
1519	38.0
1520	31.0
1521	33.0
1522	31.0
1523	38.0
1524	38.0
1525	38.0
1526	38.0
1527	38.0
1528	32.0
1529	38.0
1530	32.0
1531	38.0
1532	38.0
1533	30.0
1534	30.0
1535	38.0
1536	38.0
1537	38.0
1538	35.0
1539	38.0
1540	38.0
1541	31.0
1542	38.0
1543	29.0
1544	35.0
1545	38.0
1546	31.0
1547	38.0
1548	38.0
1549	35.0
1550	33.0
1551	38.0
1552	29.0
1553	28.0
1554	18.0
1555	20.0
1556	38.0
1557	18.0
1558	38.0
1559	35.0
1560	38.0
1561	38.0
1562	38.0
1563	38.0
1564	38.0
1565	38.0
1566	27.0
1567	35.0
1568	38.0
1569	22.0
1570	38.0
1571	34.0
1572	35.0
1573	38.0
1574	24.0
1575	26.0
1576	22.0
1577	38.0
1578	33.0
1579	38.0
1580	38.0
1581	38.0
1582	20.0
1583	38.0
1584	38.0
1585	24.0
1586	38.0
1587	22.0
1588	38.0
1589	38.0
1590	38.0
1591	38.0
1592	26.0
1593	38.0
1594	38.0
1595	38.0
1596	38.0
1597	38.0
1598	38.0
1599	38.0
1600	38.0
1601	38.0
1602	29.0
1603	37.0
1604	33.0
1605	38.0
1606	38.0
1607	38.0
1608	24.0
1609	26.0
1610	38.0
1611	38.0
1612	38.0
1613	38.0
1614	35.0
1615	38.0
1616	38.0
1617	38.0
1618	29.0
1619	38.0
1620	38.0
1621	38.0
1622	38.0
1623	38.0
1624	33.0
1625	28.0
1626	37.0
1627	38.0
1628	14.0
1629	38.0
1630	38.0
1631	38.0
1632	38.0
1633	20.0
1634	24.0
1635	38.0
1636	38.0
1637	37.0
1638	38.0
1639	38.0
1640	35.0
1641	37.0
1642	38.0
1643	22.0
1644	38.0
1645	38.0
1646	30.0
1647	38.0
1648	27.0
1649	38.0
1650	38.0
1651	37.0
1652	30.0
1653	38.0
1654	38.0
1655	32.0
1656	38.0
1657	31.0
1658	38.0
1659	33.0
1660	38.0
1661	38.0
1662	38.0
1663	38.0
1664	20.0
1665	37.0
1666	22.0
1667	30.0
1668	24.0
1669	38.0
1670	38.0
1671	38.0
1672	38.0
1673	16.0
1674	38.0
1675	38.0
1676	38.0
1677	38.0
1678	38.0
1679	38.0
1680	38.0
1681	38.0
1682	38.0
1683	38.0
1684	38.0
1685	38.0
1686	31.0
1687	38.0
1688	37.0
1689	38.0
1690	38.0
1691	38.0
1692	28.0
1693	38.0
1694	37.0
1695	38.0
1696	38.0
1697	38.0
1698	38.0
1699	38.0
1700	38.0
1701	38.0
1702	38.0
1703	38.0
1704	33.0
1705	38.0
1706	33.0
1707	38.0
1708	38.0
1709	38.0
1710	32.0
1711	31.0
1712	38.0
1713	38.0
1714	33.0
1715	38.0
1716	20.0
1717	38.0
1718	38.0
1719	38.0
1720	38.0
1721	30.0
1722	38.0
1723	38.0
1724	38.0
1725	35.0
1726	38.0
1727	38.0
1728	26.0
1729	38.0
1730	38.0
1731	38.0
1732	28.0
1733	26.0
1734	38.0
1735	31.0
1736	14.0
1737	38.0
1738	24.0
1739	30.0
1740	24.0
1741	38.0
1742	38.0
1743	31.0
1744	38.0
1745	38.0
1746	38.0
1747	25.0
1748	14.0
1749	38.0
1750	38.0
1751	38.0
1752	29.0
1753	30.0
1754	38.0
1755	37.0
1756	31.0
1757	38.0
1758	38.0
1759	38.0
1760	33.0
1761	38.0
1762	38.0
1763	38.0
1764	22.0
1765	38.0
1766	20.0
1767	38.0
1768	38.0
1769	26.0
1770	38.0
1771	29.0
1772	14.0
1773	38.0
1774	10.0
1775	26.0
1776	35.0
1777	38.0
1778	38.0
1779	38.0
1780	38.0
1781	38.0
1782	38.0
1783	38.0
1784	37.0
1785	28.0
1786	38.0
1787	8.0
1788	30.0
1789	38.0
1790	38.0
1791	38.0
1792	38.0
1793	28.0
1794	38.0
1795	38.0
1796	38.0
1797	38.0
1798	22.0
1799	38.0
1800	38.0
1801	38.0
1802	38.0
1803	20.0
1804	38.0
1805	38.0
1806	38.0
1807	38.0
1808	34.0
1809	20.0
1810	38.0
1811	37.0
1812	24.0
1813	28.0
1814	38.0
1815	35.0
1816	38.0
1817	38.0
1818	38.0
1819	38.0
1820	38.0
1821	38.0
1822	26.0
1823	38.0
1824	38.0
1825	33.0
1826	30.0
1827	38.0
1828	38.0
1829	32.0
1830	38.0
1831	38.0
1832	31.0
1833	35.0
1834	38.0
1835	37.0
1836	38.0
1837	31.0
1838	8.0
1839	36.0
1840	38.0
1841	29.0
1842	38.0
1843	38.0
1844	38.0
1845	38.0
1846	22.0
1847	28.0
1848	38.0
1849	38.0
1850	38.0
1851	29.0
1852	38.0
1853	38.0
1854	38.0
1855	38.0
1856	38.0
1857	35.0
1858	38.0
1859	38.0
1860	38.0
1861	31.0
1862	38.0
1863	32.0
1864	33.0
1865	38.0
1866	38.0
1867	38.0
1868	38.0
1869	35.0
1870	38.0
1871	22.0
1872	38.0
1873	38.0
1874	28.0
1875	38.0
1876	38.0
1877	35.0
1878	38.0
1879	38.0
1880	29.0
1881	38.0
1882	32.0
1883	38.0
1884	38.0
1885	38.0
1886	38.0
1887	34.0
1888	38.0
1889	29.0
1890	38.0
1891	10.0
1892	38.0
1893	38.0
1894	38.0
1895	38.0
1896	37.0
1897	38.0
1898	38.0
1899	38.0
1900	23.0
1901	18.0
1902	38.0
1903	38.0
1904	38.0
1905	38.0
1906	31.0
1907	38.0
1908	38.0
1909	38.0
1910	38.0
1911	33.0
1912	31.0
1913	33.0
1914	26.0
1915	30.0
1916	38.0
1917	38.0
1918	38.0
1919	38.0
1920	37.0
1921	16.0
1922	34.0
1923	38.0
1924	32.0
1925	38.0
1926	37.0
1927	35.0
1928	38.0
1929	38.0
1930	37.0
1931	38.0
1932	14.0
1933	32.0
1934	27.0
1935	38.0
1936	38.0
1937	38.0
1938	38.0
1939	38.0
1940	38.0
1941	38.0
1942	38.0
1943	35.0
1944	38.0
1945	28.0
1946	32.0
1947	26.0
1948	32.0
1949	38.0
1950	37.0
1951	38.0
1952	31.0
1953	38.0
1954	38.0
1955	35.0
1956	20.0
1957	38.0
1958	38.0
1959	31.0
1960	33.0
1961	38.0
1962	38.0
1963	18.0
1964	37.0
1965	38.0
1966	38.0
1967	31.0
1968	38.0
1969	30.0
1970	27.0
1971	38.0
1972	38.0
1973	33.0
1974	37.0
1975	38.0
1976	38.0
1977	27.0
1978	38.0
1979	38.0
1980	35.0
1981	38.0
1982	38.0
1983	38.0
1984	38.0
1985	38.0
1986	14.0
1987	38.0
1988	38.0
1989	38.0
1990	24.0
1991	38.0
1992	37.0
1993	38.0
1994	30.0
1995	16.0
1996	38.0
1997	16.0
1998	38.0
1999	38.0
2000	38.0
2001	33.0
2002	38.0
2003	37.0
2004	38.0
2005	38.0
2006	30.0
2007	18.0
2008	38.0
2009	36.0
2010	35.0
2011	33.0
2012	38.0
2013	38.0
2014	38.0
2015	31.0
2016	27.0
2017	16.0
2018	38.0
2019	38.0
2020	38.0
2021	38.0
2022	31.0
2023	38.0
2024	38.0
2025	38.0
2026	38.0
2027	38.0
2028	20.0
2029	38.0
2030	38.0
2031	28.0
2032	26.0
2033	38.0
2034	38.0
2035	26.0
2036	24.0
2037	38.0
2038	38.0
2039	38.0
2040	38.0
2041	33.0
2042	18.0
2043	38.0
2044	31.0
2045	37.0
2046	30.0
2047	38.0
2048	38.0
2049	38.0
2050	38.0
2051	38.0
2052	38.0
2053	38.0
2054	38.0
2055	38.0
2056	35.0
2057	38.0
2058	38.0
2059	24.0
2060	38.0
2061	38.0
2062	38.0
2063	38.0
2064	31.0
2065	38.0
2066	38.0
2067	38.0
2068	35.0
2069	27.0
2070	22.0
2071	38.0
2072	37.0
2073	33.0
2074	38.0
2075	38.0
2076	38.0
2077	38.0
2078	38.0
2079	31.0
2080	38.0
2081	18.0
2082	38.0
2083	38.0
2084	38.0
2085	38.0
2086	38.0
2087	38.0
2088	30.0
2089	31.0
2090	38.0
2091	38.0
2092	28.0
2093	38.0
2094	38.0
2095	26.0
2096	38.0
2097	24.0
2098	38.0
2099	29.0
2100	35.0
2101	30.0
2102	38.0
2103	28.0
2104	33.0
2105	38.0
2106	38.0
2107	33.0
2108	34.0
2109	38.0
2110	37.0
2111	38.0
2112	38.0
2113	38.0
2114	38.0
2115	38.0
2116	38.0
2117	38.0
2118	38.0
2119	38.0
2120	38.0
2121	38.0
2122	38.0
2123	35.0
2124	38.0
2125	38.0
2126	38.0
2127	38.0
2128	38.0
2129	38.0
2130	32.0
2131	38.0
2132	38.0
2133	35.0
2134	30.0
2135	35.0
2136	22.0
2137	38.0
2138	38.0
2139	38.0
2140	29.0
2141	38.0
2142	38.0
2143	38.0
2144	38.0
2145	38.0
2146	38.0
2147	38.0
2148	29.0
2149	38.0
2150	38.0
2151	38.0
2152	38.0
2153	35.0
2154	28.0
2155	38.0
2156	38.0
2157	34.0
2158	38.0
2159	32.0
2160	34.0
2161	38.0
2162	35.0
2163	26.0
2164	38.0
2165	38.0
2166	38.0
2167	31.0
2168	38.0
2169	38.0
2170	38.0
2171	38.0
2172	38.0
2173	38.0
2174	38.0
2175	25.0
2176	38.0
2177	38.0
2178	38.0
2179	38.0
2180	38.0
2181	38.0
2182	38.0
2183	22.0
2184	38.0
2185	38.0
2186	33.0
2187	38.0
2188	38.0
2189	38.0
2190	38.0
2191	38.0
2192	38.0
2193	38.0
2194	37.0
2195	38.0
2196	38.0
2197	29.0
2198	38.0
2199	26.0
2200	38.0
2201	38.0
2202	38.0
2203	38.0
2204	38.0
2205	22.0
2206	38.0
2207	38.0
2208	38.0
2209	38.0
2210	38.0
2211	38.0
2212	38.0
2213	37.0
2214	20.0
2215	38.0
2216	37.0
2217	38.0
2218	38.0
2219	38.0
2220	38.0
2221	38.0
2222	38.0
2223	33.0
2224	35.0
2225	32.0
2226	38.0
2227	38.0
2228	38.0
2229	38.0
2230	38.0
2231	26.0
2232	35.0
2233	38.0
2234	38.0
2235	38.0
2236	26.0
2237	38.0
2238	38.0
2239	38.0
2240	38.0
2241	37.0
2242	38.0
2243	38.0
2244	37.0
2245	29.0
2246	26.0
2247	38.0
2248	38.0
2249	28.0
2250	25.0
2251	38.0
2252	38.0
2253	38.0
2254	38.0
2255	38.0
2256	37.0
2257	38.0
2258	38.0
2259	38.0
2260	38.0
2261	38.0
2262	38.0
2263	38.0
2264	38.0
2265	38.0
2266	33.0
2267	38.0
2268	38.0
2269	38.0
2270	38.0
2271	38.0
2272	38.0
2273	38.0
2274	38.0
2275	18.0
2276	38.0
2277	14.0
2278	38.0
2279	38.0
2280	38.0
2281	38.0
2282	38.0
2283	38.0
2284	38.0
2285	38.0
2286	37.0
2287	38.0
2288	26.0
2289	38.0
2290	38.0
2291	38.0
2292	38.0
2293	37.0
2294	38.0
2295	38.0
2296	38.0
2297	38.0
2298	38.0
2299	38.0
2300	38.0
2301	38.0
2302	38.0
2303	20.0
2304	38.0
2305	38.0
2306	22.0
2307	38.0
2308	38.0
2309	38.0
2310	16.0
2311	38.0
2312	35.0
2313	38.0
2314	38.0
2315	29.0
2316	38.0
2317	38.0
2318	38.0
2319	35.0
2320	38.0
2321	38.0
2322	20.0
2323	26.0
2324	38.0
2325	38.0
2326	38.0
2327	38.0
2328	38.0
2329	38.0
2330	38.0
2331	38.0
2332	29.0
2333	38.0
2334	38.0
2335	20.0
2336	38.0
