0	38216.0
1	37572.0
2	38880.0
3	39100.0
4	38408.0
5	38536.0
6	38760.0
7	39708.0
8	38888.0
9	38920.0
10	39696.0
11	38860.0
12	39220.0
13	39088.0
14	38908.0
15	39496.0
16	38860.0
17	37864.0
18	38384.0
19	38804.0
20	38424.0
21	38804.0
22	38888.0
23	39872.0
24	38888.0
25	39200.0
26	39204.0
27	39128.0
28	39912.0
29	39308.0
30	38540.0
31	39436.0
32	38220.0
33	38860.0
34	39028.0
35	39424.0
36	38768.0
37	39540.0
38	39052.0
39	39584.0
40	39460.0
41	39680.0
42	40496.0
43	39736.0
44	39216.0
45	39024.0
46	39680.0
47	39276.0
48	39388.0
49	39848.0
50	39216.0
51	39244.0
52	39640.0
53	39864.0
54	39256.0
55	39844.0
56	39760.0
57	39168.0
58	39752.0
59	40196.0
60	39416.0
61	39660.0
62	39776.0
63	39736.0
64	39068.0
65	40020.0
66	39760.0
67	39596.0
68	40212.0
69	39872.0
70	38964.0
71	39076.0
72	40328.0
73	39060.0
74	39836.0
75	39776.0
76	39604.0
77	39908.0
78	39460.0
79	39588.0
80	39528.0
81	39796.0
82	38952.0
83	41196.0
84	43068.0
85	41332.0
86	41264.0
87	42556.0
88	41792.0
89	40880.0
90	41844.0
91	42408.0
92	40420.0
93	41516.0
94	41520.0
95	41428.0
96	41764.0
97	42280.0
98	41764.0
99	40924.0
100	40664.0
101	41788.0
102	42264.0
103	42428.0
104	42092.0
105	41300.0
106	41100.0
107	42228.0
108	41904.0
109	41504.0
110	41792.0
111	41236.0
112	41820.0
113	42596.0
114	41548.0
115	40516.0
116	42772.0
117	41728.0
118	41572.0
119	41588.0
120	41972.0
121	42256.0
122	41792.0
123	41024.0
124	42316.0
125	41684.0
126	41476.0
127	42736.0
128	42744.0
129	42228.0
130	41732.0
131	42648.0
132	41608.0
133	41944.0
134	42240.0
135	41752.0
136	41588.0
137	42176.0
138	41780.0
139	41916.0
140	41736.0
141	41508.0
142	41648.0
143	42620.0
144	41764.0
145	42020.0
146	41972.0
147	41388.0
148	42620.0
149	41776.0
150	41192.0
151	42796.0
152	42004.0
153	42052.0
154	42108.0
155	42684.0
156	41796.0
157	43016.0
158	42216.0
159	41940.0
160	42152.0
161	42276.0
162	42244.0
163	42588.0
164	41800.0
165	41836.0
166	42608.0
167	41924.0
168	42308.0
169	42912.0
170	41688.0
171	42036.0
172	41284.0
173	42160.0
174	42276.0
175	42736.0
176	42600.0
177	42184.0
178	42164.0
179	41748.0
180	42188.0
181	42952.0
182	42248.0
183	42276.0
184	42564.0
185	42736.0
186	43096.0
187	42356.0
188	42756.0
189	43440.0
190	44164.0
191	42580.0
192	42588.0
193	42140.0
194	42088.0
195	42976.0
196	43184.0
197	43488.0
198	43436.0
199	43432.0
200	42944.0
201	42136.0
202	43480.0
203	45356.0
204	45532.0
205	44888.0
206	43880.0
207	45572.0
208	45208.0
209	45720.0
210	45256.0
211	45048.0
212	44024.0
213	43192.0
214	44976.0
215	46540.0
216	46516.0
217	45588.0
218	45688.0
219	45780.0
220	45232.0
221	44676.0
222	44324.0
223	45544.0
224	45188.0
225	45188.0
226	44716.0
227	45164.0
228	45900.0
229	45020.0
230	44700.0
231	44776.0
232	45468.0
233	44916.0
234	44724.0
235	45752.0
236	46152.0
237	45936.0
238	44676.0
239	45476.0
240	46432.0
241	46156.0
242	45132.0
243	44888.0
244	45276.0
245	45144.0
246	43984.0
247	44308.0
248	45184.0
249	45328.0
250	44720.0
251	45044.0
252	44020.0
253	45204.0
254	44512.0
255	44220.0
256	44684.0
257	44668.0
258	45240.0
259	44316.0
260	45504.0
261	44656.0
262	45044.0
263	45168.0
264	45484.0
265	45636.0
266	45928.0
267	44676.0
268	45136.0
269	45008.0
270	45884.0
271	46028.0
272	45420.0
273	46888.0
274	45484.0
275	46168.0
276	46484.0
277	45852.0
278	45736.0
279	45372.0
280	45456.0
281	45460.0
282	45700.0
283	46612.0
284	45188.0
285	44960.0
286	46480.0
287	45408.0
288	45020.0
289	45824.0
290	47048.0
291	46888.0
292	46108.0
293	45392.0
294	46360.0
295	46552.0
296	46208.0
297	45520.0
298	46144.0
299	46660.0
300	47824.0
301	46708.0
302	46700.0
303	47116.0
304	46724.0
305	46228.0
306	46284.0
307	46388.0
308	46128.0
309	46284.0
310	47096.0
311	46872.0
312	45140.0
313	45552.0
314	45948.0
315	47076.0
316	46608.0
317	46260.0
318	46028.0
319	47012.0
320	46312.0
321	45880.0
322	47436.0
323	46992.0
324	47448.0
325	47136.0
326	46552.0
327	46484.0
328	47280.0
329	46336.0
330	46632.0
331	47032.0
332	46920.0
333	47860.0
334	46372.0
335	48232.0
336	48756.0
337	48916.0
338	47844.0
339	47660.0
340	48576.0
341	48644.0
342	48272.0
343	48620.0
344	48792.0
345	48168.0
346	48240.0
347	47920.0
348	48584.0
349	47732.0
350	46632.0
351	46416.0
352	47188.0
353	47352.0
354	47884.0
355	48224.0
356	48800.0
357	50104.0
358	49852.0
359	48812.0
360	48476.0
361	49436.0
362	48452.0
363	49616.0
364	48312.0
365	48880.0
366	48324.0
367	48852.0
368	48184.0
369	48108.0
370	48536.0
371	47936.0
372	47972.0
373	49388.0
374	49288.0
375	48888.0
376	48804.0
377	47740.0
378	48620.0
379	48236.0
380	48200.0
381	49084.0
382	48032.0
383	49296.0
384	48064.0
385	48088.0
386	48024.0
387	48028.0
388	47240.0
389	47504.0
390	48656.0
391	48780.0
392	48512.0
393	48196.0
394	48520.0
395	48164.0
396	48520.0
397	48632.0
398	49712.0
399	48360.0
400	49220.0
401	48844.0
402	49232.0
403	49280.0
404	49140.0
405	49540.0
406	49340.0
407	50500.0
408	50060.0
409	48848.0
410	49496.0
411	49284.0
412	48748.0
413	48940.0
414	48692.0
415	49528.0
416	49212.0
417	49644.0
418	48348.0
419	48800.0
420	50140.0
421	49032.0
422	48940.0
423	50808.0
424	50172.0
425	49240.0
426	49540.0
427	49932.0
428	50908.0
429	50040.0
430	49012.0
431	50744.0
432	50836.0
433	50048.0
434	49072.0
435	49824.0
436	50876.0
437	50304.0
438	50604.0
439	49728.0
440	50480.0
441	50352.0
442	50180.0
443	49976.0
444	49800.0
445	50632.0
446	50224.0
447	49672.0
448	50008.0
449	50892.0
450	50764.0
451	49808.0
452	49184.0
453	49956.0
454	50024.0
455	49692.0
456	52692.0
457	53008.0
458	53208.0
459	50640.0
460	50604.0
461	50848.0
462	50212.0
463	49936.0
464	50392.0
465	50652.0
466	53132.0
467	52128.0
468	51040.0
469	52040.0
470	52596.0
471	52636.0
472	51096.0
473	54480.0
474	52560.0
475	51972.0
476	50812.0
477	49300.0
478	50660.0
479	50496.0
480	49084.0
481	49024.0
482	51324.0
483	50812.0
484	49916.0
485	49876.0
486	51500.0
487	50808.0
488	50520.0
489	50912.0
490	50592.0
491	51100.0
492	51460.0
493	50572.0
494	51276.0
495	50636.0
496	50692.0
497	50468.0
498	52064.0
499	52920.0
500	50524.0
501	51896.0
502	52260.0
503	52516.0
504	51760.0
505	51928.0
506	51984.0
507	53396.0
508	51900.0
509	51912.0
510	51584.0
511	52040.0
512	52196.0
513	51552.0
514	52320.0
515	52168.0
516	52464.0
517	52300.0
518	52788.0
519	51808.0
520	51784.0
521	51668.0
522	51828.0
523	51816.0
524	52748.0
525	52068.0
526	52184.0
527	51180.0
528	50720.0
529	51752.0
530	50904.0
531	51656.0
532	51984.0
533	52140.0
534	50440.0
535	51384.0
536	51224.0
537	51452.0
538	50980.0
539	51296.0
540	51212.0
541	51980.0
542	51900.0
543	50948.0
544	50724.0
545	51084.0
546	52148.0
547	51664.0
548	52200.0
549	53280.0
550	51688.0
551	50376.0
552	51024.0
553	51336.0
554	50668.0
555	50344.0
556	51276.0
557	51856.0
558	51784.0
559	50644.0
560	51348.0
561	52664.0
562	52276.0
563	52216.0
564	52260.0
565	52600.0
566	52848.0
567	51368.0
568	51516.0
569	52736.0
570	51896.0
571	51764.0
572	51148.0
573	52936.0
574	52776.0
575	51568.0
576	51532.0
577	51724.0
578	52036.0
579	51860.0
580	51020.0
581	51712.0
582	52996.0
583	51956.0
584	50956.0
585	50984.0
586	51756.0
587	51748.0
588	51548.0
589	50956.0
590	52020.0
591	53116.0
592	52024.0
593	51228.0
594	52340.0
595	51756.0
596	51744.0
597	50948.0
598	53468.0
599	51532.0
600	52100.0
601	51588.0
602	51900.0
603	52476.0
604	51712.0
605	52612.0
606	51156.0
607	52612.0
608	51792.0
609	51584.0
610	52052.0
611	51368.0
612	51772.0
613	51600.0
614	52340.0
615	52296.0
616	55312.0
617	54364.0
618	51664.0
619	52440.0
620	52364.0
621	52200.0
622	52380.0
623	52188.0
624	54896.0
625	53952.0
626	53108.0
627	53892.0
628	54264.0
629	53344.0
630	53204.0
631	54360.0
632	53916.0
633	54608.0
634	53896.0
635	52452.0
636	54520.0
637	53080.0
638	54468.0
639	53228.0
640	53356.0
641	54184.0
642	54532.0
643	53620.0
644	54148.0
645	53260.0
646	53860.0
647	54232.0
648	53916.0
649	54088.0
650	54732.0
651	53112.0
652	53888.0
653	54012.0
654	53448.0
655	52724.0
656	53824.0
657	55004.0
658	54296.0
659	53900.0
660	52916.0
661	53832.0
662	54656.0
663	53684.0
664	53236.0
665	53108.0
666	54224.0
667	52464.0
668	53416.0
669	53192.0
670	53692.0
671	53704.0
672	52996.0
673	53684.0
674	53652.0
675	53352.0
676	53204.0
677	53800.0
678	53240.0
679	53428.0
680	52780.0
681	53600.0
682	54452.0
683	53212.0
684	54448.0
685	53608.0
686	53520.0
687	52068.0
688	52648.0
689	51984.0
690	53708.0
691	54264.0
692	52628.0
693	52580.0
694	53076.0
695	51888.0
696	52408.0
697	52624.0
698	53080.0
699	54280.0
700	52140.0
701	52196.0
702	53248.0
703	52736.0
704	53324.0
705	52636.0
706	53244.0
707	53104.0
708	53408.0
709	52836.0
710	52232.0
711	53328.0
712	53256.0
713	51952.0
714	53192.0
715	52412.0
716	53636.0
717	52620.0
718	52956.0
719	52852.0
720	52572.0
721	52972.0
722	53216.0
723	52772.0
724	53208.0
725	53888.0
726	52492.0
727	52044.0
728	53412.0
729	51576.0
730	52300.0
731	52712.0
732	53256.0
733	54356.0
734	53084.0
735	53088.0
736	53108.0
737	52756.0
738	53476.0
739	52156.0
740	53472.0
741	52396.0
742	53184.0
743	53236.0
744	53556.0
745	53156.0
746	52740.0
747	52812.0
748	53832.0
749	53728.0
750	52272.0
751	52916.0
752	52804.0
753	53028.0
754	53088.0
755	51476.0
756	53160.0
757	53356.0
758	53320.0
759	52828.0
760	53120.0
761	53616.0
762	53172.0
763	53312.0
764	53556.0
765	54404.0
766	54508.0
767	53240.0
768	53676.0
769	53528.0
770	53860.0
771	53512.0
772	53604.0
773	54836.0
774	56272.0
775	54956.0
776	55004.0
777	56032.0
778	55712.0
779	56044.0
780	54552.0
781	55992.0
782	54452.0
783	54204.0
784	53312.0
785	53164.0
786	53700.0
787	54532.0
788	54444.0
789	53576.0
790	53832.0
791	53896.0
792	53788.0
793	54564.0
794	53700.0
795	54768.0
796	53720.0
797	53748.0
798	53172.0
799	54056.0
800	53028.0
801	53636.0
802	53708.0
803	54256.0
804	53212.0
805	53352.0
806	53144.0
807	54092.0
808	53932.0
809	53972.0
810	54008.0
811	54624.0
812	54808.0
813	54484.0
814	54820.0
815	54432.0
816	55156.0
817	54092.0
818	54360.0
819	53816.0
820	53380.0
821	53680.0
822	54128.0
823	53804.0
824	53956.0
825	54288.0
826	53492.0
827	54704.0
828	54524.0
829	54212.0
830	53952.0
831	54924.0
832	55148.0
833	54720.0
834	54240.0
835	53976.0
836	54152.0
837	54812.0
838	54632.0
839	53364.0
840	54532.0
841	55372.0
842	55392.0
843	55496.0
844	53720.0
845	55068.0
846	53856.0
847	54256.0
848	55428.0
849	54596.0
850	55664.0
851	54328.0
852	54632.0
853	54596.0
854	54116.0
855	54488.0
856	54140.0
857	55652.0
858	54448.0
859	54252.0
860	55120.0
861	55248.0
862	54456.0
863	54368.0
864	54276.0
865	55860.0
866	55372.0
867	54648.0
868	53716.0
869	54180.0
870	54584.0
871	53768.0
872	53476.0
873	54632.0
874	53936.0
875	53836.0
876	53552.0
877	53316.0
878	53064.0
879	53188.0
880	54048.0
881	54904.0
882	53532.0
883	53988.0
884	52992.0
885	53584.0
886	53600.0
887	52696.0
888	53824.0
889	53044.0
890	54128.0
891	53964.0
892	53204.0
893	53160.0
894	53828.0
895	54680.0
896	53460.0
897	53300.0
898	54104.0
899	53576.0
900	53840.0
901	52956.0
902	52984.0
903	51856.0
904	53248.0
905	52660.0
906	52788.0
907	53832.0
908	53528.0
909	52852.0
910	51968.0
911	53496.0
912	53156.0
913	52552.0
914	51784.0
915	52912.0
916	52892.0
917	52744.0
918	51824.0
919	52040.0
920	52508.0
921	53000.0
922	52740.0
923	53128.0
924	52416.0
925	53736.0
926	52452.0
927	52296.0
928	52692.0
929	53960.0
930	52600.0
931	52788.0
932	53196.0
933	53068.0
934	52456.0
935	53156.0
936	52300.0
937	52336.0
938	53500.0
939	52212.0
940	53572.0
941	52832.0
942	52316.0
943	52428.0
944	53044.0
945	52740.0
946	52240.0
947	52576.0
948	53160.0
949	53312.0
950	53472.0
951	53112.0
952	53300.0
953	53256.0
954	52472.0
955	53040.0
956	53200.0
957	52964.0
958	53284.0
959	52596.0
960	52680.0
961	52300.0
962	52640.0
963	51304.0
964	52320.0
965	52344.0
966	52944.0
967	52464.0
968	52736.0
969	51844.0
970	52760.0
971	52328.0
972	53092.0
973	51828.0
974	52720.0
975	52328.0
976	52088.0
977	52496.0
978	52508.0
979	52672.0
980	51168.0
981	52280.0
982	52124.0
983	53384.0
984	52056.0
985	52216.0
986	51768.0
987	51188.0
988	52248.0
989	52624.0
990	52972.0
991	52880.0
992	52564.0
993	52696.0
994	53388.0
995	54452.0
996	53392.0
997	52260.0
998	54804.0
999	52632.0
1000	52384.0
1001	51888.0
1002	52724.0
1003	51456.0
1004	52096.0
1005	52332.0
1006	53700.0
1007	53308.0
1008	53032.0
1009	52612.0
1010	52336.0
1011	53604.0
1012	53144.0
1013	52856.0
1014	52304.0
1015	53260.0
1016	52996.0
1017	52672.0
1018	52956.0
1019	52620.0
1020	53224.0
1021	51996.0
1022	51500.0
1023	53676.0
1024	51928.0
1025	52200.0
1026	52188.0
1027	52976.0
1028	53548.0
1029	53316.0
1030	52696.0
1031	53648.0
1032	53412.0
1033	54272.0
1034	51832.0
1035	54000.0
1036	53816.0
1037	52388.0
1038	52292.0
1039	53028.0
1040	53216.0
1041	52064.0
1042	52884.0
1043	52756.0
1044	52384.0
1045	53188.0
1046	53352.0
1047	52152.0
1048	53176.0
1049	53080.0
1050	52408.0
1051	53312.0
1052	53188.0
1053	52732.0
1054	53532.0
1055	53292.0
1056	53136.0
1057	52192.0
1058	53340.0
1059	52428.0
1060	53164.0
1061	53176.0
1062	52592.0
1063	51716.0
1064	52464.0
1065	51404.0
1066	52404.0
1067	52648.0
1068	51660.0
1069	51688.0
1070	52760.0
1071	51480.0
1072	51192.0
1073	52244.0
1074	52540.0
1075	51776.0
1076	51652.0
1077	51416.0
1078	50964.0
1079	50664.0
1080	50360.0
1081	51284.0
1082	51104.0
1083	51464.0
1084	50868.0
1085	51664.0
1086	50952.0
1087	50596.0
1088	50352.0
1089	50504.0
1090	52320.0
1091	52792.0
1092	52044.0
1093	50672.0
1094	50460.0
1095	51860.0
1096	51232.0
1097	51156.0
1098	51668.0
1099	51960.0
1100	51700.0
1101	51028.0
1102	52372.0
1103	51108.0
1104	51564.0
1105	51416.0
1106	51740.0
1107	50972.0
1108	51776.0
1109	50092.0
1110	50848.0
1111	51516.0
1112	51776.0
1113	50880.0
1114	50720.0
1115	51788.0
1116	51328.0
1117	50196.0
1118	50312.0
1119	50756.0
1120	51416.0
1121	51448.0
1122	49728.0
1123	50380.0
1124	51444.0
1125	50156.0
1126	49912.0
1127	50096.0
1128	50192.0
1129	49608.0
1130	50404.0
1131	50488.0
1132	50348.0
1133	50348.0
1134	49724.0
1135	50212.0
1136	50184.0
1137	51112.0
1138	50000.0
1139	50660.0
1140	49680.0
1141	50564.0
1142	49988.0
1143	49932.0
1144	50036.0
1145	50076.0
1146	50156.0
1147	49356.0
1148	49964.0
1149	49752.0
1150	50772.0
1151	50272.0
1152	49620.0
1153	49472.0
1154	49684.0
1155	49120.0
1156	48884.0
1157	49676.0
1158	51448.0
1159	50424.0
1160	49540.0
1161	50280.0
1162	49936.0
1163	50292.0
1164	49592.0
1165	51288.0
1166	51008.0
1167	49660.0
1168	48960.0
1169	49712.0
1170	50300.0
1171	48604.0
1172	49728.0
1173	49012.0
1174	51264.0
1175	49216.0
1176	49348.0
1177	50012.0
1178	50128.0
1179	50096.0
1180	49976.0
1181	50928.0
1182	49708.0
1183	49928.0
1184	49656.0
1185	50224.0
1186	49656.0
1187	49768.0
1188	49868.0
1189	48876.0
1190	49660.0
1191	50656.0
1192	50188.0
1193	48604.0
1194	50244.0
1195	50508.0
1196	50404.0
1197	49332.0
1198	50080.0
1199	50480.0
1200	50152.0
1201	49720.0
1202	49512.0
1203	50332.0
1204	49924.0
1205	49180.0
1206	50404.0
1207	49820.0
1208	50220.0
1209	49332.0
1210	50288.0
1211	50220.0
1212	49728.0
1213	49152.0
1214	48852.0
1215	49384.0
1216	49680.0
1217	49016.0
1218	48652.0
1219	49204.0
1220	48824.0
1221	48924.0
1222	49372.0
1223	49644.0
1224	49492.0
1225	49360.0
1226	49316.0
1227	50284.0
1228	48584.0
1229	49412.0
1230	48800.0
1231	48736.0
1232	48644.0
1233	49632.0
1234	49156.0
1235	48840.0
1236	49148.0
1237	48840.0
1238	48552.0
1239	49352.0
1240	48648.0
1241	49104.0
1242	48916.0
1243	48108.0
1244	48164.0
1245	48236.0
1246	48616.0
1247	49016.0
1248	48692.0
1249	48236.0
1250	48568.0
1251	48376.0
1252	48744.0
1253	47896.0
1254	48364.0
1255	48300.0
1256	48364.0
1257	48852.0
1258	48052.0
1259	48432.0
1260	49216.0
1261	48404.0
1262	47532.0
1263	47884.0
1264	47152.0
1265	49288.0
1266	48744.0
1267	49320.0
1268	48700.0
1269	48776.0
1270	48412.0
1271	48720.0
1272	48580.0
1273	49208.0
1274	48988.0
1275	48576.0
1276	48352.0
1277	49028.0
1278	47528.0
1279	49028.0
1280	48448.0
1281	48768.0
1282	49484.0
1283	48320.0
1284	48088.0
1285	48796.0
1286	48368.0
1287	49076.0
1288	48968.0
1289	48560.0
1290	48636.0
1291	48872.0
1292	49248.0
1293	47564.0
1294	48872.0
1295	48712.0
1296	48764.0
1297	48488.0
1298	48164.0
1299	48396.0
1300	47432.0
1301	48368.0
1302	48392.0
1303	48480.0
1304	49404.0
1305	48384.0
1306	48648.0
1307	48804.0
1308	48532.0
1309	48596.0
1310	47448.0
1311	48128.0
1312	48328.0
1313	48552.0
1314	49464.0
1315	48264.0
1316	49120.0
1317	49688.0
1318	47268.0
1319	48156.0
1320	48548.0
1321	48592.0
1322	49356.0
1323	48960.0
1324	48996.0
1325	48456.0
1326	47824.0
1327	48432.0
1328	49164.0
1329	48052.0
1330	47752.0
1331	47512.0
1332	49304.0
1333	48436.0
1334	48532.0
1335	48580.0
1336	48376.0
1337	48532.0
1338	47844.0
1339	49252.0
1340	48540.0
1341	48668.0
1342	47944.0
1343	48012.0
1344	47236.0
1345	47804.0
1346	47460.0
1347	48360.0
1348	48792.0
1349	48208.0
1350	48136.0
1351	48200.0
1352	48032.0
1353	47116.0
1354	48444.0
1355	47488.0
1356	47444.0
1357	48036.0
1358	47492.0
1359	48284.0
1360	47672.0
1361	48160.0
1362	47044.0
1363	46968.0
1364	47544.0
1365	47628.0
1366	47296.0
1367	47556.0
1368	48296.0
1369	46916.0
1370	47688.0
1371	47736.0
1372	46936.0
1373	48276.0
1374	47640.0
1375	47280.0
1376	47684.0
1377	47484.0
1378	47120.0
1379	47828.0
1380	47920.0
1381	47532.0
1382	47832.0
1383	48812.0
1384	48692.0
1385	46740.0
1386	47792.0
1387	48044.0
1388	46684.0
1389	47868.0
1390	47988.0
1391	47732.0
1392	48044.0
1393	47968.0
1394	47176.0
1395	47932.0
1396	47660.0
1397	47532.0
1398	48288.0
1399	48068.0
1400	48544.0
1401	47108.0
1402	46968.0
1403	46616.0
1404	48524.0
1405	48076.0
1406	48180.0
1407	47228.0
1408	47640.0
1409	47208.0
1410	46472.0
1411	47840.0
1412	47312.0
1413	47636.0
1414	47816.0
1415	47604.0
1416	47444.0
1417	47048.0
1418	46516.0
1419	47420.0
1420	47220.0
1421	46276.0
1422	46688.0
1423	47184.0
1424	46700.0
1425	46872.0
1426	46436.0
1427	47692.0
1428	47024.0
1429	47284.0
1430	46980.0
1431	46456.0
1432	46496.0
1433	46940.0
1434	46920.0
1435	47364.0
1436	46824.0
1437	46992.0
1438	47396.0
1439	46884.0
1440	47436.0
1441	47152.0
1442	46884.0
1443	46668.0
1444	46596.0
1445	46588.0
1446	46440.0
1447	46352.0
1448	46472.0
1449	46324.0
1450	46260.0
1451	47136.0
1452	46692.0
1453	46924.0
1454	45632.0
1455	46904.0
1456	46068.0
1457	46232.0
1458	46096.0
1459	45272.0
1460	45764.0
1461	46336.0
1462	46176.0
1463	45776.0
1464	46152.0
1465	45332.0
1466	45372.0
1467	44700.0
1468	46248.0
1469	45896.0
1470	46160.0
1471	45992.0
1472	45132.0
1473	45768.0
1474	46252.0
1475	45968.0
1476	45360.0
1477	45612.0
1478	45516.0
1479	46060.0
1480	46280.0
1481	44896.0
1482	45932.0
1483	45352.0
1484	45848.0
1485	46088.0
1486	45708.0
1487	44924.0
1488	45968.0
1489	46200.0
1490	46264.0
1491	45272.0
1492	45564.0
1493	45296.0
1494	45356.0
1495	45988.0
1496	46368.0
1497	45556.0
1498	46424.0
1499	46464.0
1500	45880.0
1501	45248.0
1502	45944.0
1503	46244.0
1504	45656.0
1505	45332.0
1506	45460.0
1507	45972.0
1508	46456.0
1509	45876.0
1510	45804.0
1511	46388.0
1512	47004.0
1513	45648.0
1514	45872.0
1515	45572.0
1516	45840.0
1517	45752.0
1518	45440.0
1519	45720.0
1520	45700.0
1521	45452.0
1522	46400.0
1523	46628.0
1524	46048.0
1525	46280.0
1526	45640.0
1527	45664.0
1528	45900.0
1529	46036.0
1530	45900.0
1531	45356.0
1532	45304.0
1533	45504.0
1534	45280.0
1535	45112.0
1536	45916.0
1537	45848.0
1538	46076.0
1539	45392.0
1540	44964.0
1541	45688.0
1542	45560.0
1543	45376.0
1544	44804.0
1545	45428.0
1546	45532.0
1547	45620.0
1548	45788.0
1549	45492.0
1550	45308.0
1551	45080.0
1552	44368.0
1553	44808.0
1554	45372.0
1555	44592.0
1556	44764.0
1557	44804.0
1558	44568.0
1559	44936.0
1560	45652.0
1561	44960.0
1562	44576.0
1563	44896.0
1564	43944.0
1565	45740.0
1566	44768.0
1567	44296.0
1568	44352.0
1569	45348.0
1570	45144.0
1571	44772.0
1572	45128.0
1573	44728.0
1574	44500.0
1575	44332.0
1576	43952.0
1577	45272.0
1578	44588.0
1579	45012.0
1580	44588.0
1581	44600.0
1582	44644.0
1583	45240.0
1584	44384.0
1585	44696.0
1586	44300.0
1587	44508.0
1588	44704.0
1589	44508.0
1590	44764.0
1591	44152.0
1592	44452.0
1593	43864.0
1594	44608.0
1595	44024.0
1596	44884.0
1597	44708.0
1598	44872.0
1599	43832.0
1600	44400.0
1601	43620.0
1602	44640.0
1603	44172.0
1604	44648.0
1605	45280.0
1606	44132.0
1607	44476.0
1608	44196.0
1609	44336.0
1610	43836.0
1611	44568.0
1612	43532.0
1613	42896.0
1614	44372.0
1615	45072.0
1616	44268.0
1617	43696.0
1618	43772.0
1619	43672.0
1620	44376.0
1621	43924.0
1622	44264.0
1623	44312.0
1624	44092.0
1625	43604.0
1626	44212.0
1627	44364.0
1628	44188.0
1629	44444.0
1630	44184.0
1631	43888.0
1632	43756.0
1633	43460.0
1634	43784.0
1635	44052.0
1636	44452.0
1637	43804.0
1638	44860.0
1639	43072.0
1640	43556.0
1641	43876.0
1642	43904.0
1643	43788.0
1644	43768.0
1645	44048.0
1646	44568.0
1647	44688.0
1648	44576.0
1649	43840.0
1650	43952.0
1651	43308.0
1652	43800.0
1653	43972.0
1654	44132.0
1655	43752.0
1656	43432.0
1657	44124.0
1658	44016.0
1659	43304.0
1660	44236.0
1661	44796.0
1662	42952.0
1663	43416.0
1664	43744.0
1665	43328.0
1666	43956.0
1667	43540.0
1668	43592.0
1669	42888.0
1670	41744.0
1671	43004.0
1672	43804.0
1673	42956.0
1674	43280.0
1675	43296.0
1676	43412.0
1677	43524.0
1678	43068.0
1679	43092.0
1680	43388.0
1681	42836.0
1682	43564.0
1683	43568.0
1684	42724.0
1685	43216.0
1686	43412.0
1687	42924.0
1688	42472.0
1689	42292.0
1690	43876.0
1691	43424.0
1692	43352.0
1693	42448.0
1694	43484.0
1695	42792.0
1696	43084.0
1697	43064.0
1698	42948.0
1699	42684.0
1700	42456.0
1701	42976.0
1702	42656.0
1703	42100.0
1704	42060.0
1705	42468.0
1706	42444.0
1707	42132.0
1708	42588.0
1709	43240.0
1710	42924.0
1711	42880.0
1712	42308.0
1713	43320.0
1714	43596.0
1715	42292.0
1716	42204.0
1717	42076.0
1718	41680.0
1719	42456.0
1720	42364.0
1721	42848.0
1722	42820.0
1723	42588.0
1724	41372.0
1725	42524.0
1726	42780.0
1727	41816.0
1728	42908.0
1729	41676.0
1730	42020.0
1731	42308.0
1732	42372.0
1733	42484.0
1734	41888.0
1735	42940.0
1736	41552.0
1737	42052.0
1738	41776.0
1739	42080.0
1740	41856.0
1741	42440.0
1742	43212.0
1743	42336.0
1744	41224.0
1745	41772.0
1746	43076.0
1747	42308.0
1748	42172.0
1749	42044.0
1750	42560.0
1751	42044.0
1752	41772.0
1753	42504.0
1754	42512.0
1755	42488.0
1756	41708.0
1757	42072.0
1758	42080.0
1759	42296.0
1760	41788.0
1761	42820.0
1762	42008.0
1763	42172.0
1764	42720.0
1765	42648.0
1766	41756.0
1767	41760.0
1768	42076.0
1769	41564.0
1770	41508.0
1771	42068.0
1772	41788.0
1773	41800.0
1774	42116.0
1775	41628.0
1776	41448.0
1777	41504.0
1778	41660.0
1779	41412.0
1780	42472.0
1781	42092.0
1782	41284.0
1783	41040.0
1784	41620.0
1785	41392.0
1786	41496.0
1787	42924.0
1788	41480.0
1789	41976.0
1790	41704.0
1791	41328.0
1792	41000.0
1793	41552.0
1794	41908.0
1795	41208.0
1796	41004.0
1797	41376.0
1798	41432.0
1799	41668.0
1800	41648.0
1801	41036.0
1802	41672.0
1803	40336.0
1804	41568.0
1805	40956.0
1806	41040.0
1807	41276.0
1808	40972.0
1809	41308.0
1810	40908.0
1811	41172.0
1812	41212.0
1813	42388.0
1814	41680.0
1815	40904.0
1816	40724.0
1817	40572.0
1818	40736.0
1819	40636.0
1820	41164.0
1821	41324.0
1822	40688.0
1823	41092.0
1824	40884.0
1825	40420.0
1826	40812.0
1827	42500.0
1828	40880.0
1829	40128.0
1830	40680.0
1831	40148.0
1832	41024.0
1833	40300.0
1834	40788.0
1835	40752.0
1836	40732.0
1837	40272.0
1838	40316.0
1839	40692.0
1840	40252.0
1841	40520.0
1842	40844.0
1843	40088.0
1844	39836.0
1845	40236.0
1846	40104.0
1847	40608.0
1848	41172.0
1849	40352.0
1850	39796.0
1851	40488.0
1852	40472.0
1853	40396.0
1854	40432.0
1855	40700.0
1856	40308.0
1857	40392.0
1858	40372.0
1859	40196.0
1860	39944.0
1861	40152.0
1862	40456.0
1863	39328.0
1864	40844.0
1865	39944.0
1866	39656.0
1867	41128.0
1868	40028.0
1869	40004.0
1870	40160.0
1871	40064.0
1872	39832.0
1873	40812.0
1874	39908.0
1875	39844.0
1876	40376.0
1877	39888.0
1878	39192.0
1879	39900.0
1880	40716.0
1881	39964.0
1882	39604.0
1883	40356.0
1884	39496.0
1885	40512.0
1886	40408.0
1887	39968.0
1888	38956.0
1889	40256.0
1890	40480.0
1891	39612.0
1892	39700.0
1893	40120.0
1894	40564.0
1895	39652.0
1896	40216.0
1897	39936.0
1898	40048.0
1899	40388.0
1900	39364.0
1901	40144.0
1902	38972.0
1903	39392.0
1904	39492.0
1905	39228.0
1906	39356.0
1907	38988.0
1908	39716.0
1909	39328.0
1910	39756.0
1911	38740.0
1912	38636.0
1913	39992.0
1914	38692.0
1915	39024.0
1916	39812.0
1917	39320.0
1918	39684.0
1919	38520.0
1920	40132.0
1921	39496.0
1922	39424.0
1923	38728.0
1924	39072.0
1925	38600.0
1926	39836.0
1927	39148.0
1928	38388.0
1929	40112.0
1930	38760.0
1931	39240.0
1932	39544.0
1933	38960.0
1934	40764.0
1935	39396.0
1936	38708.0
1937	39276.0
1938	38912.0
1939	38196.0
1940	38492.0
1941	38584.0
1942	39128.0
1943	39080.0
1944	39568.0
1945	38144.0
1946	38480.0
1947	38820.0
1948	39128.0
1949	38932.0
1950	38396.0
1951	38444.0
1952	38612.0
1953	38936.0
1954	38672.0
1955	38456.0
1956	38736.0
1957	38988.0
1958	38324.0
1959	37852.0
1960	37704.0
1961	37900.0
1962	38656.0
1963	38828.0
1964	38492.0
1965	37952.0
1966	38584.0
1967	38744.0
1968	38624.0
1969	37844.0
1970	37732.0
1971	38020.0
1972	37652.0
1973	38980.0
1974	37732.0
1975	37832.0
1976	37808.0
1977	37552.0
1978	38556.0
1979	37776.0
1980	37292.0
1981	37400.0
1982	37588.0
1983	37676.0
1984	38032.0
1985	37800.0
1986	38380.0
1987	38176.0
1988	38628.0
1989	37976.0
1990	37148.0
1991	37392.0
1992	37404.0
1993	37792.0
1994	37852.0
1995	37392.0
1996	37544.0
1997	37992.0
1998	37360.0
1999	37748.0
2000	38648.0
2001	37872.0
2002	38020.0
2003	37784.0
2004	37996.0
2005	38068.0
2006	37436.0
2007	37688.0
2008	37792.0
2009	37784.0
2010	37268.0
2011	37616.0
2012	38012.0
2013	37184.0
2014	37396.0
2015	38384.0
2016	36996.0
2017	36652.0
2018	37788.0
2019	37148.0
2020	37400.0
2021	36888.0
2022	37676.0
2023	36760.0
2024	37720.0
2025	36824.0
2026	36468.0
2027	37284.0
2028	37304.0
2029	37632.0
2030	36924.0
2031	36548.0
2032	37492.0
2033	37188.0
2034	37340.0
2035	36928.0
2036	37236.0
2037	37072.0
2038	36708.0
2039	36116.0
2040	36500.0
2041	37540.0
2042	36284.0
2043	37768.0
2044	36648.0
2045	36268.0
2046	37472.0
2047	36308.0
2048	36344.0
2049	35944.0
2050	35924.0
2051	36408.0
2052	35992.0
2053	36396.0
2054	36028.0
2055	36736.0
2056	35872.0
2057	36160.0
2058	36440.0
2059	36432.0
2060	35868.0
2061	35652.0
2062	35776.0
2063	36120.0
2064	35848.0
2065	35316.0
2066	36092.0
2067	36692.0
2068	36096.0
2069	35808.0
2070	35868.0
2071	35976.0
2072	35412.0
2073	35680.0
2074	35920.0
2075	35408.0
2076	35196.0
2077	35696.0
2078	35332.0
2079	36860.0
2080	36196.0
2081	35340.0
2082	35528.0
2083	35872.0
2084	36404.0
2085	36516.0
2086	36012.0
2087	35124.0
2088	35084.0
2089	35756.0
2090	36920.0
2091	35688.0
2092	35652.0
2093	35732.0
2094	36248.0
2095	35120.0
2096	35228.0
2097	35736.0
2098	34380.0
2099	36080.0
2100	35368.0
2101	34760.0
2102	34732.0
2103	35460.0
2104	35896.0
2105	35516.0
2106	35816.0
2107	36264.0
2108	35056.0
2109	35220.0
2110	35328.0
2111	35796.0
2112	35496.0
2113	35672.0
2114	35320.0
2115	34900.0
2116	35788.0
2117	34596.0
2118	35508.0
2119	35184.0
2120	35808.0
2121	35424.0
2122	35184.0
2123	36304.0
2124	35244.0
2125	35308.0
2126	35184.0
2127	35712.0
2128	34732.0
2129	35040.0
2130	35304.0
2131	35520.0
2132	35076.0
2133	35060.0
2134	34576.0
2135	34532.0
2136	34372.0
2137	34748.0
2138	34872.0
2139	35152.0
2140	34432.0
2141	35292.0
2142	34792.0
2143	35484.0
2144	34896.0
2145	34692.0
2146	34684.0
2147	35184.0
2148	35328.0
2149	34888.0
2150	34516.0
2151	34644.0
2152	35264.0
2153	34236.0
2154	35576.0
2155	34636.0
2156	34896.0
2157	34332.0
2158	35012.0
2159	34280.0
2160	34916.0
2161	34716.0
2162	34568.0
2163	34724.0
2164	34624.0
2165	33596.0
2166	34492.0
2167	34752.0
2168	34072.0
2169	34324.0
2170	33944.0
2171	34488.0
2172	34600.0
2173	33804.0
2174	34772.0
2175	34668.0
2176	34072.0
2177	33708.0
2178	34588.0
2179	33912.0
2180	34016.0
2181	33512.0
2182	34064.0
2183	34616.0
2184	33648.0
2185	34612.0
2186	34212.0
2187	34212.0
2188	34696.0
2189	34296.0
2190	33804.0
2191	33684.0
2192	33760.0
2193	34420.0
2194	33676.0
2195	34036.0
2196	33776.0
2197	34064.0
2198	33660.0
2199	34000.0
2200	34048.0
2201	33396.0
2202	34276.0
2203	33708.0
2204	33204.0
2205	34068.0
2206	33916.0
2207	33440.0
2208	33636.0
2209	33216.0
2210	33980.0
2211	33448.0
2212	33392.0
2213	33240.0
2214	33824.0
2215	33472.0
2216	33240.0
2217	33636.0
2218	33292.0
2219	33288.0
2220	33372.0
2221	32148.0
2222	33988.0
2223	32888.0
2224	33324.0
2225	33844.0
2226	33196.0
2227	33800.0
2228	33472.0
2229	33024.0
2230	33484.0
2231	33116.0
2232	33352.0
2233	33028.0
2234	33584.0
2235	32888.0
2236	33108.0
2237	32156.0
2238	33092.0
2239	32656.0
2240	32312.0
2241	33252.0
2242	32784.0
2243	32960.0
2244	33224.0
2245	32996.0
2246	33112.0
2247	33136.0
2248	33000.0
2249	32588.0
2250	32132.0
2251	32712.0
2252	32608.0
2253	32560.0
2254	32108.0
2255	33192.0
2256	32324.0
2257	31908.0
2258	31680.0
2259	32644.0
2260	32480.0
2261	31552.0
2262	32396.0
2263	32856.0
2264	32472.0
2265	32720.0
2266	32276.0
2267	32280.0
2268	32120.0
2269	31672.0
2270	32244.0
2271	33060.0
2272	32800.0
2273	32428.0
2274	31364.0
2275	32148.0
2276	31224.0
2277	32348.0
2278	32944.0
2279	32820.0
2280	31964.0
2281	32012.0
2282	31756.0
2283	31592.0
2284	31920.0
2285	32756.0
2286	32516.0
2287	32820.0
2288	32300.0
2289	31836.0
2290	32144.0
2291	32448.0
2292	31740.0
2293	32256.0
2294	31724.0
2295	31600.0
2296	31956.0
2297	32348.0
2298	31380.0
2299	32540.0
2300	31896.0
2301	31828.0
2302	31836.0
2303	31760.0
2304	32004.0
2305	31824.0
2306	32052.0
2307	31996.0
2308	32332.0
2309	32212.0
2310	32588.0
2311	32448.0
2312	32712.0
2313	31872.0
2314	31952.0
2315	31920.0
2316	32348.0
2317	32412.0
2318	31732.0
2319	32528.0
2320	31288.0
2321	31512.0
2322	31344.0
2323	31812.0
2324	31008.0
2325	31264.0
2326	32572.0
2327	31528.0
2328	31632.0
2329	30820.0
2330	31692.0
2331	31212.0
2332	31388.0
2333	31600.0
2334	32064.0
2335	31372.0
2336	31772.0
2337	32136.0
2338	32200.0
2339	31456.0
2340	31540.0
2341	31200.0
2342	31856.0
2343	31648.0
2344	31836.0
2345	31412.0
2346	31632.0
2347	32132.0
2348	32064.0
2349	30956.0
2350	31180.0
2351	31656.0
2352	31864.0
2353	31676.0
2354	32088.0
2355	31196.0
2356	31500.0
2357	31732.0
2358	31388.0
2359	32012.0
2360	31772.0
2361	31492.0
2362	31056.0
2363	31184.0
2364	31484.0
2365	31468.0
2366	31716.0
2367	31328.0
2368	31572.0
2369	31444.0
2370	31840.0
2371	31528.0
2372	31748.0
2373	31416.0
2374	31320.0
2375	31480.0
2376	31296.0
2377	31572.0
2378	31168.0
2379	31996.0
2380	31632.0
2381	30584.0
2382	30744.0
2383	31072.0
2384	31280.0
2385	31516.0
2386	30576.0
2387	31156.0
2388	31080.0
2389	31008.0
2390	30576.0
2391	31004.0
2392	31144.0
2393	30784.0
2394	31416.0
2395	30828.0
2396	31100.0
2397	31704.0
2398	30424.0
2399	31316.0
2400	30628.0
2401	30720.0
2402	31136.0
2403	31500.0
2404	30820.0
2405	30688.0
2406	30260.0
2407	30756.0
2408	30760.0
2409	31120.0
2410	30784.0
2411	30772.0
2412	31388.0
2413	30988.0
2414	30884.0
2415	30408.0
2416	30540.0
2417	31544.0
2418	31724.0
2419	30248.0
2420	31624.0
2421	30768.0
2422	30392.0
2423	29800.0
2424	30880.0
2425	30712.0
2426	30408.0
2427	31220.0
2428	30680.0
2429	31260.0
2430	31560.0
2431	31244.0
2432	30324.0
2433	30336.0
2434	30808.0
2435	31252.0
2436	30180.0
2437	31060.0
2438	30100.0
2439	30696.0
2440	30404.0
2441	30684.0
2442	30544.0
2443	31604.0
2444	30880.0
2445	30820.0
2446	30804.0
2447	30888.0
2448	30428.0
2449	30388.0
2450	30508.0
2451	31420.0
2452	30812.0
2453	30728.0
2454	31280.0
2455	30884.0
2456	30536.0
2457	30952.0
2458	31132.0
2459	30092.0
2460	30328.0
2461	31480.0
2462	31144.0
2463	31336.0
2464	30744.0
2465	30636.0
2466	31052.0
2467	30816.0
2468	32388.0
2469	31136.0
2470	30944.0
2471	30996.0
2472	31136.0
2473	30480.0
2474	31256.0
2475	31000.0
2476	32216.0
2477	30712.0
2478	31540.0
2479	31096.0
2480	31136.0
2481	31356.0
2482	30992.0
2483	30708.0
2484	30612.0
2485	31080.0
2486	30848.0
2487	31100.0
2488	30360.0
2489	31724.0
2490	30712.0
2491	29960.0
2492	30644.0
2493	31324.0
2494	31132.0
2495	30276.0
2496	30672.0
2497	31616.0
2498	31280.0
2499	31412.0
2500	30836.0
2501	30116.0
2502	31248.0
2503	30752.0
2504	31436.0
2505	30856.0
2506	30996.0
2507	30572.0
2508	30796.0
2509	30748.0
2510	30792.0
2511	31364.0
2512	31328.0
2513	31140.0
2514	30460.0
2515	30676.0
2516	31344.0
2517	31076.0
2518	31856.0
2519	30844.0
2520	31416.0
2521	31228.0
2522	30092.0
2523	30852.0
2524	30712.0
2525	30092.0
2526	32056.0
2527	31604.0
2528	30540.0
2529	30116.0
2530	30472.0
2531	30400.0
2532	29784.0
2533	30088.0
2534	30476.0
2535	30768.0
2536	30296.0
2537	30692.0
2538	31136.0
2539	30664.0
2540	29796.0
2541	30216.0
2542	30624.0
2543	30624.0
2544	30928.0
2545	31180.0
2546	31372.0
2547	31720.0
2548	31056.0
2549	30760.0
2550	32060.0
2551	31272.0
2552	31260.0
2553	31564.0
2554	31976.0
2555	31572.0
2556	32048.0
2557	31656.0
2558	32056.0
2559	31400.0
2560	31692.0
2561	31384.0
2562	31948.0
2563	31184.0
2564	31648.0
2565	31984.0
2566	31268.0
2567	31484.0
2568	31844.0
2569	32000.0
2570	31624.0
2571	31524.0
2572	31732.0
2573	31600.0
2574	31184.0
2575	31624.0
2576	31876.0
2577	32440.0
2578	31356.0
2579	31860.0
2580	32416.0
2581	32868.0
2582	32000.0
2583	32184.0
2584	32068.0
2585	32324.0
2586	32060.0
2587	32552.0
2588	33060.0
2589	31412.0
2590	31612.0
2591	32124.0
2592	32164.0
2593	31840.0
2594	32088.0
2595	31980.0
2596	31912.0
2597	32888.0
2598	32204.0
2599	31564.0
2600	32496.0
2601	32328.0
2602	31756.0
2603	31936.0
2604	32068.0
2605	33260.0
2606	31496.0
2607	32060.0
2608	32016.0
2609	32896.0
2610	32344.0
2611	33016.0
2612	32716.0
2613	32960.0
2614	32936.0
2615	32336.0
2616	31768.0
2617	33216.0
2618	33372.0
2619	32864.0
2620	33468.0
2621	32864.0
2622	33404.0
2623	32640.0
2624	31968.0
2625	31844.0
2626	33156.0
2627	31164.0
2628	32588.0
2629	32904.0
2630	32940.0
2631	32652.0
2632	31956.0
2633	32460.0
2634	33576.0
2635	33124.0
2636	32756.0
2637	32128.0
2638	31948.0
2639	32196.0
2640	32244.0
2641	32424.0
2642	33100.0
2643	33184.0
2644	32692.0
2645	32472.0
2646	33008.0
2647	31604.0
2648	31468.0
2649	30812.0
2650	31628.0
2651	31404.0
2652	31552.0
2653	30460.0
2654	31996.0
2655	31308.0
2656	31164.0
2657	30420.0
2658	31100.0
2659	31512.0
2660	32028.0
2661	31484.0
2662	31688.0
2663	31088.0
2664	30860.0
2665	30780.0
2666	30936.0
2667	30292.0
2668	31548.0
2669	31152.0
2670	30364.0
2671	31008.0
2672	31168.0
2673	30256.0
2674	29452.0
2675	29676.0
2676	31500.0
2677	31460.0
2678	30520.0
2679	30224.0
2680	30328.0
2681	31008.0
2682	30728.0
2683	31304.0
2684	30284.0
2685	31320.0
2686	31652.0
2687	31568.0
2688	31496.0
2689	31348.0
2690	30620.0
2691	30888.0
2692	30960.0
2693	30772.0
2694	31488.0
2695	31704.0
2696	31376.0
2697	30908.0
2698	30472.0
2699	31344.0
2700	30920.0
2701	30660.0
2702	31660.0
2703	31976.0
2704	32100.0
2705	31416.0
2706	32228.0
2707	30140.0
2708	31248.0
2709	31620.0
2710	31648.0
2711	31732.0
2712	31176.0
2713	31624.0
2714	31508.0
2715	30732.0
2716	31408.0
2717	30952.0
2718	31400.0
2719	31720.0
2720	31320.0
2721	31724.0
2722	32828.0
2723	31756.0
2724	31384.0
2725	31604.0
2726	31532.0
2727	31396.0
2728	32048.0
2729	31988.0
2730	31088.0
2731	31468.0
2732	30808.0
2733	31212.0
2734	31428.0
2735	31968.0
2736	31872.0
2737	31684.0
2738	31376.0
2739	33240.0
2740	30748.0
2741	31644.0
2742	31808.0
2743	32040.0
2744	31056.0
2745	31584.0
2746	31624.0
2747	32040.0
