0	38.0
1	38.0
2	38.0
3	38.0
4	30.0
5	38.0
6	26.0
7	33.0
8	35.0
9	38.0
10	38.0
11	38.0
12	35.0
13	34.0
14	38.0
15	38.0
16	38.0
17	38.0
18	38.0
19	38.0
20	38.0
21	38.0
22	38.0
23	33.0
24	38.0
25	38.0
26	38.0
27	38.0
28	38.0
29	14.0
30	38.0
31	16.0
32	38.0
33	14.0
34	14.0
35	38.0
36	38.0
37	37.0
38	38.0
39	38.0
40	38.0
41	38.0
42	38.0
43	18.0
44	38.0
45	38.0
46	38.0
47	38.0
48	37.0
49	38.0
50	31.0
51	20.0
52	38.0
53	38.0
54	22.0
55	37.0
56	20.0
57	38.0
58	38.0
59	28.0
60	27.0
61	38.0
62	38.0
63	38.0
64	38.0
65	28.0
66	12.0
67	38.0
68	38.0
69	38.0
70	38.0
71	38.0
72	38.0
73	33.0
74	38.0
75	35.0
76	37.0
77	38.0
78	38.0
79	38.0
80	38.0
81	38.0
82	22.0
83	38.0
84	38.0
85	38.0
86	38.0
87	20.0
88	26.0
89	38.0
90	37.0
91	31.0
92	16.0
93	38.0
94	38.0
95	38.0
96	38.0
97	38.0
98	33.0
99	38.0
100	37.0
101	38.0
102	38.0
103	33.0
104	38.0
105	38.0
106	36.0
107	38.0
108	38.0
109	38.0
110	20.0
111	38.0
112	38.0
113	38.0
114	38.0
115	38.0
116	38.0
117	38.0
118	36.0
119	32.0
120	38.0
121	38.0
122	38.0
123	27.0
124	33.0
125	38.0
126	24.0
127	38.0
128	18.0
129	38.0
130	38.0
131	38.0
132	38.0
133	8.0
134	38.0
135	38.0
136	37.0
137	38.0
138	38.0
139	35.0
140	35.0
141	22.0
142	30.0
143	38.0
144	38.0
145	38.0
146	38.0
147	38.0
148	38.0
149	32.0
150	22.0
151	38.0
152	29.0
153	38.0
154	38.0
155	38.0
156	30.0
157	38.0
158	38.0
159	38.0
160	26.0
161	38.0
162	37.0
163	38.0
164	31.0
165	38.0
166	38.0
167	18.0
168	38.0
169	38.0
170	26.0
171	16.0
172	38.0
173	30.0
174	33.0
175	26.0
176	33.0
177	38.0
178	31.0
179	38.0
180	38.0
181	26.0
182	32.0
183	38.0
184	38.0
185	38.0
186	38.0
187	27.0
188	38.0
189	38.0
190	38.0
191	35.0
192	38.0
193	38.0
194	38.0
195	38.0
196	38.0
197	38.0
198	36.0
199	38.0
200	35.0
201	35.0
202	38.0
203	38.0
204	35.0
205	38.0
206	33.0
207	31.0
208	38.0
209	38.0
210	37.0
211	33.0
212	38.0
213	38.0
214	38.0
215	38.0
216	37.0
217	38.0
218	38.0
219	38.0
220	38.0
221	38.0
222	24.0
223	38.0
224	35.0
225	38.0
226	38.0
227	38.0
228	27.0
229	38.0
230	16.0
231	38.0
232	31.0
233	38.0
234	38.0
235	38.0
236	34.0
237	25.0
238	35.0
239	38.0
240	38.0
241	38.0
242	24.0
243	38.0
244	38.0
245	38.0
246	18.0
247	20.0
248	38.0
249	38.0
250	38.0
251	20.0
252	22.0
253	38.0
254	38.0
255	38.0
256	38.0
257	38.0
258	35.0
259	38.0
260	38.0
261	37.0
262	38.0
263	38.0
264	38.0
265	38.0
266	38.0
267	35.0
268	38.0
269	38.0
270	37.0
271	38.0
272	38.0
273	37.0
274	38.0
275	38.0
276	38.0
277	38.0
278	38.0
279	38.0
280	38.0
281	38.0
282	38.0
283	24.0
284	38.0
285	38.0
286	38.0
287	38.0
288	33.0
289	10.0
290	32.0
291	31.0
292	38.0
293	38.0
294	26.0
295	10.0
296	38.0
297	31.0
298	38.0
299	38.0
300	24.0
301	33.0
302	31.0
303	20.0
304	35.0
305	38.0
306	31.0
307	38.0
308	16.0
309	38.0
310	38.0
311	38.0
312	38.0
313	25.0
314	38.0
315	38.0
316	22.0
317	33.0
318	38.0
319	38.0
320	38.0
321	38.0
322	29.0
323	28.0
324	29.0
325	38.0
326	38.0
327	38.0
328	20.0
329	38.0
330	38.0
331	38.0
332	38.0
333	38.0
334	38.0
335	38.0
336	38.0
337	38.0
338	38.0
339	33.0
340	38.0
341	20.0
342	38.0
343	38.0
344	38.0
345	31.0
346	37.0
347	32.0
348	38.0
349	38.0
350	38.0
351	33.0
352	31.0
353	38.0
354	20.0
355	30.0
356	38.0
357	38.0
358	16.0
359	12.0
360	38.0
361	38.0
362	38.0
363	35.0
364	37.0
365	38.0
366	38.0
367	37.0
368	28.0
369	20.0
370	38.0
371	38.0
372	38.0
373	18.0
374	20.0
375	37.0
376	38.0
377	33.0
378	22.0
379	38.0
380	38.0
381	38.0
382	22.0
383	28.0
384	38.0
385	38.0
386	27.0
387	38.0
388	38.0
389	38.0
390	38.0
391	18.0
392	38.0
393	22.0
394	38.0
395	29.0
396	38.0
397	38.0
398	38.0
399	37.0
400	38.0
401	35.0
402	38.0
403	38.0
404	38.0
405	38.0
406	32.0
407	24.0
408	28.0
409	35.0
410	38.0
411	33.0
412	38.0
413	30.0
414	36.0
415	38.0
416	38.0
417	38.0
418	29.0
419	38.0
420	38.0
421	31.0
422	35.0
423	31.0
424	32.0
425	38.0
426	26.0
427	38.0
428	38.0
429	38.0
430	38.0
431	28.0
432	35.0
433	38.0
434	38.0
435	38.0
436	30.0
437	37.0
438	22.0
439	38.0
440	31.0
441	36.0
442	31.0
443	38.0
444	38.0
445	38.0
446	35.0
447	33.0
448	38.0
449	27.0
450	20.0
451	38.0
452	38.0
453	38.0
454	37.0
455	27.0
456	31.0
457	38.0
458	24.0
459	38.0
460	38.0
461	38.0
462	38.0
463	38.0
464	38.0
465	38.0
466	12.0
467	38.0
468	38.0
469	37.0
470	38.0
471	29.0
472	38.0
473	38.0
474	38.0
475	31.0
476	38.0
477	35.0
478	38.0
479	38.0
480	38.0
481	35.0
482	38.0
483	29.0
484	33.0
485	16.0
486	31.0
487	38.0
488	28.0
489	38.0
490	22.0
491	38.0
492	28.0
493	38.0
494	37.0
495	38.0
496	38.0
497	38.0
498	38.0
499	38.0
500	38.0
501	38.0
502	26.0
503	37.0
504	38.0
505	38.0
506	35.0
507	38.0
508	38.0
509	38.0
510	29.0
511	35.0
512	33.0
513	33.0
514	38.0
515	38.0
516	26.0
517	16.0
518	38.0
519	38.0
520	38.0
521	38.0
522	38.0
523	38.0
524	38.0
525	31.0
526	38.0
527	35.0
528	38.0
529	38.0
530	37.0
531	38.0
532	28.0
533	26.0
534	38.0
535	38.0
536	31.0
537	38.0
538	38.0
539	38.0
540	33.0
541	35.0
542	33.0
543	29.0
544	38.0
545	38.0
546	31.0
547	29.0
548	38.0
549	38.0
550	38.0
551	31.0
552	38.0
553	38.0
554	38.0
555	38.0
556	38.0
557	32.0
558	38.0
559	31.0
560	38.0
561	38.0
562	38.0
563	33.0
564	38.0
565	35.0
566	38.0
567	38.0
568	30.0
569	34.0
570	38.0
571	38.0
572	26.0
573	38.0
574	24.0
575	29.0
576	38.0
577	38.0
578	38.0
579	38.0
580	30.0
581	38.0
582	38.0
583	37.0
584	30.0
585	38.0
586	38.0
587	38.0
588	38.0
589	38.0
590	38.0
591	37.0
592	33.0
593	38.0
594	38.0
595	33.0
596	38.0
597	37.0
598	32.0
599	33.0
600	38.0
601	38.0
602	29.0
603	38.0
604	30.0
605	38.0
606	38.0
607	28.0
608	38.0
609	16.0
610	38.0
611	38.0
612	31.0
613	38.0
614	38.0
615	38.0
616	20.0
617	38.0
618	38.0
619	33.0
620	38.0
621	33.0
622	38.0
623	33.0
624	38.0
625	38.0
626	38.0
627	38.0
628	28.0
629	38.0
630	38.0
631	38.0
632	33.0
633	38.0
634	38.0
635	28.0
636	38.0
637	12.0
638	38.0
639	38.0
640	38.0
641	38.0
642	38.0
643	38.0
644	38.0
645	38.0
646	38.0
647	33.0
648	38.0
649	38.0
650	37.0
651	26.0
652	38.0
653	38.0
654	38.0
655	38.0
656	38.0
657	38.0
658	26.0
659	18.0
660	26.0
661	38.0
662	38.0
663	37.0
664	38.0
665	38.0
666	28.0
667	38.0
668	28.0
669	31.0
670	38.0
671	31.0
672	38.0
673	35.0
674	38.0
675	38.0
676	38.0
677	26.0
678	35.0
679	38.0
680	38.0
681	38.0
682	38.0
683	38.0
684	38.0
685	20.0
686	38.0
687	35.0
688	26.0
689	38.0
690	38.0
691	38.0
692	38.0
693	38.0
694	38.0
695	38.0
696	33.0
697	29.0
698	18.0
699	38.0
700	38.0
701	38.0
702	38.0
703	38.0
704	38.0
705	26.0
706	35.0
707	38.0
708	38.0
709	38.0
710	38.0
711	38.0
712	20.0
713	38.0
714	33.0
715	38.0
716	38.0
717	33.0
718	38.0
719	22.0
720	33.0
721	38.0
722	20.0
723	38.0
724	37.0
725	38.0
726	32.0
727	32.0
728	28.0
729	38.0
730	16.0
731	24.0
732	35.0
733	38.0
734	38.0
735	31.0
736	38.0
737	38.0
738	28.0
739	32.0
740	38.0
741	31.0
742	38.0
743	35.0
744	38.0
745	14.0
746	38.0
747	38.0
748	38.0
749	38.0
750	38.0
751	38.0
752	38.0
753	38.0
754	38.0
755	38.0
756	38.0
757	37.0
758	35.0
759	20.0
760	38.0
761	38.0
762	37.0
763	38.0
764	38.0
765	38.0
766	37.0
767	38.0
768	38.0
769	38.0
770	36.0
771	38.0
772	38.0
773	38.0
774	38.0
775	35.0
776	38.0
777	38.0
778	38.0
779	31.0
780	38.0
781	18.0
782	38.0
783	24.0
784	31.0
785	38.0
786	38.0
787	37.0
788	38.0
789	38.0
790	38.0
791	24.0
792	38.0
793	38.0
794	26.0
795	38.0
796	35.0
797	38.0
798	28.0
799	30.0
800	38.0
801	38.0
802	38.0
803	38.0
804	38.0
805	38.0
806	38.0
807	38.0
808	38.0
809	38.0
810	38.0
811	38.0
812	38.0
813	18.0
814	38.0
815	38.0
816	29.0
817	31.0
818	38.0
819	14.0
820	38.0
821	38.0
822	38.0
823	38.0
824	38.0
825	38.0
826	24.0
827	38.0
828	38.0
829	38.0
830	38.0
831	38.0
832	38.0
833	38.0
834	38.0
835	38.0
836	38.0
837	38.0
838	38.0
839	33.0
840	38.0
841	34.0
842	38.0
843	28.0
844	38.0
845	38.0
846	38.0
847	22.0
848	38.0
849	38.0
850	38.0
851	38.0
852	38.0
853	38.0
854	32.0
855	38.0
856	26.0
857	38.0
858	38.0
859	38.0
860	38.0
861	38.0
862	38.0
863	27.0
864	25.0
865	38.0
866	38.0
867	38.0
868	38.0
869	38.0
870	38.0
871	31.0
872	38.0
873	38.0
874	38.0
875	38.0
876	38.0
877	38.0
878	38.0
879	38.0
880	33.0
881	29.0
882	38.0
883	38.0
884	28.0
885	38.0
886	38.0
887	35.0
888	38.0
889	28.0
890	38.0
891	31.0
892	33.0
893	18.0
894	38.0
895	38.0
896	38.0
897	38.0
898	38.0
899	38.0
900	33.0
901	38.0
902	31.0
903	38.0
904	38.0
905	38.0
906	38.0
907	38.0
908	38.0
909	18.0
910	38.0
911	30.0
912	38.0
913	38.0
914	20.0
915	38.0
916	38.0
917	35.0
918	33.0
919	38.0
920	38.0
921	38.0
922	37.0
923	38.0
924	37.0
925	38.0
926	38.0
927	38.0
928	14.0
929	29.0
930	38.0
931	38.0
932	27.0
933	38.0
934	38.0
935	38.0
936	30.0
937	38.0
938	38.0
939	37.0
940	23.0
941	37.0
942	38.0
943	26.0
944	34.0
945	35.0
946	30.0
947	32.0
948	24.0
949	38.0
950	38.0
951	38.0
952	37.0
953	38.0
954	38.0
955	18.0
956	33.0
957	38.0
958	38.0
959	29.0
960	32.0
961	34.0
962	30.0
963	38.0
964	38.0
965	38.0
966	38.0
967	31.0
968	38.0
969	38.0
970	38.0
971	28.0
972	38.0
973	38.0
974	38.0
975	38.0
976	22.0
977	16.0
978	38.0
979	38.0
980	38.0
981	26.0
982	16.0
983	35.0
984	37.0
985	12.0
986	14.0
987	38.0
988	38.0
989	38.0
990	38.0
991	38.0
992	26.0
993	38.0
994	38.0
995	38.0
996	20.0
997	29.0
998	38.0
999	18.0
1000	38.0
1001	27.0
1002	38.0
1003	38.0
1004	31.0
1005	38.0
1006	38.0
1007	31.0
1008	38.0
1009	29.0
1010	16.0
1011	38.0
1012	38.0
1013	31.0
1014	18.0
1015	38.0
1016	38.0
1017	35.0
1018	37.0
1019	38.0
1020	31.0
1021	22.0
1022	38.0
1023	35.0
1024	38.0
1025	30.0
1026	38.0
1027	38.0
1028	37.0
1029	38.0
1030	38.0
1031	38.0
1032	31.0
1033	30.0
1034	38.0
1035	38.0
1036	38.0
1037	35.0
1038	38.0
1039	36.0
1040	38.0
1041	38.0
1042	38.0
1043	38.0
1044	27.0
1045	20.0
1046	31.0
1047	20.0
1048	38.0
1049	38.0
1050	38.0
1051	37.0
1052	38.0
1053	38.0
1054	38.0
1055	38.0
1056	38.0
1057	28.0
1058	35.0
1059	38.0
1060	38.0
1061	38.0
1062	38.0
1063	38.0
1064	14.0
1065	18.0
1066	38.0
1067	16.0
1068	31.0
1069	38.0
1070	18.0
1071	16.0
1072	38.0
1073	38.0
1074	38.0
1075	38.0
1076	38.0
1077	18.0
1078	37.0
1079	34.0
1080	26.0
1081	18.0
1082	24.0
1083	33.0
1084	38.0
1085	38.0
1086	30.0
1087	38.0
1088	31.0
1089	38.0
1090	38.0
1091	35.0
1092	38.0
1093	14.0
1094	31.0
1095	38.0
1096	38.0
1097	38.0
1098	22.0
1099	20.0
1100	12.0
1101	18.0
1102	35.0
1103	38.0
1104	26.0
1105	34.0
1106	35.0
1107	38.0
1108	38.0
1109	28.0
1110	29.0
1111	31.0
1112	38.0
1113	38.0
1114	38.0
1115	12.0
1116	38.0
1117	33.0
1118	18.0
1119	38.0
1120	38.0
1121	38.0
1122	16.0
1123	32.0
1124	38.0
1125	38.0
1126	38.0
1127	38.0
1128	20.0
1129	38.0
1130	22.0
1131	37.0
1132	38.0
1133	38.0
1134	38.0
1135	38.0
1136	38.0
1137	38.0
1138	38.0
1139	34.0
1140	35.0
1141	33.0
1142	20.0
1143	32.0
1144	20.0
1145	38.0
1146	26.0
1147	38.0
1148	38.0
1149	38.0
1150	38.0
1151	38.0
1152	31.0
1153	38.0
1154	38.0
1155	38.0
1156	38.0
1157	38.0
1158	16.0
1159	33.0
1160	33.0
1161	20.0
1162	8.0
1163	35.0
1164	38.0
1165	16.0
1166	38.0
1167	38.0
1168	28.0
1169	38.0
1170	38.0
1171	38.0
1172	38.0
1173	34.0
1174	26.0
1175	38.0
1176	38.0
1177	27.0
1178	38.0
1179	38.0
1180	24.0
1181	26.0
1182	38.0
1183	35.0
1184	38.0
1185	38.0
1186	38.0
1187	38.0
1188	38.0
1189	38.0
1190	27.0
1191	22.0
1192	38.0
1193	34.0
1194	38.0
1195	33.0
1196	38.0
1197	33.0
1198	38.0
1199	24.0
1200	38.0
1201	38.0
1202	38.0
1203	38.0
1204	24.0
1205	32.0
1206	38.0
1207	26.0
1208	37.0
1209	37.0
1210	38.0
1211	38.0
1212	38.0
1213	38.0
1214	24.0
1215	38.0
1216	38.0
1217	38.0
1218	38.0
1219	38.0
1220	37.0
1221	33.0
1222	38.0
1223	38.0
1224	38.0
1225	38.0
1226	38.0
1227	35.0
1228	38.0
1229	38.0
1230	38.0
1231	38.0
1232	38.0
1233	38.0
1234	38.0
1235	38.0
1236	38.0
1237	38.0
1238	20.0
1239	20.0
1240	38.0
1241	38.0
1242	38.0
1243	35.0
1244	38.0
1245	34.0
1246	38.0
1247	38.0
1248	38.0
1249	38.0
1250	38.0
1251	28.0
1252	28.0
1253	38.0
1254	24.0
1255	35.0
1256	8.0
1257	38.0
1258	38.0
1259	35.0
1260	28.0
1261	28.0
1262	31.0
1263	38.0
1264	38.0
1265	16.0
1266	38.0
1267	29.0
1268	38.0
1269	28.0
1270	37.0
1271	38.0
1272	35.0
1273	34.0
1274	38.0
1275	38.0
1276	38.0
1277	38.0
1278	31.0
1279	38.0
1280	38.0
1281	32.0
1282	35.0
1283	38.0
1284	38.0
1285	38.0
1286	31.0
1287	38.0
1288	38.0
1289	20.0
1290	38.0
1291	29.0
1292	35.0
1293	38.0
1294	38.0
1295	37.0
1296	38.0
1297	38.0
1298	38.0
1299	27.0
1300	18.0
1301	38.0
1302	38.0
1303	38.0
1304	38.0
1305	38.0
1306	38.0
1307	38.0
1308	30.0
1309	38.0
1310	38.0
1311	38.0
1312	38.0
1313	38.0
1314	38.0
1315	38.0
1316	38.0
1317	22.0
1318	33.0
1319	38.0
1320	37.0
1321	38.0
1322	38.0
1323	34.0
1324	38.0
1325	38.0
1326	24.0
1327	29.0
1328	10.0
1329	38.0
1330	35.0
1331	28.0
1332	35.0
1333	38.0
1334	38.0
1335	36.0
1336	33.0
1337	22.0
1338	38.0
1339	38.0
1340	38.0
1341	28.0
1342	33.0
1343	33.0
1344	30.0
1345	38.0
1346	38.0
1347	38.0
1348	38.0
1349	38.0
1350	22.0
1351	22.0
1352	30.0
1353	38.0
1354	38.0
1355	38.0
1356	38.0
1357	37.0
1358	38.0
1359	38.0
1360	33.0
1361	26.0
1362	12.0
1363	38.0
1364	38.0
1365	37.0
1366	38.0
1367	14.0
1368	34.0
1369	33.0
1370	38.0
1371	28.0
1372	28.0
1373	38.0
1374	18.0
1375	35.0
1376	38.0
1377	38.0
1378	22.0
1379	38.0
1380	38.0
1381	26.0
1382	38.0
1383	38.0
1384	38.0
1385	28.0
1386	33.0
1387	38.0
1388	38.0
1389	28.0
1390	34.0
1391	38.0
1392	37.0
1393	37.0
1394	38.0
1395	38.0
1396	38.0
1397	38.0
1398	38.0
1399	38.0
1400	38.0
1401	38.0
1402	38.0
1403	38.0
1404	30.0
1405	22.0
1406	38.0
1407	38.0
1408	38.0
1409	29.0
1410	38.0
1411	22.0
1412	38.0
1413	33.0
1414	38.0
1415	38.0
1416	22.0
1417	38.0
1418	38.0
1419	27.0
1420	38.0
1421	38.0
1422	38.0
1423	38.0
1424	38.0
1425	37.0
1426	38.0
1427	38.0
1428	38.0
1429	38.0
1430	38.0
1431	37.0
1432	38.0
1433	31.0
1434	37.0
1435	16.0
1436	38.0
1437	38.0
1438	32.0
1439	38.0
1440	31.0
1441	30.0
1442	38.0
1443	38.0
1444	38.0
1445	35.0
1446	14.0
1447	38.0
1448	38.0
1449	38.0
1450	38.0
1451	38.0
1452	38.0
1453	35.0
1454	38.0
1455	38.0
1456	38.0
1457	31.0
1458	31.0
1459	34.0
1460	38.0
1461	28.0
1462	37.0
1463	38.0
1464	38.0
1465	38.0
1466	37.0
1467	38.0
1468	38.0
1469	36.0
1470	35.0
1471	12.0
1472	33.0
1473	38.0
1474	26.0
1475	38.0
1476	37.0
1477	38.0
1478	26.0
1479	38.0
1480	33.0
1481	38.0
1482	38.0
1483	38.0
1484	16.0
1485	28.0
1486	38.0
1487	38.0
1488	38.0
1489	38.0
1490	38.0
1491	38.0
1492	38.0
1493	35.0
1494	28.0
1495	38.0
1496	29.0
1497	38.0
1498	38.0
1499	38.0
1500	38.0
1501	38.0
1502	38.0
1503	38.0
1504	38.0
1505	38.0
1506	12.0
1507	38.0
1508	27.0
1509	38.0
1510	38.0
1511	38.0
1512	38.0
1513	38.0
1514	38.0
1515	28.0
1516	38.0
1517	27.0
1518	38.0
1519	38.0
1520	38.0
1521	38.0
1522	38.0
1523	38.0
1524	30.0
1525	38.0
1526	38.0
1527	38.0
1528	38.0
1529	38.0
1530	24.0
1531	38.0
1532	26.0
1533	38.0
1534	31.0
1535	22.0
1536	38.0
1537	33.0
1538	38.0
1539	26.0
1540	38.0
1541	33.0
1542	36.0
1543	38.0
1544	38.0
1545	38.0
1546	38.0
1547	38.0
1548	35.0
1549	38.0
1550	38.0
1551	38.0
1552	38.0
1553	38.0
1554	27.0
1555	38.0
1556	29.0
1557	38.0
1558	38.0
1559	38.0
1560	38.0
1561	38.0
1562	38.0
1563	38.0
1564	38.0
1565	38.0
1566	35.0
1567	38.0
1568	28.0
1569	38.0
1570	38.0
1571	38.0
1572	38.0
1573	24.0
1574	38.0
1575	38.0
1576	38.0
1577	38.0
1578	33.0
1579	38.0
1580	33.0
1581	38.0
1582	38.0
1583	35.0
1584	38.0
1585	38.0
1586	29.0
1587	38.0
1588	25.0
1589	38.0
1590	38.0
1591	26.0
1592	38.0
1593	38.0
1594	38.0
1595	30.0
1596	38.0
1597	24.0
1598	38.0
1599	38.0
1600	33.0
1601	37.0
1602	14.0
1603	14.0
1604	38.0
1605	32.0
1606	33.0
1607	20.0
1608	38.0
1609	38.0
1610	38.0
1611	33.0
1612	38.0
1613	22.0
1614	38.0
1615	38.0
1616	22.0
1617	22.0
1618	38.0
1619	38.0
1620	33.0
1621	38.0
1622	38.0
1623	38.0
1624	38.0
1625	38.0
1626	38.0
1627	38.0
1628	38.0
1629	33.0
1630	28.0
1631	29.0
1632	38.0
1633	38.0
1634	38.0
1635	38.0
1636	24.0
1637	38.0
1638	38.0
1639	38.0
1640	38.0
1641	29.0
1642	38.0
1643	38.0
1644	38.0
1645	33.0
1646	30.0
1647	38.0
1648	38.0
1649	22.0
1650	38.0
1651	22.0
1652	38.0
1653	38.0
1654	38.0
1655	29.0
1656	38.0
1657	38.0
1658	29.0
1659	38.0
1660	38.0
1661	38.0
1662	38.0
1663	27.0
1664	38.0
1665	38.0
1666	38.0
1667	38.0
1668	35.0
1669	38.0
1670	31.0
1671	38.0
1672	34.0
1673	26.0
1674	38.0
1675	38.0
1676	22.0
1677	38.0
1678	38.0
1679	38.0
1680	29.0
1681	18.0
1682	38.0
1683	18.0
1684	33.0
1685	38.0
1686	30.0
1687	38.0
1688	38.0
1689	38.0
1690	38.0
1691	38.0
1692	38.0
1693	38.0
1694	38.0
1695	38.0
1696	32.0
1697	38.0
1698	38.0
1699	38.0
1700	38.0
1701	36.0
1702	38.0
1703	32.0
1704	38.0
1705	38.0
1706	38.0
1707	31.0
1708	38.0
1709	38.0
1710	38.0
1711	35.0
1712	27.0
1713	30.0
1714	38.0
1715	38.0
1716	37.0
1717	38.0
1718	37.0
1719	29.0
1720	34.0
1721	24.0
1722	18.0
1723	38.0
1724	38.0
1725	14.0
1726	38.0
1727	38.0
1728	38.0
1729	36.0
1730	38.0
1731	38.0
1732	38.0
1733	25.0
1734	38.0
1735	35.0
1736	38.0
1737	38.0
1738	38.0
1739	38.0
1740	38.0
1741	33.0
1742	38.0
1743	38.0
1744	38.0
1745	30.0
1746	33.0
1747	14.0
1748	32.0
1749	38.0
1750	38.0
1751	38.0
1752	38.0
1753	37.0
1754	38.0
1755	38.0
1756	38.0
1757	38.0
1758	38.0
1759	38.0
1760	38.0
1761	38.0
1762	37.0
1763	22.0
1764	32.0
1765	38.0
1766	38.0
1767	32.0
1768	38.0
1769	38.0
1770	31.0
1771	12.0
1772	24.0
1773	20.0
1774	38.0
1775	38.0
1776	38.0
1777	30.0
1778	38.0
1779	38.0
1780	38.0
1781	35.0
1782	33.0
1783	16.0
1784	38.0
1785	38.0
1786	38.0
1787	33.0
1788	38.0
1789	38.0
1790	38.0
1791	29.0
1792	38.0
1793	38.0
1794	14.0
1795	27.0
1796	38.0
1797	28.0
1798	20.0
1799	38.0
1800	38.0
1801	38.0
1802	38.0
1803	38.0
1804	38.0
1805	38.0
1806	38.0
1807	38.0
1808	38.0
1809	22.0
1810	38.0
1811	38.0
1812	38.0
1813	38.0
1814	38.0
1815	38.0
1816	38.0
1817	38.0
1818	38.0
1819	38.0
1820	35.0
1821	38.0
1822	38.0
1823	38.0
1824	38.0
1825	29.0
1826	38.0
1827	38.0
1828	38.0
1829	38.0
1830	20.0
1831	38.0
1832	38.0
1833	32.0
1834	31.0
1835	32.0
1836	33.0
1837	38.0
1838	20.0
1839	28.0
1840	38.0
1841	38.0
1842	38.0
1843	35.0
1844	38.0
1845	38.0
1846	38.0
1847	38.0
1848	37.0
1849	38.0
1850	37.0
1851	26.0
1852	38.0
1853	38.0
1854	38.0
1855	38.0
1856	38.0
1857	30.0
1858	28.0
1859	38.0
1860	22.0
1861	38.0
1862	38.0
1863	31.0
1864	38.0
1865	38.0
1866	38.0
1867	35.0
1868	38.0
1869	38.0
1870	38.0
1871	18.0
1872	38.0
1873	26.0
1874	38.0
1875	38.0
1876	38.0
1877	38.0
1878	18.0
1879	38.0
1880	38.0
1881	38.0
1882	38.0
1883	38.0
1884	38.0
1885	18.0
1886	38.0
1887	38.0
1888	38.0
1889	38.0
1890	37.0
1891	38.0
1892	38.0
1893	38.0
1894	38.0
1895	29.0
1896	35.0
1897	38.0
1898	38.0
1899	38.0
1900	33.0
1901	38.0
1902	38.0
1903	38.0
1904	38.0
1905	38.0
1906	38.0
1907	38.0
1908	38.0
1909	35.0
1910	38.0
1911	38.0
1912	38.0
1913	38.0
1914	38.0
1915	38.0
1916	38.0
1917	38.0
1918	31.0
1919	33.0
1920	37.0
1921	38.0
1922	38.0
1923	31.0
1924	38.0
1925	38.0
1926	38.0
1927	35.0
1928	37.0
1929	38.0
1930	35.0
1931	38.0
1932	38.0
1933	38.0
1934	28.0
1935	38.0
1936	38.0
1937	38.0
1938	37.0
1939	38.0
1940	38.0
1941	38.0
1942	26.0
1943	38.0
1944	33.0
1945	33.0
1946	33.0
1947	38.0
1948	8.0
1949	38.0
1950	12.0
1951	38.0
1952	38.0
1953	38.0
1954	30.0
1955	38.0
1956	38.0
1957	38.0
1958	38.0
1959	38.0
1960	38.0
1961	38.0
1962	38.0
1963	38.0
1964	38.0
1965	26.0
1966	10.0
1967	38.0
1968	38.0
1969	38.0
1970	38.0
1971	22.0
1972	38.0
1973	38.0
1974	38.0
1975	38.0
1976	38.0
1977	38.0
1978	38.0
1979	20.0
1980	38.0
1981	38.0
1982	20.0
1983	38.0
1984	26.0
1985	26.0
1986	38.0
1987	38.0
1988	35.0
1989	38.0
1990	38.0
1991	30.0
1992	38.0
1993	38.0
1994	38.0
1995	38.0
1996	38.0
1997	38.0
1998	37.0
1999	20.0
2000	38.0
2001	38.0
2002	38.0
2003	38.0
2004	38.0
2005	38.0
2006	24.0
2007	24.0
2008	38.0
2009	38.0
2010	37.0
2011	35.0
2012	38.0
2013	38.0
2014	38.0
2015	38.0
2016	37.0
2017	38.0
2018	38.0
2019	38.0
2020	26.0
2021	18.0
2022	26.0
2023	38.0
2024	38.0
2025	38.0
2026	32.0
2027	36.0
2028	38.0
2029	38.0
2030	32.0
2031	38.0
2032	38.0
2033	33.0
2034	26.0
2035	38.0
2036	38.0
2037	38.0
2038	38.0
2039	38.0
2040	24.0
2041	38.0
2042	37.0
2043	38.0
2044	38.0
2045	36.0
2046	38.0
2047	20.0
2048	37.0
2049	38.0
2050	38.0
2051	38.0
2052	35.0
2053	38.0
2054	38.0
2055	29.0
2056	12.0
2057	38.0
2058	26.0
2059	38.0
2060	38.0
2061	38.0
2062	31.0
2063	34.0
2064	38.0
2065	38.0
2066	38.0
2067	38.0
2068	38.0
2069	38.0
2070	38.0
2071	38.0
2072	38.0
2073	38.0
2074	38.0
2075	38.0
2076	37.0
2077	38.0
2078	38.0
2079	38.0
2080	38.0
2081	38.0
2082	38.0
2083	35.0
2084	38.0
2085	38.0
2086	38.0
2087	33.0
2088	38.0
2089	38.0
2090	38.0
2091	38.0
2092	33.0
2093	26.0
2094	38.0
2095	38.0
2096	38.0
2097	37.0
2098	38.0
2099	38.0
2100	35.0
2101	38.0
2102	38.0
2103	38.0
2104	38.0
2105	38.0
2106	38.0
2107	38.0
2108	38.0
2109	38.0
2110	38.0
2111	38.0
2112	28.0
2113	38.0
2114	38.0
2115	38.0
2116	38.0
2117	38.0
2118	35.0
2119	38.0
2120	35.0
2121	38.0
2122	38.0
2123	10.0
2124	38.0
2125	38.0
2126	20.0
2127	8.0
2128	18.0
2129	38.0
2130	38.0
2131	30.0
2132	24.0
2133	38.0
2134	38.0
2135	38.0
2136	38.0
2137	38.0
2138	33.0
2139	38.0
2140	34.0
2141	38.0
2142	38.0
2143	38.0
2144	26.0
2145	38.0
2146	24.0
2147	38.0
2148	38.0
2149	38.0
2150	38.0
2151	38.0
2152	38.0
2153	38.0
2154	38.0
2155	38.0
2156	38.0
2157	38.0
2158	38.0
2159	38.0
2160	36.0
2161	38.0
2162	38.0
2163	38.0
2164	38.0
2165	38.0
2166	38.0
2167	33.0
2168	38.0
2169	38.0
2170	26.0
2171	38.0
2172	38.0
2173	31.0
2174	38.0
2175	28.0
2176	18.0
2177	38.0
2178	38.0
2179	38.0
2180	24.0
2181	38.0
2182	38.0
2183	28.0
2184	38.0
2185	38.0
2186	31.0
2187	37.0
2188	38.0
2189	20.0
2190	38.0
2191	38.0
2192	38.0
2193	38.0
2194	32.0
2195	35.0
2196	38.0
2197	38.0
2198	38.0
2199	38.0
2200	37.0
2201	38.0
2202	38.0
2203	38.0
2204	38.0
2205	38.0
2206	38.0
2207	38.0
2208	30.0
2209	38.0
2210	38.0
2211	38.0
2212	35.0
2213	38.0
2214	38.0
2215	38.0
2216	38.0
2217	38.0
2218	38.0
2219	30.0
2220	33.0
2221	38.0
2222	38.0
2223	38.0
2224	38.0
2225	38.0
2226	38.0
2227	38.0
2228	38.0
2229	31.0
2230	38.0
2231	38.0
2232	38.0
2233	38.0
2234	33.0
2235	38.0
2236	38.0
2237	38.0
2238	38.0
2239	38.0
2240	38.0
2241	38.0
2242	38.0
2243	38.0
2244	35.0
2245	38.0
2246	38.0
2247	38.0
2248	38.0
2249	38.0
2250	38.0
2251	37.0
2252	38.0
2253	38.0
2254	38.0
2255	38.0
2256	38.0
2257	32.0
2258	38.0
2259	34.0
2260	32.0
2261	31.0
2262	37.0
2263	38.0
2264	38.0
2265	38.0
2266	38.0
2267	38.0
2268	24.0
2269	38.0
2270	38.0
2271	38.0
2272	38.0
2273	38.0
2274	38.0
2275	38.0
2276	38.0
2277	38.0
2278	38.0
2279	38.0
2280	38.0
2281	38.0
2282	38.0
2283	38.0
2284	38.0
2285	38.0
2286	38.0
2287	31.0
2288	38.0
2289	38.0
2290	38.0
2291	38.0
2292	38.0
2293	38.0
2294	38.0
2295	38.0
2296	38.0
2297	38.0
2298	38.0
2299	38.0
2300	38.0
2301	38.0
2302	38.0
2303	31.0
2304	38.0
2305	30.0
2306	38.0
2307	38.0
2308	38.0
2309	38.0
2310	38.0
2311	38.0
2312	24.0
2313	38.0
2314	27.0
2315	38.0
2316	38.0
2317	16.0
2318	38.0
2319	38.0
2320	38.0
2321	38.0
2322	38.0
2323	38.0
2324	38.0
2325	38.0
2326	38.0
2327	38.0
2328	38.0
2329	38.0
2330	38.0
2331	32.0
2332	28.0
2333	38.0
2334	38.0
2335	37.0
2336	38.0
2337	38.0
2338	38.0
2339	33.0
2340	38.0
2341	38.0
2342	38.0
2343	38.0
2344	38.0
2345	38.0
2346	38.0
2347	38.0
2348	38.0
2349	38.0
2350	38.0
2351	38.0
2352	38.0
2353	38.0
2354	38.0
2355	38.0
2356	38.0
2357	38.0
2358	38.0
2359	20.0
2360	38.0
2361	38.0
2362	34.0
2363	31.0
2364	38.0
2365	33.0
2366	38.0
2367	38.0
2368	38.0
2369	38.0
2370	38.0
2371	32.0
2372	38.0
2373	36.0
2374	38.0
2375	38.0
2376	38.0
2377	38.0
2378	38.0
2379	38.0
2380	26.0
2381	37.0
2382	38.0
2383	38.0
2384	33.0
2385	38.0
2386	38.0
2387	38.0
2388	37.0
2389	38.0
2390	38.0
2391	26.0
2392	38.0
2393	38.0
2394	38.0
2395	38.0
2396	38.0
2397	38.0
2398	38.0
2399	38.0
2400	38.0
2401	38.0
2402	38.0
2403	38.0
2404	33.0
2405	38.0
2406	38.0
2407	38.0
2408	38.0
2409	38.0
2410	38.0
2411	38.0
2412	38.0
2413	38.0
2414	38.0
2415	38.0
2416	38.0
2417	38.0
2418	38.0
2419	38.0
2420	38.0
2421	38.0
2422	38.0
2423	38.0
2424	38.0
2425	38.0
2426	38.0
2427	38.0
2428	38.0
2429	38.0
2430	35.0
2431	38.0
2432	38.0
2433	38.0
2434	38.0
2435	38.0
2436	38.0
2437	38.0
2438	30.0
2439	38.0
2440	38.0
2441	38.0
2442	38.0
2443	38.0
2444	38.0
2445	38.0
2446	38.0
2447	38.0
2448	38.0
2449	38.0
2450	38.0
2451	38.0
2452	38.0
2453	38.0
2454	38.0
2455	38.0
2456	38.0
2457	38.0
2458	38.0
2459	38.0
2460	35.0
2461	38.0
2462	38.0
2463	38.0
2464	38.0
2465	38.0
2466	38.0
2467	38.0
2468	38.0
2469	38.0
2470	38.0
2471	38.0
2472	38.0
2473	38.0
2474	38.0
2475	22.0
2476	38.0
2477	38.0
2478	22.0
2479	38.0
2480	38.0
2481	38.0
2482	38.0
2483	38.0
2484	38.0
2485	38.0
2486	38.0
2487	38.0
2488	38.0
2489	38.0
2490	38.0
2491	38.0
2492	38.0
2493	38.0
2494	38.0
2495	38.0
2496	38.0
2497	38.0
2498	38.0
2499	38.0
2500	38.0
2501	38.0
2502	38.0
2503	38.0
2504	38.0
2505	38.0
2506	38.0
2507	32.0
2508	38.0
2509	38.0
2510	38.0
2511	38.0
2512	38.0
2513	38.0
2514	35.0
2515	38.0
2516	38.0
2517	38.0
2518	38.0
2519	38.0
2520	38.0
2521	38.0
2522	38.0
2523	38.0
2524	38.0
2525	38.0
2526	38.0
2527	38.0
2528	38.0
2529	38.0
2530	38.0
2531	38.0
2532	38.0
2533	38.0
2534	38.0
2535	38.0
2536	38.0
2537	38.0
2538	38.0
2539	38.0
2540	38.0
2541	38.0
2542	38.0
2543	38.0
2544	38.0
2545	38.0
2546	33.0
2547	37.0
2548	38.0
2549	38.0
2550	38.0
2551	38.0
2552	38.0
2553	38.0
2554	38.0
2555	38.0
2556	38.0
2557	38.0
2558	38.0
2559	38.0
2560	38.0
2561	38.0
2562	38.0
2563	38.0
2564	38.0
2565	38.0
2566	38.0
2567	38.0
2568	38.0
2569	38.0
2570	38.0
2571	38.0
2572	38.0
2573	38.0
2574	38.0
2575	38.0
2576	38.0
2577	38.0
2578	38.0
2579	38.0
2580	38.0
2581	38.0
2582	38.0
2583	38.0
2584	38.0
2585	38.0
2586	38.0
2587	37.0
2588	38.0
2589	33.0
2590	38.0
2591	38.0
2592	38.0
2593	26.0
2594	38.0
2595	38.0
2596	38.0
2597	38.0
2598	38.0
2599	38.0
2600	38.0
2601	38.0
2602	38.0
2603	38.0
2604	38.0
2605	38.0
2606	38.0
2607	38.0
2608	38.0
2609	38.0
2610	38.0
2611	38.0
2612	38.0
2613	38.0
2614	38.0
2615	38.0
2616	38.0
2617	38.0
2618	38.0
2619	38.0
2620	38.0
2621	38.0
2622	38.0
2623	38.0
2624	38.0
2625	38.0
2626	38.0
2627	38.0
2628	38.0
2629	38.0
2630	38.0
2631	38.0
2632	38.0
2633	38.0
2634	38.0
2635	38.0
2636	38.0
2637	38.0
2638	38.0
2639	38.0
2640	38.0
2641	38.0
2642	38.0
2643	38.0
2644	38.0
2645	38.0
2646	38.0
2647	38.0
2648	38.0
2649	38.0
2650	38.0
2651	38.0
2652	38.0
2653	38.0
2654	38.0
2655	38.0
2656	38.0
2657	38.0
2658	38.0
2659	38.0
2660	38.0
2661	38.0
2662	38.0
2663	38.0
2664	38.0
2665	38.0
2666	38.0
2667	38.0
2668	38.0
2669	38.0
2670	38.0
2671	38.0
2672	38.0
2673	38.0
2674	38.0
2675	38.0
2676	38.0
2677	38.0
2678	38.0
2679	38.0
2680	38.0
2681	38.0
2682	38.0
2683	38.0
2684	38.0
2685	38.0
2686	38.0
2687	38.0
2688	38.0
2689	38.0
2690	38.0
2691	38.0
2692	38.0
2693	38.0
2694	38.0
2695	38.0
2696	38.0
2697	38.0
2698	38.0
2699	38.0
2700	38.0
2701	38.0
2702	38.0
2703	38.0
2704	38.0
2705	38.0
2706	38.0
2707	38.0
2708	38.0
2709	38.0
2710	38.0
2711	38.0
2712	38.0
2713	38.0
2714	38.0
2715	38.0
2716	38.0
2717	38.0
2718	38.0
2719	38.0
2720	38.0
2721	38.0
2722	38.0
2723	38.0
2724	38.0
2725	38.0
2726	38.0
2727	38.0
2728	38.0
2729	38.0
2730	38.0
2731	38.0
2732	38.0
2733	38.0
2734	38.0
2735	38.0
2736	38.0
2737	38.0
2738	38.0
2739	38.0
2740	38.0
2741	38.0
2742	38.0
2743	38.0
2744	38.0
2745	38.0
2746	38.0
2747	38.0
