0	5182.0
1	5532.0
2	5348.0
3	5612.0
4	5398.0
5	6538.0
6	5446.0
7	6364.0
8	6494.0
9	6406.0
10	6592.0
11	6326.0
12	5502.0
13	5622.0
14	5216.0
15	5358.0
16	5172.0
17	5424.0
18	5524.0
19	5320.0
20	5268.0
21	5576.0
22	5510.0
23	5506.0
24	5378.0
25	5362.0
26	5594.0
27	5514.0
28	5630.0
29	5714.0
30	5712.0
31	5508.0
32	5580.0
33	5484.0
34	5598.0
35	5724.0
36	5662.0
37	5854.0
38	5872.0
39	5748.0
40	5586.0
41	5740.0
42	5774.0
43	5776.0
44	5972.0
45	5842.0
46	5824.0
47	5800.0
48	5436.0
49	5606.0
50	5898.0
51	5898.0
52	5812.0
53	5954.0
54	5864.0
55	6124.0
56	6114.0
57	5738.0
58	6152.0
59	6060.0
60	6252.0
61	6114.0
62	6122.0
63	6108.0
64	5998.0
65	5966.0
66	5936.0
67	6232.0
68	6248.0
69	6196.0
70	6118.0
71	6190.0
72	5956.0
73	6062.0
74	5946.0
75	5998.0
76	6164.0
77	6176.0
78	6026.0
79	6104.0
80	6162.0
81	6088.0
82	5962.0
83	6026.0
84	6134.0
85	6282.0
86	6126.0
87	6024.0
88	6158.0
89	5978.0
90	6122.0
91	6188.0
92	6150.0
93	6358.0
94	6106.0
95	6226.0
96	6236.0
97	6094.0
98	5220.0
99	5198.0
100	5200.0
101	6040.0
102	6096.0
103	6104.0
104	6018.0
105	6154.0
106	6160.0
107	6062.0
108	6024.0
109	6014.0
110	6026.0
111	5978.0
112	5900.0
113	6218.0
114	5864.0
115	5944.0
116	5820.0
117	5706.0
118	5828.0
119	4996.0
120	5126.0
121	6048.0
122	5940.0
123	5494.0
124	5062.0
125	5016.0
126	5098.0
127	5242.0
128	5108.0
129	5104.0
130	5074.0
131	5230.0
132	5110.0
133	4984.0
134	5126.0
135	5288.0
136	5340.0
137	5132.0
138	5236.0
139	5358.0
140	5048.0
141	5028.0
142	5348.0
143	5334.0
144	5414.0
145	5158.0
146	5460.0
147	5350.0
148	5310.0
149	5400.0
150	5168.0
151	5582.0
152	5570.0
153	5430.0
154	5550.0
155	5624.0
156	5480.0
157	5268.0
158	5202.0
159	5794.0
160	5646.0
161	5578.0
162	5550.0
163	5506.0
164	5682.0
165	5686.0
166	5672.0
167	5618.0
168	5684.0
169	5644.0
170	5306.0
171	5528.0
172	5622.0
173	5552.0
174	5262.0
175	5562.0
176	5678.0
177	5822.0
178	5586.0
179	5850.0
180	5738.0
181	5812.0
182	5674.0
183	5850.0
184	5988.0
185	5860.0
186	5896.0
187	5812.0
188	6056.0
189	5768.0
190	5778.0
191	5872.0
192	5688.0
193	5666.0
194	5764.0
195	5762.0
196	5508.0
197	5854.0
198	5770.0
199	5660.0
200	5712.0
201	5846.0
202	5678.0
203	5734.0
204	5688.0
205	5780.0
206	5624.0
207	5762.0
208	5602.0
209	6018.0
210	5764.0
211	5676.0
212	5808.0
213	5754.0
214	5728.0
215	5664.0
216	5764.0
217	5718.0
218	5698.0
219	5996.0
220	5894.0
221	5738.0
222	5600.0
223	5754.0
224	5750.0
225	5568.0
226	5934.0
227	5632.0
228	5690.0
229	5612.0
230	5074.0
231	4864.0
232	5588.0
233	4848.0
234	5722.0
235	5698.0
236	5564.0
237	5506.0
238	5602.0
239	5748.0
240	5530.0
241	5456.0
242	5558.0
243	5766.0
244	5788.0
245	5498.0
246	5658.0
247	5846.0
248	4916.0
249	4940.0
250	4956.0
251	5130.0
252	4900.0
253	4974.0
254	4870.0
255	5804.0
256	5694.0
257	5610.0
258	5824.0
259	4914.0
260	4980.0
261	5822.0
262	4972.0
263	5736.0
264	5606.0
265	5872.0
266	4772.0
267	5720.0
268	5190.0
269	5636.0
270	4956.0
271	5126.0
272	4964.0
273	4992.0
274	4782.0
275	5056.0
276	4966.0
277	5138.0
278	5080.0
279	5362.0
280	5130.0
281	5174.0
282	5054.0
283	5052.0
284	5340.0
285	5478.0
286	5250.0
287	5312.0
288	5306.0
289	5292.0
290	5104.0
291	5290.0
292	5338.0
293	5104.0
294	5208.0
295	5430.0
296	5392.0
297	5578.0
298	5030.0
299	5338.0
300	5384.0
301	5512.0
302	5672.0
303	5498.0
304	5468.0
305	5550.0
306	5442.0
307	5484.0
308	5708.0
309	5666.0
310	5650.0
311	5624.0
312	5880.0
313	5736.0
314	5624.0
315	5388.0
316	5664.0
317	5520.0
318	5752.0
319	5576.0
320	5434.0
321	5422.0
322	5742.0
323	5564.0
324	5526.0
325	5596.0
326	5784.0
327	5712.0
328	5676.0
329	5856.0
330	5806.0
331	5600.0
332	5770.0
333	5738.0
334	5708.0
335	5636.0
336	5764.0
337	5656.0
338	5476.0
339	5766.0
340	5566.0
341	5554.0
342	5630.0
343	5460.0
344	5602.0
345	5658.0
346	5422.0
347	5664.0
348	5682.0
349	5584.0
350	5658.0
351	5476.0
352	5550.0
353	5488.0
354	5548.0
355	5462.0
356	5534.0
357	5556.0
358	5162.0
359	5692.0
360	5502.0
361	5518.0
362	5476.0
363	5578.0
364	5386.0
365	5596.0
366	5184.0
367	5430.0
368	5408.0
369	5468.0
370	4594.0
371	4714.0
372	4858.0
373	4818.0
374	4830.0
375	4572.0
376	4706.0
377	5342.0
378	5648.0
379	5442.0
380	5482.0
381	5398.0
382	4810.0
383	4908.0
384	5068.0
385	4702.0
386	4872.0
387	4794.0
388	4786.0
389	4756.0
390	5516.0
391	5576.0
392	4678.0
393	5332.0
394	4846.0
395	4856.0
396	4690.0
397	4780.0
398	4830.0
399	5288.0
400	5550.0
401	5442.0
402	5424.0
403	4792.0
404	5084.0
405	4874.0
406	4780.0
407	5400.0
408	5474.0
409	4930.0
410	4718.0
411	5076.0
412	4712.0
413	5046.0
414	5052.0
415	4640.0
416	4792.0
417	4814.0
418	4730.0
419	4938.0
420	4876.0
421	4754.0
422	4848.0
423	4850.0
424	4936.0
425	4778.0
426	4850.0
427	4958.0
428	5162.0
429	5136.0
430	5160.0
431	5076.0
432	5042.0
433	4964.0
434	5064.0
435	5138.0
436	5088.0
437	5204.0
438	5332.0
439	5158.0
440	5242.0
441	5206.0
442	5196.0
443	5284.0
444	5456.0
445	5202.0
446	5432.0
447	5494.0
448	5354.0
449	5228.0
450	5242.0
451	5306.0
452	5252.0
453	5340.0
454	5588.0
455	5356.0
456	5430.0
457	5456.0
458	5452.0
459	5672.0
460	5296.0
461	5498.0
462	5482.0
463	5688.0
464	5584.0
465	5506.0
466	5538.0
467	5832.0
468	5654.0
469	5664.0
470	5462.0
471	5492.0
472	5692.0
473	5620.0
474	5550.0
475	5406.0
476	5428.0
477	5732.0
478	5726.0
479	5678.0
480	5624.0
481	5578.0
482	5440.0
483	5526.0
484	5696.0
485	5638.0
486	5544.0
487	5374.0
488	5560.0
489	5502.0
490	5364.0
491	5516.0
492	5580.0
493	5472.0
494	5630.0
495	5406.0
496	5488.0
497	5676.0
498	5526.0
499	5462.0
500	5536.0
501	5636.0
502	5662.0
503	5592.0
504	5590.0
505	5572.0
506	5580.0
507	5660.0
508	5598.0
509	5376.0
510	4944.0
511	4942.0
512	4978.0
513	4988.0
514	5622.0
515	5684.0
516	5412.0
517	5554.0
518	5722.0
519	4942.0
520	5048.0
521	4972.0
522	5066.0
523	4702.0
524	5592.0
525	5608.0
526	5490.0
527	5380.0
528	5510.0
529	5650.0
530	5508.0
531	5004.0
532	4856.0
533	5646.0
534	4906.0
535	5528.0
536	5748.0
537	4952.0
538	4992.0
539	4754.0
540	4720.0
541	4740.0
542	4958.0
543	4890.0
544	5010.0
545	4970.0
546	4844.0
547	4786.0
548	4826.0
549	4922.0
550	4984.0
551	4820.0
552	4810.0
553	4892.0
554	4880.0
555	4958.0
556	4972.0
557	4902.0
558	4736.0
559	4782.0
560	4830.0
561	4838.0
562	5032.0
563	5024.0
564	5784.0
565	4906.0
566	4872.0
567	4922.0
568	4834.0
569	5034.0
570	4992.0
571	4990.0
572	5074.0
573	5070.0
574	4980.0
575	4936.0
576	5098.0
577	5116.0
578	5150.0
579	5146.0
580	5144.0
581	5104.0
582	4816.0
583	5076.0
584	4892.0
585	5126.0
586	5216.0
587	5258.0
588	5154.0
589	5208.0
590	5066.0
591	5152.0
592	5036.0
593	5156.0
594	5084.0
595	5474.0
596	5264.0
597	5342.0
598	5192.0
599	5168.0
600	5250.0
601	5144.0
602	5376.0
603	5376.0
604	5480.0
605	5328.0
606	5090.0
607	5196.0
608	5296.0
609	5450.0
610	5382.0
611	5438.0
612	5354.0
613	5386.0
614	5724.0
615	5498.0
616	5502.0
617	5440.0
618	5466.0
619	5460.0
620	5390.0
621	5296.0
622	5652.0
623	5414.0
624	5450.0
625	5496.0
626	5478.0
627	5566.0
628	5276.0
629	5450.0
630	5644.0
631	5432.0
632	5546.0
633	5684.0
634	5570.0
635	5510.0
636	5352.0
637	5650.0
638	5480.0
639	5594.0
640	5450.0
641	5614.0
642	5730.0
643	5478.0
644	5494.0
645	5762.0
646	5662.0
647	5654.0
648	5340.0
649	5586.0
650	5640.0
651	5656.0
652	5722.0
653	5480.0
654	5670.0
655	5756.0
656	5644.0
657	5652.0
658	5700.0
659	5532.0
660	5726.0
661	5556.0
662	5528.0
663	5786.0
664	5530.0
665	5630.0
666	5490.0
667	5854.0
668	5866.0
669	5640.0
670	5640.0
671	5656.0
672	5802.0
673	5596.0
674	5756.0
675	5696.0
676	5772.0
677	5574.0
678	5636.0
679	5620.0
680	5926.0
681	5550.0
682	5522.0
683	5624.0
684	5824.0
685	5830.0
686	5896.0
687	5662.0
688	5840.0
689	5784.0
690	5690.0
691	5848.0
692	5768.0
693	5804.0
694	5680.0
695	5632.0
696	5698.0
697	5796.0
698	5486.0
699	5486.0
700	5674.0
701	5754.0
702	5724.0
703	5634.0
704	5706.0
705	5622.0
706	5688.0
707	5458.0
708	5622.0
709	5546.0
710	5746.0
711	5772.0
712	5888.0
713	5786.0
714	5516.0
715	5682.0
716	5572.0
717	5680.0
718	5614.0
719	5088.0
720	4932.0
721	5172.0
722	5126.0
723	4884.0
724	4986.0
725	5662.0
726	5804.0
727	4982.0
728	5144.0
729	5824.0
730	5700.0
731	5694.0
732	5878.0
733	5578.0
734	5106.0
735	5086.0
736	5286.0
737	5132.0
738	5016.0
739	5136.0
740	4830.0
741	5006.0
742	5630.0
743	5074.0
744	5108.0
745	5188.0
746	4930.0
747	5160.0
748	4932.0
749	5106.0
750	4754.0
751	5036.0
752	5122.0
753	4890.0
754	5020.0
755	5014.0
756	4978.0
757	4956.0
758	5044.0
759	4898.0
760	5178.0
761	4988.0
762	5044.0
763	4974.0
764	5044.0
765	5222.0
766	5054.0
767	5002.0
768	5096.0
769	5032.0
770	4974.0
771	5126.0
772	5192.0
773	5180.0
774	5146.0
775	5060.0
776	5098.0
777	5260.0
778	5068.0
779	5568.0
780	5206.0
781	5368.0
782	5188.0
783	5252.0
784	5570.0
785	5314.0
786	5400.0
787	5314.0
788	5290.0
789	5384.0
790	5216.0
791	5360.0
792	5416.0
793	5440.0
794	5318.0
795	5160.0
796	5402.0
797	5428.0
798	5246.0
799	5478.0
800	5202.0
801	5444.0
802	5294.0
803	5220.0
804	5358.0
805	5524.0
806	5436.0
807	5344.0
808	5458.0
809	5436.0
810	5574.0
811	5488.0
812	5270.0
813	5508.0
814	5460.0
815	5626.0
816	5606.0
817	5500.0
818	5342.0
819	5754.0
820	5488.0
821	5460.0
822	5510.0
823	5408.0
824	5590.0
825	5808.0
826	5562.0
827	5718.0
828	5688.0
829	5370.0
830	5468.0
831	5520.0
832	5698.0
833	5868.0
834	5726.0
835	5574.0
836	5632.0
837	5512.0
838	5598.0
839	5694.0
840	5528.0
841	5782.0
842	5550.0
843	5688.0
844	5474.0
845	5604.0
846	5766.0
847	5614.0
848	5616.0
849	5496.0
850	5574.0
851	5472.0
852	5696.0
853	5522.0
854	5684.0
855	5724.0
856	5548.0
857	5692.0
858	5612.0
859	5600.0
860	5576.0
861	5402.0
862	5630.0
863	5790.0
864	5762.0
865	5470.0
866	5532.0
867	5610.0
868	5622.0
869	5536.0
870	5738.0
871	5614.0
872	5516.0
873	5614.0
874	5766.0
875	5668.0
876	5546.0
877	5724.0
878	5612.0
879	5676.0
880	5532.0
881	5496.0
882	5544.0
883	5624.0
884	5760.0
885	5546.0
886	5584.0
887	5552.0
888	5578.0
889	5512.0
890	5550.0
891	5478.0
892	5594.0
893	5656.0
894	5498.0
895	5596.0
896	5586.0
897	5542.0
898	5714.0
899	5704.0
900	5636.0
901	5748.0
902	5590.0
903	5720.0
904	5532.0
905	5616.0
906	5586.0
907	5664.0
908	5476.0
909	5684.0
910	5590.0
911	5884.0
912	5550.0
913	5972.0
914	5606.0
915	5730.0
916	5598.0
917	5664.0
918	5838.0
919	5720.0
920	5712.0
921	5760.0
922	5712.0
923	5638.0
924	5856.0
925	5776.0
926	5738.0
927	5746.0
928	5610.0
929	5732.0
930	5678.0
931	5740.0
932	5660.0
933	4992.0
934	5008.0
935	5806.0
936	5666.0
937	4944.0
938	5748.0
939	5816.0
940	5788.0
941	5580.0
942	5770.0
943	5756.0
944	5694.0
945	5052.0
946	5060.0
947	5030.0
948	5100.0
949	5216.0
950	5342.0
951	5010.0
952	5174.0
953	4916.0
954	5210.0
955	5154.0
956	5178.0
957	5246.0
958	5150.0
959	5072.0
960	5394.0
961	4960.0
962	5136.0
963	5034.0
964	5136.0
965	4972.0
966	5112.0
967	5104.0
968	5234.0
969	5170.0
970	5176.0
971	5202.0
972	5230.0
973	5132.0
974	5132.0
975	5390.0
976	5228.0
977	5348.0
978	5122.0
979	5242.0
980	5210.0
981	5120.0
982	5364.0
983	5792.0
984	5296.0
985	6120.0
986	5090.0
987	5010.0
988	5404.0
989	5196.0
990	5174.0
991	5238.0
992	5088.0
993	5248.0
994	5296.0
995	5198.0
996	5084.0
997	5988.0
998	5824.0
999	5942.0
1000	5942.0
1001	5170.0
1002	5092.0
1003	5282.0
1004	4988.0
1005	5074.0
1006	5310.0
1007	5304.0
1008	5164.0
1009	5420.0
1010	5152.0
1011	5336.0
1012	5266.0
1013	5132.0
1014	5330.0
1015	5334.0
1016	5512.0
1017	5510.0
1018	5464.0
1019	5250.0
1020	5110.0
1021	5348.0
1022	5498.0
1023	5592.0
1024	5424.0
1025	5404.0
1026	5256.0
1027	5282.0
1028	5444.0
1029	5288.0
1030	5560.0
1031	5398.0
1032	5290.0
1033	5352.0
1034	5540.0
1035	5616.0
1036	5468.0
1037	5578.0
1038	5530.0
1039	5650.0
1040	5610.0
1041	5716.0
1042	5676.0
1043	5614.0
1044	5500.0
1045	5632.0
1046	5610.0
1047	5786.0
1048	5534.0
1049	5456.0
1050	5672.0
1051	5646.0
1052	5768.0
1053	5624.0
1054	5918.0
1055	5538.0
1056	5632.0
1057	5814.0
1058	5598.0
1059	5758.0
1060	5454.0
1061	5692.0
1062	5648.0
1063	5622.0
1064	5498.0
1065	5678.0
1066	5636.0
1067	5726.0
1068	5694.0
1069	5532.0
1070	5498.0
1071	5588.0
1072	5566.0
1073	5736.0
1074	5786.0
1075	5722.0
1076	5506.0
1077	5682.0
1078	5598.0
1079	5928.0
1080	5930.0
1081	5766.0
1082	5718.0
1083	5840.0
1084	5862.0
1085	5664.0
1086	5812.0
1087	5894.0
1088	5876.0
1089	6022.0
1090	5684.0
1091	5830.0
1092	5844.0
1093	5776.0
1094	5772.0
1095	5566.0
1096	5868.0
1097	5754.0
1098	5838.0
1099	5820.0
1100	5872.0
1101	5650.0
1102	6032.0
1103	5934.0
1104	5964.0
1105	5902.0
1106	5836.0
1107	6058.0
1108	5814.0
1109	6052.0
1110	5820.0
1111	5698.0
1112	5838.0
1113	5806.0
1114	6226.0
1115	5774.0
1116	6000.0
1117	6078.0
1118	5802.0
1119	6028.0
1120	5804.0
1121	5910.0
1122	6166.0
1123	5902.0
1124	5836.0
1125	5780.0
1126	5992.0
1127	5882.0
1128	6088.0
1129	5966.0
1130	5920.0
1131	5934.0
1132	5786.0
1133	5914.0
1134	5900.0
1135	5886.0
1136	5864.0
1137	5962.0
1138	5874.0
1139	5866.0
1140	5938.0
1141	5934.0
1142	6004.0
1143	6096.0
1144	5884.0
1145	5852.0
1146	5976.0
1147	6096.0
1148	6042.0
1149	6092.0
1150	6024.0
1151	5866.0
1152	6078.0
1153	6094.0
1154	6106.0
1155	5982.0
1156	5826.0
1157	5854.0
1158	5948.0
1159	5984.0
1160	5884.0
1161	5958.0
1162	5812.0
1163	6172.0
1164	5984.0
1165	6168.0
1166	6004.0
1167	6012.0
1168	5950.0
1169	5890.0
1170	5896.0
1171	6028.0
1172	5880.0
1173	6138.0
1174	5874.0
1175	5818.0
1176	6166.0
1177	6174.0
1178	6104.0
1179	5962.0
1180	6134.0
1181	5852.0
1182	5930.0
1183	5964.0
1184	6196.0
1185	6184.0
1186	6000.0
1187	6142.0
1188	6032.0
1189	6170.0
1190	6002.0
1191	5936.0
1192	6072.0
1193	5958.0
1194	6196.0
1195	6116.0
1196	5926.0
1197	6070.0
1198	6168.0
1199	6066.0
1200	6056.0
1201	5984.0
1202	6108.0
1203	5868.0
1204	5976.0
1205	6266.0
1206	6222.0
1207	5888.0
1208	6118.0
1209	5694.0
1210	5564.0
1211	5628.0
1212	5648.0
1213	5394.0
1214	5630.0
1215	5360.0
1216	5656.0
1217	5438.0
1218	6148.0
1219	6084.0
1220	6000.0
1221	6240.0
1222	6126.0
1223	6082.0
1224	6126.0
1225	6018.0
1226	6164.0
1227	5492.0
1228	6368.0
1229	6174.0
1230	6052.0
1231	6032.0
1232	6140.0
1233	6080.0
1234	6228.0
1235	6088.0
1236	6108.0
1237	6062.0
1238	6124.0
1239	6114.0
1240	5912.0
1241	6008.0
1242	6048.0
1243	6132.0
1244	6160.0
1245	6108.0
1246	6320.0
1247	6002.0
1248	6278.0
1249	6230.0
1250	6162.0
1251	6454.0
1252	5534.0
1253	5376.0
1254	5616.0
1255	5462.0
1256	6216.0
1257	6438.0
1258	5328.0
1259	5692.0
1260	5478.0
1261	5522.0
1262	5458.0
1263	5452.0
1264	5484.0
1265	5508.0
1266	5350.0
1267	5480.0
1268	5342.0
1269	5332.0
1270	5564.0
1271	5578.0
1272	5988.0
1273	6228.0
1274	6348.0
1275	6350.0
1276	6314.0
1277	5482.0
1278	5526.0
1279	5382.0
1280	5778.0
1281	5432.0
1282	5604.0
1283	5558.0
1284	6084.0
1285	6100.0
1286	6160.0
1287	6466.0
1288	5554.0
1289	5526.0
1290	5408.0
1291	5564.0
1292	5572.0
1293	5722.0
1294	5506.0
1295	5698.0
1296	5462.0
1297	5524.0
1298	5398.0
1299	5390.0
1300	5592.0
1301	5500.0
1302	5288.0
1303	5564.0
1304	5452.0
1305	5656.0
1306	5442.0
1307	5302.0
1308	5486.0
1309	5264.0
1310	5254.0
1311	5338.0
1312	5384.0
1313	5710.0
1314	5640.0
1315	5552.0
1316	5488.0
1317	5564.0
1318	5586.0
1319	5360.0
1320	5432.0
1321	5414.0
1322	5602.0
1323	5496.0
1324	5494.0
1325	5498.0
1326	5436.0
1327	5592.0
1328	5670.0
1329	5602.0
1330	5566.0
1331	5784.0
1332	6424.0
1333	5824.0
1334	5648.0
1335	5694.0
1336	5666.0
1337	5736.0
1338	5618.0
1339	5608.0
1340	5454.0
1341	5596.0
1342	5556.0
1343	5488.0
1344	5468.0
1345	5520.0
1346	5532.0
1347	5478.0
1348	5482.0
1349	5608.0
1350	5474.0
1351	5438.0
1352	5546.0
1353	5408.0
1354	5438.0
1355	5490.0
1356	5460.0
1357	5376.0
1358	5426.0
1359	5524.0
1360	5644.0
1361	5464.0
1362	5542.0
1363	5438.0
1364	5564.0
1365	5528.0
1366	5788.0
1367	6456.0
1368	6410.0
1369	6330.0
1370	5554.0
1371	5532.0
1372	5706.0
1373	5554.0
1374	5456.0
1375	5514.0
1376	5324.0
1377	5498.0
1378	5464.0
1379	5516.0
1380	5618.0
1381	5334.0
1382	5508.0
1383	5328.0
1384	5462.0
1385	5608.0
1386	5574.0
1387	5560.0
1388	5560.0
1389	5626.0
1390	5568.0
1391	5556.0
1392	5626.0
1393	5544.0
1394	5678.0
1395	5660.0
1396	5792.0
1397	5684.0
1398	5662.0
1399	5716.0
1400	5364.0
1401	5642.0
1402	5724.0
1403	5570.0
1404	5590.0
1405	5730.0
1406	5550.0
1407	5626.0
1408	5550.0
1409	5566.0
1410	5670.0
1411	5642.0
1412	5586.0
1413	5660.0
1414	5766.0
1415	5820.0
1416	5722.0
1417	5726.0
1418	5650.0
1419	5778.0
1420	5684.0
1421	5746.0
1422	5764.0
1423	5676.0
1424	5736.0
1425	5822.0
1426	5714.0
1427	5572.0
1428	5728.0
1429	5442.0
1430	5704.0
1431	5620.0
1432	5716.0
1433	5490.0
1434	5608.0
1435	5802.0
1436	5656.0
1437	5530.0
1438	5696.0
1439	5572.0
1440	5668.0
1441	5716.0
1442	5734.0
1443	5730.0
1444	5698.0
1445	5824.0
1446	5530.0
1447	5826.0
1448	5880.0
1449	5668.0
1450	5898.0
1451	5786.0
1452	5772.0
1453	5840.0
1454	5780.0
1455	5638.0
1456	5924.0
1457	5736.0
1458	5742.0
1459	5642.0
1460	5652.0
1461	5718.0
1462	5670.0
1463	5792.0
1464	5748.0
1465	5736.0
1466	5616.0
1467	5676.0
1468	5878.0
1469	5992.0
1470	5952.0
1471	5766.0
1472	5960.0
1473	5750.0
1474	5860.0
1475	5894.0
1476	5930.0
1477	5914.0
1478	5776.0
1479	5646.0
1480	5772.0
1481	5920.0
1482	5892.0
1483	5582.0
1484	5922.0
1485	5904.0
1486	5740.0
1487	5784.0
1488	5844.0
1489	5938.0
1490	5696.0
1491	5614.0
1492	5936.0
1493	5792.0
1494	5776.0
1495	5798.0
1496	5986.0
1497	5918.0
1498	5980.0
1499	5696.0
1500	5990.0
1501	5862.0
1502	5828.0
1503	5878.0
1504	5932.0
1505	5682.0
1506	5858.0
1507	5936.0
1508	5844.0
1509	5868.0
1510	5864.0
1511	5984.0
1512	5946.0
1513	5894.0
1514	6092.0
1515	6118.0
1516	6130.0
1517	5994.0
1518	6096.0
1519	5878.0
1520	5920.0
1521	5962.0
1522	5918.0
1523	5976.0
1524	5840.0
1525	5964.0
1526	5900.0
1527	5904.0
1528	5950.0
1529	6084.0
1530	5968.0
1531	6154.0
1532	5724.0
1533	6038.0
1534	5800.0
1535	5762.0
1536	5710.0
1537	5894.0
1538	5522.0
1539	5784.0
1540	5858.0
1541	5832.0
1542	5832.0
1543	5882.0
1544	5944.0
1545	5814.0
1546	5860.0
1547	5868.0
1548	5956.0
1549	5752.0
1550	5964.0
1551	5908.0
1552	5886.0
1553	5782.0
1554	6312.0
1555	6000.0
1556	5806.0
1557	5862.0
1558	5924.0
1559	5988.0
1560	6136.0
1561	5800.0
1562	6024.0
1563	5954.0
1564	5848.0
1565	6074.0
1566	5972.0
1567	6058.0
1568	6024.0
1569	6006.0
1570	5778.0
1571	5908.0
1572	5826.0
1573	5624.0
1574	5744.0
1575	5868.0
1576	5956.0
1577	6028.0
1578	6074.0
1579	5860.0
1580	5880.0
1581	6016.0
1582	6194.0
1583	5866.0
1584	5986.0
1585	5774.0
1586	6010.0
1587	6054.0
1588	6022.0
1589	5870.0
1590	5930.0
1591	5712.0
1592	5882.0
1593	5904.0
1594	5966.0
1595	5960.0
1596	5746.0
1597	5832.0
1598	5874.0
1599	5828.0
1600	5998.0
1601	5754.0
1602	5860.0
1603	6064.0
1604	5978.0
1605	6200.0
1606	5932.0
1607	5830.0
1608	5848.0
1609	6018.0
1610	6068.0
1611	5734.0
1612	5856.0
1613	5864.0
1614	5878.0
1615	5888.0
1616	6038.0
1617	5962.0
1618	5722.0
1619	5878.0
1620	5810.0
1621	5990.0
1622	5784.0
1623	5860.0
1624	5664.0
1625	6010.0
1626	5898.0
1627	5804.0
1628	5804.0
1629	5952.0
1630	5658.0
1631	5818.0
1632	5722.0
1633	5780.0
1634	5872.0
1635	5600.0
1636	5736.0
1637	5790.0
1638	5686.0
1639	5770.0
1640	5562.0
1641	5706.0
1642	5926.0
1643	5728.0
1644	5788.0
1645	5700.0
1646	5854.0
1647	5760.0
1648	5736.0
1649	5776.0
1650	5782.0
1651	5846.0
1652	5780.0
1653	5802.0
1654	6110.0
1655	6112.0
1656	5958.0
1657	5802.0
1658	6048.0
1659	5906.0
1660	5920.0
1661	6126.0
1662	5912.0
1663	5900.0
1664	5854.0
1665	5830.0
1666	5874.0
1667	5882.0
1668	6002.0
1669	5992.0
1670	5876.0
1671	5876.0
1672	5624.0
1673	5814.0
1674	5950.0
1675	5920.0
1676	6028.0
1677	5988.0
1678	5810.0
1679	6140.0
1680	6014.0
1681	6068.0
1682	5780.0
1683	5984.0
1684	6080.0
1685	5912.0
1686	5964.0
1687	5850.0
1688	6042.0
1689	5766.0
1690	5752.0
1691	6048.0
1692	5964.0
1693	5870.0
1694	6090.0
1695	5902.0
1696	5638.0
1697	5864.0
1698	5958.0
1699	5810.0
1700	5880.0
1701	5958.0
1702	5942.0
1703	6122.0
1704	5728.0
1705	5906.0
1706	5896.0
1707	5892.0
1708	6122.0
1709	6052.0
1710	5782.0
1711	5724.0
1712	6210.0
1713	5840.0
1714	5844.0
1715	5862.0
1716	5796.0
1717	5968.0
1718	5930.0
1719	6194.0
1720	5952.0
1721	5998.0
1722	6018.0
1723	5782.0
1724	5940.0
1725	5638.0
1726	5828.0
1727	5826.0
1728	5792.0
1729	5878.0
1730	5716.0
1731	5664.0
1732	5738.0
1733	5862.0
1734	5706.0
1735	5760.0
1736	5882.0
1737	5786.0
1738	5788.0
1739	5864.0
1740	5806.0
1741	5840.0
1742	5858.0
1743	5878.0
1744	5734.0
1745	5886.0
1746	5890.0
1747	5984.0
1748	5820.0
1749	5836.0
1750	5822.0
1751	6000.0
1752	5680.0
1753	5736.0
1754	5750.0
1755	6104.0
1756	5798.0
1757	5686.0
1758	5748.0
1759	5828.0
1760	5798.0
1761	5588.0
1762	5776.0
1763	5928.0
1764	5944.0
1765	5698.0
1766	5806.0
1767	5754.0
1768	5840.0
1769	5810.0
1770	5768.0
1771	5766.0
1772	5944.0
1773	5746.0
1774	5666.0
1775	5778.0
1776	5830.0
1777	5670.0
1778	5866.0
1779	5708.0
1780	5650.0
1781	5748.0
1782	5578.0
1783	5826.0
1784	5606.0
1785	5798.0
1786	5742.0
1787	5682.0
1788	5830.0
1789	5752.0
1790	5652.0
1791	5780.0
1792	5880.0
1793	5702.0
1794	5618.0
1795	5926.0
1796	5672.0
1797	5744.0
1798	5712.0
1799	5616.0
1800	5554.0
1801	5660.0
1802	5602.0
1803	5648.0
1804	5814.0
1805	5794.0
1806	5630.0
1807	5786.0
1808	5428.0
1809	5876.0
1810	5736.0
1811	5628.0
1812	5574.0
1813	5694.0
1814	5746.0
1815	5688.0
1816	5668.0
1817	5834.0
1818	5554.0
1819	5504.0
1820	5644.0
1821	5684.0
1822	5746.0
1823	5570.0
1824	5536.0
1825	5560.0
1826	5496.0
1827	5782.0
1828	5586.0
1829	5634.0
1830	5530.0
1831	5692.0
1832	5602.0
1833	5624.0
1834	5542.0
1835	5696.0
1836	5654.0
1837	5330.0
1838	5752.0
1839	5756.0
1840	5708.0
1841	5530.0
1842	5508.0
1843	5546.0
1844	5630.0
1845	5526.0
1846	5286.0
1847	5588.0
1848	5424.0
1849	5608.0
1850	5376.0
1851	5444.0
1852	5680.0
1853	5546.0
1854	5484.0
1855	5662.0
1856	5392.0
1857	5454.0
1858	5570.0
1859	5594.0
1860	5620.0
1861	5514.0
1862	5564.0
1863	5552.0
1864	5480.0
1865	5484.0
1866	5406.0
1867	5432.0
1868	5560.0
1869	5454.0
1870	5216.0
1871	5344.0
1872	5538.0
1873	5460.0
1874	5434.0
1875	5408.0
1876	5482.0
1877	5432.0
1878	5272.0
1879	5244.0
1880	5330.0
1881	5278.0
1882	5488.0
1883	5506.0
1884	5336.0
1885	5266.0
1886	5332.0
1887	5532.0
1888	5226.0
1889	5400.0
1890	5326.0
1891	5478.0
1892	5484.0
1893	5430.0
1894	5494.0
1895	5334.0
1896	5406.0
1897	5456.0
1898	5604.0
1899	5236.0
1900	5354.0
1901	5578.0
1902	5240.0
1903	5234.0
1904	5150.0
1905	5260.0
1906	5240.0
1907	5158.0
1908	5126.0
1909	5334.0
1910	5384.0
1911	5420.0
1912	5264.0
1913	5344.0
1914	5284.0
1915	5430.0
1916	5296.0
1917	5314.0
1918	5318.0
1919	5438.0
1920	5234.0
1921	5116.0
1922	5224.0
1923	5258.0
1924	5076.0
1925	5280.0
1926	5150.0
1927	5302.0
1928	5200.0
1929	5238.0
1930	5300.0
1931	5422.0
1932	5296.0
1933	5128.0
1934	5222.0
1935	5130.0
1936	5096.0
1937	5250.0
1938	5098.0
1939	5252.0
1940	5350.0
1941	5200.0
1942	5042.0
1943	5278.0
1944	5076.0
1945	5168.0
1946	5278.0
1947	4988.0
1948	5024.0
1949	4998.0
1950	5138.0
1951	5468.0
1952	5150.0
1953	5080.0
1954	5034.0
1955	4902.0
1956	4912.0
1957	5170.0
1958	5038.0
1959	5134.0
1960	5194.0
1961	5112.0
1962	5096.0
1963	5248.0
1964	5126.0
1965	4914.0
1966	5138.0
1967	5054.0
1968	5038.0
1969	5170.0
1970	5174.0
1971	5154.0
1972	5142.0
1973	5134.0
1974	5060.0
1975	5068.0
1976	5158.0
1977	5204.0
1978	5098.0
1979	5276.0
1980	4924.0
1981	4954.0
1982	5182.0
1983	5136.0
1984	4888.0
1985	4984.0
1986	5048.0
1987	4976.0
1988	5066.0
1989	5110.0
1990	4952.0
1991	5092.0
1992	5052.0
1993	5056.0
1994	5576.0
1995	5800.0
1996	5630.0
1997	5230.0
1998	5008.0
1999	4976.0
2000	5102.0
2001	4978.0
2002	5238.0
2003	5156.0
2004	5170.0
2005	5050.0
2006	5082.0
2007	4856.0
2008	5160.0
2009	4960.0
2010	5774.0
2011	5730.0
2012	5604.0
2013	5576.0
2014	5686.0
2015	5714.0
2016	5772.0
2017	4984.0
2018	4932.0
2019	4918.0
2020	4962.0
2021	5054.0
2022	4980.0
2023	4830.0
2024	5568.0
2025	4874.0
2026	5154.0
2027	4930.0
2028	5746.0
2029	4974.0
2030	5424.0
2031	5636.0
2032	5536.0
2033	5704.0
2034	5596.0
2035	5066.0
2036	5018.0
2037	5028.0
2038	5020.0
2039	4972.0
2040	4918.0
2041	4942.0
2042	5174.0
2043	5062.0
2044	5034.0
2045	5056.0
2046	4854.0
2047	5770.0
2048	5432.0
2049	4716.0
2050	4740.0
2051	5064.0
2052	4708.0
2053	5076.0
2054	4956.0
2055	4826.0
2056	4778.0
2057	4874.0
2058	5694.0
2059	5118.0
2060	5688.0
2061	5488.0
2062	5612.0
2063	4982.0
2064	4906.0
2065	4820.0
2066	4970.0
2067	4694.0
2068	4840.0
2069	4848.0
2070	4754.0
2071	4792.0
2072	5562.0
2073	5570.0
2074	5438.0
2075	5578.0
2076	5472.0
2077	5672.0
2078	5530.0
2079	5744.0
2080	5560.0
2081	4720.0
2082	4798.0
2083	5360.0
2084	5620.0
2085	5520.0
2086	5410.0
2087	5552.0
2088	5526.0
2089	5354.0
2090	5572.0
2091	5724.0
2092	5476.0
2093	5486.0
2094	5488.0
2095	5436.0
2096	5566.0
2097	5472.0
2098	5430.0
2099	5640.0
2100	5366.0
2101	5552.0
2102	5832.0
2103	5392.0
2104	5392.0
2105	5456.0
2106	5424.0
2107	5378.0
2108	4852.0
2109	5022.0
2110	4660.0
2111	4866.0
2112	5118.0
2113	5610.0
2114	5762.0
2115	5568.0
2116	5406.0
2117	5556.0
2118	5450.0
2119	5484.0
2120	5626.0
2121	5350.0
2122	5476.0
2123	5496.0
2124	5492.0
2125	5324.0
2126	5306.0
2127	5520.0
2128	5410.0
2129	5300.0
2130	5204.0
2131	5258.0
2132	5310.0
2133	5178.0
2134	4872.0
2135	4646.0
2136	4816.0
2137	4916.0
2138	5424.0
2139	5616.0
2140	5366.0
2141	5360.0
2142	5274.0
2143	5208.0
2144	5334.0
2145	5392.0
2146	5356.0
2147	5458.0
2148	5332.0
2149	5200.0
2150	5406.0
2151	5174.0
2152	5378.0
2153	5380.0
2154	5190.0
2155	5210.0
2156	5378.0
2157	5288.0
2158	5448.0
2159	5134.0
2160	5284.0
2161	5498.0
2162	5242.0
2163	5254.0
2164	5340.0
2165	5368.0
2166	5536.0
2167	5490.0
2168	5554.0
2169	5350.0
2170	5380.0
2171	5248.0
2172	5694.0
2173	5488.0
2174	5536.0
2175	5300.0
2176	5400.0
2177	5628.0
2178	5462.0
2179	5468.0
2180	5278.0
2181	5470.0
2182	5418.0
2183	5206.0
2184	5410.0
2185	5420.0
2186	5620.0
2187	5328.0
2188	5410.0
2189	5280.0
2190	5426.0
2191	5390.0
2192	5552.0
2193	5426.0
2194	5602.0
2195	5390.0
2196	5406.0
2197	5464.0
2198	5448.0
2199	5458.0
2200	5406.0
2201	5412.0
2202	5432.0
2203	5274.0
2204	5182.0
2205	5416.0
2206	5178.0
2207	5156.0
2208	5302.0
2209	5410.0
2210	5192.0
2211	5168.0
2212	5464.0
2213	5186.0
2214	5270.0
2215	5172.0
2216	5198.0
2217	5426.0
2218	5192.0
2219	5246.0
2220	5226.0
2221	5230.0
2222	5208.0
2223	5202.0
2224	5236.0
2225	5236.0
2226	5146.0
2227	5176.0
2228	5196.0
2229	5164.0
2230	4988.0
2231	5040.0
2232	5186.0
2233	5066.0
2234	5134.0
2235	5062.0
2236	5020.0
2237	5036.0
2238	5212.0
2239	5184.0
2240	5044.0
2241	5040.0
2242	4980.0
2243	5092.0
2244	5094.0
2245	5014.0
2246	4922.0
2247	4884.0
2248	4842.0
2249	5100.0
2250	4872.0
2251	5012.0
2252	5094.0
2253	4888.0
2254	4972.0
2255	5068.0
2256	4960.0
2257	5144.0
2258	4814.0
2259	4974.0
2260	4910.0
2261	5096.0
2262	5024.0
2263	4948.0
2264	4952.0
2265	5056.0
2266	5034.0
2267	4688.0
2268	4798.0
2269	4966.0
2270	4838.0
2271	4972.0
2272	5018.0
2273	4998.0
2274	4896.0
2275	4920.0
2276	4842.0
2277	4822.0
2278	4986.0
2279	4904.0
2280	4902.0
2281	4940.0
2282	4702.0
2283	4998.0
2284	4838.0
2285	4738.0
2286	4828.0
2287	4676.0
2288	4920.0
2289	4870.0
2290	4776.0
2291	4834.0
2292	4630.0
2293	4782.0
2294	4716.0
2295	4856.0
2296	4710.0
2297	4626.0
2298	4704.0
2299	4532.0
2300	4784.0
2301	4646.0
2302	4794.0
2303	4678.0
2304	4660.0
2305	4584.0
2306	4670.0
2307	4800.0
2308	4552.0
2309	4670.0
2310	4524.0
2311	4470.0
2312	4616.0
2313	4492.0
2314	4678.0
2315	4574.0
2316	4644.0
2317	4424.0
2318	4562.0
2319	4624.0
2320	4498.0
2321	4500.0
2322	4606.0
2323	4656.0
2324	4484.0
2325	4620.0
2326	4660.0
2327	4440.0
2328	4506.0
2329	4468.0
2330	4556.0
2331	4678.0
2332	4666.0
2333	4492.0
2334	4406.0
2335	4490.0
2336	4354.0
2337	4542.0
2338	4474.0
2339	4580.0
2340	4598.0
2341	4434.0
2342	4400.0
2343	4598.0
2344	4424.0
2345	4472.0
2346	4448.0
2347	4616.0
2348	4450.0
2349	4514.0
2350	4396.0
2351	4620.0
2352	4544.0
2353	4378.0
2354	4606.0
2355	4558.0
2356	4702.0
2357	4458.0
2358	4620.0
2359	4486.0
2360	4420.0
2361	4586.0
2362	4508.0
2363	4610.0
2364	4554.0
2365	4576.0
2366	4204.0
2367	4340.0
2368	4430.0
2369	4644.0
2370	4378.0
2371	4568.0
2372	4588.0
2373	4532.0
2374	4536.0
2375	4334.0
2376	4586.0
2377	4586.0
2378	4572.0
2379	4976.0
2380	5054.0
2381	4860.0
2382	4996.0
2383	4282.0
2384	4386.0
2385	4654.0
2386	4476.0
2387	4948.0
2388	5052.0
2389	4526.0
2390	4310.0
2391	4334.0
2392	4150.0
2393	4350.0
2394	4392.0
2395	4200.0
2396	4352.0
2397	4882.0
2398	4770.0
2399	4770.0
2400	4844.0
2401	4268.0
2402	4272.0
2403	4398.0
2404	4346.0
2405	4326.0
2406	4352.0
2407	4142.0
2408	4268.0
2409	4318.0
2410	5114.0
2411	4942.0
2412	4990.0
2413	5156.0
2414	4998.0
2415	4966.0
2416	4704.0
2417	4938.0
2418	4928.0
2419	4952.0
2420	4908.0
2421	4968.0
2422	4918.0
2423	4860.0
2424	4878.0
2425	5064.0
2426	4826.0
2427	4930.0
2428	5080.0
2429	5012.0
2430	4788.0
2431	4908.0
2432	5082.0
2433	4818.0
2434	4902.0
2435	4960.0
2436	4932.0
2437	4980.0
2438	4822.0
2439	4786.0
2440	4898.0
2441	4948.0
2442	4886.0
2443	4670.0
2444	4920.0
2445	4866.0
2446	4656.0
2447	4852.0
2448	4828.0
2449	4808.0
2450	4692.0
2451	4968.0
2452	4916.0
2453	4684.0
2454	4830.0
2455	4802.0
2456	4850.0
2457	4770.0
2458	4938.0
2459	4682.0
2460	4514.0
2461	4702.0
2462	4696.0
2463	4884.0
2464	4730.0
2465	4742.0
2466	4782.0
2467	4854.0
2468	4824.0
2469	4728.0
2470	4846.0
2471	4626.0
2472	4664.0
2473	4730.0
2474	4780.0
2475	4662.0
2476	4594.0
2477	4704.0
2478	4794.0
2479	4744.0
2480	4674.0
2481	4598.0
2482	4646.0
2483	4616.0
2484	4630.0
2485	4642.0
2486	4600.0
2487	4552.0
2488	4484.0
2489	4550.0
2490	4604.0
2491	4618.0
2492	4684.0
2493	4490.0
2494	4656.0
2495	4598.0
2496	4418.0
2497	4510.0
2498	4466.0
2499	4350.0
2500	4368.0
2501	4438.0
2502	4510.0
2503	4496.0
2504	4396.0
2505	4264.0
2506	4322.0
2507	4312.0
2508	4346.0
2509	4288.0
2510	4452.0
2511	4396.0
2512	4358.0
2513	4188.0
2514	4304.0
2515	4454.0
2516	4220.0
2517	4376.0
2518	4404.0
2519	4244.0
2520	4258.0
2521	4212.0
2522	4142.0
2523	4128.0
2524	4334.0
2525	4250.0
2526	4190.0
2527	4238.0
2528	4110.0
2529	4010.0
2530	4004.0
2531	4226.0
2532	4122.0
2533	4162.0
2534	4060.0
2535	3922.0
2536	4170.0
2537	4082.0
2538	4214.0
2539	3900.0
2540	3954.0
2541	4130.0
2542	3928.0
2543	4046.0
2544	4140.0
2545	3902.0
2546	3986.0
2547	4086.0
2548	3944.0
2549	3760.0
2550	3796.0
2551	3950.0
2552	3678.0
2553	3964.0
2554	3762.0
2555	3808.0
2556	3816.0
2557	3712.0
2558	3930.0
2559	3708.0
2560	3696.0
2561	3710.0
2562	3816.0
2563	3742.0
2564	3788.0
2565	3818.0
2566	3834.0
2567	3776.0
2568	3724.0
2569	3622.0
2570	3634.0
2571	3686.0
2572	3608.0
2573	3496.0
2574	3672.0
2575	3602.0
2576	3968.0
2577	3626.0
2578	3680.0
2579	3676.0
2580	3590.0
2581	3482.0
2582	3636.0
2583	3796.0
2584	3488.0
2585	3540.0
2586	3578.0
2587	3536.0
2588	3494.0
2589	3616.0
2590	3548.0
2591	3624.0
2592	3634.0
2593	3576.0
2594	3716.0
2595	3698.0
2596	3592.0
2597	3426.0
2598	3428.0
2599	3574.0
2600	3538.0
2601	3520.0
2602	3562.0
2603	3480.0
2604	3358.0
2605	3422.0
2606	3592.0
2607	3530.0
2608	3430.0
2609	3396.0
2610	3440.0
2611	3550.0
2612	3402.0
2613	3560.0
2614	3378.0
2615	3582.0
2616	3292.0
2617	3318.0
2618	3638.0
2619	3988.0
2620	3350.0
2621	3356.0
2622	3714.0
2623	3366.0
2624	3256.0
2625	3342.0
2626	3262.0
2627	3426.0
2628	3308.0
2629	3228.0
2630	3182.0
2631	3080.0
2632	3392.0
2633	3360.0
2634	3670.0
2635	3590.0
2636	3626.0
2637	3850.0
2638	3598.0
2639	3118.0
2640	3318.0
2641	3788.0
2642	3282.0
2643	3578.0
2644	3648.0
2645	3570.0
2646	3656.0
2647	3522.0
2648	3384.0
2649	3520.0
2650	3656.0
2651	3466.0
2652	3498.0
2653	3396.0
2654	3414.0
2655	3462.0
2656	3364.0
2657	3430.0
2658	3534.0
2659	3326.0
2660	3564.0
2661	3578.0
2662	3622.0
2663	3554.0
2664	3522.0
2665	3466.0
2666	3488.0
2667	3474.0
2668	3440.0
2669	3478.0
2670	3372.0
2671	3398.0
2672	3358.0
2673	3342.0
2674	3422.0
2675	3472.0
2676	3512.0
2677	3388.0
2678	3440.0
2679	3390.0
2680	3398.0
2681	3484.0
2682	3464.0
2683	3502.0
2684	3362.0
2685	3464.0
2686	3264.0
2687	3296.0
2688	3298.0
2689	3210.0
2690	3386.0
2691	3452.0
2692	3394.0
2693	3348.0
2694	3282.0
2695	3386.0
2696	3170.0
2697	3308.0
2698	3072.0
2699	3374.0
2700	3322.0
2701	3108.0
2702	3296.0
2703	3296.0
2704	3258.0
2705	3306.0
2706	3286.0
2707	3348.0
2708	3244.0
2709	3220.0
2710	3032.0
2711	3078.0
2712	3216.0
2713	3040.0
2714	3036.0
2715	3190.0
2716	3052.0
2717	3054.0
2718	3172.0
2719	3180.0
2720	3024.0
2721	3034.0
2722	3056.0
2723	3070.0
2724	3032.0
2725	3036.0
2726	2938.0
2727	2934.0
2728	2872.0
2729	2920.0
2730	2862.0
2731	2966.0
2732	2848.0
2733	3046.0
2734	2908.0
2735	3290.0
2736	2988.0
2737	2984.0
2738	2734.0
2739	2840.0
2740	3058.0
2741	3002.0
2742	2828.0
2743	2760.0
2744	2726.0
2745	2756.0
2746	2812.0
2747	2722.0
