0	3626.0
1	3390.0
2	3426.0
3	3412.0
4	3480.0
5	4008.0
6	3486.0
7	3976.0
8	3934.0
9	4136.0
10	4042.0
11	3988.0
12	3486.0
13	3340.0
14	3524.0
15	3272.0
16	3520.0
17	3504.0
18	3506.0
19	3458.0
20	3406.0
21	3538.0
22	3598.0
23	3404.0
24	3472.0
25	3406.0
26	3624.0
27	3418.0
28	3604.0
29	3512.0
30	3464.0
31	3300.0
32	3166.0
33	3380.0
34	3480.0
35	3502.0
36	3422.0
37	3288.0
38	3626.0
39	3510.0
40	3614.0
41	3564.0
42	3492.0
43	3560.0
44	3542.0
45	3450.0
46	3750.0
47	3792.0
48	3682.0
49	3484.0
50	3782.0
51	3740.0
52	3816.0
53	3800.0
54	3796.0
55	3864.0
56	3710.0
57	3694.0
58	3916.0
59	3712.0
60	3848.0
61	3910.0
62	3674.0
63	3776.0
64	3918.0
65	3764.0
66	3748.0
67	3692.0
68	3744.0
69	3732.0
70	3724.0
71	3678.0
72	3816.0
73	3740.0
74	3814.0
75	3856.0
76	3842.0
77	3800.0
78	3970.0
79	3712.0
80	4000.0
81	3894.0
82	4008.0
83	3980.0
84	3880.0
85	3822.0
86	3742.0
87	3864.0
88	3880.0
89	3878.0
90	3718.0
91	3614.0
92	3774.0
93	3724.0
94	3766.0
95	3726.0
96	3830.0
97	3996.0
98	3278.0
99	3478.0
100	3418.0
101	3930.0
102	3848.0
103	3864.0
104	3924.0
105	3902.0
106	3792.0
107	3994.0
108	3900.0
109	3866.0
110	3676.0
111	3782.0
112	3834.0
113	3836.0
114	3828.0
115	3870.0
116	3814.0
117	3876.0
118	3848.0
119	3364.0
120	3406.0
121	3852.0
122	3700.0
123	3248.0
124	3344.0
125	3346.0
126	3358.0
127	3338.0
128	3486.0
129	3310.0
130	3298.0
131	3302.0
132	3332.0
133	3334.0
134	3412.0
135	3392.0
136	3418.0
137	3390.0
138	3454.0
139	3424.0
140	3388.0
141	3444.0
142	3322.0
143	3530.0
144	3404.0
145	3454.0
146	3400.0
147	3352.0
148	3382.0
149	3286.0
150	3344.0
151	3390.0
152	3350.0
153	3344.0
154	3376.0
155	3528.0
156	3398.0
157	3550.0
158	3466.0
159	3382.0
160	3430.0
161	3486.0
162	3570.0
163	3570.0
164	3670.0
165	3488.0
166	3594.0
167	3662.0
168	3506.0
169	3532.0
170	3566.0
171	3740.0
172	3600.0
173	3526.0
174	3562.0
175	3522.0
176	3612.0
177	3516.0
178	3720.0
179	3752.0
180	3588.0
181	3704.0
182	3778.0
183	3682.0
184	3680.0
185	3810.0
186	3950.0
187	3716.0
188	3902.0
189	3818.0
190	3706.0
191	3922.0
192	3948.0
193	3862.0
194	3622.0
195	3726.0
196	3580.0
197	3724.0
198	3550.0
199	3716.0
200	3526.0
201	3462.0
202	3614.0
203	3646.0
204	3628.0
205	3716.0
206	3706.0
207	3506.0
208	3626.0
209	3716.0
210	3414.0
211	3788.0
212	3772.0
213	3734.0
214	3662.0
215	3762.0
216	3808.0
217	3722.0
218	3512.0
219	3676.0
220	3540.0
221	3616.0
222	3752.0
223	3650.0
224	3516.0
225	3666.0
226	3588.0
227	3448.0
228	3540.0
229	4032.0
230	3452.0
231	3406.0
232	3550.0
233	3478.0
234	3766.0
235	3690.0
236	3744.0
237	3668.0
238	3636.0
239	3656.0
240	3698.0
241	3620.0
242	3664.0
243	3630.0
244	3672.0
245	3752.0
246	3650.0
247	3738.0
248	3466.0
249	3336.0
250	3324.0
251	3368.0
252	3170.0
253	3380.0
254	3340.0
255	3678.0
256	3828.0
257	3768.0
258	3840.0
259	3300.0
260	3296.0
261	3720.0
262	3550.0
263	3838.0
264	3828.0
265	3888.0
266	3378.0
267	3896.0
268	3482.0
269	3986.0
270	3492.0
271	3346.0
272	3372.0
273	3420.0
274	3300.0
275	3372.0
276	3446.0
277	3504.0
278	3536.0
279	3266.0
280	3488.0
281	3446.0
282	3258.0
283	3434.0
284	3338.0
285	3422.0
286	3380.0
287	3224.0
288	3294.0
289	3300.0
290	3438.0
291	3434.0
292	3350.0
293	3404.0
294	3502.0
295	3312.0
296	3382.0
297	3736.0
298	3338.0
299	3452.0
300	3476.0
301	3436.0
302	3516.0
303	3462.0
304	3618.0
305	3476.0
306	3540.0
307	3528.0
308	3514.0
309	3494.0
310	3610.0
311	3454.0
312	3470.0
313	3546.0
314	3580.0
315	3608.0
316	3556.0
317	3570.0
318	3670.0
319	3576.0
320	3678.0
321	3604.0
322	3636.0
323	3646.0
324	3566.0
325	3856.0
326	3658.0
327	3554.0
328	3626.0
329	3680.0
330	3628.0
331	3682.0
332	3560.0
333	3518.0
334	3724.0
335	3692.0
336	3840.0
337	3652.0
338	3576.0
339	3434.0
340	3500.0
341	3334.0
342	3372.0
343	3746.0
344	3584.0
345	3732.0
346	3686.0
347	3506.0
348	3616.0
349	3430.0
350	3454.0
351	3592.0
352	3592.0
353	3632.0
354	3572.0
355	3426.0
356	3486.0
357	3644.0
358	3588.0
359	3582.0
360	3512.0
361	3730.0
362	3706.0
363	3604.0
364	3428.0
365	3606.0
366	3706.0
367	3680.0
368	3586.0
369	3738.0
370	3382.0
371	3382.0
372	3220.0
373	3320.0
374	3364.0
375	3180.0
376	3330.0
377	3594.0
378	3646.0
379	3664.0
380	3642.0
381	3568.0
382	3134.0
383	3402.0
384	3550.0
385	3344.0
386	3388.0
387	3342.0
388	3362.0
389	3328.0
390	3564.0
391	3854.0
392	3224.0
393	3230.0
394	3380.0
395	3498.0
396	3126.0
397	3362.0
398	3326.0
399	3848.0
400	3782.0
401	3580.0
402	3792.0
403	3300.0
404	3290.0
405	3226.0
406	3416.0
407	3696.0
408	3994.0
409	3338.0
410	3258.0
411	3400.0
412	3318.0
413	3066.0
414	3176.0
415	3204.0
416	3194.0
417	3224.0
418	3222.0
419	3094.0
420	3120.0
421	3242.0
422	3278.0
423	3206.0
424	3370.0
425	3264.0
426	3168.0
427	3360.0
428	3298.0
429	3202.0
430	3362.0
431	3206.0
432	3328.0
433	3148.0
434	3230.0
435	3482.0
436	3272.0
437	3342.0
438	3368.0
439	3360.0
440	3456.0
441	3250.0
442	3418.0
443	3462.0
444	3448.0
445	3448.0
446	3352.0
447	3384.0
448	3252.0
449	3486.0
450	3430.0
451	3486.0
452	3360.0
453	3184.0
454	3564.0
455	3396.0
456	3484.0
457	3600.0
458	3506.0
459	3600.0
460	3668.0
461	3602.0
462	3656.0
463	3574.0
464	3566.0
465	3668.0
466	3682.0
467	3578.0
468	3852.0
469	3584.0
470	3514.0
471	3566.0
472	3654.0
473	3636.0
474	3750.0
475	3504.0
476	3726.0
477	3688.0
478	3662.0
479	3556.0
480	3562.0
481	3758.0
482	3562.0
483	3612.0
484	3692.0
485	3566.0
486	3676.0
487	3714.0
488	3746.0
489	3696.0
490	3746.0
491	3804.0
492	3752.0
493	3640.0
494	3614.0
495	3772.0
496	3506.0
497	3746.0
498	3592.0
499	3702.0
500	3778.0
501	3634.0
502	3450.0
503	3602.0
504	3648.0
505	3612.0
506	3660.0
507	3678.0
508	3604.0
509	3632.0
510	3280.0
511	3318.0
512	3406.0
513	3282.0
514	3702.0
515	3716.0
516	3726.0
517	3626.0
518	3788.0
519	3334.0
520	3364.0
521	3306.0
522	3432.0
523	3356.0
524	3794.0
525	3672.0
526	3964.0
527	3698.0
528	3820.0
529	3728.0
530	3746.0
531	3320.0
532	3218.0
533	3690.0
534	3244.0
535	3698.0
536	3682.0
537	3430.0
538	3358.0
539	3458.0
540	3288.0
541	3268.0
542	3060.0
543	3354.0
544	3296.0
545	3376.0
546	3352.0
547	3326.0
548	3338.0
549	3378.0
550	3430.0
551	3230.0
552	3394.0
553	3408.0
554	3428.0
555	3480.0
556	3446.0
557	3414.0
558	3314.0
559	3168.0
560	3344.0
561	3402.0
562	3254.0
563	3486.0
564	3664.0
565	3272.0
566	3292.0
567	3408.0
568	3268.0
569	3322.0
570	3466.0
571	3348.0
572	3356.0
573	3418.0
574	3462.0
575	3306.0
576	3260.0
577	3380.0
578	3390.0
579	3360.0
580	3374.0
581	3406.0
582	3488.0
583	3492.0
584	3480.0
585	3590.0
586	3426.0
587	3516.0
588	3452.0
589	3436.0
590	3340.0
591	3418.0
592	3510.0
593	3378.0
594	3408.0
595	3402.0
596	3408.0
597	3490.0
598	3974.0
599	3430.0
600	3646.0
601	3404.0
602	3416.0
603	3516.0
604	3574.0
605	3806.0
606	3518.0
607	3522.0
608	3460.0
609	3554.0
610	3704.0
611	3666.0
612	3630.0
613	3744.0
614	3618.0
615	3806.0
616	3678.0
617	3674.0
618	3736.0
619	3686.0
620	3508.0
621	3648.0
622	3484.0
623	3658.0
624	3594.0
625	3510.0
626	3602.0
627	3708.0
628	3624.0
629	3850.0
630	3716.0
631	3550.0
632	3568.0
633	3662.0
634	3742.0
635	3662.0
636	3604.0
637	3748.0
638	3676.0
639	3678.0
640	3802.0
641	3752.0
642	3712.0
643	3680.0
644	3712.0
645	3596.0
646	3834.0
647	3856.0
648	3758.0
649	3710.0
650	3782.0
651	3584.0
652	3582.0
653	3682.0
654	3704.0
655	3682.0
656	3632.0
657	3596.0
658	3868.0
659	3790.0
660	3740.0
661	3880.0
662	3534.0
663	3668.0
664	3796.0
665	3552.0
666	3798.0
667	3642.0
668	3768.0
669	3588.0
670	3756.0
671	3788.0
672	3602.0
673	3702.0
674	3808.0
675	3504.0
676	3730.0
677	3740.0
678	3682.0
679	3716.0
680	3878.0
681	3568.0
682	3610.0
683	3730.0
684	3700.0
685	3712.0
686	3956.0
687	3832.0
688	3746.0
689	3896.0
690	3746.0
691	3678.0
692	3658.0
693	3786.0
694	3546.0
695	3768.0
696	3804.0
697	3752.0
698	3820.0
699	3562.0
700	3822.0
701	3608.0
702	3692.0
703	3816.0
704	3766.0
705	3790.0
706	3726.0
707	3680.0
708	3694.0
709	3890.0
710	3952.0
711	3820.0
712	4074.0
713	3708.0
714	3808.0
715	3930.0
716	3910.0
717	3916.0
718	3802.0
719	3486.0
720	3646.0
721	3418.0
722	3312.0
723	3472.0
724	3432.0
725	3904.0
726	3924.0
727	3512.0
728	3922.0
729	3744.0
730	3928.0
731	3720.0
732	3796.0
733	3968.0
734	3770.0
735	3446.0
736	3266.0
737	3526.0
738	3498.0
739	3328.0
740	3442.0
741	3258.0
742	3920.0
743	3536.0
744	3394.0
745	3452.0
746	3356.0
747	3532.0
748	3420.0
749	3430.0
750	3486.0
751	3488.0
752	3456.0
753	3338.0
754	3176.0
755	3350.0
756	3374.0
757	3422.0
758	3358.0
759	3544.0
760	3366.0
761	3462.0
762	3396.0
763	3464.0
764	3416.0
765	3540.0
766	3466.0
767	3352.0
768	3334.0
769	3276.0
770	3488.0
771	3404.0
772	3508.0
773	3434.0
774	3380.0
775	3486.0
776	3564.0
777	3504.0
778	3420.0
779	3390.0
780	3500.0
781	3424.0
782	3506.0
783	3448.0
784	3384.0
785	3650.0
786	3622.0
787	3472.0
788	3558.0
789	3478.0
790	3504.0
791	3472.0
792	3588.0
793	3474.0
794	3610.0
795	3672.0
796	3410.0
797	3702.0
798	3530.0
799	3554.0
800	3652.0
801	3520.0
802	3598.0
803	3560.0
804	3610.0
805	3728.0
806	3588.0
807	3660.0
808	3624.0
809	3632.0
810	3544.0
811	3622.0
812	3558.0
813	3836.0
814	3726.0
815	3604.0
816	3740.0
817	3900.0
818	3834.0
819	3652.0
820	3650.0
821	3790.0
822	3816.0
823	3862.0
824	3798.0
825	3750.0
826	3770.0
827	3786.0
828	3784.0
829	3720.0
830	4072.0
831	3794.0
832	3728.0
833	3716.0
834	3850.0
835	3840.0
836	3814.0
837	3846.0
838	3878.0
839	3600.0
840	3740.0
841	3806.0
842	3948.0
843	3870.0
844	3726.0
845	3654.0
846	3626.0
847	3712.0
848	3680.0
849	3710.0
850	3914.0
851	3866.0
852	3802.0
853	3964.0
854	3884.0
855	3816.0
856	3830.0
857	3896.0
858	3802.0
859	3614.0
860	3854.0
861	3956.0
862	3926.0
863	3844.0
864	3916.0
865	3834.0
866	4034.0
867	3618.0
868	3710.0
869	4056.0
870	3718.0
871	3826.0
872	3784.0
873	3660.0
874	3748.0
875	3770.0
876	3630.0
877	3502.0
878	3796.0
879	3918.0
880	3806.0
881	3956.0
882	3714.0
883	3852.0
884	3812.0
885	3814.0
886	3914.0
887	3694.0
888	3986.0
889	3700.0
890	4082.0
891	3780.0
892	3810.0
893	3914.0
894	3914.0
895	3810.0
896	3804.0
897	3806.0
898	3728.0
899	3894.0
900	3772.0
901	3558.0
902	3734.0
903	3888.0
904	3812.0
905	3786.0
906	3834.0
907	4002.0
908	3860.0
909	3864.0
910	3798.0
911	4014.0
912	3662.0
913	4054.0
914	3656.0
915	3878.0
916	3814.0
917	3806.0
918	3852.0
919	4012.0
920	3742.0
921	3858.0
922	3830.0
923	3786.0
924	3804.0
925	3900.0
926	3958.0
927	3770.0
928	3668.0
929	3840.0
930	4022.0
931	3892.0
932	4032.0
933	3540.0
934	3592.0
935	3852.0
936	3950.0
937	3516.0
938	3934.0
939	4016.0
940	4022.0
941	3878.0
942	3896.0
943	3894.0
944	3902.0
945	3484.0
946	3448.0
947	3452.0
948	3516.0
949	3606.0
950	3544.0
951	3430.0
952	3590.0
953	3540.0
954	3646.0
955	3606.0
956	3698.0
957	3492.0
958	3576.0
959	3564.0
960	3618.0
961	3560.0
962	3616.0
963	3654.0
964	3492.0
965	3660.0
966	3606.0
967	3868.0
968	3742.0
969	3578.0
970	3634.0
971	3742.0
972	3824.0
973	3640.0
974	3678.0
975	3522.0
976	3650.0
977	3730.0
978	3468.0
979	3694.0
980	3688.0
981	3466.0
982	3482.0
983	3948.0
984	3722.0
985	4066.0
986	3628.0
987	3578.0
988	3690.0
989	3662.0
990	3630.0
991	3474.0
992	3682.0
993	3624.0
994	3638.0
995	3670.0
996	3400.0
997	4040.0
998	4064.0
999	3918.0
1000	4022.0
1001	3582.0
1002	4186.0
1003	3448.0
1004	3530.0
1005	3572.0
1006	3538.0
1007	3678.0
1008	3582.0
1009	3728.0
1010	3620.0
1011	3644.0
1012	3580.0
1013	3712.0
1014	3626.0
1015	3482.0
1016	3600.0
1017	3396.0
1018	3730.0
1019	3762.0
1020	3686.0
1021	3708.0
1022	3724.0
1023	3646.0
1024	3534.0
1025	3702.0
1026	3574.0
1027	3746.0
1028	3602.0
1029	3680.0
1030	3700.0
1031	3556.0
1032	3834.0
1033	3884.0
1034	3978.0
1035	3692.0
1036	3628.0
1037	3792.0
1038	3888.0
1039	3622.0
1040	3634.0
1041	3842.0
1042	3690.0
1043	3708.0
1044	3716.0
1045	3626.0
1046	3880.0
1047	3676.0
1048	3816.0
1049	3800.0
1050	3770.0
1051	3764.0
1052	3882.0
1053	3764.0
1054	3664.0
1055	3902.0
1056	3714.0
1057	3646.0
1058	3696.0
1059	3770.0
1060	3852.0
1061	3870.0
1062	3762.0
1063	3708.0
1064	3694.0
1065	3828.0
1066	3802.0
1067	4022.0
1068	3782.0
1069	3770.0
1070	3772.0
1071	3690.0
1072	3742.0
1073	3818.0
1074	3502.0
1075	3698.0
1076	3770.0
1077	3758.0
1078	3614.0
1079	3828.0
1080	3898.0
1081	3688.0
1082	3752.0
1083	3738.0
1084	3748.0
1085	3856.0
1086	3684.0
1087	3680.0
1088	4010.0
1089	3834.0
1090	3858.0
1091	3814.0
1092	3828.0
1093	3894.0
1094	3800.0
1095	3986.0
1096	3988.0
1097	3926.0
1098	3742.0
1099	3654.0
1100	3834.0
1101	3942.0
1102	3892.0
1103	3898.0
1104	3788.0
1105	3976.0
1106	4000.0
1107	3780.0
1108	3762.0
1109	3982.0
1110	3780.0
1111	3954.0
1112	3912.0
1113	3896.0
1114	3958.0
1115	3862.0
1116	3836.0
1117	3994.0
1118	3986.0
1119	3874.0
1120	4040.0
1121	4048.0
1122	3966.0
1123	3984.0
1124	3962.0
1125	3892.0
1126	3862.0
1127	4038.0
1128	3840.0
1129	3954.0
1130	4028.0
1131	3944.0
1132	3868.0
1133	3962.0
1134	3888.0
1135	4038.0
1136	3918.0
1137	4034.0
1138	3950.0
1139	4114.0
1140	4026.0
1141	3998.0
1142	3934.0
1143	3966.0
1144	4022.0
1145	4056.0
1146	4050.0
1147	4056.0
1148	3978.0
1149	4120.0
1150	4028.0
1151	4152.0
1152	4126.0
1153	4056.0
1154	4032.0
1155	3768.0
1156	3906.0
1157	3996.0
1158	4074.0
1159	3986.0
1160	3788.0
1161	3934.0
1162	3968.0
1163	3878.0
1164	3918.0
1165	3988.0
1166	3926.0
1167	4246.0
1168	3926.0
1169	4120.0
1170	3882.0
1171	4000.0
1172	4140.0
1173	3986.0
1174	3956.0
1175	4018.0
1176	4220.0
1177	4152.0
1178	4088.0
1179	4032.0
1180	4018.0
1181	4022.0
1182	4212.0
1183	3984.0
1184	4124.0
1185	4220.0
1186	4116.0
1187	4012.0
1188	4034.0
1189	3972.0
1190	4034.0
1191	3832.0
1192	4194.0
1193	4102.0
1194	3952.0
1195	4134.0
1196	4066.0
1197	4158.0
1198	4228.0
1199	4024.0
1200	4124.0
1201	4248.0
1202	4034.0
1203	4154.0
1204	3974.0
1205	4000.0
1206	3982.0
1207	4026.0
1208	4076.0
1209	3764.0
1210	3826.0
1211	3836.0
1212	3874.0
1213	3880.0
1214	3766.0
1215	3760.0
1216	3754.0
1217	3782.0
1218	4176.0
1219	4022.0
1220	4054.0
1221	4010.0
1222	4074.0
1223	4026.0
1224	3998.0
1225	4048.0
1226	4002.0
1227	3964.0
1228	4022.0
1229	4010.0
1230	4076.0
1231	3976.0
1232	3900.0
1233	4004.0
1234	3982.0
1235	4138.0
1236	4196.0
1237	3994.0
1238	4028.0
1239	4212.0
1240	4050.0
1241	4034.0
1242	4262.0
1243	4376.0
1244	4100.0
1245	4130.0
1246	4110.0
1247	4234.0
1248	4158.0
1249	4242.0
1250	4128.0
1251	4184.0
1252	3790.0
1253	3898.0
1254	3836.0
1255	3918.0
1256	4302.0
1257	4174.0
1258	3846.0
1259	3756.0
1260	3900.0
1261	3852.0
1262	3742.0
1263	4122.0
1264	3850.0
1265	4030.0
1266	3704.0
1267	3946.0
1268	3886.0
1269	3878.0
1270	4006.0
1271	3748.0
1272	4328.0
1273	4044.0
1274	4036.0
1275	4410.0
1276	4110.0
1277	3824.0
1278	3888.0
1279	3880.0
1280	3718.0
1281	3830.0
1282	3818.0
1283	3810.0
1284	4318.0
1285	4108.0
1286	4260.0
1287	4298.0
1288	3868.0
1289	3862.0
1290	3784.0
1291	3700.0
1292	3800.0
1293	3872.0
1294	3898.0
1295	3648.0
1296	3856.0
1297	3798.0
1298	3730.0
1299	3662.0
1300	3674.0
1301	3804.0
1302	3914.0
1303	3790.0
1304	3598.0
1305	3694.0
1306	3792.0
1307	3502.0
1308	3572.0
1309	3748.0
1310	3732.0
1311	3834.0
1312	3820.0
1313	3780.0
1314	3762.0
1315	3920.0
1316	3724.0
1317	3728.0
1318	3782.0
1319	3946.0
1320	3896.0
1321	3634.0
1322	3890.0
1323	3656.0
1324	3526.0
1325	3920.0
1326	3738.0
1327	3888.0
1328	3734.0
1329	3744.0
1330	3878.0
1331	3784.0
1332	4250.0
1333	3942.0
1334	3916.0
1335	3876.0
1336	3826.0
1337	3776.0
1338	4048.0
1339	4052.0
1340	3840.0
1341	3948.0
1342	3836.0
1343	3906.0
1344	3900.0
1345	3864.0
1346	3978.0
1347	3882.0
1348	3962.0
1349	3760.0
1350	3788.0
1351	3930.0
1352	3862.0
1353	4070.0
1354	3850.0
1355	3756.0
1356	3876.0
1357	3874.0
1358	3672.0
1359	3974.0
1360	3962.0
1361	3796.0
1362	3892.0
1363	3834.0
1364	3772.0
1365	3758.0
1366	3872.0
1367	4444.0
1368	4308.0
1369	4358.0
1370	3898.0
1371	3810.0
1372	3910.0
1373	3764.0
1374	3774.0
1375	3806.0
1376	3892.0
1377	3990.0
1378	3746.0
1379	3880.0
1380	3716.0
1381	3826.0
1382	3786.0
1383	3686.0
1384	3880.0
1385	3980.0
1386	3904.0
1387	3678.0
1388	3904.0
1389	3894.0
1390	3728.0
1391	3826.0
1392	3792.0
1393	3790.0
1394	3672.0
1395	3782.0
1396	3690.0
1397	3738.0
1398	3750.0
1399	3692.0
1400	3656.0
1401	3684.0
1402	3720.0
1403	3784.0
1404	3708.0
1405	3714.0
1406	3600.0
1407	3624.0
1408	3608.0
1409	3686.0
1410	3698.0
1411	3680.0
1412	3594.0
1413	3790.0
1414	3780.0
1415	3648.0
1416	3640.0
1417	3752.0
1418	3598.0
1419	3764.0
1420	3672.0
1421	3786.0
1422	3826.0
1423	3570.0
1424	3584.0
1425	3584.0
1426	3870.0
1427	3650.0
1428	3764.0
1429	3796.0
1430	3696.0
1431	3642.0
1432	3768.0
1433	3804.0
1434	3764.0
1435	3854.0
1436	3782.0
1437	3776.0
1438	3814.0
1439	3802.0
1440	3734.0
1441	3634.0
1442	3846.0
1443	3666.0
1444	3926.0
1445	3782.0
1446	3876.0
1447	3946.0
1448	3948.0
1449	3818.0
1450	3902.0
1451	3860.0
1452	4016.0
1453	3942.0
1454	3936.0
1455	3838.0
1456	3940.0
1457	3886.0
1458	4074.0
1459	3742.0
1460	4006.0
1461	3888.0
1462	3940.0
1463	3778.0
1464	3728.0
1465	3818.0
1466	4218.0
1467	4120.0
1468	3744.0
1469	3846.0
1470	3902.0
1471	3938.0
1472	3880.0
1473	3836.0
1474	3858.0
1475	3840.0
1476	3992.0
1477	3780.0
1478	3864.0
1479	4122.0
1480	3818.0
1481	3906.0
1482	3994.0
1483	3914.0
1484	3916.0
1485	3934.0
1486	3972.0
1487	3836.0
1488	4092.0
1489	3844.0
1490	3754.0
1491	3824.0
1492	3890.0
1493	4052.0
1494	3886.0
1495	3936.0
1496	3834.0
1497	3868.0
1498	3746.0
1499	3808.0
1500	3682.0
1501	3784.0
1502	3928.0
1503	3938.0
1504	3844.0
1505	4068.0
1506	3750.0
1507	3696.0
1508	3816.0
1509	3838.0
1510	3744.0
1511	3756.0
1512	3826.0
1513	3816.0
1514	3654.0
1515	3772.0
1516	3544.0
1517	3740.0
1518	3614.0
1519	3782.0
1520	3630.0
1521	3666.0
1522	3724.0
1523	3664.0
1524	3694.0
1525	3862.0
1526	3760.0
1527	3694.0
1528	3698.0
1529	3706.0
1530	3734.0
1531	3752.0
1532	3736.0
1533	3710.0
1534	3714.0
1535	3670.0
1536	3658.0
1537	3758.0
1538	3734.0
1539	3622.0
1540	3698.0
1541	3590.0
1542	3948.0
1543	3898.0
1544	3770.0
1545	3642.0
1546	3798.0
1547	3712.0
1548	3804.0
1549	3636.0
1550	3868.0
1551	3790.0
1552	3814.0
1553	3782.0
1554	3816.0
1555	3792.0
1556	3692.0
1557	3734.0
1558	3826.0
1559	3892.0
1560	3876.0
1561	3662.0
1562	3762.0
1563	3664.0
1564	3880.0
1565	4054.0
1566	3870.0
1567	3938.0
1568	3976.0
1569	3822.0
1570	3948.0
1571	3872.0
1572	3920.0
1573	4036.0
1574	3932.0
1575	3830.0
1576	3984.0
1577	3772.0
1578	3870.0
1579	3790.0
1580	3854.0
1581	3828.0
1582	3770.0
1583	3868.0
1584	3962.0
1585	3958.0
1586	3924.0
1587	3970.0
1588	4152.0
1589	4108.0
1590	3788.0
1591	3914.0
1592	4008.0
1593	4054.0
1594	3850.0
1595	3860.0
1596	3940.0
1597	3912.0
1598	3932.0
1599	3730.0
1600	3886.0
1601	4036.0
1602	3784.0
1603	3946.0
1604	4032.0
1605	3966.0
1606	3948.0
1607	3746.0
1608	3778.0
1609	3876.0
1610	3826.0
1611	3874.0
1612	3798.0
1613	3860.0
1614	3910.0
1615	3982.0
1616	3804.0
1617	4014.0
1618	3750.0
1619	3894.0
1620	3624.0
1621	3870.0
1622	3732.0
1623	3596.0
1624	3744.0
1625	3880.0
1626	3968.0
1627	3822.0
1628	3954.0
1629	3788.0
1630	3714.0
1631	3678.0
1632	3742.0
1633	3648.0
1634	3848.0
1635	3748.0
1636	3566.0
1637	3754.0
1638	3680.0
1639	3806.0
1640	3634.0
1641	3658.0
1642	3674.0
1643	3890.0
1644	3730.0
1645	3668.0
1646	3664.0
1647	3736.0
1648	3686.0
1649	3758.0
1650	3728.0
1651	3698.0
1652	3840.0
1653	3626.0
1654	3786.0
1655	4238.0
1656	3564.0
1657	3838.0
1658	3592.0
1659	3864.0
1660	3736.0
1661	3762.0
1662	3698.0
1663	3710.0
1664	3858.0
1665	3706.0
1666	3716.0
1667	3822.0
1668	3892.0
1669	3768.0
1670	3710.0
1671	3768.0
1672	3782.0
1673	3714.0
1674	3852.0
1675	3832.0
1676	3710.0
1677	3726.0
1678	3820.0
1679	3742.0
1680	3936.0
1681	3978.0
1682	3878.0
1683	3820.0
1684	3924.0
1685	3944.0
1686	3838.0
1687	3806.0
1688	3958.0
1689	3882.0
1690	3728.0
1691	3756.0
1692	4014.0
1693	3976.0
1694	3960.0
1695	3866.0
1696	3876.0
1697	3768.0
1698	3896.0
1699	3832.0
1700	3934.0
1701	3758.0
1702	3926.0
1703	3780.0
1704	3932.0
1705	3904.0
1706	3584.0
1707	3820.0
1708	3894.0
1709	3892.0
1710	3944.0
1711	3822.0
1712	3810.0
1713	3850.0
1714	3960.0
1715	3738.0
1716	3912.0
1717	4046.0
1718	3862.0
1719	3938.0
1720	3806.0
1721	3952.0
1722	3868.0
1723	3670.0
1724	3746.0
1725	3762.0
1726	3876.0
1727	3796.0
1728	3812.0
1729	3586.0
1730	3834.0
1731	3786.0
1732	3752.0
1733	3738.0
1734	3696.0
1735	3892.0
1736	3760.0
1737	3734.0
1738	3820.0
1739	3780.0
1740	3778.0
1741	3856.0
1742	3686.0
1743	3756.0
1744	3700.0
1745	3626.0
1746	3768.0
1747	3690.0
1748	3714.0
1749	3708.0
1750	3692.0
1751	3556.0
1752	3812.0
1753	3634.0
1754	3780.0
1755	3756.0
1756	3568.0
1757	3880.0
1758	3506.0
1759	3586.0
1760	3558.0
1761	3786.0
1762	3620.0
1763	3708.0
1764	3656.0
1765	3592.0
1766	3438.0
1767	3534.0
1768	3642.0
1769	3640.0
1770	3626.0
1771	3878.0
1772	3516.0
1773	3648.0
1774	3642.0
1775	3724.0
1776	3768.0
1777	3788.0
1778	3642.0
1779	3686.0
1780	3684.0
1781	3666.0
1782	3666.0
1783	3636.0
1784	3686.0
1785	3646.0
1786	3510.0
1787	3780.0
1788	3804.0
1789	3714.0
1790	3680.0
1791	3768.0
1792	3720.0
1793	3626.0
1794	3664.0
1795	3660.0
1796	3758.0
1797	3656.0
1798	3668.0
1799	3768.0
1800	3810.0
1801	3784.0
1802	3704.0
1803	3690.0
1804	3748.0
1805	3788.0
1806	3602.0
1807	3742.0
1808	3608.0
1809	3800.0
1810	3710.0
1811	3758.0
1812	3812.0
1813	3774.0
1814	3740.0
1815	3732.0
1816	3606.0
1817	3562.0
1818	3754.0
1819	3722.0
1820	3582.0
1821	3850.0
1822	3784.0
1823	3534.0
1824	3578.0
1825	3692.0
1826	3708.0
1827	3746.0
1828	3708.0
1829	3654.0
1830	3700.0
1831	3598.0
1832	3666.0
1833	3712.0
1834	3608.0
1835	3694.0
1836	3574.0
1837	3590.0
1838	3750.0
1839	3698.0
1840	3604.0
1841	3616.0
1842	3586.0
1843	3844.0
1844	3638.0
1845	3612.0
1846	3676.0
1847	3472.0
1848	3572.0
1849	3622.0
1850	3632.0
1851	3624.0
1852	3718.0
1853	3714.0
1854	3678.0
1855	3658.0
1856	3692.0
1857	3638.0
1858	3716.0
1859	3668.0
1860	3656.0
1861	3590.0
1862	3618.0
1863	3634.0
1864	3544.0
1865	3348.0
1866	3550.0
1867	3798.0
1868	3444.0
1869	3568.0
1870	3480.0
1871	3566.0
1872	3494.0
1873	3674.0
1874	3580.0
1875	3462.0
1876	3634.0
1877	3620.0
1878	3486.0
1879	3394.0
1880	3478.0
1881	3262.0
1882	3404.0
1883	3454.0
1884	3432.0
1885	3668.0
1886	3494.0
1887	3648.0
1888	3556.0
1889	3562.0
1890	3552.0
1891	3532.0
1892	3618.0
1893	3696.0
1894	3556.0
1895	3394.0
1896	3592.0
1897	3586.0
1898	3328.0
1899	3478.0
1900	3578.0
1901	3566.0
1902	3584.0
1903	3680.0
1904	3490.0
1905	3436.0
1906	3432.0
1907	3516.0
1908	3584.0
1909	3690.0
1910	3420.0
1911	3666.0
1912	3486.0
1913	3474.0
1914	3572.0
1915	3628.0
1916	3460.0
1917	3708.0
1918	3620.0
1919	3694.0
1920	3428.0
1921	3600.0
1922	3544.0
1923	3654.0
1924	3604.0
1925	3460.0
1926	3550.0
1927	3742.0
1928	3524.0
1929	3628.0
1930	3610.0
1931	3522.0
1932	3656.0
1933	3546.0
1934	3794.0
1935	3590.0
1936	3432.0
1937	3524.0
1938	3476.0
1939	3610.0
1940	3606.0
1941	3474.0
1942	3492.0
1943	3746.0
1944	3662.0
1945	3484.0
1946	3556.0
1947	3544.0
1948	3418.0
1949	3542.0
1950	3466.0
1951	3578.0
1952	3422.0
1953	3412.0
1954	3524.0
1955	3608.0
1956	3490.0
1957	3564.0
1958	3474.0
1959	3476.0
1960	3558.0
1961	3490.0
1962	3594.0
1963	3444.0
1964	3516.0
1965	3430.0
1966	3540.0
1967	3552.0
1968	3572.0
1969	3482.0
1970	3586.0
1971	3388.0
1972	3478.0
1973	3378.0
1974	3594.0
1975	3604.0
1976	3468.0
1977	3622.0
1978	3420.0
1979	3462.0
1980	3472.0
1981	3440.0
1982	3332.0
1983	3422.0
1984	3436.0
1985	3424.0
1986	3548.0
1987	3494.0
1988	3462.0
1989	3560.0
1990	3538.0
1991	3540.0
1992	3480.0
1993	3552.0
1994	3832.0
1995	3994.0
1996	3894.0
1997	3402.0
1998	3328.0
1999	3394.0
2000	3544.0
2001	3476.0
2002	3372.0
2003	3406.0
2004	3420.0
2005	3238.0
2006	3344.0
2007	3416.0
2008	3324.0
2009	3338.0
2010	3716.0
2011	3702.0
2012	3788.0
2013	3758.0
2014	3600.0
2015	3834.0
2016	3840.0
2017	3358.0
2018	3508.0
2019	3454.0
2020	3368.0
2021	3508.0
2022	3502.0
2023	3372.0
2024	3762.0
2025	3352.0
2026	3286.0
2027	3438.0
2028	3566.0
2029	3390.0
2030	3722.0
2031	3538.0
2032	3578.0
2033	3650.0
2034	3784.0
2035	3404.0
2036	3556.0
2037	3494.0
2038	3488.0
2039	3508.0
2040	3392.0
2041	3472.0
2042	3352.0
2043	3422.0
2044	3440.0
2045	3566.0
2046	3524.0
2047	3794.0
2048	3638.0
2049	3376.0
2050	3422.0
2051	3574.0
2052	3636.0
2053	3362.0
2054	3490.0
2055	3470.0
2056	3542.0
2057	3582.0
2058	3630.0
2059	3654.0
2060	3804.0
2061	3966.0
2062	3778.0
2063	3530.0
2064	3480.0
2065	3406.0
2066	3370.0
2067	3420.0
2068	3486.0
2069	3396.0
2070	3346.0
2071	3454.0
2072	3742.0
2073	3648.0
2074	3850.0
2075	3702.0
2076	3828.0
2077	3898.0
2078	3834.0
2079	3888.0
2080	3898.0
2081	3244.0
2082	3474.0
2083	3734.0
2084	3874.0
2085	3944.0
2086	3922.0
2087	3806.0
2088	3784.0
2089	3758.0
2090	3872.0
2091	3822.0
2092	3810.0
2093	3780.0
2094	3810.0
2095	3608.0
2096	3764.0
2097	3706.0
2098	3698.0
2099	3734.0
2100	3696.0
2101	3742.0
2102	3650.0
2103	3668.0
2104	3618.0
2105	3738.0
2106	3568.0
2107	3512.0
2108	3216.0
2109	3250.0
2110	3190.0
2111	3258.0
2112	3326.0
2113	3592.0
2114	3668.0
2115	3636.0
2116	3594.0
2117	3560.0
2118	3542.0
2119	3652.0
2120	3662.0
2121	3758.0
2122	3496.0
2123	3610.0
2124	3562.0
2125	3552.0
2126	3642.0
2127	3444.0
2128	3382.0
2129	3456.0
2130	3498.0
2131	3662.0
2132	3510.0
2133	3450.0
2134	3174.0
2135	3166.0
2136	3108.0
2137	3176.0
2138	3488.0
2139	3428.0
2140	3510.0
2141	3404.0
2142	3482.0
2143	3466.0
2144	3526.0
2145	3542.0
2146	3518.0
2147	3620.0
2148	3444.0
2149	3410.0
2150	3502.0
2151	3502.0
2152	3462.0
2153	3344.0
2154	3594.0
2155	3466.0
2156	3440.0
2157	3488.0
2158	3428.0
2159	3522.0
2160	3474.0
2161	3490.0
2162	3338.0
2163	3548.0
2164	3480.0
2165	3490.0
2166	3438.0
2167	3488.0
2168	3614.0
2169	3682.0
2170	3646.0
2171	3630.0
2172	3436.0
2173	3462.0
2174	3542.0
2175	3434.0
2176	3540.0
2177	3440.0
2178	3614.0
2179	3626.0
2180	3632.0
2181	3432.0
2182	3570.0
2183	3790.0
2184	3468.0
2185	3448.0
2186	3722.0
2187	3628.0
2188	3566.0
2189	3538.0
2190	3390.0
2191	3404.0
2192	3472.0
2193	3580.0
2194	3682.0
2195	3696.0
2196	3586.0
2197	3468.0
2198	3432.0
2199	3420.0
2200	3440.0
2201	3394.0
2202	3698.0
2203	3516.0
2204	3688.0
2205	3652.0
2206	3422.0
2207	3330.0
2208	3550.0
2209	3658.0
2210	3492.0
2211	3410.0
2212	3386.0
2213	3460.0
2214	3378.0
2215	3236.0
2216	3376.0
2217	3176.0
2218	3384.0
2219	3322.0
2220	3370.0
2221	3266.0
2222	3340.0
2223	3182.0
2224	3298.0
2225	3208.0
2226	3356.0
2227	3284.0
2228	3294.0
2229	3252.0
2230	3304.0
2231	3188.0
2232	3290.0
2233	3038.0
2234	3216.0
2235	3220.0
2236	3238.0
2237	3212.0
2238	3338.0
2239	3232.0
2240	3136.0
2241	3152.0
2242	3148.0
2243	3198.0
2244	3124.0
2245	3136.0
2246	3084.0
2247	3278.0
2248	3216.0
2249	3080.0
2250	3206.0
2251	3198.0
2252	3008.0
2253	3204.0
2254	3306.0
2255	3088.0
2256	3006.0
2257	3054.0
2258	3090.0
2259	3178.0
2260	3090.0
2261	3142.0
2262	3110.0
2263	3220.0
2264	3214.0
2265	3088.0
2266	3128.0
2267	3240.0
2268	3220.0
2269	3104.0
2270	3208.0
2271	3126.0
2272	3152.0
2273	3016.0
2274	3024.0
2275	3034.0
2276	3040.0
2277	3156.0
2278	3126.0
2279	3196.0
2280	3104.0
2281	3118.0
2282	3096.0
2283	3090.0
2284	3070.0
2285	3136.0
2286	3102.0
2287	2896.0
2288	3204.0
2289	3126.0
2290	3140.0
2291	3046.0
2292	2998.0
2293	3030.0
2294	3220.0
2295	3120.0
2296	3158.0
2297	3284.0
2298	3028.0
2299	3154.0
2300	3100.0
2301	3000.0
2302	3084.0
2303	3302.0
2304	3236.0
2305	3186.0
2306	3182.0
2307	3008.0
2308	3164.0
2309	3060.0
2310	3018.0
2311	3196.0
2312	3104.0
2313	3072.0
2314	3168.0
2315	3058.0
2316	3100.0
2317	3114.0
2318	3000.0
2319	3206.0
2320	2960.0
2321	2990.0
2322	3020.0
2323	2848.0
2324	3140.0
2325	3118.0
2326	3032.0
2327	2998.0
2328	3012.0
2329	2958.0
2330	3026.0
2331	3088.0
2332	3026.0
2333	3054.0
2334	3012.0
2335	2962.0
2336	2896.0
2337	2938.0
2338	3054.0
2339	3066.0
2340	2842.0
2341	3002.0
2342	3100.0
2343	3000.0
2344	2900.0
2345	2914.0
2346	2966.0
2347	2946.0
2348	2862.0
2349	2912.0
2350	3074.0
2351	2974.0
2352	2952.0
2353	2874.0
2354	3098.0
2355	2940.0
2356	2946.0
2357	2904.0
2358	2896.0
2359	3146.0
2360	2902.0
2361	3040.0
2362	3024.0
2363	3074.0
2364	2976.0
2365	2946.0
2366	3036.0
2367	3060.0
2368	3108.0
2369	2948.0
2370	2928.0
2371	2800.0
2372	2736.0
2373	2936.0
2374	3002.0
2375	2944.0
2376	2866.0
2377	2998.0
2378	2888.0
2379	3326.0
2380	3258.0
2381	3206.0
2382	3114.0
2383	2812.0
2384	2794.0
2385	2802.0
2386	2792.0
2387	3260.0
2388	3130.0
2389	2838.0
2390	2890.0
2391	2864.0
2392	2874.0
2393	3002.0
2394	3000.0
2395	2818.0
2396	2878.0
2397	3226.0
2398	3116.0
2399	3112.0
2400	3318.0
2401	2768.0
2402	2902.0
2403	2850.0
2404	3024.0
2405	2962.0
2406	3124.0
2407	2816.0
2408	2936.0
2409	2760.0
2410	3186.0
2411	3100.0
2412	3170.0
2413	3078.0
2414	3306.0
2415	3156.0
2416	3148.0
2417	3322.0
2418	3218.0
2419	3278.0
2420	3198.0
2421	3260.0
2422	3174.0
2423	3176.0
2424	3202.0
2425	3180.0
2426	3230.0
2427	3176.0
2428	3458.0
2429	3188.0
2430	3314.0
2431	3274.0
2432	3272.0
2433	3244.0
2434	3346.0
2435	3134.0
2436	3258.0
2437	3240.0
2438	3178.0
2439	3278.0
2440	3134.0
2441	3090.0
2442	3094.0
2443	3298.0
2444	3266.0
2445	3314.0
2446	3200.0
2447	3162.0
2448	3162.0
2449	3160.0
2450	3060.0
2451	3288.0
2452	3156.0
2453	3184.0
2454	3090.0
2455	3158.0
2456	3158.0
2457	3142.0
2458	3082.0
2459	3178.0
2460	3150.0
2461	3192.0
2462	3138.0
2463	3004.0
2464	3008.0
2465	2976.0
2466	3202.0
2467	2966.0
2468	2996.0
2469	3030.0
2470	3108.0
2471	2860.0
2472	2900.0
2473	2914.0
2474	2868.0
2475	2842.0
2476	2888.0
2477	2896.0
2478	2918.0
2479	2810.0
2480	2766.0
2481	2840.0
2482	2834.0
2483	2732.0
2484	2848.0
2485	2816.0
2486	2786.0
2487	2694.0
2488	2722.0
2489	2798.0
2490	2716.0
2491	2638.0
2492	2708.0
2493	2842.0
2494	2668.0
2495	2788.0
2496	2714.0
2497	2640.0
2498	2798.0
2499	2738.0
2500	2664.0
2501	2658.0
2502	2682.0
2503	2698.0
2504	2628.0
2505	2648.0
2506	2714.0
2507	2680.0
2508	2630.0
2509	2682.0
2510	2556.0
2511	2760.0
2512	2726.0
2513	2700.0
2514	2640.0
2515	2718.0
2516	2728.0
2517	2716.0
2518	2628.0
2519	2566.0
2520	2764.0
2521	2738.0
2522	2776.0
2523	2668.0
2524	2614.0
2525	2628.0
2526	2674.0
2527	2774.0
2528	2694.0
2529	2858.0
2530	2696.0
2531	2700.0
2532	2736.0
2533	2734.0
2534	2670.0
2535	2556.0
2536	2554.0
2537	2754.0
2538	2470.0
2539	2482.0
2540	2536.0
2541	2662.0
2542	2554.0
2543	2612.0
2544	2598.0
2545	2544.0
2546	2512.0
2547	2538.0
2548	2720.0
2549	2524.0
2550	2552.0
2551	2454.0
2552	2658.0
2553	2510.0
2554	2480.0
2555	2724.0
2556	2508.0
2557	2484.0
2558	2490.0
2559	2468.0
2560	2468.0
2561	2594.0
2562	2514.0
2563	2564.0
2564	2534.0
2565	2502.0
2566	2406.0
2567	2460.0
2568	2530.0
2569	2428.0
2570	2410.0
2571	2490.0
2572	2526.0
2573	2416.0
2574	2484.0
2575	2338.0
2576	2524.0
2577	2324.0
2578	2496.0
2579	2382.0
2580	2376.0
2581	2552.0
2582	2340.0
2583	2444.0
2584	2318.0
2585	2280.0
2586	2476.0
2587	2304.0
2588	2328.0
2589	2376.0
2590	2388.0
2591	2322.0
2592	2304.0
2593	2348.0
2594	2376.0
2595	2318.0
2596	2484.0
2597	2270.0
2598	2414.0
2599	2296.0
2600	2474.0
2601	2248.0
2602	2280.0
2603	2264.0
2604	2422.0
2605	2342.0
2606	2298.0
2607	2350.0
2608	2352.0
2609	2252.0
2610	2268.0
2611	2312.0
2612	2296.0
2613	2404.0
2614	2278.0
2615	2296.0
2616	2198.0
2617	2320.0
2618	2212.0
2619	2494.0
2620	2220.0
2621	2202.0
2622	2402.0
2623	2290.0
2624	2564.0
2625	2194.0
2626	2094.0
2627	2158.0
2628	2124.0
2629	2258.0
2630	2170.0
2631	2254.0
2632	2164.0
2633	2256.0
2634	2332.0
2635	2428.0
2636	2476.0
2637	2420.0
2638	2400.0
2639	2210.0
2640	2290.0
2641	2498.0
2642	2314.0
2643	2326.0
2644	2482.0
2645	2344.0
2646	2366.0
2647	2334.0
2648	2338.0
2649	2304.0
2650	2330.0
2651	2284.0
2652	2204.0
2653	2370.0
2654	2342.0
2655	2314.0
2656	2356.0
2657	2364.0
2658	2298.0
2659	2198.0
2660	2276.0
2661	2286.0
2662	2258.0
2663	2216.0
2664	2278.0
2665	2380.0
2666	2510.0
2667	2388.0
2668	2320.0
2669	2292.0
2670	2400.0
2671	2364.0
2672	2434.0
2673	2390.0
2674	2328.0
2675	2296.0
2676	2314.0
2677	2360.0
2678	2288.0
2679	2180.0
2680	2358.0
2681	2418.0
2682	2246.0
2683	2312.0
2684	2314.0
2685	2304.0
2686	2090.0
2687	2376.0
2688	2244.0
2689	2294.0
2690	2180.0
2691	2236.0
2692	2290.0
2693	2216.0
2694	2182.0
2695	2196.0
2696	2474.0
2697	2206.0
2698	2236.0
2699	2188.0
2700	2156.0
2701	2180.0
2702	1994.0
2703	2204.0
2704	1966.0
2705	2148.0
2706	2164.0
2707	2026.0
2708	2094.0
2709	2034.0
2710	2174.0
2711	2152.0
2712	2112.0
2713	2050.0
2714	2012.0
2715	2018.0
2716	2118.0
2717	2138.0
2718	1936.0
2719	1932.0
2720	2016.0
2721	1892.0
2722	1982.0
2723	1914.0
2724	1984.0
2725	1836.0
2726	1864.0
2727	2010.0
2728	1960.0
2729	1960.0
2730	1874.0
2731	2056.0
2732	1904.0
2733	2042.0
2734	1986.0
2735	2232.0
2736	2040.0
2737	1964.0
2738	1780.0
2739	1966.0
2740	1854.0
2741	2028.0
2742	1890.0
2743	1856.0
2744	1936.0
2745	1720.0
2746	1896.0
2747	1784.0
