0	4952.0
1	5024.0
2	5120.0
3	5168.0
4	5312.0
5	4928.0
6	5500.0
7	5460.0
8	5416.0
9	4968.0
10	5472.0
11	5584.0
12	5516.0
13	5612.0
14	5584.0
15	5576.0
16	5488.0
17	5588.0
18	5240.0
19	5332.0
20	5124.0
21	5532.0
22	5292.0
23	5260.0
24	5364.0
25	5552.0
26	4856.0
27	5204.0
28	5228.0
29	5580.0
30	5408.0
31	5640.0
32	5900.0
33	5964.0
34	5772.0
35	5776.0
36	6036.0
37	6028.0
38	5836.0
39	5664.0
40	6288.0
41	6140.0
42	5968.0
43	6300.0
44	6244.0
45	6124.0
46	5968.0
47	6072.0
48	5964.0
49	6352.0
50	5456.0
51	5716.0
52	5748.0
53	6104.0
54	6228.0
55	5980.0
56	6248.0
57	6232.0
58	6188.0
59	6484.0
60	5792.0
61	6296.0
62	6076.0
63	6140.0
64	6480.0
65	6264.0
66	6812.0
67	6780.0
68	6040.0
69	6244.0
70	6096.0
71	6360.0
72	6192.0
73	6156.0
74	6480.0
75	6048.0
76	6364.0
77	6316.0
78	5992.0
79	5920.0
80	6156.0
81	6408.0
82	6572.0
83	6444.0
84	6484.0
85	6352.0
86	6312.0
87	6224.0
88	6440.0
89	6236.0
90	6528.0
91	6324.0
92	6388.0
93	6240.0
94	6300.0
95	6500.0
96	6452.0
97	6296.0
98	6196.0
99	6484.0
100	6524.0
101	6200.0
102	6572.0
103	6824.0
104	6644.0
105	6368.0
106	6652.0
107	6912.0
108	6728.0
109	6516.0
110	6508.0
111	6780.0
112	6452.0
113	6500.0
114	6560.0
115	6792.0
116	6612.0
117	6392.0
118	6512.0
119	6472.0
120	6332.0
121	6428.0
122	6408.0
123	6760.0
124	6672.0
125	6288.0
126	6428.0
127	6384.0
128	6660.0
129	6764.0
130	6688.0
131	6708.0
132	7172.0
133	7412.0
134	7064.0
135	6956.0
136	7400.0
137	7492.0
138	7312.0
139	7360.0
140	7264.0
141	7636.0
142	7436.0
143	7048.0
144	7024.0
145	7176.0
146	6744.0
147	6716.0
148	6996.0
149	7264.0
150	6644.0
151	6940.0
152	6636.0
153	6560.0
154	6432.0
155	6520.0
156	6720.0
157	7200.0
158	6896.0
159	6824.0
160	6952.0
161	7092.0
162	6984.0
163	6828.0
164	7212.0
165	7028.0
166	7292.0
167	7344.0
168	7132.0
169	7168.0
170	6980.0
171	7252.0
172	7192.0
173	7160.0
174	6884.0
175	6744.0
176	7004.0
177	6764.0
178	6720.0
179	6408.0
180	6792.0
181	6780.0
182	6824.0
183	6880.0
184	6480.0
185	6756.0
186	7028.0
187	6588.0
188	6876.0
189	6992.0
190	6988.0
191	7196.0
192	7340.0
193	7028.0
194	6852.0
195	7176.0
196	6936.0
197	7048.0
198	6996.0
199	6900.0
200	7136.0
201	7216.0
202	7004.0
203	6992.0
204	6796.0
205	6784.0
206	6748.0
207	7024.0
208	6688.0
209	6840.0
210	6984.0
211	6892.0
212	7112.0
213	7132.0
214	7324.0
215	7072.0
216	7008.0
217	7456.0
218	7108.0
219	7192.0
220	7304.0
221	7124.0
222	7176.0
223	7280.0
224	7344.0
225	7272.0
226	7268.0
227	6980.0
228	7324.0
229	7160.0
230	7196.0
231	7572.0
232	7420.0
233	7520.0
234	7068.0
235	7120.0
236	7020.0
237	7052.0
238	6960.0
239	7300.0
240	7348.0
241	7576.0
242	7380.0
243	7512.0
244	7568.0
245	7256.0
246	7456.0
247	7200.0
248	7268.0
249	7308.0
250	7028.0
251	7312.0
252	6952.0
253	6840.0
254	7212.0
255	7076.0
256	7088.0
257	7384.0
258	7116.0
259	7188.0
260	7028.0
261	7324.0
262	6932.0
263	7388.0
264	7300.0
265	7468.0
266	7344.0
267	7852.0
268	7332.0
269	7392.0
270	7392.0
271	7480.0
272	7768.0
273	7660.0
274	7428.0
275	7700.0
276	7176.0
277	7392.0
278	7960.0
279	7288.0
280	6860.0
281	7268.0
282	7368.0
283	6912.0
284	6984.0
285	6988.0
286	6932.0
287	7040.0
288	7184.0
289	7412.0
290	7312.0
291	7384.0
292	7548.0
293	7632.0
294	7784.0
295	7672.0
296	7872.0
297	7364.0
298	7700.0
299	7532.0
300	7620.0
301	7584.0
302	7520.0
303	8008.0
304	7496.0
305	7872.0
306	7344.0
307	7460.0
308	7568.0
309	7344.0
310	7176.0
311	7472.0
312	7136.0
313	7412.0
314	7696.0
315	7676.0
316	7332.0
317	7560.0
318	7780.0
319	7780.0
320	7836.0
321	7228.0
322	7532.0
323	7452.0
324	7680.0
325	7548.0
326	7824.0
327	7600.0
328	7744.0
329	7668.0
330	7568.0
331	7644.0
332	7672.0
333	7044.0
334	7772.0
335	7584.0
336	7612.0
337	7952.0
338	7732.0
339	8032.0
340	7948.0
341	7700.0
342	7632.0
343	7660.0
344	7948.0
345	7380.0
346	8060.0
347	7884.0
348	7904.0
349	7808.0
350	7956.0
351	7588.0
352	8284.0
353	7700.0
354	7640.0
355	7912.0
356	7804.0
357	7648.0
358	7632.0
359	7444.0
360	7548.0
361	7588.0
362	7716.0
363	7512.0
364	7520.0
365	7732.0
366	7760.0
367	7796.0
368	7824.0
369	7568.0
370	7772.0
371	7520.0
372	8204.0
373	7656.0
374	7984.0
375	8216.0
376	8076.0
377	7932.0
378	8024.0
379	8048.0
380	8072.0
381	7940.0
382	7784.0
383	7472.0
384	8008.0
385	7536.0
386	7664.0
387	7772.0
388	7572.0
389	7312.0
390	7376.0
391	7536.0
392	7468.0
393	7516.0
394	8028.0
395	7892.0
396	7504.0
397	7608.0
398	8004.0
399	7708.0
400	7744.0
401	8000.0
402	8120.0
403	8008.0
404	8028.0
405	7928.0
406	8320.0
407	7988.0
408	8212.0
409	8096.0
410	7716.0
411	7676.0
412	7800.0
413	7728.0
414	7704.0
415	7872.0
416	7964.0
417	8016.0
418	7508.0
419	7580.0
420	7688.0
421	7584.0
422	7736.0
423	7456.0
424	7764.0
425	7884.0
426	7796.0
427	7572.0
428	7808.0
429	7868.0
430	8040.0
431	7700.0
432	7728.0
433	7632.0
434	7936.0
435	8036.0
436	7828.0
437	7784.0
438	8008.0
439	8868.0
440	7696.0
441	7744.0
442	7616.0
443	7756.0
444	7776.0
445	7932.0
446	7828.0
447	7996.0
448	8080.0
449	8048.0
450	7720.0
451	8288.0
452	8200.0
453	8120.0
454	8164.0
455	8224.0
456	8400.0
457	8528.0
458	8216.0
459	8252.0
460	8136.0
461	8188.0
462	7944.0
463	7860.0
464	8040.0
465	7776.0
466	7652.0
467	7388.0
468	7564.0
469	7532.0
470	7496.0
471	7500.0
472	7564.0
473	8112.0
474	7852.0
475	8048.0
476	7896.0
477	7920.0
478	8272.0
479	8216.0
480	8104.0
481	8020.0
482	8292.0
483	7960.0
484	8552.0
485	8684.0
486	8252.0
487	8560.0
488	8012.0
489	7968.0
490	8136.0
491	7832.0
492	7836.0
493	8016.0
494	7756.0
495	7828.0
496	7940.0
497	7976.0
498	8040.0
499	7716.0
500	7848.0
501	7600.0
502	7812.0
503	7660.0
504	7996.0
505	7840.0
506	8008.0
507	7796.0
508	8004.0
509	8228.0
510	7900.0
511	7908.0
512	8304.0
513	8488.0
514	7640.0
515	7888.0
516	7372.0
517	7524.0
518	7604.0
519	8152.0
520	7292.0
521	7836.0
522	8116.0
523	7796.0
524	7488.0
525	7768.0
526	7632.0
527	7816.0
528	7884.0
529	8108.0
530	7736.0
531	7328.0
532	7968.0
533	8060.0
534	7896.0
535	8232.0
536	7972.0
537	7832.0
538	8052.0
539	8060.0
540	8116.0
541	7940.0
542	7736.0
543	7768.0
544	8000.0
545	7832.0
546	7672.0
547	7660.0
548	7764.0
549	7552.0
550	7564.0
551	7256.0
552	7600.0
553	7504.0
554	7812.0
555	7676.0
556	7872.0
557	7716.0
558	8096.0
559	7992.0
560	7740.0
561	8140.0
562	8080.0
563	8396.0
564	7956.0
565	8360.0
566	8296.0
567	7812.0
568	8356.0
569	7892.0
570	8288.0
571	8164.0
572	7884.0
573	8356.0
574	8240.0
575	8000.0
576	7976.0
577	8008.0
578	7816.0
579	7876.0
580	8000.0
581	7972.0
582	8008.0
583	7264.0
584	7940.0
585	8048.0
586	7680.0
587	8080.0
588	7748.0
589	7700.0
590	7968.0
591	8232.0
592	7664.0
593	7652.0
594	7752.0
595	7960.0
596	8140.0
597	7832.0
598	7992.0
599	8004.0
600	7816.0
601	8016.0
602	7932.0
603	8396.0
604	8204.0
605	7924.0
606	7816.0
607	7700.0
608	7932.0
609	7932.0
610	7992.0
611	8276.0
612	8024.0
613	7688.0
614	7964.0
615	8240.0
616	7848.0
617	7828.0
618	7992.0
619	8148.0
620	7740.0
621	8116.0
622	7760.0
623	7884.0
624	7884.0
625	7628.0
626	7948.0
627	7984.0
628	7584.0
629	7752.0
630	7672.0
631	7996.0
632	7776.0
633	7980.0
634	8064.0
635	7788.0
636	7988.0
637	8036.0
638	7756.0
639	8140.0
640	8216.0
641	8384.0
642	8208.0
643	7828.0
644	8080.0
645	8304.0
646	8416.0
647	7992.0
648	7972.0
649	8144.0
650	8160.0
651	8076.0
652	8208.0
653	8136.0
654	7916.0
655	7988.0
656	7848.0
657	7884.0
658	8304.0
659	8048.0
660	7656.0
661	8204.0
662	8124.0
663	7972.0
664	8128.0
665	8180.0
666	8316.0
667	8348.0
668	7920.0
669	8264.0
670	8108.0
671	8280.0
672	8164.0
673	8352.0
674	7840.0
675	7656.0
676	7800.0
677	7964.0
678	8036.0
679	7700.0
680	8080.0
681	7788.0
682	7456.0
683	7756.0
684	7696.0
685	7492.0
686	8160.0
687	8028.0
688	8116.0
689	7908.0
690	8152.0
691	8656.0
692	8528.0
693	8288.0
694	8112.0
695	8452.0
696	8316.0
697	8584.0
698	8620.0
699	8316.0
700	8260.0
701	8456.0
702	8264.0
703	7960.0
704	8400.0
705	7760.0
706	7948.0
707	7488.0
708	7948.0
709	7944.0
710	7860.0
711	7756.0
712	7320.0
713	8004.0
714	7520.0
715	8036.0
716	7764.0
717	7972.0
718	8008.0
719	7784.0
720	7340.0
721	7836.0
722	7684.0
723	7832.0
724	7868.0
725	7716.0
726	7848.0
727	7832.0
728	8064.0
729	7940.0
730	7680.0
731	7548.0
732	7836.0
733	7864.0
734	7480.0
735	7704.0
736	7996.0
737	7744.0
738	7496.0
739	7528.0
740	7656.0
741	7440.0
742	7672.0
743	7916.0
744	7760.0
745	7756.0
746	7820.0
747	7724.0
748	7904.0
749	8164.0
750	7824.0
751	7860.0
752	8096.0
753	7832.0
754	7928.0
755	7704.0
756	8272.0
757	7992.0
758	7744.0
759	7748.0
760	7540.0
761	7652.0
762	7788.0
763	7672.0
764	7316.0
765	7628.0
766	7696.0
767	7980.0
768	7788.0
769	7664.0
770	7836.0
771	7936.0
772	7504.0
773	7732.0
774	7412.0
775	8124.0
776	7548.0
777	7916.0
778	7812.0
779	7932.0
780	7976.0
781	7632.0
782	7880.0
783	8044.0
784	7860.0
785	8264.0
786	7948.0
787	8012.0
788	7988.0
789	8188.0
790	8064.0
791	8068.0
792	7984.0
793	7868.0
794	7860.0
795	7764.0
796	8048.0
797	8344.0
798	8180.0
799	7984.0
800	8168.0
801	8132.0
802	8156.0
803	8036.0
804	8052.0
805	8280.0
806	8024.0
807	7952.0
808	8020.0
809	8104.0
810	7728.0
811	7536.0
812	7468.0
813	7548.0
814	7688.0
815	8128.0
816	7596.0
817	7852.0
818	7452.0
819	7808.0
820	7732.0
821	8052.0
822	8076.0
823	8196.0
824	7912.0
825	8356.0
826	8092.0
827	8220.0
828	7948.0
829	8344.0
830	8060.0
831	7960.0
832	8188.0
833	8064.0
834	8032.0
835	8156.0
836	7952.0
837	8240.0
838	8124.0
839	7928.0
840	7936.0
841	7940.0
842	7756.0
843	7844.0
844	7600.0
845	7420.0
846	7752.0
847	7460.0
848	7516.0
849	7608.0
850	7956.0
851	7716.0
852	7816.0
853	7760.0
854	7892.0
855	7596.0
856	7832.0
857	7912.0
858	7740.0
859	7796.0
860	8060.0
861	7600.0
862	7748.0
863	7796.0
864	7400.0
865	7824.0
866	7700.0
867	7464.0
868	7632.0
869	7292.0
870	7276.0
871	7644.0
872	7428.0
873	7680.0
874	7420.0
875	7252.0
876	7508.0
877	7336.0
878	7288.0
879	7572.0
880	7888.0
881	7320.0
882	7736.0
883	7668.0
884	7496.0
885	7752.0
886	7732.0
887	7856.0
888	7696.0
889	7596.0
890	8004.0
891	7824.0
892	7704.0
893	7516.0
894	7652.0
895	7992.0
896	7540.0
897	7692.0
898	7684.0
899	7596.0
900	7700.0
901	7292.0
902	7544.0
903	7576.0
904	7660.0
905	7668.0
906	7668.0
907	7580.0
908	7792.0
909	7884.0
910	7416.0
911	7484.0
912	7264.0
913	7784.0
914	7624.0
915	7872.0
916	7620.0
917	7508.0
918	7716.0
919	7488.0
920	7636.0
921	7424.0
922	7636.0
923	7276.0
924	7184.0
925	7320.0
926	7492.0
927	7592.0
928	7424.0
929	7296.0
930	7780.0
931	7544.0
932	7772.0
933	7648.0
934	7792.0
935	7960.0
936	7544.0
937	7496.0
938	7620.0
939	7764.0
940	7816.0
941	7600.0
942	7188.0
943	7476.0
944	7804.0
945	7408.0
946	7252.0
947	7296.0
948	7436.0
949	7220.0
950	7640.0
951	7444.0
952	7140.0
953	7244.0
954	7516.0
955	7152.0
956	7540.0
957	7352.0
958	7240.0
959	7508.0
960	7400.0
961	7284.0
962	7492.0
963	7604.0
964	7384.0
965	7632.0
966	7832.0
967	7508.0
968	7284.0
969	7840.0
970	7700.0
971	7264.0
972	7456.0
973	7148.0
974	7832.0
975	7384.0
976	7276.0
977	7412.0
978	7476.0
979	7280.0
980	7612.0
981	7384.0
982	7428.0
983	6980.0
984	7200.0
985	7704.0
986	7596.0
987	7316.0
988	7620.0
989	7892.0
990	7664.0
991	7384.0
992	7672.0
993	7640.0
994	7700.0
995	7828.0
996	8116.0
997	7404.0
998	7552.0
999	7740.0
1000	7616.0
1001	7852.0
1002	7668.0
1003	7816.0
1004	7824.0
1005	7768.0
1006	7804.0
1007	7496.0
1008	7612.0
1009	7728.0
1010	7540.0
1011	7772.0
1012	7760.0
1013	7800.0
1014	7580.0
1015	7728.0
1016	7744.0
1017	7756.0
1018	7780.0
1019	7688.0
1020	7884.0
1021	7596.0
1022	7468.0
1023	7552.0
1024	7480.0
1025	7636.0
1026	7484.0
1027	7452.0
1028	7444.0
1029	7296.0
1030	7336.0
1031	7224.0
1032	7256.0
1033	7152.0
1034	7368.0
1035	7448.0
1036	7268.0
1037	7512.0
1038	7400.0
1039	7436.0
1040	7628.0
1041	7480.0
1042	7804.0
1043	7880.0
1044	7544.0
1045	7752.0
1046	7664.0
1047	7736.0
1048	7804.0
1049	7704.0
1050	7580.0
1051	7652.0
1052	7840.0
1053	7748.0
1054	7868.0
1055	7500.0
1056	7260.0
1057	7736.0
1058	7016.0
1059	7344.0
1060	7260.0
1061	7384.0
1062	7132.0
1063	7212.0
1064	7188.0
1065	7468.0
1066	7716.0
1067	7332.0
1068	7076.0
1069	7516.0
1070	7540.0
1071	7416.0
1072	7424.0
1073	7440.0
1074	7152.0
1075	7620.0
1076	7248.0
1077	7060.0
1078	7436.0
1079	7256.0
1080	7380.0
1081	7144.0
1082	7340.0
1083	7428.0
1084	7196.0
1085	7368.0
1086	7132.0
1087	7604.0
1088	6676.0
1089	7356.0
1090	7064.0
1091	7608.0
1092	7036.0
1093	7288.0
1094	7424.0
1095	7044.0
1096	7180.0
1097	7212.0
1098	7748.0
1099	7252.0
1100	7392.0
1101	7768.0
1102	7208.0
1103	7416.0
1104	7092.0
1105	7292.0
1106	7228.0
1107	7328.0
1108	7500.0
1109	7516.0
1110	7116.0
1111	7220.0
1112	7364.0
1113	7560.0
1114	7312.0
1115	7704.0
1116	7208.0
1117	7304.0
1118	7524.0
1119	7448.0
1120	7564.0
1121	7156.0
1122	7152.0
1123	7600.0
1124	7356.0
1125	7656.0
1126	7960.0
1127	7384.0
1128	7960.0
1129	7092.0
1130	7392.0
1131	7516.0
1132	7544.0
1133	6952.0
1134	7232.0
1135	7436.0
1136	7492.0
1137	7196.0
1138	7284.0
1139	7476.0
1140	7464.0
1141	7004.0
1142	7084.0
1143	7468.0
1144	6812.0
1145	7212.0
1146	6948.0
1147	6832.0
1148	6912.0
1149	7240.0
1150	7228.0
1151	7024.0
1152	7340.0
1153	7516.0
1154	6772.0
1155	7136.0
1156	7024.0
1157	6884.0
1158	7136.0
1159	6952.0
1160	7292.0
1161	7544.0
1162	7364.0
1163	7544.0
1164	7180.0
1165	7348.0
1166	7456.0
1167	7280.0
1168	7292.0
1169	6776.0
1170	7108.0
1171	7180.0
1172	7376.0
1173	7160.0
1174	7288.0
1175	7144.0
1176	7116.0
1177	7440.0
1178	7184.0
1179	7304.0
1180	7140.0
1181	6988.0
1182	7264.0
1183	7424.0
1184	7536.0
1185	7104.0
1186	6888.0
1187	7104.0
1188	7192.0
1189	7408.0
1190	7144.0
1191	7140.0
1192	7128.0
1193	7088.0
1194	6796.0
1195	7160.0
1196	7024.0
1197	7176.0
1198	7016.0
1199	7336.0
1200	7280.0
1201	6924.0
1202	7276.0
1203	7004.0
1204	6844.0
1205	6836.0
1206	6740.0
1207	7108.0
1208	7228.0
1209	7112.0
1210	7112.0
1211	7164.0
1212	7100.0
1213	7188.0
1214	7220.0
1215	7252.0
1216	7360.0
1217	7492.0
1218	7184.0
1219	7184.0
1220	7240.0
1221	7036.0
1222	7004.0
1223	7076.0
1224	6904.0
1225	6948.0
1226	6900.0
1227	6984.0
1228	6952.0
1229	7164.0
1230	6552.0
1231	6932.0
1232	7096.0
1233	7136.0
1234	6836.0
1235	6792.0
1236	7232.0
1237	7376.0
1238	7160.0
1239	7092.0
1240	7012.0
1241	7380.0
1242	7348.0
1243	7112.0
1244	6900.0
1245	7132.0
1246	7304.0
1247	7096.0
1248	7260.0
1249	6960.0
1250	6924.0
1251	6872.0
1252	7112.0
1253	7276.0
1254	6932.0
1255	7072.0
1256	7068.0
1257	7384.0
1258	7068.0
1259	7096.0
1260	6996.0
1261	6524.0
1262	6884.0
1263	6780.0
1264	7204.0
1265	7232.0
1266	7168.0
1267	6776.0
1268	6516.0
1269	6756.0
1270	7092.0
1271	6776.0
1272	6996.0
1273	7060.0
1274	6864.0
1275	6500.0
1276	6704.0
1277	6956.0
1278	6688.0
1279	6692.0
1280	6728.0
1281	6840.0
1282	7856.0
1283	7100.0
1284	6632.0
1285	6756.0
1286	6960.0
1287	6792.0
1288	7004.0
1289	7036.0
1290	6996.0
1291	6924.0
1292	6792.0
1293	6828.0
1294	7108.0
1295	7068.0
1296	6832.0
1297	6680.0
1298	6864.0
1299	7000.0
1300	6880.0
1301	6976.0
1302	6836.0
1303	7040.0
1304	6896.0
1305	6580.0
1306	6688.0
1307	6848.0
1308	6680.0
1309	6620.0
1310	6400.0
1311	6552.0
1312	6660.0
1313	6476.0
1314	6768.0
1315	6660.0
1316	6472.0
1317	6628.0
1318	7024.0
1319	6600.0
1320	6912.0
1321	6712.0
1322	6768.0
1323	6948.0
1324	6832.0
1325	6596.0
1326	6740.0
1327	6816.0
1328	6384.0
1329	6832.0
1330	6532.0
1331	6740.0
1332	6440.0
1333	6928.0
1334	6764.0
1335	6580.0
1336	6456.0
1337	6544.0
1338	6844.0
1339	6804.0
1340	6932.0
1341	6392.0
1342	6696.0
1343	6380.0
1344	6592.0
1345	6704.0
1346	6644.0
1347	6376.0
1348	6796.0
1349	6800.0
1350	6776.0
1351	6788.0
1352	6740.0
1353	7132.0
1354	6872.0
1355	6484.0
1356	6440.0
1357	6932.0
1358	6844.0
1359	6420.0
1360	6676.0
1361	6688.0
1362	6540.0
1363	6308.0
1364	6700.0
1365	6500.0
1366	6516.0
1367	6548.0
1368	6564.0
1369	6684.0
1370	6576.0
1371	6528.0
1372	6600.0
1373	6536.0
1374	6744.0
1375	6768.0
1376	6140.0
1377	6348.0
1378	6512.0
1379	6404.0
1380	6608.0
1381	6828.0
1382	6920.0
1383	6824.0
1384	6524.0
1385	6352.0
1386	6696.0
1387	7104.0
1388	6596.0
1389	6512.0
1390	6644.0
1391	6664.0
1392	6548.0
1393	6280.0
1394	6776.0
1395	6736.0
1396	6820.0
1397	6288.0
1398	6260.0
1399	6496.0
1400	6676.0
1401	6536.0
1402	6592.0
1403	6464.0
1404	6736.0
1405	6084.0
1406	6336.0
1407	6700.0
1408	6360.0
1409	6404.0
1410	6416.0
1411	6316.0
1412	6128.0
1413	5764.0
1414	6508.0
1415	6288.0
1416	6124.0
1417	6212.0
1418	6144.0
1419	6112.0
1420	6036.0
1421	5940.0
1422	6124.0
1423	6272.0
1424	6180.0
1425	6112.0
1426	6044.0
1427	5816.0
1428	6356.0
1429	6124.0
1430	6220.0
1431	6388.0
1432	6444.0
1433	6740.0
1434	6152.0
1435	6220.0
1436	6156.0
1437	6100.0
1438	6196.0
1439	6408.0
1440	6680.0
1441	6632.0
1442	6520.0
1443	6268.0
1444	5976.0
1445	6100.0
1446	6268.0
1447	5932.0
1448	6224.0
1449	6468.0
1450	6048.0
1451	6128.0
1452	6164.0
1453	5960.0
1454	6148.0
1455	6052.0
1456	6156.0
1457	6336.0
1458	5988.0
1459	6240.0
1460	6208.0
1461	6000.0
1462	6344.0
1463	6288.0
1464	6316.0
1465	6512.0
1466	5940.0
1467	6056.0
1468	6056.0
1469	6200.0
1470	6140.0
1471	6400.0
1472	5656.0
1473	6552.0
1474	6320.0
1475	6032.0
1476	6388.0
1477	6380.0
1478	6036.0
1479	6016.0
1480	6368.0
1481	6456.0
1482	6412.0
1483	6528.0
1484	6424.0
1485	6124.0
1486	6448.0
1487	6184.0
1488	6056.0
1489	6336.0
1490	6560.0
1491	6488.0
1492	6216.0
1493	6340.0
1494	6296.0
1495	6108.0
1496	5896.0
1497	5984.0
1498	6048.0
1499	6400.0
1500	6108.0
1501	6020.0
1502	6148.0
1503	5836.0
1504	5876.0
1505	5488.0
1506	5840.0
1507	5872.0
1508	6004.0
1509	5748.0
1510	5820.0
1511	5920.0
1512	5652.0
1513	5824.0
1514	5824.0
1515	6120.0
1516	6032.0
1517	5948.0
1518	6144.0
1519	6132.0
1520	5820.0
1521	5960.0
1522	5832.0
1523	5872.0
1524	5940.0
1525	5768.0
1526	5392.0
1527	5920.0
1528	5776.0
1529	6008.0
1530	5856.0
1531	6140.0
1532	5896.0
1533	5956.0
1534	5688.0
1535	5912.0
1536	5592.0
1537	5560.0
1538	5736.0
1539	5736.0
1540	5748.0
1541	5980.0
1542	5592.0
1543	5584.0
1544	6040.0
1545	5812.0
1546	5492.0
1547	5772.0
1548	5816.0
1549	5960.0
1550	5964.0
1551	5468.0
1552	5608.0
1553	5636.0
1554	5724.0
1555	6092.0
1556	5812.0
1557	6332.0
1558	5564.0
1559	5768.0
1560	5724.0
1561	5804.0
1562	5652.0
1563	5856.0
1564	5476.0
1565	5916.0
1566	5944.0
1567	5852.0
1568	5732.0
1569	5844.0
1570	5616.0
1571	6064.0
1572	5476.0
1573	5868.0
1574	5984.0
1575	5848.0
1576	5992.0
1577	5704.0
1578	5812.0
1579	6172.0
1580	5832.0
1581	5456.0
1582	5688.0
1583	5780.0
1584	5636.0
1585	5712.0
1586	5668.0
1587	5716.0
1588	5664.0
1589	5540.0
1590	5852.0
1591	5612.0
1592	5668.0
1593	5544.0
1594	5864.0
1595	5896.0
1596	5480.0
1597	5480.0
1598	5444.0
1599	5564.0
1600	5660.0
1601	5500.0
1602	5172.0
1603	5592.0
1604	5668.0
1605	5408.0
1606	5588.0
1607	5296.0
1608	5768.0
1609	5516.0
1610	5540.0
1611	5684.0
1612	5520.0
1613	5600.0
1614	5440.0
1615	5896.0
1616	5864.0
1617	5532.0
1618	5460.0
1619	5632.0
1620	5408.0
1621	5588.0
1622	5660.0
1623	6012.0
1624	5680.0
1625	5720.0
1626	5632.0
1627	5736.0
1628	5496.0
1629	5256.0
1630	5604.0
1631	5472.0
1632	5660.0
1633	5664.0
1634	5508.0
1635	5384.0
1636	5368.0
1637	5400.0
1638	5272.0
1639	5660.0
1640	6064.0
1641	5488.0
1642	5480.0
1643	5100.0
1644	5444.0
1645	5588.0
1646	5008.0
1647	5356.0
1648	5560.0
1649	5444.0
1650	5540.0
1651	5728.0
1652	5628.0
1653	5308.0
1654	5072.0
1655	5176.0
1656	5456.0
1657	5504.0
1658	5304.0
1659	5296.0
1660	5092.0
1661	5264.0
1662	5244.0
1663	5600.0
1664	5652.0
1665	5412.0
1666	5564.0
1667	5268.0
1668	5200.0
1669	5180.0
1670	5724.0
1671	5268.0
1672	5224.0
1673	5236.0
1674	5512.0
1675	5432.0
1676	5268.0
1677	5252.0
1678	4984.0
1679	5272.0
1680	5200.0
1681	5432.0
1682	5644.0
1683	5612.0
1684	5236.0
1685	5524.0
1686	5280.0
1687	5716.0
1688	5776.0
1689	5488.0
1690	5400.0
1691	5356.0
1692	5232.0
1693	5452.0
1694	5488.0
1695	5276.0
1696	5360.0
1697	5384.0
1698	5592.0
1699	5620.0
1700	5444.0
1701	5332.0
1702	5432.0
1703	5656.0
1704	5368.0
1705	5108.0
1706	5340.0
1707	5468.0
1708	5256.0
1709	5332.0
1710	5232.0
1711	5544.0
1712	5472.0
1713	5552.0
1714	5248.0
1715	5688.0
1716	5352.0
1717	5184.0
1718	5116.0
1719	5364.0
1720	5168.0
1721	5092.0
1722	5256.0
1723	5272.0
1724	5384.0
1725	5332.0
1726	5236.0
1727	5232.0
1728	5320.0
1729	5244.0
1730	5288.0
1731	5608.0
1732	5376.0
1733	5220.0
1734	5196.0
1735	5216.0
1736	5152.0
1737	5632.0
1738	5068.0
1739	5340.0
1740	5220.0
1741	5548.0
1742	5228.0
1743	5244.0
1744	5412.0
1745	5120.0
1746	5372.0
1747	5304.0
1748	5616.0
1749	5104.0
1750	5152.0
1751	5088.0
1752	5224.0
1753	5264.0
1754	5268.0
1755	5248.0
1756	5252.0
1757	5376.0
1758	5464.0
1759	5936.0
1760	5384.0
1761	5424.0
1762	5180.0
1763	5124.0
1764	5316.0
1765	5272.0
1766	5364.0
1767	5040.0
1768	5208.0
1769	5208.0
1770	5128.0
1771	5008.0
1772	5100.0
1773	5252.0
1774	5188.0
1775	5196.0
1776	5040.0
1777	4996.0
1778	5156.0
1779	4968.0
1780	4952.0
1781	4908.0
1782	5304.0
1783	5376.0
1784	4860.0
1785	4908.0
1786	4908.0
1787	4824.0
1788	5236.0
1789	5180.0
1790	4900.0
1791	4956.0
1792	5292.0
1793	4964.0
1794	4884.0
1795	4976.0
1796	5084.0
1797	4904.0
1798	4804.0
1799	5116.0
1800	4772.0
1801	5104.0
1802	5096.0
1803	5136.0
1804	5268.0
1805	4952.0
1806	4984.0
1807	5164.0
1808	5272.0
1809	5344.0
1810	5224.0
1811	4864.0
1812	4964.0
1813	5236.0
1814	5112.0
1815	5312.0
1816	5408.0
1817	5312.0
1818	4896.0
1819	4948.0
1820	4852.0
1821	4860.0
1822	5104.0
1823	5340.0
1824	4912.0
1825	4728.0
1826	5184.0
1827	4936.0
1828	5084.0
1829	5272.0
1830	4872.0
1831	5080.0
1832	4952.0
1833	5092.0
1834	4992.0
1835	4972.0
1836	5008.0
1837	5116.0
1838	5168.0
1839	4876.0
1840	4964.0
1841	5204.0
1842	5000.0
1843	4820.0
1844	4988.0
1845	4660.0
1846	4976.0
1847	5052.0
1848	5124.0
1849	5028.0
1850	5064.0
1851	4732.0
1852	4584.0
1853	4832.0
1854	4780.0
1855	5168.0
1856	5060.0
1857	5160.0
1858	5016.0
1859	4816.0
1860	5008.0
1861	4872.0
1862	4676.0
1863	4764.0
1864	4548.0
1865	4868.0
1866	5224.0
1867	5084.0
1868	4808.0
1869	4916.0
1870	4844.0
1871	4932.0
1872	4788.0
1873	5184.0
1874	5220.0
1875	4808.0
1876	5144.0
1877	4956.0
1878	4792.0
1879	4748.0
1880	4664.0
1881	4672.0
1882	4872.0
1883	5112.0
1884	4688.0
1885	4740.0
1886	4656.0
1887	4840.0
1888	4704.0
1889	4600.0
1890	4740.0
1891	4756.0
1892	4800.0
1893	4784.0
1894	4904.0
1895	4848.0
1896	4624.0
1897	4680.0
1898	4900.0
1899	4860.0
1900	4968.0
1901	4584.0
1902	4600.0
1903	4488.0
1904	4400.0
1905	4520.0
1906	4560.0
1907	4724.0
1908	4832.0
1909	4844.0
1910	4832.0
1911	4648.0
1912	4532.0
1913	4744.0
1914	4716.0
1915	4876.0
1916	4700.0
1917	4432.0
1918	4640.0
1919	4716.0
1920	4940.0
1921	4416.0
1922	4552.0
1923	4760.0
1924	4916.0
1925	4700.0
1926	4412.0
1927	4400.0
1928	4672.0
1929	4680.0
1930	4604.0
1931	4716.0
1932	4836.0
1933	4612.0
1934	4444.0
1935	4704.0
1936	4616.0
1937	4500.0
1938	4692.0
1939	4684.0
1940	4840.0
1941	4740.0
1942	4724.0
1943	4560.0
1944	4776.0
1945	4716.0
1946	4884.0
1947	4828.0
1948	4612.0
1949	4976.0
1950	4888.0
1951	4420.0
1952	4688.0
1953	4832.0
1954	4496.0
1955	4764.0
1956	4772.0
1957	4876.0
1958	4800.0
1959	4724.0
1960	4780.0
1961	4632.0
1962	4736.0
1963	4408.0
1964	4504.0
1965	4508.0
1966	4560.0
1967	4664.0
1968	4268.0
1969	4688.0
1970	4368.0
1971	4544.0
1972	4180.0
1973	4428.0
1974	4652.0
1975	4248.0
1976	4736.0
1977	4552.0
1978	4580.0
1979	4768.0
1980	4428.0
1981	4500.0
1982	4592.0
1983	4504.0
1984	4280.0
1985	4320.0
1986	4728.0
1987	4544.0
1988	4540.0
1989	4396.0
1990	4192.0
1991	4328.0
1992	4160.0
1993	4160.0
1994	4404.0
1995	4240.0
1996	4280.0
1997	4252.0
1998	4472.0
1999	4544.0
2000	4340.0
2001	4212.0
2002	4304.0
2003	4308.0
2004	4176.0
2005	4416.0
2006	4488.0
2007	4612.0
2008	4368.0
2009	4580.0
2010	4420.0
2011	4320.0
2012	4668.0
2013	4504.0
2014	4240.0
2015	4520.0
2016	4572.0
2017	4208.0
2018	4192.0
2019	4276.0
2020	4328.0
2021	4248.0
2022	4312.0
2023	4508.0
2024	4580.0
2025	4244.0
2026	4312.0
2027	4172.0
2028	4324.0
2029	4240.0
2030	4128.0
2031	4368.0
2032	4448.0
2033	4208.0
2034	4204.0
2035	4348.0
2036	4068.0
2037	4400.0
2038	4308.0
2039	4372.0
2040	4464.0
2041	4360.0
2042	4188.0
2043	4272.0
2044	4156.0
2045	4272.0
2046	4372.0
2047	4484.0
2048	4384.0
2049	4352.0
2050	4540.0
2051	4272.0
2052	4428.0
2053	4208.0
2054	4540.0
2055	4164.0
2056	4460.0
2057	4416.0
2058	4316.0
2059	4084.0
2060	4116.0
2061	4304.0
2062	4168.0
2063	4332.0
2064	4164.0
2065	4424.0
2066	4360.0
2067	4252.0
2068	4248.0
2069	4140.0
2070	4200.0
2071	4284.0
2072	4156.0
2073	4248.0
2074	3924.0
2075	3976.0
2076	4128.0
2077	4160.0
2078	3920.0
2079	3968.0
2080	4136.0
2081	4136.0
2082	4264.0
2083	4228.0
2084	4200.0
2085	4112.0
2086	4332.0
2087	4116.0
2088	4140.0
2089	4124.0
2090	4352.0
2091	4108.0
2092	3956.0
2093	4224.0
2094	4148.0
2095	4156.0
2096	4244.0
2097	4008.0
2098	4172.0
2099	4052.0
2100	4056.0
2101	4168.0
2102	4156.0
2103	4232.0
2104	4172.0
2105	4160.0
2106	4020.0
2107	4028.0
2108	4200.0
2109	4224.0
2110	4264.0
2111	3932.0
2112	3932.0
2113	4036.0
2114	4412.0
2115	4184.0
2116	4280.0
2117	4204.0
2118	4220.0
2119	4080.0
2120	4268.0
2121	4184.0
2122	3972.0
2123	3800.0
2124	4088.0
2125	4052.0
2126	4000.0
2127	4088.0
2128	4244.0
2129	4380.0
2130	3944.0
2131	4012.0
2132	3788.0
2133	4180.0
2134	4012.0
2135	3968.0
2136	3728.0
2137	3788.0
2138	3944.0
2139	4120.0
2140	4060.0
2141	3908.0
2142	4084.0
2143	3996.0
2144	3860.0
2145	4008.0
2146	3752.0
2147	3692.0
2148	3764.0
2149	3908.0
2150	3892.0
2151	4240.0
2152	3976.0
2153	3820.0
2154	3968.0
2155	4828.0
2156	4200.0
2157	4144.0
2158	3932.0
2159	3896.0
2160	3828.0
2161	4012.0
2162	4100.0
2163	3748.0
2164	3768.0
2165	3952.0
2166	3924.0
2167	4080.0
2168	3944.0
2169	3916.0
2170	4124.0
2171	3788.0
2172	3944.0
2173	3900.0
2174	3904.0
2175	3792.0
2176	3764.0
2177	3908.0
2178	3892.0
2179	3976.0
2180	3972.0
2181	3640.0
2182	3856.0
2183	3860.0
2184	3784.0
2185	3720.0
2186	3792.0
2187	3884.0
2188	3876.0
2189	3904.0
2190	3980.0
2191	3880.0
2192	4016.0
2193	3776.0
2194	3536.0
2195	3708.0
2196	3948.0
2197	3888.0
2198	4896.0
2199	3772.0
2200	3880.0
2201	3932.0
2202	3864.0
2203	4004.0
2204	3976.0
2205	3884.0
2206	3948.0
2207	3648.0
2208	4016.0
2209	3888.0
2210	3796.0
2211	3968.0
2212	3776.0
2213	3728.0
2214	3848.0
2215	3924.0
2216	3920.0
2217	3912.0
2218	3804.0
2219	3728.0
2220	3832.0
2221	3728.0
2222	3672.0
2223	3896.0
2224	3872.0
2225	3716.0
2226	3808.0
2227	3728.0
2228	3416.0
2229	3900.0
2230	3728.0
2231	3660.0
2232	3772.0
2233	3784.0
2234	3664.0
2235	3792.0
2236	3736.0
2237	3716.0
2238	3568.0
2239	3564.0
2240	3620.0
2241	3696.0
2242	3364.0
2243	3744.0
2244	3484.0
2245	3912.0
2246	3340.0
2247	3476.0
2248	3912.0
2249	3592.0
2250	3516.0
2251	3572.0
2252	3540.0
2253	3560.0
2254	3656.0
2255	3756.0
2256	3500.0
2257	3612.0
2258	3752.0
2259	3672.0
2260	3752.0
2261	3504.0
2262	3876.0
2263	3720.0
2264	3468.0
2265	3492.0
2266	3672.0
2267	3488.0
2268	3548.0
2269	3516.0
2270	3604.0
2271	3572.0
2272	3436.0
2273	3364.0
2274	3240.0
2275	3392.0
2276	3300.0
2277	3520.0
2278	3244.0
2279	3268.0
2280	3548.0
2281	3424.0
2282	3460.0
2283	3428.0
2284	3528.0
2285	3608.0
2286	3524.0
2287	3500.0
2288	3304.0
2289	3332.0
2290	3452.0
2291	3416.0
2292	3328.0
2293	3528.0
2294	3480.0
2295	3248.0
2296	3492.0
2297	3300.0
2298	3536.0
2299	3356.0
2300	3428.0
2301	3520.0
2302	3348.0
2303	3380.0
2304	3292.0
2305	3672.0
2306	3536.0
2307	3512.0
2308	3476.0
2309	3372.0
2310	3748.0
2311	3432.0
2312	3344.0
2313	3748.0
2314	3296.0
2315	3296.0
2316	3472.0
2317	3500.0
2318	3648.0
2319	3492.0
2320	3368.0
2321	3444.0
2322	3364.0
2323	3252.0
2324	3560.0
2325	3208.0
2326	3424.0
2327	3316.0
2328	3588.0
2329	3440.0
2330	3536.0
2331	3436.0
2332	3252.0
2333	3472.0
2334	3504.0
2335	3276.0
2336	3320.0
2337	3604.0
2338	3520.0
2339	3380.0
2340	3344.0
2341	3384.0
2342	3236.0
2343	3256.0
2344	3344.0
2345	3344.0
2346	3364.0
2347	3196.0
2348	3592.0
2349	3400.0
2350	3444.0
2351	3320.0
2352	3156.0
2353	3344.0
2354	3324.0
2355	3292.0
2356	3220.0
2357	3492.0
2358	3268.0
2359	3308.0
2360	3252.0
2361	3168.0
2362	3240.0
2363	3448.0
2364	3296.0
2365	3308.0
2366	3456.0
2367	3180.0
2368	3200.0
2369	3484.0
2370	3296.0
2371	3472.0
2372	3356.0
2373	3488.0
2374	3128.0
2375	3404.0
2376	3376.0
2377	3256.0
2378	3232.0
2379	3296.0
2380	2992.0
2381	3080.0
2382	3148.0
2383	3248.0
2384	3200.0
2385	3320.0
2386	3196.0
2387	3068.0
2388	3180.0
2389	3260.0
2390	3388.0
2391	3532.0
2392	3140.0
2393	3344.0
2394	3384.0
2395	3352.0
2396	3384.0
2397	3108.0
2398	3236.0
2399	3196.0
2400	3252.0
2401	3316.0
2402	3212.0
2403	3188.0
2404	3208.0
2405	3312.0
2406	3132.0
2407	3180.0
2408	3324.0
2409	3448.0
2410	3120.0
2411	3296.0
2412	3052.0
2413	3308.0
2414	3148.0
2415	3188.0
2416	3308.0
2417	3252.0
2418	3352.0
2419	3204.0
2420	3268.0
2421	3064.0
2422	3380.0
2423	3284.0
2424	3204.0
2425	3240.0
2426	3068.0
2427	3220.0
2428	3088.0
2429	3444.0
2430	3316.0
2431	3084.0
2432	3168.0
2433	3084.0
2434	3124.0
2435	3216.0
2436	3104.0
2437	3048.0
2438	3092.0
2439	3128.0
2440	3108.0
2441	3272.0
2442	3204.0
2443	3280.0
2444	3348.0
2445	3148.0
2446	3204.0
2447	3080.0
2448	3132.0
2449	3244.0
2450	3136.0
2451	3196.0
2452	3120.0
2453	3236.0
2454	3336.0
2455	3304.0
2456	3208.0
2457	3276.0
2458	3132.0
2459	3148.0
2460	3088.0
2461	3156.0
2462	3164.0
2463	3292.0
2464	3208.0
2465	3268.0
2466	3096.0
2467	3152.0
2468	2944.0
2469	3208.0
2470	3192.0
2471	3056.0
2472	3376.0
2473	3236.0
2474	3020.0
2475	3128.0
2476	3112.0
2477	3156.0
2478	3456.0
2479	3260.0
2480	3188.0
2481	3096.0
2482	3080.0
2483	2968.0
2484	3036.0
2485	3120.0
2486	3284.0
2487	3112.0
2488	3112.0
2489	2988.0
2490	3068.0
2491	2992.0
2492	3152.0
2493	3028.0
2494	3108.0
2495	3096.0
2496	2940.0
2497	3024.0
2498	3060.0
2499	3128.0
2500	3068.0
2501	3024.0
2502	3068.0
2503	2792.0
2504	3000.0
2505	3036.0
2506	2740.0
2507	2936.0
2508	2896.0
2509	2824.0
2510	2848.0
2511	2972.0
2512	2720.0
2513	3024.0
2514	2908.0
2515	2980.0
2516	3084.0
2517	2672.0
2518	2780.0
2519	3040.0
2520	2812.0
2521	3108.0
2522	2868.0
2523	3024.0
2524	3100.0
2525	2708.0
2526	3060.0
2527	2928.0
2528	2984.0
2529	2848.0
2530	2964.0
2531	2680.0
2532	2880.0
2533	2976.0
2534	2908.0
2535	2948.0
2536	2972.0
2537	3116.0
2538	2908.0
2539	2936.0
2540	2752.0
2541	2868.0
2542	3080.0
2543	2940.0
2544	3128.0
2545	2748.0
2546	2908.0
2547	2912.0
2548	2828.0
2549	2936.0
2550	2624.0
2551	3056.0
2552	3132.0
2553	2812.0
2554	3008.0
2555	2860.0
2556	2888.0
2557	2996.0
2558	3120.0
2559	2756.0
2560	2956.0
2561	2936.0
2562	2844.0
2563	3100.0
2564	3100.0
2565	3032.0
2566	2644.0
2567	2828.0
2568	3056.0
2569	3036.0
2570	3124.0
2571	2932.0
2572	2960.0
2573	2804.0
2574	3080.0
2575	2988.0
2576	3168.0
2577	2704.0
2578	3192.0
2579	2872.0
2580	3144.0
2581	2924.0
2582	3108.0
2583	3016.0
2584	3080.0
2585	2792.0
2586	2700.0
2587	2832.0
2588	2760.0
2589	3036.0
2590	3068.0
2591	2992.0
2592	2748.0
2593	3048.0
2594	2920.0
2595	2872.0
2596	2800.0
2597	2812.0
2598	2832.0
2599	2908.0
2600	3132.0
2601	2968.0
2602	2676.0
2603	2916.0
2604	2996.0
2605	2692.0
2606	2880.0
2607	2672.0
2608	2696.0
2609	2820.0
2610	2848.0
2611	2912.0
2612	2732.0
2613	2796.0
2614	2888.0
2615	2756.0
2616	2920.0
2617	2960.0
2618	2764.0
2619	2872.0
2620	2636.0
2621	3028.0
2622	2864.0
2623	2768.0
2624	2776.0
2625	2836.0
2626	2736.0
2627	2912.0
2628	2840.0
2629	2764.0
2630	2908.0
2631	2612.0
2632	2600.0
2633	2732.0
2634	2736.0
2635	2700.0
2636	2852.0
2637	2636.0
2638	2972.0
2639	2884.0
2640	2744.0
2641	2700.0
2642	2924.0
2643	2792.0
2644	2816.0
2645	2448.0
2646	2824.0
2647	2744.0
2648	2732.0
2649	3008.0
2650	2728.0
2651	2648.0
2652	2588.0
2653	2864.0
2654	2772.0
2655	2532.0
2656	2792.0
2657	2984.0
2658	2864.0
2659	2964.0
2660	2820.0
2661	2524.0
2662	2932.0
2663	2484.0
2664	2860.0
2665	2944.0
2666	2964.0
2667	2800.0
2668	3044.0
2669	2932.0
2670	2832.0
2671	3080.0
2672	2940.0
2673	3012.0
2674	2796.0
2675	2844.0
2676	2904.0
2677	2900.0
2678	2772.0
2679	2936.0
2680	2824.0
2681	2928.0
2682	2916.0
2683	2792.0
2684	2800.0
2685	2924.0
2686	2716.0
2687	2900.0
2688	2944.0
2689	2892.0
2690	3092.0
2691	3036.0
2692	2844.0
2693	2768.0
2694	2700.0
2695	2872.0
2696	3136.0
2697	2968.0
2698	3056.0
2699	2984.0
2700	2888.0
2701	3128.0
2702	2980.0
2703	2996.0
2704	2920.0
2705	3068.0
2706	2960.0
2707	2912.0
2708	3000.0
2709	3256.0
2710	3096.0
2711	2944.0
2712	3056.0
2713	3072.0
2714	2732.0
2715	2952.0
2716	2872.0
2717	2876.0
2718	2824.0
2719	2996.0
2720	2828.0
2721	2896.0
2722	2692.0
2723	2852.0
2724	3032.0
2725	2976.0
2726	2888.0
2727	2824.0
2728	2936.0
2729	2796.0
2730	3048.0
2731	2996.0
2732	3036.0
2733	2852.0
2734	2616.0
2735	2916.0
2736	2940.0
2737	3044.0
2738	2708.0
2739	2852.0
2740	2896.0
2741	2948.0
2742	2936.0
2743	2844.0
2744	2968.0
2745	3172.0
2746	3020.0
2747	3040.0
