0	60.0
1	86.0
2	96.0
3	84.0
4	80.0
5	94.0
6	92.0
7	82.0
8	74.0
9	70.0
10	60.0
11	70.0
12	62.0
13	52.0
14	60.0
15	62.0
16	78.0
17	66.0
18	84.0
19	64.0
20	86.0
21	76.0
22	94.0
23	84.0
24	110.0
25	90.0
26	82.0
27	88.0
28	98.0
29	76.0
30	116.0
31	66.0
32	70.0
33	114.0
34	74.0
35	88.0
36	98.0
37	88.0
38	74.0
39	92.0
40	110.0
41	48.0
42	92.0
43	90.0
44	92.0
45	92.0
46	84.0
47	88.0
48	78.0
49	94.0
50	78.0
51	60.0
52	78.0
53	126.0
54	114.0
55	88.0
56	98.0
57	112.0
58	78.0
59	98.0
60	84.0
61	108.0
62	52.0
63	100.0
64	100.0
65	98.0
66	102.0
67	84.0
68	92.0
69	106.0
70	84.0
71	82.0
72	96.0
73	96.0
74	78.0
75	84.0
76	118.0
77	88.0
78	74.0
79	82.0
80	112.0
81	84.0
82	94.0
83	116.0
84	102.0
85	108.0
86	94.0
87	108.0
88	88.0
89	110.0
90	126.0
91	74.0
92	116.0
93	70.0
94	106.0
95	92.0
96	102.0
97	104.0
98	102.0
99	110.0
100	98.0
101	106.0
102	124.0
103	84.0
104	104.0
105	86.0
106	116.0
107	84.0
108	90.0
109	104.0
110	108.0
111	66.0
112	82.0
113	90.0
114	90.0
115	102.0
116	96.0
117	100.0
118	74.0
119	110.0
120	86.0
121	74.0
122	104.0
123	116.0
124	116.0
125	74.0
126	96.0
127	88.0
128	68.0
129	102.0
130	98.0
131	64.0
132	90.0
133	68.0
134	82.0
135	54.0
136	70.0
137	66.0
138	90.0
139	100.0
140	82.0
141	80.0
142	102.0
143	84.0
144	98.0
145	82.0
146	66.0
147	86.0
148	96.0
149	118.0
150	88.0
151	88.0
152	120.0
153	78.0
154	78.0
155	104.0
156	100.0
157	102.0
158	88.0
159	82.0
160	62.0
161	82.0
162	100.0
163	86.0
164	110.0
165	80.0
166	86.0
167	116.0
168	82.0
169	92.0
170	110.0
171	110.0
172	88.0
173	88.0
174	100.0
175	100.0
176	80.0
177	82.0
178	108.0
179	102.0
180	114.0
181	98.0
182	72.0
183	126.0
184	90.0
185	118.0
186	86.0
187	116.0
188	82.0
189	92.0
190	96.0
191	92.0
192	80.0
193	114.0
194	90.0
195	98.0
196	82.0
197	114.0
198	100.0
199	106.0
200	110.0
201	76.0
202	88.0
203	106.0
204	90.0
205	94.0
206	86.0
207	110.0
208	104.0
209	94.0
210	76.0
211	104.0
212	112.0
213	104.0
214	106.0
215	106.0
216	102.0
217	110.0
218	110.0
219	102.0
220	92.0
221	116.0
222	90.0
223	76.0
224	94.0
225	106.0
226	98.0
227	102.0
228	90.0
229	114.0
230	104.0
231	108.0
232	118.0
233	94.0
234	108.0
235	78.0
236	94.0
237	94.0
238	110.0
239	92.0
240	106.0
241	104.0
242	98.0
243	82.0
244	94.0
245	84.0
246	92.0
247	86.0
248	90.0
249	82.0
250	96.0
251	78.0
252	102.0
253	98.0
254	84.0
255	104.0
256	94.0
257	108.0
258	80.0
259	90.0
260	102.0
261	90.0
262	90.0
263	96.0
264	76.0
265	94.0
266	90.0
267	90.0
268	102.0
269	116.0
270	82.0
271	86.0
272	108.0
273	108.0
274	104.0
275	82.0
276	68.0
277	110.0
278	94.0
279	80.0
280	102.0
281	98.0
282	114.0
283	126.0
284	98.0
285	120.0
286	124.0
287	108.0
288	128.0
289	118.0
290	98.0
291	126.0
292	104.0
293	114.0
294	110.0
295	90.0
296	90.0
297	94.0
298	120.0
299	92.0
300	98.0
301	104.0
302	108.0
303	100.0
304	116.0
305	124.0
306	68.0
307	94.0
308	108.0
309	74.0
310	96.0
311	126.0
312	94.0
313	114.0
314	122.0
315	90.0
316	96.0
317	100.0
318	98.0
319	118.0
320	82.0
321	84.0
322	104.0
323	84.0
324	104.0
325	126.0
326	116.0
327	98.0
328	108.0
329	104.0
330	110.0
331	86.0
332	128.0
333	94.0
334	84.0
335	102.0
336	98.0
337	126.0
338	90.0
339	118.0
340	86.0
341	100.0
342	92.0
343	114.0
344	88.0
345	102.0
346	106.0
347	96.0
348	104.0
349	104.0
350	66.0
351	86.0
352	102.0
353	96.0
354	104.0
355	84.0
356	104.0
357	102.0
358	106.0
359	116.0
360	108.0
361	88.0
362	112.0
363	124.0
364	100.0
365	84.0
366	110.0
367	84.0
368	100.0
369	106.0
370	122.0
371	102.0
372	118.0
373	100.0
374	88.0
375	106.0
376	88.0
377	102.0
378	118.0
379	86.0
380	98.0
381	102.0
382	86.0
383	98.0
384	78.0
385	86.0
386	104.0
387	98.0
388	112.0
389	80.0
390	96.0
391	96.0
392	102.0
393	98.0
394	112.0
395	90.0
396	136.0
397	100.0
398	84.0
399	116.0
400	126.0
401	98.0
402	132.0
403	112.0
404	102.0
405	106.0
406	114.0
407	96.0
408	110.0
409	98.0
410	94.0
411	122.0
412	100.0
413	96.0
414	92.0
415	98.0
416	96.0
417	102.0
418	92.0
419	104.0
420	110.0
421	118.0
422	102.0
423	120.0
424	104.0
425	128.0
426	116.0
427	122.0
428	84.0
429	120.0
430	134.0
431	100.0
432	102.0
433	130.0
434	98.0
435	108.0
436	106.0
437	96.0
438	106.0
439	92.0
440	112.0
441	86.0
442	100.0
443	102.0
444	104.0
445	92.0
446	116.0
447	82.0
448	110.0
449	92.0
450	88.0
451	84.0
452	86.0
453	92.0
454	116.0
455	94.0
456	104.0
457	108.0
458	66.0
459	132.0
460	106.0
461	84.0
462	120.0
463	120.0
464	100.0
465	138.0
466	96.0
467	132.0
468	110.0
469	120.0
470	104.0
471	110.0
472	106.0
473	100.0
474	92.0
475	96.0
476	122.0
477	100.0
478	94.0
479	136.0
480	116.0
481	104.0
482	118.0
483	120.0
484	118.0
485	124.0
486	120.0
487	108.0
488	100.0
489	140.0
490	134.0
491	104.0
492	110.0
493	120.0
494	108.0
495	90.0
496	110.0
497	124.0
498	110.0
499	100.0
500	126.0
501	114.0
502	110.0
503	102.0
504	118.0
505	88.0
506	114.0
507	118.0
508	102.0
509	96.0
510	130.0
511	114.0
512	112.0
513	98.0
514	120.0
515	92.0
516	124.0
517	118.0
518	114.0
519	118.0
520	116.0
521	128.0
522	114.0
523	104.0
524	96.0
525	98.0
526	114.0
527	104.0
528	88.0
529	96.0
530	110.0
531	116.0
532	100.0
533	130.0
534	142.0
535	142.0
536	132.0
537	106.0
538	114.0
539	120.0
540	114.0
541	104.0
542	104.0
543	102.0
544	108.0
545	92.0
546	114.0
547	84.0
548	88.0
549	122.0
550	102.0
551	102.0
552	126.0
553	122.0
554	96.0
555	90.0
556	110.0
557	106.0
558	110.0
559	84.0
560	108.0
561	100.0
562	116.0
563	100.0
564	94.0
565	110.0
566	92.0
567	96.0
568	128.0
569	116.0
570	120.0
571	96.0
572	100.0
573	108.0
574	114.0
575	126.0
576	96.0
577	126.0
578	126.0
579	146.0
580	126.0
581	118.0
582	128.0
583	90.0
584	102.0
585	84.0
586	108.0
587	106.0
588	100.0
589	106.0
590	114.0
591	98.0
592	120.0
593	118.0
594	118.0
595	92.0
596	108.0
597	128.0
598	102.0
599	102.0
600	96.0
601	98.0
602	108.0
603	72.0
604	90.0
605	98.0
606	90.0
607	84.0
608	98.0
609	110.0
610	112.0
611	124.0
612	118.0
613	108.0
614	92.0
615	94.0
616	104.0
617	94.0
618	86.0
619	116.0
620	104.0
621	142.0
622	112.0
623	98.0
624	114.0
625	100.0
626	94.0
627	88.0
628	98.0
629	86.0
630	124.0
631	104.0
632	126.0
633	118.0
634	90.0
635	138.0
636	102.0
637	116.0
638	116.0
639	130.0
640	110.0
641	122.0
642	102.0
643	98.0
644	128.0
645	108.0
646	118.0
647	116.0
648	130.0
649	150.0
650	128.0
651	114.0
652	142.0
653	132.0
654	138.0
655	134.0
656	98.0
657	108.0
658	124.0
659	130.0
660	92.0
661	122.0
662	130.0
663	124.0
664	122.0
665	126.0
666	108.0
667	98.0
668	126.0
669	120.0
670	108.0
671	136.0
672	122.0
673	126.0
674	136.0
675	104.0
676	116.0
677	140.0
678	118.0
679	110.0
680	108.0
681	148.0
682	102.0
683	128.0
684	118.0
685	116.0
686	124.0
687	120.0
688	118.0
689	142.0
690	120.0
691	128.0
692	128.0
693	102.0
694	140.0
695	120.0
696	94.0
697	104.0
698	146.0
699	116.0
700	144.0
701	104.0
702	144.0
703	122.0
704	112.0
705	138.0
706	104.0
707	138.0
708	110.0
709	110.0
710	138.0
711	136.0
712	108.0
713	152.0
714	146.0
715	128.0
716	134.0
717	134.0
718	100.0
719	148.0
720	134.0
721	138.0
722	124.0
723	130.0
724	134.0
725	124.0
726	120.0
727	138.0
728	88.0
729	92.0
730	100.0
731	130.0
732	146.0
733	108.0
734	138.0
735	122.0
736	122.0
737	94.0
738	116.0
739	100.0
740	120.0
741	118.0
742	132.0
743	116.0
744	142.0
745	160.0
746	140.0
747	136.0
748	106.0
749	138.0
750	136.0
751	166.0
752	128.0
753	148.0
754	134.0
755	134.0
756	126.0
757	150.0
758	126.0
759	132.0
760	138.0
761	140.0
762	120.0
763	130.0
764	118.0
765	130.0
766	146.0
767	116.0
768	142.0
769	106.0
770	130.0
771	134.0
772	122.0
773	120.0
774	142.0
775	124.0
776	148.0
777	118.0
778	136.0
779	116.0
780	122.0
781	118.0
782	122.0
783	94.0
784	134.0
785	124.0
786	116.0
787	92.0
788	120.0
789	116.0
790	84.0
791	154.0
792	144.0
793	112.0
794	116.0
795	154.0
796	122.0
797	94.0
798	130.0
799	126.0
800	122.0
801	126.0
802	142.0
803	138.0
804	114.0
805	110.0
806	128.0
807	118.0
808	130.0
809	136.0
810	76.0
811	134.0
812	120.0
813	126.0
814	138.0
815	118.0
816	104.0
817	144.0
818	124.0
819	116.0
820	122.0
821	142.0
822	124.0
823	134.0
824	126.0
825	114.0
826	116.0
827	100.0
828	90.0
829	112.0
830	108.0
831	128.0
832	156.0
833	116.0
834	138.0
835	132.0
836	126.0
837	118.0
838	104.0
839	114.0
840	102.0
841	120.0
842	152.0
843	132.0
844	124.0
845	136.0
846	134.0
847	136.0
848	100.0
849	148.0
850	118.0
851	120.0
852	134.0
853	160.0
854	104.0
855	142.0
856	136.0
857	116.0
858	116.0
859	128.0
860	100.0
861	150.0
862	126.0
863	120.0
864	106.0
865	120.0
866	130.0
867	132.0
868	148.0
869	140.0
870	108.0
871	124.0
872	110.0
873	130.0
874	118.0
875	126.0
876	128.0
877	130.0
878	124.0
879	126.0
880	130.0
881	118.0
882	136.0
883	148.0
884	154.0
885	138.0
886	130.0
887	118.0
888	138.0
889	124.0
890	130.0
891	132.0
892	144.0
893	94.0
894	134.0
895	130.0
896	114.0
897	98.0
898	122.0
899	144.0
900	138.0
901	142.0
902	130.0
903	144.0
904	112.0
905	130.0
906	146.0
907	118.0
908	144.0
909	132.0
910	112.0
911	128.0
912	136.0
913	110.0
914	130.0
915	134.0
916	110.0
917	114.0
918	148.0
919	140.0
920	110.0
921	136.0
922	118.0
923	128.0
924	100.0
925	108.0
926	124.0
927	130.0
928	104.0
929	126.0
930	124.0
931	132.0
932	114.0
933	124.0
934	150.0
935	126.0
936	92.0
937	106.0
938	94.0
939	86.0
940	100.0
941	102.0
942	120.0
943	118.0
944	124.0
945	96.0
946	108.0
947	148.0
948	148.0
949	120.0
950	108.0
951	104.0
952	160.0
953	136.0
954	126.0
955	102.0
956	124.0
957	134.0
958	124.0
959	98.0
960	124.0
961	122.0
962	138.0
963	148.0
964	98.0
965	126.0
966	128.0
967	130.0
968	106.0
969	120.0
970	140.0
971	148.0
972	148.0
973	134.0
974	142.0
975	114.0
976	140.0
977	136.0
978	128.0
979	168.0
980	140.0
981	124.0
982	120.0
983	124.0
984	106.0
985	132.0
986	120.0
987	136.0
988	140.0
989	146.0
990	190.0
991	102.0
992	148.0
993	118.0
994	150.0
995	122.0
996	134.0
997	144.0
998	120.0
999	124.0
1000	140.0
1001	138.0
1002	108.0
1003	138.0
1004	136.0
1005	118.0
1006	120.0
1007	120.0
1008	124.0
1009	120.0
1010	164.0
1011	104.0
1012	130.0
1013	146.0
1014	98.0
1015	140.0
1016	148.0
1017	124.0
1018	96.0
1019	112.0
1020	110.0
1021	140.0
1022	144.0
1023	120.0
1024	134.0
1025	136.0
1026	132.0
1027	104.0
1028	120.0
1029	116.0
1030	124.0
1031	132.0
1032	122.0
1033	114.0
1034	140.0
1035	136.0
1036	140.0
1037	138.0
1038	152.0
1039	186.0
1040	140.0
1041	146.0
1042	148.0
1043	132.0
1044	154.0
1045	142.0
1046	174.0
1047	164.0
1048	146.0
1049	146.0
1050	116.0
1051	170.0
1052	128.0
1053	138.0
1054	138.0
1055	144.0
1056	148.0
1057	118.0
1058	146.0
1059	116.0
1060	152.0
1061	152.0
1062	140.0
1063	160.0
1064	152.0
1065	126.0
1066	122.0
1067	164.0
1068	192.0
1069	146.0
1070	150.0
1071	108.0
1072	148.0
1073	124.0
1074	116.0
1075	120.0
1076	150.0
1077	154.0
1078	136.0
1079	148.0
1080	138.0
1081	128.0
1082	100.0
1083	148.0
1084	148.0
1085	156.0
1086	134.0
1087	164.0
1088	166.0
1089	144.0
1090	132.0
1091	122.0
1092	134.0
1093	160.0
1094	166.0
1095	122.0
1096	110.0
1097	130.0
1098	126.0
1099	168.0
1100	152.0
1101	160.0
1102	142.0
1103	140.0
1104	136.0
1105	128.0
1106	150.0
1107	136.0
1108	106.0
1109	142.0
1110	114.0
1111	128.0
1112	114.0
1113	144.0
1114	128.0
1115	132.0
1116	140.0
1117	144.0
1118	172.0
1119	122.0
1120	174.0
1121	132.0
1122	162.0
1123	124.0
1124	126.0
1125	138.0
1126	146.0
1127	134.0
1128	140.0
1129	150.0
1130	156.0
1131	170.0
1132	164.0
1133	136.0
1134	120.0
1135	146.0
1136	136.0
1137	136.0
1138	140.0
1139	136.0
1140	134.0
1141	138.0
1142	122.0
1143	120.0
1144	142.0
1145	146.0
1146	154.0
1147	136.0
1148	140.0
1149	150.0
1150	148.0
1151	170.0
1152	176.0
1153	136.0
1154	152.0
1155	128.0
1156	144.0
1157	176.0
1158	140.0
1159	152.0
1160	130.0
1161	164.0
1162	122.0
1163	124.0
1164	124.0
1165	142.0
1166	158.0
1167	134.0
1168	108.0
1169	116.0
1170	136.0
1171	134.0
1172	114.0
1173	126.0
1174	148.0
1175	140.0
1176	144.0
1177	150.0
1178	128.0
1179	130.0
1180	128.0
1181	124.0
1182	114.0
1183	114.0
1184	132.0
1185	136.0
1186	144.0
1187	126.0
1188	146.0
1189	152.0
1190	114.0
1191	154.0
1192	140.0
1193	138.0
1194	132.0
1195	138.0
1196	128.0
1197	150.0
1198	108.0
1199	142.0
1200	126.0
1201	150.0
1202	150.0
1203	144.0
1204	140.0
1205	120.0
1206	130.0
1207	128.0
1208	142.0
1209	154.0
1210	148.0
1211	130.0
1212	164.0
1213	134.0
1214	154.0
1215	142.0
1216	142.0
1217	130.0
1218	122.0
1219	130.0
1220	154.0
1221	130.0
1222	140.0
1223	122.0
1224	134.0
1225	124.0
1226	142.0
1227	158.0
1228	130.0
1229	136.0
1230	134.0
1231	124.0
1232	124.0
1233	146.0
1234	122.0
1235	118.0
1236	144.0
1237	126.0
1238	132.0
1239	130.0
1240	122.0
1241	150.0
1242	124.0
1243	134.0
1244	146.0
1245	134.0
1246	132.0
1247	134.0
1248	148.0
1249	94.0
1250	134.0
1251	144.0
1252	138.0
1253	148.0
1254	142.0
1255	130.0
1256	124.0
1257	124.0
1258	126.0
1259	126.0
1260	116.0
1261	132.0
1262	140.0
1263	146.0
1264	172.0
1265	150.0
1266	142.0
1267	134.0
1268	154.0
1269	152.0
1270	136.0
1271	150.0
1272	114.0
1273	128.0
1274	116.0
1275	138.0
1276	152.0
1277	126.0
1278	160.0
1279	140.0
1280	168.0
1281	122.0
1282	146.0
1283	128.0
1284	142.0
1285	148.0
1286	124.0
1287	142.0
1288	126.0
1289	136.0
1290	148.0
1291	180.0
1292	150.0
1293	150.0
1294	130.0
1295	156.0
1296	120.0
1297	114.0
1298	148.0
1299	114.0
1300	126.0
1301	134.0
1302	120.0
1303	128.0
1304	118.0
1305	126.0
1306	88.0
1307	116.0
1308	102.0
1309	132.0
1310	128.0
1311	132.0
1312	146.0
1313	110.0
1314	132.0
1315	142.0
1316	152.0
1317	132.0
1318	156.0
1319	154.0
1320	126.0
1321	144.0
1322	128.0
1323	156.0
1324	174.0
1325	142.0
1326	152.0
1327	126.0
1328	142.0
1329	114.0
1330	144.0
1331	128.0
1332	170.0
1333	134.0
1334	184.0
1335	126.0
1336	152.0
1337	138.0
1338	134.0
1339	126.0
1340	152.0
1341	134.0
1342	126.0
1343	140.0
1344	158.0
1345	164.0
1346	162.0
1347	166.0
1348	160.0
1349	166.0
1350	122.0
1351	150.0
1352	160.0
1353	148.0
1354	148.0
1355	158.0
1356	130.0
1357	128.0
1358	176.0
1359	138.0
1360	134.0
1361	150.0
1362	112.0
1363	148.0
1364	142.0
1365	122.0
1366	116.0
1367	142.0
1368	156.0
1369	116.0
1370	116.0
1371	162.0
1372	132.0
1373	172.0
1374	138.0
1375	150.0
1376	130.0
1377	128.0
1378	142.0
1379	166.0
1380	152.0
1381	160.0
1382	140.0
1383	146.0
1384	150.0
1385	146.0
1386	166.0
1387	150.0
1388	124.0
1389	140.0
1390	116.0
1391	158.0
1392	154.0
1393	114.0
1394	134.0
1395	136.0
1396	150.0
1397	174.0
1398	156.0
1399	126.0
1400	158.0
1401	160.0
1402	178.0
1403	152.0
1404	156.0
1405	160.0
1406	152.0
1407	116.0
1408	158.0
1409	130.0
1410	170.0
1411	148.0
1412	160.0
1413	138.0
1414	154.0
1415	158.0
1416	156.0
1417	148.0
1418	150.0
1419	144.0
1420	116.0
1421	150.0
1422	154.0
1423	160.0
1424	162.0
1425	160.0
1426	142.0
1427	136.0
1428	122.0
1429	160.0
1430	162.0
1431	170.0
1432	144.0
1433	164.0
1434	126.0
1435	164.0
1436	144.0
1437	152.0
1438	152.0
1439	160.0
1440	150.0
1441	154.0
1442	162.0
1443	168.0
1444	134.0
1445	168.0
1446	160.0
1447	154.0
1448	176.0
1449	156.0
1450	190.0
1451	154.0
1452	144.0
1453	140.0
1454	156.0
1455	186.0
1456	114.0
1457	184.0
1458	136.0
1459	132.0
1460	142.0
1461	114.0
1462	164.0
1463	130.0
1464	142.0
1465	144.0
1466	156.0
1467	102.0
1468	130.0
1469	150.0
1470	128.0
1471	146.0
1472	174.0
1473	150.0
1474	152.0
1475	148.0
1476	134.0
1477	142.0
1478	160.0
1479	172.0
1480	152.0
1481	156.0
1482	182.0
1483	148.0
1484	138.0
1485	136.0
1486	164.0
1487	136.0
1488	148.0
1489	138.0
1490	172.0
1491	136.0
1492	156.0
1493	148.0
1494	146.0
1495	150.0
1496	134.0
1497	138.0
1498	154.0
1499	142.0
1500	130.0
1501	116.0
1502	132.0
1503	152.0
1504	154.0
1505	182.0
1506	130.0
1507	132.0
1508	142.0
1509	140.0
1510	130.0
1511	120.0
1512	174.0
1513	154.0
1514	162.0
1515	140.0
1516	146.0
1517	160.0
1518	168.0
1519	164.0
1520	144.0
1521	152.0
1522	130.0
1523	152.0
1524	150.0
1525	134.0
1526	124.0
1527	172.0
1528	160.0
1529	140.0
1530	140.0
1531	148.0
1532	138.0
1533	138.0
1534	158.0
1535	156.0
1536	168.0
1537	136.0
1538	158.0
1539	138.0
1540	164.0
1541	136.0
1542	146.0
1543	148.0
1544	148.0
1545	130.0
1546	138.0
1547	134.0
1548	136.0
1549	158.0
1550	154.0
1551	166.0
1552	164.0
1553	160.0
1554	142.0
1555	146.0
1556	142.0
1557	168.0
1558	162.0
1559	134.0
1560	136.0
1561	186.0
1562	158.0
1563	154.0
1564	150.0
1565	128.0
1566	162.0
1567	162.0
1568	170.0
1569	138.0
1570	144.0
1571	142.0
1572	170.0
1573	162.0
1574	112.0
1575	152.0
1576	140.0
1577	144.0
1578	170.0
1579	152.0
1580	162.0
1581	134.0
1582	154.0
1583	142.0
1584	160.0
1585	154.0
1586	168.0
1587	140.0
1588	144.0
1589	166.0
1590	170.0
1591	136.0
1592	152.0
1593	146.0
1594	160.0
1595	148.0
1596	136.0
1597	152.0
1598	134.0
1599	142.0
1600	146.0
1601	126.0
1602	190.0
1603	140.0
1604	150.0
1605	166.0
1606	148.0
1607	154.0
1608	160.0
1609	160.0
1610	134.0
1611	114.0
1612	134.0
1613	158.0
1614	154.0
1615	152.0
1616	152.0
1617	126.0
1618	134.0
1619	172.0
1620	140.0
1621	130.0
1622	160.0
1623	170.0
1624	152.0
1625	162.0
1626	146.0
1627	180.0
1628	166.0
1629	180.0
1630	142.0
1631	180.0
1632	152.0
1633	142.0
1634	152.0
1635	136.0
1636	132.0
1637	144.0
1638	150.0
1639	114.0
1640	148.0
1641	142.0
1642	160.0
1643	164.0
1644	154.0
1645	158.0
1646	136.0
1647	148.0
1648	170.0
1649	152.0
1650	152.0
1651	156.0
1652	136.0
1653	150.0
1654	148.0
1655	168.0
1656	144.0
1657	130.0
1658	160.0
1659	140.0
1660	148.0
1661	134.0
1662	114.0
1663	162.0
1664	164.0
1665	102.0
1666	144.0
1667	126.0
1668	128.0
1669	136.0
1670	132.0
1671	106.0
1672	116.0
1673	128.0
1674	120.0
1675	122.0
1676	136.0
1677	160.0
1678	156.0
1679	124.0
1680	148.0
1681	150.0
1682	130.0
1683	136.0
1684	144.0
1685	114.0
1686	160.0
1687	134.0
1688	132.0
1689	142.0
1690	136.0
1691	128.0
1692	118.0
1693	148.0
1694	130.0
1695	142.0
1696	154.0
1697	144.0
1698	170.0
1699	174.0
1700	138.0
1701	124.0
1702	192.0
1703	146.0
1704	126.0
1705	142.0
1706	146.0
1707	138.0
1708	150.0
1709	144.0
1710	162.0
1711	154.0
1712	170.0
1713	152.0
1714	154.0
1715	152.0
1716	148.0
1717	162.0
1718	170.0
1719	152.0
1720	140.0
1721	156.0
1722	146.0
1723	136.0
1724	104.0
1725	122.0
1726	126.0
1727	118.0
1728	132.0
1729	130.0
1730	110.0
1731	142.0
1732	120.0
1733	122.0
1734	150.0
1735	158.0
1736	110.0
1737	132.0
1738	152.0
1739	134.0
1740	160.0
1741	154.0
1742	144.0
1743	136.0
1744	162.0
1745	152.0
1746	138.0
1747	138.0
1748	148.0
1749	134.0
1750	158.0
1751	144.0
1752	204.0
1753	116.0
1754	144.0
1755	134.0
1756	146.0
1757	128.0
1758	146.0
1759	136.0
1760	164.0
1761	144.0
1762	152.0
1763	138.0
1764	128.0
1765	150.0
1766	154.0
1767	170.0
1768	142.0
1769	150.0
1770	158.0
1771	156.0
1772	126.0
1773	164.0
1774	122.0
1775	138.0
1776	142.0
1777	150.0
1778	136.0
1779	156.0
1780	140.0
1781	158.0
1782	134.0
1783	140.0
1784	178.0
1785	136.0
1786	156.0
1787	160.0
1788	142.0
1789	128.0
1790	158.0
1791	144.0
1792	168.0
1793	156.0
1794	146.0
1795	156.0
1796	150.0
1797	180.0
1798	174.0
1799	156.0
1800	156.0
1801	156.0
1802	178.0
1803	144.0
1804	156.0
1805	136.0
1806	136.0
1807	150.0
1808	158.0
1809	142.0
1810	130.0
1811	180.0
1812	156.0
1813	114.0
1814	156.0
1815	130.0
1816	166.0
1817	148.0
1818	154.0
1819	154.0
1820	148.0
1821	128.0
1822	126.0
1823	164.0
1824	156.0
1825	184.0
1826	148.0
1827	152.0
1828	138.0
1829	152.0
1830	168.0
1831	170.0
1832	160.0
1833	154.0
1834	156.0
1835	160.0
1836	144.0
1837	152.0
1838	132.0
1839	146.0
1840	158.0
1841	148.0
1842	178.0
1843	156.0
1844	130.0
1845	124.0
1846	148.0
1847	154.0
1848	158.0
1849	150.0
1850	158.0
1851	138.0
1852	156.0
1853	166.0
1854	152.0
1855	140.0
1856	136.0
1857	158.0
1858	208.0
1859	216.0
1860	148.0
1861	164.0
1862	156.0
1863	144.0
1864	168.0
1865	164.0
1866	146.0
1867	142.0
1868	168.0
1869	166.0
1870	148.0
1871	158.0
1872	158.0
1873	134.0
1874	148.0
1875	154.0
1876	112.0
1877	138.0
1878	152.0
1879	108.0
1880	152.0
1881	112.0
1882	142.0
1883	158.0
1884	138.0
1885	150.0
1886	144.0
1887	152.0
1888	148.0
1889	138.0
1890	164.0
1891	156.0
1892	150.0
1893	154.0
1894	180.0
1895	174.0
1896	126.0
1897	134.0
1898	126.0
1899	138.0
1900	168.0
1901	166.0
1902	164.0
1903	160.0
1904	190.0
1905	138.0
1906	144.0
1907	126.0
1908	144.0
1909	154.0
1910	158.0
1911	128.0
1912	148.0
1913	132.0
1914	170.0
1915	178.0
1916	136.0
1917	148.0
1918	146.0
1919	154.0
1920	166.0
1921	132.0
1922	160.0
1923	164.0
1924	184.0
1925	156.0
1926	124.0
1927	164.0
1928	140.0
1929	152.0
1930	136.0
1931	146.0
1932	148.0
1933	136.0
1934	160.0
1935	124.0
1936	172.0
1937	172.0
1938	130.0
1939	194.0
1940	130.0
1941	152.0
1942	160.0
1943	144.0
1944	154.0
1945	148.0
1946	170.0
1947	162.0
1948	142.0
1949	144.0
1950	140.0
1951	146.0
1952	150.0
1953	184.0
1954	166.0
1955	150.0
1956	148.0
1957	132.0
1958	160.0
1959	174.0
1960	164.0
1961	156.0
1962	134.0
1963	156.0
1964	144.0
1965	134.0
1966	108.0
1967	162.0
1968	162.0
1969	162.0
1970	166.0
1971	146.0
1972	160.0
1973	180.0
1974	128.0
1975	132.0
1976	136.0
1977	162.0
1978	160.0
1979	126.0
1980	154.0
1981	144.0
1982	158.0
1983	174.0
1984	116.0
1985	160.0
1986	126.0
1987	154.0
1988	146.0
1989	170.0
1990	172.0
1991	152.0
1992	138.0
1993	134.0
1994	152.0
1995	136.0
1996	140.0
1997	156.0
1998	152.0
1999	162.0
2000	154.0
2001	146.0
2002	142.0
2003	138.0
2004	138.0
2005	150.0
2006	134.0
2007	140.0
2008	148.0
2009	146.0
2010	130.0
2011	132.0
2012	156.0
2013	152.0
2014	136.0
2015	184.0
2016	142.0
2017	176.0
2018	124.0
2019	142.0
2020	148.0
2021	134.0
2022	138.0
2023	146.0
2024	166.0
2025	182.0
2026	142.0
2027	164.0
2028	144.0
2029	128.0
2030	176.0
2031	158.0
2032	156.0
2033	154.0
2034	166.0
2035	150.0
2036	134.0
2037	154.0
2038	172.0
2039	162.0
2040	118.0
2041	142.0
2042	124.0
2043	136.0
2044	158.0
2045	114.0
2046	144.0
2047	160.0
2048	164.0
2049	130.0
2050	138.0
2051	158.0
2052	140.0
2053	164.0
2054	184.0
2055	154.0
2056	136.0
2057	168.0
2058	164.0
2059	156.0
2060	158.0
2061	138.0
2062	152.0
2063	144.0
2064	150.0
2065	158.0
2066	130.0
2067	136.0
2068	138.0
2069	128.0
2070	168.0
2071	148.0
2072	148.0
2073	172.0
2074	156.0
2075	112.0
2076	112.0
2077	138.0
2078	128.0
2079	140.0
2080	148.0
2081	144.0
2082	148.0
2083	124.0
2084	164.0
2085	154.0
2086	146.0
2087	144.0
2088	122.0
2089	152.0
2090	152.0
2091	144.0
2092	130.0
2093	158.0
2094	116.0
2095	114.0
2096	116.0
2097	136.0
2098	118.0
2099	136.0
2100	130.0
2101	122.0
2102	130.0
2103	108.0
2104	112.0
2105	120.0
2106	142.0
2107	146.0
2108	150.0
2109	126.0
2110	138.0
2111	134.0
2112	144.0
2113	134.0
2114	132.0
2115	146.0
2116	130.0
2117	146.0
2118	132.0
2119	128.0
2120	156.0
2121	126.0
2122	116.0
2123	138.0
2124	154.0
2125	140.0
2126	136.0
2127	148.0
2128	146.0
2129	118.0
2130	156.0
2131	148.0
2132	152.0
2133	150.0
2134	142.0
2135	124.0
2136	130.0
2137	126.0
2138	164.0
2139	136.0
2140	140.0
2141	154.0
2142	142.0
2143	146.0
2144	124.0
2145	154.0
2146	174.0
2147	132.0
2148	148.0
2149	138.0
2150	168.0
2151	170.0
2152	152.0
2153	104.0
2154	140.0
2155	130.0
2156	178.0
2157	162.0
2158	106.0
2159	112.0
2160	142.0
2161	150.0
2162	150.0
2163	110.0
2164	120.0
2165	158.0
2166	134.0
2167	136.0
2168	156.0
2169	178.0
