0	1068.0
1	1084.0
2	1296.0
3	1208.0
4	1232.0
5	1176.0
6	1066.0
7	1016.0
8	1096.0
9	1092.0
10	1140.0
11	1272.0
12	1232.0
13	1190.0
14	968.0
15	1144.0
16	1152.0
17	1080.0
18	934.0
19	1044.0
20	1136.0
21	1320.0
22	868.0
23	924.0
24	1124.0
25	1116.0
26	1076.0
27	856.0
28	1092.0
29	1096.0
30	1036.0
31	972.0
32	1124.0
33	1190.0
34	1044.0
35	1046.0
36	1162.0
37	1234.0
38	880.0
39	1128.0
40	804.0
41	1076.0
42	1112.0
43	1004.0
44	1280.0
45	1116.0
46	808.0
47	1084.0
48	1104.0
49	1068.0
50	1136.0
51	1068.0
52	1264.0
53	1072.0
54	1056.0
55	844.0
56	992.0
57	1088.0
58	1488.0
59	920.0
60	1230.0
61	1100.0
62	1148.0
63	1220.0
64	1218.0
65	1116.0
66	1020.0
67	896.0
68	1112.0
69	1074.0
70	1040.0
71	1032.0
72	1132.0
73	1084.0
74	948.0
75	860.0
76	1068.0
77	1036.0
78	1008.0
79	970.0
80	1104.0
81	1080.0
82	1108.0
83	1128.0
84	1084.0
85	1152.0
86	920.0
87	1216.0
88	2128.0
89	1048.0
90	1032.0
91	940.0
92	914.0
93	866.0
94	1320.0
95	1212.0
96	968.0
97	1072.0
98	1106.0
99	984.0
100	1064.0
101	1248.0
102	1132.0
103	1036.0
104	972.0
105	982.0
106	1048.0
107	1056.0
108	860.0
109	1104.0
110	1144.0
111	1314.0
112	1054.0
113	1056.0
114	1272.0
115	1196.0
116	984.0
117	1180.0
118	976.0
119	1112.0
120	1080.0
121	1180.0
122	1028.0
123	1080.0
124	1068.0
125	1104.0
126	1216.0
127	1168.0
128	1072.0
129	1132.0
130	876.0
131	1146.0
132	964.0
133	1052.0
134	910.0
135	832.0
136	888.0
137	836.0
138	784.0
139	1104.0
140	1260.0
141	960.0
142	1086.0
143	1004.0
144	1384.0
145	1084.0
146	1412.0
147	1116.0
148	1168.0
149	1216.0
150	1076.0
151	1146.0
152	1076.0
153	1068.0
154	860.0
155	1242.0
156	976.0
157	1264.0
158	1110.0
159	1134.0
160	1090.0
161	1148.0
162	1058.0
163	1160.0
164	1084.0
165	1068.0
166	976.0
167	1036.0
168	1016.0
169	968.0
170	1200.0
171	1148.0
172	892.0
173	952.0
174	1142.0
175	964.0
176	992.0
177	1064.0
178	996.0
179	1040.0
180	1104.0
181	1010.0
182	1052.0
183	1136.0
184	980.0
185	1120.0
186	924.0
187	1004.0
188	1144.0
189	1002.0
190	948.0
191	934.0
192	1192.0
193	976.0
194	936.0
195	1212.0
196	1168.0
197	1240.0
198	1144.0
199	1136.0
200	1004.0
201	1208.0
202	1170.0
203	1168.0
204	1144.0
205	1268.0
206	1068.0
207	1068.0
208	1124.0
209	1296.0
210	1094.0
211	950.0
212	1012.0
213	1148.0
214	1080.0
215	1220.0
216	1016.0
217	1184.0
218	1198.0
219	1182.0
220	940.0
221	980.0
222	1040.0
223	1148.0
224	1040.0
225	1072.0
226	1164.0
227	1008.0
228	1204.0
229	992.0
230	1032.0
231	1092.0
232	958.0
233	1068.0
234	1070.0
235	1176.0
236	1112.0
237	1058.0
238	1016.0
239	1032.0
240	1216.0
241	1204.0
242	1076.0
243	1172.0
244	988.0
245	908.0
246	1056.0
247	970.0
248	1216.0
249	1172.0
250	1008.0
251	1018.0
252	1064.0
253	1188.0
254	1164.0
255	1256.0
256	836.0
257	984.0
258	1068.0
259	1016.0
260	1168.0
261	1076.0
262	1132.0
263	1100.0
264	1074.0
265	1036.0
266	1032.0
267	1060.0
268	964.0
269	844.0
270	956.0
271	1084.0
272	976.0
273	1004.0
274	856.0
275	1058.0
276	1076.0
277	964.0
278	1144.0
279	1140.0
280	1044.0
281	1010.0
282	1128.0
283	968.0
284	960.0
285	788.0
286	956.0
287	1132.0
288	1004.0
289	1088.0
290	1092.0
291	936.0
292	1000.0
293	1084.0
294	880.0
295	818.0
296	1020.0
297	1178.0
298	1150.0
299	1140.0
300	872.0
301	1100.0
302	1012.0
303	1300.0
304	1096.0
305	1090.0
306	1090.0
307	1248.0
308	960.0
309	1244.0
310	968.0
311	1012.0
312	896.0
313	1388.0
314	1052.0
315	944.0
316	1128.0
317	920.0
318	1202.0
319	1126.0
320	1092.0
321	1164.0
322	1080.0
323	1140.0
324	1044.0
325	1080.0
326	1156.0
327	1188.0
328	1096.0
329	1072.0
330	1000.0
331	1260.0
332	1052.0
333	1404.0
334	1148.0
335	1108.0
336	1134.0
337	1108.0
338	1140.0
339	1392.0
340	1126.0
341	1288.0
342	964.0
343	1224.0
344	1084.0
345	928.0
346	1096.0
347	1104.0
348	1014.0
349	860.0
350	1158.0
351	1300.0
352	1272.0
353	1056.0
354	1216.0
355	1068.0
356	908.0
357	908.0
358	1056.0
359	1096.0
360	1048.0
361	1136.0
362	916.0
363	1040.0
364	1036.0
365	1278.0
366	1080.0
367	1136.0
368	1112.0
369	1176.0
370	1188.0
371	988.0
372	884.0
373	1180.0
374	900.0
375	1084.0
376	884.0
377	1276.0
378	1196.0
379	1008.0
380	1296.0
381	1228.0
382	1060.0
383	1122.0
384	1256.0
385	1064.0
386	968.0
387	1132.0
388	1144.0
389	1048.0
390	932.0
391	1128.0
392	1188.0
393	1024.0
394	1120.0
395	850.0
396	1180.0
397	1208.0
398	848.0
399	1036.0
400	1036.0
401	1172.0
402	952.0
403	996.0
404	980.0
405	1272.0
406	1272.0
407	1070.0
408	1060.0
409	1116.0
410	904.0
411	1240.0
412	1122.0
413	964.0
414	1096.0
415	848.0
416	974.0
417	1050.0
418	1104.0
419	944.0
420	1068.0
421	952.0
422	1044.0
423	1132.0
424	996.0
425	1116.0
426	876.0
427	1052.0
428	1152.0
429	902.0
430	1112.0
431	864.0
432	1112.0
433	1208.0
434	956.0
435	954.0
436	1064.0
437	1024.0
438	890.0
439	1144.0
440	1120.0
441	1018.0
442	960.0
443	1102.0
444	980.0
445	1076.0
446	1180.0
447	932.0
448	1142.0
449	1156.0
450	852.0
451	1026.0
452	1360.0
453	1164.0
454	1064.0
455	992.0
456	1076.0
457	1000.0
458	840.0
459	976.0
460	860.0
461	908.0
462	856.0
463	1080.0
464	1396.0
465	1088.0
466	1020.0
467	1320.0
468	964.0
469	1192.0
470	862.0
471	968.0
472	1124.0
473	1036.0
474	940.0
475	964.0
476	928.0
477	1124.0
478	824.0
479	968.0
480	1022.0
481	1104.0
482	964.0
483	1172.0
484	1144.0
485	1276.0
486	1240.0
487	1084.0
488	972.0
489	912.0
490	1028.0
491	1136.0
492	1008.0
493	1008.0
494	1108.0
495	1116.0
496	1212.0
497	1308.0
498	1100.0
499	972.0
500	1034.0
501	1136.0
502	1216.0
503	1028.0
504	1094.0
505	804.0
506	886.0
507	1080.0
508	864.0
509	942.0
510	1152.0
511	1060.0
512	1092.0
513	996.0
514	1084.0
515	1156.0
516	1048.0
517	1164.0
518	1008.0
519	1020.0
520	1120.0
521	1008.0
522	1296.0
523	1068.0
524	1030.0
525	1008.0
526	1024.0
527	1080.0
528	1152.0
529	1140.0
530	1172.0
531	1072.0
532	1260.0
533	872.0
534	932.0
535	914.0
536	1052.0
537	1076.0
538	1108.0
539	1184.0
540	1060.0
541	1056.0
542	960.0
543	1032.0
544	1228.0
545	958.0
546	1186.0
547	1056.0
548	1036.0
549	1140.0
550	1032.0
551	1084.0
552	986.0
553	1172.0
554	1088.0
555	1044.0
556	1160.0
557	1120.0
558	1112.0
559	1052.0
560	1132.0
561	870.0
562	1192.0
563	1320.0
564	1130.0
565	1152.0
566	720.0
567	1042.0
568	936.0
569	1000.0
570	972.0
571	812.0
572	896.0
573	1136.0
574	1076.0
575	1008.0
576	1060.0
577	1066.0
578	1100.0
579	1004.0
580	1108.0
581	956.0
582	1160.0
583	1076.0
584	1064.0
585	1240.0
586	1120.0
587	1112.0
588	1112.0
589	1034.0
590	988.0
591	1076.0
592	1066.0
593	1012.0
594	928.0
595	1078.0
596	1224.0
597	1134.0
598	1176.0
599	990.0
600	932.0
601	962.0
602	1012.0
603	956.0
604	1140.0
605	1086.0
606	1136.0
607	872.0
608	1084.0
609	868.0
610	948.0
611	1124.0
612	942.0
613	1024.0
614	1064.0
615	1052.0
616	1040.0
617	940.0
618	942.0
619	882.0
620	864.0
621	848.0
622	884.0
623	682.0
624	1000.0
625	760.0
626	848.0
627	932.0
628	940.0
629	992.0
630	814.0
631	982.0
632	896.0
633	1052.0
634	1072.0
635	1012.0
636	1050.0
637	1116.0
638	1156.0
639	992.0
640	1112.0
641	960.0
642	1028.0
643	1172.0
644	1168.0
645	1240.0
646	1076.0
647	1012.0
648	1236.0
649	1084.0
650	1008.0
651	1114.0
652	1278.0
653	1288.0
654	988.0
655	876.0
656	936.0
657	1272.0
658	1166.0
659	962.0
660	1108.0
661	1044.0
662	1184.0
663	988.0
664	908.0
665	1020.0
666	1172.0
667	828.0
668	1100.0
669	1112.0
670	880.0
671	946.0
672	1112.0
673	1178.0
674	1204.0
675	1076.0
676	1192.0
677	1112.0
678	998.0
679	984.0
680	1016.0
681	1184.0
682	1182.0
683	1192.0
684	1048.0
685	914.0
686	1348.0
687	960.0
688	924.0
689	1272.0
690	992.0
691	960.0
692	1058.0
693	1000.0
694	1112.0
695	1056.0
696	940.0
697	1040.0
698	1188.0
699	904.0
700	1136.0
701	1134.0
702	972.0
703	1032.0
704	1060.0
705	1196.0
706	1132.0
707	1052.0
708	936.0
709	1116.0
710	1176.0
711	956.0
712	966.0
713	910.0
714	960.0
715	812.0
716	1236.0
717	1132.0
718	1102.0
719	1100.0
720	1148.0
721	932.0
722	1128.0
723	934.0
724	972.0
725	1004.0
726	1212.0
727	1008.0
728	972.0
729	832.0
730	946.0
731	1168.0
732	1108.0
733	1060.0
734	1140.0
735	1064.0
736	1196.0
737	1036.0
738	1288.0
739	1260.0
740	1032.0
741	1288.0
742	902.0
743	980.0
744	870.0
745	984.0
746	956.0
747	988.0
748	1128.0
749	1068.0
750	1114.0
751	1168.0
752	748.0
753	1068.0
754	1076.0
755	900.0
756	1096.0
757	1108.0
758	904.0
759	764.0
760	964.0
761	1084.0
762	1008.0
763	1220.0
764	1168.0
765	1296.0
766	1260.0
767	1112.0
768	1208.0
769	1068.0
770	1120.0
771	994.0
772	1128.0
773	1122.0
774	996.0
775	1172.0
776	1256.0
777	1148.0
778	1032.0
779	1182.0
780	930.0
781	984.0
782	952.0
783	1080.0
784	1044.0
785	1164.0
786	960.0
787	1072.0
788	1004.0
789	988.0
790	880.0
791	1160.0
792	1188.0
793	1032.0
794	912.0
795	1172.0
796	1044.0
797	868.0
798	1040.0
799	1252.0
800	1176.0
801	864.0
802	1156.0
803	842.0
804	830.0
805	958.0
806	1024.0
807	844.0
808	952.0
809	1056.0
810	1060.0
811	896.0
812	894.0
813	1004.0
814	1000.0
815	1074.0
816	1044.0
817	956.0
818	1126.0
819	1088.0
820	1080.0
821	1130.0
822	1080.0
823	990.0
824	1060.0
825	984.0
826	984.0
827	1084.0
828	1192.0
829	1076.0
830	880.0
831	1008.0
832	928.0
833	1160.0
834	902.0
835	978.0
836	866.0
837	798.0
838	996.0
839	1004.0
840	1084.0
841	1008.0
842	1084.0
843	1064.0
844	1064.0
845	936.0
846	1006.0
847	1120.0
848	982.0
849	916.0
850	1116.0
851	992.0
852	1088.0
853	1056.0
854	1104.0
855	956.0
856	1076.0
857	890.0
858	966.0
859	932.0
860	1064.0
861	1016.0
862	844.0
863	1034.0
864	1080.0
865	744.0
866	1148.0
867	1006.0
868	1188.0
869	1192.0
870	992.0
871	1020.0
872	1136.0
873	1064.0
874	1048.0
875	1040.0
876	884.0
877	1000.0
878	904.0
879	980.0
880	860.0
881	1084.0
882	992.0
883	1036.0
884	1020.0
885	1112.0
886	1164.0
887	1340.0
888	1096.0
889	1028.0
890	940.0
891	956.0
892	976.0
893	904.0
894	996.0
895	928.0
896	1062.0
897	1032.0
898	924.0
899	776.0
900	968.0
901	988.0
902	1008.0
903	1148.0
904	994.0
905	948.0
906	1208.0
907	1086.0
908	996.0
909	1020.0
910	1140.0
911	914.0
912	920.0
913	952.0
914	804.0
915	1040.0
916	920.0
917	1064.0
918	806.0
919	1112.0
920	1176.0
921	1012.0
922	1160.0
923	1160.0
924	1048.0
925	964.0
926	1008.0
927	1108.0
928	1044.0
929	1084.0
930	1104.0
931	1080.0
932	1028.0
933	1068.0
934	968.0
935	1048.0
936	1054.0
937	1044.0
938	992.0
939	1016.0
940	1224.0
941	1074.0
942	1088.0
943	1164.0
944	1156.0
945	994.0
946	1036.0
947	1040.0
948	928.0
949	1042.0
950	920.0
951	1144.0
952	836.0
953	1016.0
954	1164.0
955	1060.0
956	768.0
957	1140.0
958	888.0
959	1304.0
960	1092.0
961	1056.0
962	1168.0
963	1192.0
964	1094.0
965	1172.0
966	960.0
967	740.0
968	1012.0
969	1152.0
970	948.0
971	962.0
972	982.0
973	968.0
974	1040.0
975	1034.0
976	1072.0
977	940.0
978	1144.0
979	1166.0
980	1052.0
981	1102.0
982	1100.0
983	1072.0
984	1080.0
985	1058.0
986	1004.0
987	860.0
988	1132.0
989	964.0
990	1168.0
991	1186.0
992	996.0
993	934.0
994	960.0
995	818.0
996	1024.0
997	1128.0
998	1044.0
999	980.0
1000	1240.0
1001	1260.0
1002	892.0
1003	1012.0
1004	920.0
1005	890.0
1006	1112.0
1007	1102.0
1008	1208.0
1009	968.0
1010	940.0
1011	1024.0
1012	996.0
1013	968.0
1014	854.0
1015	1036.0
1016	988.0
1017	856.0
1018	980.0
1019	920.0
1020	1044.0
1021	918.0
1022	984.0
1023	1308.0
1024	988.0
1025	980.0
1026	1196.0
1027	1188.0
1028	1056.0
1029	1096.0
1030	1058.0
1031	1108.0
1032	1112.0
1033	1052.0
1034	1064.0
1035	1164.0
1036	1090.0
1037	1048.0
1038	1252.0
1039	984.0
1040	1194.0
1041	884.0
1042	1120.0
1043	1400.0
1044	1088.0
1045	1080.0
1046	1100.0
1047	972.0
1048	1236.0
1049	1232.0
1050	1160.0
1051	1252.0
1052	936.0
1053	812.0
1054	944.0
1055	924.0
1056	1052.0
1057	1176.0
1058	1124.0
1059	1184.0
1060	964.0
1061	1112.0
1062	1036.0
1063	924.0
1064	1040.0
1065	1144.0
1066	972.0
1067	832.0
1068	1144.0
1069	1104.0
1070	1036.0
1071	1140.0
1072	1176.0
1073	1158.0
1074	1048.0
1075	856.0
1076	1372.0
1077	1336.0
1078	1072.0
1079	1116.0
1080	1128.0
1081	1096.0
1082	1086.0
1083	1024.0
1084	1038.0
1085	1252.0
1086	1024.0
1087	1100.0
1088	1016.0
1089	1032.0
1090	1022.0
1091	1228.0
1092	952.0
1093	1200.0
1094	1096.0
1095	1028.0
1096	964.0
1097	1332.0
1098	868.0
1099	1212.0
1100	1084.0
1101	1188.0
1102	1296.0
1103	1068.0
1104	1060.0
1105	1176.0
1106	1036.0
1107	938.0
1108	1038.0
1109	1056.0
1110	1048.0
1111	1036.0
1112	1156.0
1113	1208.0
1114	944.0
1115	1180.0
1116	1112.0
1117	998.0
1118	1340.0
1119	1172.0
1120	1204.0
1121	1060.0
1122	1248.0
1123	1168.0
1124	1020.0
1125	1112.0
1126	1316.0
1127	1108.0
1128	1316.0
1129	1184.0
1130	810.0
1131	1296.0
1132	1344.0
1133	964.0
1134	1214.0
1135	954.0
1136	1120.0
1137	1240.0
1138	1100.0
1139	1032.0
1140	1188.0
1141	1252.0
1142	944.0
1143	936.0
1144	932.0
1145	1180.0
1146	1132.0
1147	956.0
1148	1064.0
1149	836.0
1150	1004.0
1151	1070.0
1152	924.0
1153	1104.0
1154	1320.0
1155	1084.0
1156	1204.0
1157	1248.0
1158	1036.0
1159	1158.0
1160	1084.0
1161	1128.0
1162	1016.0
1163	1180.0
1164	920.0
1165	1252.0
1166	1156.0
1167	1152.0
1168	948.0
1169	1088.0
1170	984.0
1171	1112.0
1172	1196.0
1173	1140.0
1174	1362.0
1175	992.0
1176	1240.0
1177	988.0
1178	1204.0
1179	982.0
1180	1140.0
1181	1124.0
1182	1232.0
1183	1048.0
1184	1086.0
1185	978.0
1186	948.0
1187	1132.0
1188	942.0
1189	1020.0
1190	1120.0
1191	1128.0
1192	1276.0
1193	1128.0
1194	1144.0
1195	1148.0
1196	904.0
1197	1286.0
1198	1032.0
1199	836.0
1200	1048.0
1201	1260.0
1202	1160.0
1203	1012.0
1204	1228.0
1205	1216.0
1206	1192.0
1207	1096.0
1208	1128.0
1209	1160.0
1210	970.0
1211	1244.0
1212	1210.0
1213	924.0
1214	928.0
1215	1136.0
1216	1188.0
1217	1084.0
1218	1296.0
1219	1004.0
1220	1014.0
1221	1084.0
1222	1096.0
1223	1148.0
1224	1172.0
1225	1202.0
1226	996.0
1227	1228.0
1228	1084.0
1229	1224.0
1230	1048.0
1231	1066.0
1232	1012.0
1233	1128.0
1234	1004.0
1235	1152.0
1236	1136.0
1237	1096.0
1238	1008.0
1239	1096.0
1240	1020.0
1241	920.0
1242	1052.0
1243	920.0
1244	998.0
1245	1216.0
1246	980.0
1247	1252.0
1248	1092.0
1249	1080.0
1250	1240.0
1251	1188.0
1252	1088.0
1253	1192.0
1254	1080.0
1255	1070.0
1256	924.0
1257	1112.0
1258	1268.0
1259	988.0
1260	952.0
1261	1096.0
1262	1152.0
1263	1160.0
1264	1028.0
1265	1032.0
1266	1092.0
1267	1280.0
1268	988.0
1269	1148.0
1270	888.0
1271	1020.0
1272	1156.0
1273	1092.0
1274	1076.0
1275	1032.0
1276	1178.0
1277	1100.0
1278	1108.0
1279	904.0
1280	1008.0
1281	1196.0
1282	1292.0
1283	1144.0
1284	1184.0
1285	1124.0
1286	1076.0
1287	1206.0
1288	1018.0
1289	1048.0
1290	1208.0
1291	1120.0
1292	814.0
1293	1264.0
1294	958.0
1295	1266.0
1296	1078.0
1297	1178.0
1298	1248.0
1299	1184.0
1300	982.0
1301	1200.0
1302	1196.0
1303	1160.0
1304	1168.0
1305	1168.0
1306	1148.0
1307	1072.0
1308	1104.0
1309	1096.0
1310	972.0
1311	888.0
1312	1208.0
1313	1144.0
1314	1284.0
1315	1200.0
1316	960.0
1317	872.0
1318	1140.0
1319	852.0
1320	892.0
1321	976.0
1322	1048.0
1323	896.0
1324	832.0
1325	916.0
1326	1000.0
1327	1128.0
1328	1202.0
1329	1160.0
1330	1220.0
1331	1180.0
1332	1200.0
1333	1016.0
1334	1116.0
1335	832.0
1336	1276.0
1337	1124.0
1338	1204.0
1339	1032.0
1340	1072.0
1341	1128.0
1342	1144.0
1343	1192.0
1344	1088.0
1345	1256.0
1346	1014.0
1347	836.0
1348	1224.0
1349	1008.0
1350	1296.0
1351	1224.0
1352	858.0
1353	1076.0
1354	1112.0
1355	888.0
1356	1012.0
1357	1064.0
1358	1232.0
1359	1136.0
1360	1192.0
1361	1108.0
1362	1022.0
1363	1138.0
1364	1120.0
1365	1232.0
1366	1172.0
1367	1310.0
1368	1000.0
1369	984.0
1370	1028.0
1371	1090.0
1372	1220.0
1373	1072.0
1374	1244.0
1375	1208.0
1376	996.0
1377	1014.0
1378	1128.0
1379	980.0
1380	1120.0
1381	992.0
1382	1168.0
1383	880.0
1384	1242.0
1385	1120.0
1386	1068.0
1387	1014.0
1388	1092.0
1389	1228.0
1390	1184.0
1391	968.0
1392	1268.0
1393	996.0
1394	1076.0
1395	970.0
1396	1152.0
1397	934.0
1398	1176.0
1399	1212.0
1400	1184.0
1401	1112.0
1402	1072.0
1403	1048.0
1404	960.0
1405	1160.0
1406	1000.0
1407	1038.0
1408	1064.0
1409	912.0
1410	956.0
1411	1100.0
1412	912.0
1413	1058.0
1414	1244.0
1415	1180.0
1416	1180.0
1417	1040.0
1418	944.0
1419	1060.0
1420	1048.0
1421	1260.0
1422	1036.0
1423	966.0
1424	1176.0
1425	1132.0
1426	928.0
1427	1044.0
1428	896.0
1429	908.0
1430	1172.0
1431	1156.0
1432	1148.0
1433	1144.0
1434	1264.0
1435	1126.0
1436	1228.0
1437	924.0
1438	864.0
1439	1036.0
1440	1188.0
1441	1208.0
1442	1016.0
1443	1212.0
1444	1030.0
1445	1016.0
1446	1188.0
1447	1168.0
1448	912.0
1449	1080.0
1450	1068.0
1451	936.0
1452	1364.0
1453	984.0
1454	904.0
1455	1140.0
1456	1080.0
1457	1200.0
1458	1136.0
1459	912.0
1460	1068.0
1461	960.0
1462	996.0
1463	1042.0
1464	1100.0
1465	892.0
1466	1088.0
1467	1032.0
1468	1124.0
1469	1012.0
1470	1012.0
1471	962.0
1472	992.0
1473	1256.0
1474	1016.0
1475	960.0
1476	1178.0
1477	1176.0
1478	992.0
1479	1160.0
1480	928.0
1481	968.0
1482	1024.0
1483	1032.0
1484	1112.0
1485	1108.0
1486	908.0
1487	1188.0
1488	880.0
1489	956.0
1490	984.0
1491	968.0
1492	1320.0
1493	1056.0
1494	1124.0
1495	1012.0
1496	1064.0
1497	1196.0
1498	1060.0
1499	1192.0
1500	1188.0
1501	1016.0
1502	1196.0
1503	916.0
1504	1096.0
1505	880.0
1506	1024.0
1507	1092.0
1508	1172.0
1509	1040.0
1510	1020.0
1511	1204.0
1512	1022.0
1513	990.0
1514	1130.0
1515	1352.0
1516	1264.0
1517	1148.0
1518	1028.0
1519	998.0
1520	904.0
1521	836.0
1522	852.0
1523	1172.0
1524	1028.0
1525	952.0
1526	1184.0
1527	864.0
1528	1116.0
1529	904.0
1530	920.0
1531	1188.0
1532	1140.0
1533	1050.0
1534	932.0
1535	1164.0
1536	1036.0
1537	1166.0
1538	1200.0
1539	936.0
1540	1084.0
1541	1132.0
1542	1052.0
1543	1036.0
1544	1012.0
1545	1132.0
1546	1184.0
1547	1372.0
1548	1040.0
1549	1216.0
1550	1124.0
1551	1172.0
1552	1128.0
1553	1134.0
1554	1196.0
1555	1044.0
1556	1008.0
1557	1152.0
1558	1200.0
1559	918.0
1560	1048.0
1561	1020.0
1562	1120.0
1563	976.0
1564	1120.0
1565	976.0
1566	1136.0
1567	1148.0
1568	1068.0
1569	1224.0
1570	1260.0
1571	998.0
1572	924.0
1573	956.0
1574	1024.0
1575	1064.0
1576	1088.0
1577	1108.0
1578	1144.0
1579	968.0
1580	980.0
1581	1156.0
1582	972.0
1583	1004.0
1584	1028.0
1585	1276.0
1586	960.0
1587	930.0
1588	1124.0
1589	888.0
1590	988.0
1591	1128.0
1592	924.0
1593	992.0
1594	968.0
1595	1040.0
1596	1080.0
1597	870.0
1598	974.0
1599	1024.0
1600	1108.0
1601	1212.0
1602	1104.0
1603	1116.0
1604	912.0
1605	1384.0
1606	978.0
1607	1116.0
1608	1012.0
1609	952.0
1610	1040.0
1611	856.0
1612	992.0
1613	918.0
1614	1004.0
1615	1044.0
1616	902.0
1617	1156.0
1618	1196.0
1619	1110.0
1620	988.0
1621	1082.0
1622	1080.0
1623	942.0
1624	1100.0
1625	1152.0
1626	1168.0
1627	992.0
1628	1072.0
1629	1200.0
1630	1112.0
1631	1024.0
1632	1416.0
1633	1112.0
1634	1112.0
1635	1232.0
1636	1132.0
1637	1112.0
1638	824.0
1639	1010.0
1640	836.0
1641	1144.0
1642	968.0
1643	996.0
1644	1006.0
1645	1004.0
1646	1020.0
1647	1144.0
1648	1152.0
1649	930.0
1650	1172.0
1651	1188.0
1652	1104.0
1653	1140.0
1654	1140.0
1655	960.0
1656	1012.0
1657	1116.0
1658	1048.0
1659	1156.0
1660	1132.0
1661	954.0
1662	1260.0
1663	1272.0
1664	890.0
1665	1152.0
1666	1008.0
1667	894.0
1668	1060.0
1669	1012.0
1670	1110.0
1671	772.0
1672	808.0
1673	954.0
1674	916.0
1675	1078.0
1676	894.0
1677	1028.0
1678	776.0
1679	986.0
1680	1084.0
1681	1118.0
1682	1040.0
1683	868.0
1684	1068.0
1685	1180.0
1686	928.0
1687	788.0
1688	932.0
1689	1184.0
1690	1276.0
1691	1128.0
1692	956.0
1693	1212.0
1694	1124.0
1695	1204.0
1696	990.0
1697	1144.0
1698	996.0
1699	1132.0
1700	924.0
1701	1072.0
1702	876.0
1703	994.0
1704	1106.0
1705	1012.0
1706	948.0
1707	1144.0
1708	1128.0
1709	1004.0
1710	1052.0
1711	1092.0
1712	1004.0
1713	1118.0
1714	1108.0
1715	1092.0
1716	1012.0
1717	1016.0
1718	1088.0
1719	1164.0
1720	1086.0
1721	1132.0
1722	1044.0
1723	1104.0
1724	1296.0
1725	1184.0
1726	1100.0
1727	968.0
1728	988.0
1729	1280.0
1730	1296.0
1731	1270.0
1732	1116.0
1733	1220.0
1734	992.0
1735	1120.0
1736	1096.0
1737	1024.0
1738	1264.0
1739	974.0
1740	1224.0
1741	1160.0
1742	1178.0
1743	1084.0
1744	948.0
1745	1032.0
1746	1248.0
1747	980.0
1748	1048.0
1749	1148.0
1750	1004.0
1751	978.0
1752	1048.0
1753	1288.0
1754	1142.0
1755	1198.0
1756	1092.0
1757	916.0
1758	892.0
1759	1196.0
1760	1108.0
1761	1120.0
1762	1048.0
1763	1196.0
1764	1078.0
1765	1108.0
1766	982.0
1767	996.0
1768	1168.0
1769	1176.0
1770	1160.0
1771	1088.0
1772	1048.0
1773	1240.0
1774	1160.0
1775	1080.0
1776	1276.0
1777	1012.0
1778	968.0
1779	996.0
1780	1104.0
1781	952.0
1782	944.0
1783	1276.0
1784	1016.0
1785	992.0
1786	1212.0
1787	1300.0
1788	1168.0
1789	992.0
1790	1036.0
1791	1080.0
1792	1108.0
1793	1348.0
1794	1164.0
1795	1018.0
1796	1096.0
1797	1432.0
1798	1124.0
1799	1016.0
1800	1120.0
1801	1152.0
1802	1076.0
1803	1004.0
1804	1040.0
1805	988.0
1806	1060.0
1807	884.0
1808	1008.0
1809	1224.0
1810	964.0
1811	1140.0
1812	930.0
1813	940.0
1814	1208.0
1815	1092.0
1816	1200.0
1817	1020.0
1818	960.0
1819	1106.0
1820	1164.0
1821	980.0
1822	1140.0
1823	988.0
1824	1006.0
1825	952.0
1826	1040.0
1827	1012.0
1828	1016.0
1829	1084.0
1830	798.0
1831	964.0
1832	1136.0
1833	1000.0
1834	1068.0
1835	1272.0
1836	1080.0
1837	1024.0
1838	1086.0
1839	876.0
1840	1044.0
1841	916.0
1842	1176.0
1843	1028.0
1844	1034.0
1845	1268.0
1846	1004.0
1847	930.0
1848	1032.0
1849	1160.0
1850	952.0
1851	1288.0
1852	1008.0
1853	920.0
1854	952.0
1855	1084.0
1856	916.0
1857	1142.0
1858	1004.0
1859	968.0
1860	934.0
1861	1264.0
1862	1082.0
1863	910.0
1864	1130.0
1865	1096.0
1866	1000.0
1867	1248.0
1868	1120.0
1869	1312.0
1870	938.0
1871	1090.0
1872	1080.0
1873	1236.0
1874	970.0
1875	1152.0
1876	1064.0
1877	912.0
1878	1100.0
1879	1072.0
1880	1004.0
1881	930.0
1882	984.0
1883	1168.0
1884	1004.0
1885	856.0
1886	964.0
1887	948.0
1888	1014.0
1889	1042.0
1890	1076.0
1891	810.0
1892	1046.0
1893	1018.0
1894	940.0
1895	1118.0
1896	992.0
1897	828.0
1898	900.0
1899	1084.0
1900	1088.0
1901	1168.0
1902	1144.0
1903	956.0
1904	1128.0
1905	1128.0
1906	984.0
1907	1004.0
1908	1322.0
1909	1254.0
1910	1118.0
1911	1020.0
1912	1192.0
1913	1126.0
1914	830.0
1915	1012.0
1916	1156.0
1917	1028.0
1918	1154.0
1919	1184.0
1920	1192.0
1921	1276.0
1922	916.0
1923	1184.0
1924	1130.0
1925	1084.0
1926	1228.0
1927	1248.0
1928	890.0
1929	1140.0
1930	1088.0
1931	1100.0
1932	1000.0
1933	1028.0
1934	1128.0
1935	884.0
1936	1184.0
1937	1216.0
1938	1180.0
1939	980.0
1940	928.0
1941	762.0
1942	936.0
1943	1090.0
1944	972.0
1945	932.0
1946	1148.0
1947	1270.0
1948	940.0
1949	1208.0
1950	992.0
1951	1048.0
1952	1046.0
1953	888.0
1954	948.0
1955	1044.0
1956	974.0
1957	900.0
1958	936.0
1959	1028.0
1960	1142.0
1961	800.0
1962	1168.0
1963	940.0
1964	1064.0
1965	1156.0
1966	1216.0
1967	962.0
1968	1200.0
1969	1032.0
1970	812.0
1971	1052.0
1972	1072.0
1973	1194.0
1974	920.0
1975	1014.0
1976	932.0
1977	1076.0
1978	1208.0
1979	1012.0
1980	904.0
1981	850.0
1982	1082.0
1983	1032.0
1984	1196.0
1985	1210.0
1986	966.0
1987	934.0
1988	1180.0
1989	988.0
1990	1138.0
1991	1116.0
1992	964.0
1993	1016.0
1994	880.0
1995	988.0
1996	1228.0
1997	1136.0
1998	1096.0
1999	980.0
2000	1180.0
2001	980.0
2002	1044.0
2003	784.0
2004	1044.0
2005	1140.0
2006	1012.0
2007	936.0
2008	1184.0
2009	750.0
2010	1112.0
2011	912.0
2012	1068.0
2013	930.0
2014	1260.0
2015	904.0
2016	840.0
2017	920.0
2018	1050.0
2019	904.0
2020	1024.0
2021	968.0
2022	1094.0
2023	824.0
2024	1060.0
2025	1128.0
2026	1252.0
2027	1042.0
2028	1164.0
2029	820.0
2030	768.0
2031	1240.0
2032	884.0
2033	926.0
2034	1136.0
2035	978.0
2036	1164.0
2037	1036.0
2038	940.0
2039	818.0
2040	1042.0
2041	1082.0
2042	944.0
2043	1012.0
2044	902.0
2045	910.0
2046	960.0
2047	1080.0
2048	1172.0
2049	872.0
2050	1166.0
2051	1232.0
2052	1072.0
2053	1000.0
2054	1036.0
2055	1096.0
2056	1068.0
2057	984.0
2058	812.0
2059	1132.0
2060	888.0
2061	1140.0
2062	1214.0
2063	804.0
2064	1010.0
2065	1066.0
2066	1062.0
2067	1052.0
2068	926.0
2069	988.0
2070	1056.0
2071	964.0
2072	1068.0
2073	1084.0
2074	1180.0
2075	1032.0
2076	1108.0
2077	1020.0
2078	1076.0
2079	912.0
2080	1076.0
2081	1020.0
2082	812.0
2083	1036.0
2084	1004.0
2085	1176.0
2086	1072.0
2087	904.0
2088	1068.0
2089	1028.0
2090	980.0
2091	1120.0
2092	1036.0
2093	1028.0
2094	1024.0
2095	1120.0
2096	1100.0
2097	1004.0
2098	1108.0
2099	948.0
2100	1132.0
2101	1180.0
2102	1104.0
2103	1004.0
2104	1204.0
2105	968.0
2106	1048.0
2107	816.0
2108	922.0
2109	992.0
2110	1072.0
2111	1008.0
2112	1112.0
2113	1336.0
2114	900.0
2115	1068.0
2116	1036.0
2117	996.0
2118	1012.0
2119	1226.0
2120	914.0
2121	1352.0
2122	1066.0
2123	1072.0
2124	1028.0
2125	1044.0
2126	900.0
2127	1108.0
2128	1004.0
2129	1008.0
2130	1168.0
2131	1042.0
2132	1344.0
2133	1060.0
2134	1280.0
2135	1064.0
2136	1364.0
2137	1224.0
2138	1028.0
2139	1428.0
2140	888.0
2141	1040.0
2142	1128.0
2143	1048.0
2144	920.0
2145	996.0
2146	1000.0
2147	950.0
2148	1100.0
2149	1000.0
2150	1280.0
2151	1028.0
2152	1304.0
2153	1032.0
2154	1132.0
2155	1148.0
2156	1032.0
2157	1196.0
2158	1012.0
2159	1248.0
2160	1232.0
2161	1268.0
2162	1052.0
2163	1160.0
2164	1204.0
2165	1288.0
2166	1334.0
2167	1092.0
2168	1088.0
2169	1372.0
2170	996.0
2171	1060.0
2172	1152.0
2173	1172.0
2174	1058.0
2175	1002.0
2176	968.0
2177	1016.0
2178	1052.0
2179	1472.0
2180	1020.0
2181	1102.0
2182	968.0
2183	936.0
2184	896.0
2185	1044.0
2186	826.0
2187	876.0
2188	1296.0
2189	900.0
2190	1352.0
2191	1232.0
2192	1104.0
2193	1190.0
2194	1324.0
2195	1152.0
2196	1160.0
2197	1008.0
2198	1256.0
2199	1020.0
2200	964.0
2201	1372.0
2202	1208.0
2203	1244.0
2204	1152.0
2205	1192.0
2206	1176.0
2207	932.0
2208	1076.0
2209	1172.0
2210	1412.0
2211	1080.0
2212	940.0
2213	1076.0
2214	1336.0
2215	1132.0
2216	1124.0
2217	1188.0
2218	1096.0
2219	1296.0
2220	1064.0
2221	1332.0
2222	1100.0
2223	1152.0
2224	1104.0
2225	1232.0
2226	1154.0
2227	1332.0
2228	1188.0
2229	1024.0
2230	1122.0
2231	1236.0
2232	1128.0
2233	1144.0
2234	1072.0
2235	1232.0
2236	916.0
2237	968.0
2238	916.0
2239	1108.0
2240	1140.0
2241	1308.0
2242	1002.0
2243	1404.0
2244	1088.0
2245	1332.0
2246	1094.0
2247	1404.0
2248	1084.0
2249	956.0
2250	1116.0
2251	1360.0
2252	1084.0
2253	1220.0
2254	1040.0
2255	1102.0
2256	1234.0
2257	1220.0
2258	1302.0
2259	1016.0
2260	1080.0
2261	1428.0
2262	1138.0
2263	1072.0
2264	1280.0
2265	982.0
2266	1012.0
2267	1002.0
2268	1052.0
2269	1180.0
2270	978.0
2271	1018.0
2272	1056.0
2273	892.0
2274	1172.0
2275	1176.0
2276	1144.0
2277	1068.0
2278	1136.0
2279	1288.0
2280	1032.0
2281	1236.0
2282	1320.0
2283	1024.0
2284	1252.0
2285	1304.0
2286	1014.0
2287	980.0
2288	876.0
2289	1072.0
2290	1044.0
2291	1040.0
2292	1052.0
2293	1180.0
2294	1332.0
2295	976.0
2296	1332.0
2297	1248.0
2298	1144.0
2299	1056.0
2300	1120.0
2301	1044.0
2302	1132.0
2303	1010.0
2304	1138.0
2305	1508.0
2306	996.0
2307	1016.0
2308	1244.0
2309	1132.0
2310	1164.0
2311	1108.0
2312	1172.0
2313	1056.0
2314	1208.0
2315	1164.0
2316	1122.0
2317	1022.0
2318	1072.0
2319	1082.0
2320	1240.0
2321	1120.0
2322	1048.0
2323	1008.0
2324	1192.0
2325	1244.0
2326	1056.0
2327	1228.0
2328	1180.0
2329	1108.0
2330	1320.0
2331	988.0
2332	1132.0
2333	1104.0
2334	1164.0
2335	1224.0
2336	1356.0
2337	1040.0
2338	1132.0
2339	1148.0
2340	1040.0
2341	1220.0
2342	1064.0
2343	1076.0
2344	1244.0
2345	1118.0
2346	1088.0
2347	1406.0
2348	1200.0
2349	1070.0
2350	1090.0
2351	1236.0
2352	1264.0
2353	1186.0
2354	1324.0
2355	1044.0
2356	1060.0
2357	1216.0
2358	1026.0
2359	1196.0
2360	1288.0
2361	1312.0
2362	1160.0
2363	1294.0
2364	872.0
2365	1204.0
2366	944.0
2367	1216.0
2368	1152.0
2369	1340.0
2370	1088.0
2371	1136.0
2372	1248.0
2373	1280.0
2374	1160.0
2375	1340.0
2376	1206.0
2377	1756.0
2378	1360.0
2379	1076.0
2380	1052.0
2381	1572.0
2382	1114.0
2383	936.0
2384	1098.0
2385	1232.0
2386	1480.0
2387	1062.0
2388	1416.0
2389	1118.0
2390	1024.0
2391	1196.0
2392	1188.0
2393	1196.0
2394	1256.0
2395	1258.0
2396	1160.0
2397	1232.0
2398	1060.0
2399	936.0
2400	1228.0
2401	1236.0
2402	1240.0
2403	1156.0
2404	1064.0
2405	1260.0
2406	1168.0
2407	1052.0
2408	1156.0
2409	1080.0
2410	1178.0
2411	1196.0
2412	1216.0
2413	1304.0
2414	1356.0
2415	984.0
2416	1312.0
2417	904.0
2418	1200.0
2419	1140.0
2420	1340.0
2421	1500.0
2422	1276.0
2423	1304.0
2424	1266.0
2425	1252.0
2426	1172.0
2427	1080.0
2428	1200.0
2429	1216.0
2430	1396.0
2431	1108.0
2432	1144.0
2433	1256.0
2434	1244.0
2435	1524.0
2436	1200.0
2437	1310.0
2438	1528.0
2439	1348.0
2440	1056.0
2441	1080.0
2442	1424.0
2443	1096.0
2444	1136.0
2445	1460.0
2446	1292.0
2447	1212.0
2448	1180.0
2449	1196.0
2450	1104.0
2451	1412.0
2452	1128.0
2453	1036.0
2454	1258.0
2455	1328.0
2456	1216.0
2457	974.0
2458	1204.0
2459	1208.0
2460	1048.0
2461	1216.0
2462	1084.0
2463	1464.0
2464	1364.0
2465	1016.0
2466	1396.0
2467	1120.0
2468	1204.0
2469	1208.0
2470	1178.0
2471	920.0
2472	1368.0
2473	1136.0
2474	1156.0
2475	972.0
2476	1228.0
2477	1260.0
2478	1034.0
2479	1128.0
2480	1024.0
2481	1340.0
2482	1188.0
2483	1180.0
2484	1228.0
2485	1024.0
2486	1248.0
2487	1236.0
2488	1132.0
2489	1424.0
2490	1384.0
2491	1188.0
2492	1192.0
2493	1212.0
2494	1164.0
2495	1346.0
2496	1272.0
2497	1388.0
2498	1544.0
2499	1194.0
2500	1384.0
2501	1062.0
2502	1088.0
2503	1216.0
2504	1260.0
2505	1644.0
2506	1304.0
2507	1168.0
2508	1260.0
2509	1224.0
2510	1588.0
2511	1432.0
2512	1340.0
2513	1460.0
2514	1220.0
2515	1480.0
2516	1346.0
2517	1456.0
2518	1084.0
2519	1352.0
2520	1316.0
2521	1346.0
2522	1412.0
2523	1156.0
2524	1396.0
2525	1170.0
2526	1180.0
2527	1372.0
2528	1312.0
2529	1156.0
2530	1410.0
2531	1296.0
2532	1132.0
2533	1492.0
2534	1042.0
2535	1026.0
2536	1462.0
2537	1444.0
2538	1564.0
2539	1288.0
2540	1412.0
2541	1120.0
2542	1308.0
2543	1364.0
2544	1796.0
2545	1220.0
2546	1588.0
2547	1420.0
2548	1550.0
2549	1192.0
2550	1528.0
2551	1252.0
2552	1092.0
2553	1240.0
2554	1310.0
2555	1328.0
2556	1186.0
2557	1720.0
2558	1296.0
2559	1554.0
2560	1202.0
2561	1192.0
2562	1500.0
2563	1464.0
2564	1138.0
2565	1392.0
2566	1140.0
2567	928.0
2568	1076.0
2569	1412.0
2570	1764.0
2571	1356.0
2572	1516.0
2573	1140.0
2574	1300.0
2575	1256.0
2576	1392.0
2577	1204.0
2578	1612.0
2579	1588.0
2580	1476.0
2581	1364.0
2582	1492.0
2583	1384.0
2584	1384.0
2585	1440.0
2586	1492.0
2587	1274.0
2588	1472.0
2589	1336.0
2590	1772.0
2591	1562.0
2592	1412.0
2593	1496.0
2594	1356.0
2595	1554.0
2596	1596.0
2597	1316.0
2598	1292.0
2599	1586.0
2600	1336.0
2601	1300.0
2602	1444.0
2603	1304.0
2604	1264.0
2605	1348.0
2606	1588.0
2607	1612.0
2608	1596.0
2609	1444.0
2610	1368.0
2611	1568.0
2612	1796.0
2613	1512.0
2614	1488.0
2615	1772.0
2616	1816.0
2617	1588.0
2618	1556.0
2619	1416.0
2620	1904.0
2621	1548.0
2622	1596.0
2623	1448.0
2624	1632.0
2625	1546.0
2626	1452.0
2627	1644.0
2628	1784.0
2629	1636.0
2630	1560.0
2631	1376.0
2632	1608.0
2633	1676.0
2634	1436.0
2635	1292.0
2636	1834.0
2637	1656.0
2638	1700.0
2639	1536.0
2640	1744.0
2641	1260.0
2642	1840.0
2643	1788.0
2644	1592.0
2645	1744.0
2646	1564.0
2647	1608.0
2648	1548.0
2649	1840.0
2650	2020.0
2651	1356.0
2652	1592.0
2653	1580.0
2654	1372.0
2655	1484.0
2656	1584.0
2657	1436.0
2658	1860.0
2659	1692.0
2660	1592.0
2661	1556.0
2662	1332.0
2663	1500.0
2664	1588.0
2665	1444.0
2666	1632.0
2667	1768.0
2668	1824.0
2669	1806.0
2670	1756.0
2671	1812.0
2672	1688.0
2673	1464.0
2674	1600.0
2675	1956.0
2676	1704.0
2677	1440.0
2678	1780.0
2679	1440.0
2680	1740.0
2681	1280.0
2682	1404.0
2683	1568.0
2684	1644.0
2685	1596.0
2686	1524.0
2687	1784.0
2688	1840.0
2689	1436.0
2690	1928.0
2691	1596.0
2692	1560.0
2693	1672.0
2694	1672.0
2695	1640.0
2696	1480.0
2697	1836.0
2698	1680.0
2699	1592.0
2700	1860.0
2701	1556.0
2702	1380.0
2703	1384.0
2704	1792.0
2705	1810.0
2706	1640.0
2707	1392.0
2708	1932.0
2709	1386.0
2710	1682.0
2711	1756.0
2712	1992.0
2713	1936.0
2714	1864.0
2715	1868.0
2716	1732.0
2717	2012.0
2718	1880.0
2719	1844.0
2720	1588.0
2721	1756.0
2722	1884.0
2723	1860.0
2724	1996.0
2725	2068.0
2726	2078.0
2727	1682.0
2728	1700.0
2729	1884.0
2730	1612.0
2731	2164.0
2732	1652.0
2733	2148.0
2734	1724.0
2735	1864.0
2736	1732.0
2737	2000.0
2738	1840.0
2739	2012.0
2740	1756.0
2741	1900.0
2742	1848.0
2743	2008.0
2744	2120.0
2745	2160.0
2746	2204.0
2747	1932.0
