0	56.0
1	80.0
2	64.0
3	60.0
4	82.0
5	68.0
6	66.0
7	66.0
8	80.0
9	66.0
10	84.0
11	68.0
12	72.0
13	70.0
14	100.0
15	66.0
16	80.0
17	64.0
18	48.0
19	64.0
20	76.0
21	42.0
22	78.0
23	66.0
24	54.0
25	62.0
26	64.0
27	52.0
28	92.0
29	68.0
30	80.0
31	78.0
32	86.0
33	60.0
34	106.0
35	70.0
36	64.0
37	88.0
38	68.0
39	62.0
40	72.0
41	56.0
42	94.0
43	82.0
44	76.0
45	80.0
46	74.0
47	72.0
48	88.0
49	118.0
50	86.0
51	62.0
52	74.0
53	106.0
54	96.0
55	88.0
56	68.0
57	100.0
58	74.0
59	84.0
60	82.0
61	90.0
62	86.0
63	86.0
64	86.0
65	80.0
66	90.0
67	96.0
68	90.0
69	90.0
70	84.0
71	82.0
72	92.0
73	82.0
74	82.0
75	94.0
76	98.0
77	84.0
78	86.0
79	80.0
80	94.0
81	92.0
82	80.0
83	92.0
84	98.0
85	82.0
86	64.0
87	64.0
88	66.0
89	60.0
90	74.0
91	102.0
92	64.0
93	84.0
94	66.0
95	78.0
96	62.0
97	60.0
98	78.0
99	114.0
100	80.0
101	96.0
102	74.0
103	90.0
104	88.0
105	84.0
106	104.0
107	90.0
108	90.0
109	84.0
110	104.0
111	96.0
112	64.0
113	74.0
114	96.0
115	84.0
116	76.0
117	74.0
118	74.0
119	62.0
120	58.0
121	66.0
122	50.0
123	56.0
124	82.0
125	50.0
126	78.0
127	58.0
128	68.0
129	78.0
130	58.0
131	98.0
132	90.0
133	98.0
134	74.0
135	62.0
136	82.0
137	78.0
138	76.0
139	74.0
140	68.0
141	82.0
142	64.0
143	64.0
144	64.0
145	60.0
146	68.0
147	66.0
148	68.0
149	76.0
150	98.0
151	86.0
152	72.0
153	88.0
154	104.0
155	90.0
156	108.0
157	86.0
158	100.0
159	82.0
160	88.0
161	104.0
162	86.0
163	94.0
164	78.0
165	88.0
166	86.0
167	78.0
168	104.0
169	98.0
170	80.0
171	94.0
172	88.0
173	88.0
174	84.0
175	64.0
176	104.0
177	108.0
178	104.0
179	92.0
180	106.0
181	108.0
182	82.0
183	106.0
184	106.0
185	88.0
186	98.0
187	90.0
188	96.0
189	114.0
190	88.0
191	92.0
192	72.0
193	90.0
194	114.0
195	72.0
196	74.0
197	98.0
198	66.0
199	86.0
200	108.0
201	88.0
202	90.0
203	106.0
204	84.0
205	108.0
206	96.0
207	80.0
208	78.0
209	72.0
210	82.0
211	80.0
212	94.0
213	100.0
214	90.0
215	92.0
216	102.0
217	88.0
218	96.0
219	76.0
220	90.0
221	76.0
222	88.0
223	74.0
224	96.0
225	96.0
226	108.0
227	90.0
228	88.0
229	98.0
230	84.0
231	80.0
232	76.0
233	74.0
234	80.0
235	66.0
236	90.0
237	86.0
238	104.0
239	86.0
240	92.0
241	84.0
242	88.0
243	92.0
244	106.0
245	80.0
246	82.0
247	90.0
248	108.0
249	110.0
250	80.0
251	96.0
252	92.0
253	66.0
254	52.0
255	82.0
256	78.0
257	70.0
258	100.0
259	74.0
260	68.0
261	102.0
262	66.0
263	98.0
264	98.0
265	82.0
266	100.0
267	92.0
268	72.0
269	66.0
270	78.0
271	76.0
272	108.0
273	84.0
274	90.0
275	90.0
276	102.0
277	78.0
278	104.0
279	102.0
280	96.0
281	100.0
282	108.0
283	96.0
284	84.0
285	98.0
286	98.0
287	88.0
288	114.0
289	86.0
290	100.0
291	92.0
292	84.0
293	98.0
294	106.0
295	102.0
296	94.0
297	92.0
298	80.0
299	62.0
300	112.0
301	90.0
302	86.0
303	90.0
304	114.0
305	122.0
306	94.0
307	100.0
308	92.0
309	74.0
310	92.0
311	92.0
312	82.0
313	96.0
314	102.0
315	116.0
316	106.0
317	70.0
318	120.0
319	100.0
320	62.0
321	82.0
322	94.0
323	86.0
324	86.0
325	92.0
326	94.0
327	104.0
328	74.0
329	74.0
330	92.0
331	92.0
332	90.0
333	102.0
334	92.0
335	80.0
336	96.0
337	68.0
338	70.0
339	96.0
340	78.0
341	74.0
342	108.0
343	108.0
344	104.0
345	108.0
346	86.0
347	90.0
348	90.0
349	84.0
350	98.0
351	108.0
352	92.0
353	84.0
354	92.0
355	98.0
356	112.0
357	76.0
358	102.0
359	88.0
360	88.0
361	102.0
362	88.0
363	96.0
364	94.0
365	88.0
366	88.0
367	88.0
368	92.0
369	102.0
370	106.0
371	98.0
372	120.0
373	84.0
374	86.0
375	88.0
376	94.0
377	102.0
378	80.0
379	94.0
380	100.0
381	94.0
382	98.0
383	84.0
384	86.0
385	90.0
386	100.0
387	90.0
388	86.0
389	106.0
390	106.0
391	60.0
392	108.0
393	86.0
394	94.0
395	96.0
396	78.0
397	88.0
398	96.0
399	94.0
400	106.0
401	90.0
402	86.0
403	110.0
404	116.0
405	96.0
406	108.0
407	100.0
408	84.0
409	120.0
410	84.0
411	82.0
412	104.0
413	94.0
414	88.0
415	64.0
416	84.0
417	94.0
418	106.0
419	98.0
420	120.0
421	100.0
422	84.0
423	88.0
424	118.0
425	86.0
426	116.0
427	98.0
428	110.0
429	102.0
430	112.0
431	96.0
432	88.0
433	106.0
434	102.0
435	96.0
436	94.0
437	106.0
438	106.0
439	98.0
440	86.0
441	132.0
442	112.0
443	102.0
444	92.0
445	108.0
446	86.0
447	78.0
448	108.0
449	76.0
450	88.0
451	90.0
452	96.0
453	72.0
454	80.0
455	78.0
456	82.0
457	80.0
458	64.0
459	96.0
460	72.0
461	48.0
462	74.0
463	100.0
464	74.0
465	88.0
466	112.0
467	92.0
468	112.0
469	76.0
470	98.0
471	98.0
472	100.0
473	106.0
474	98.0
475	86.0
476	90.0
477	102.0
478	104.0
479	84.0
480	108.0
481	128.0
482	112.0
483	94.0
484	116.0
485	88.0
486	100.0
487	86.0
488	94.0
489	92.0
490	98.0
491	92.0
492	102.0
493	94.0
494	108.0
495	94.0
496	92.0
497	114.0
498	94.0
499	94.0
500	90.0
501	120.0
502	98.0
503	82.0
504	80.0
505	82.0
506	116.0
507	96.0
508	120.0
509	118.0
510	88.0
511	90.0
512	94.0
513	110.0
514	90.0
515	124.0
516	108.0
517	108.0
518	106.0
519	116.0
520	86.0
521	130.0
522	74.0
523	78.0
524	118.0
525	98.0
526	108.0
527	116.0
528	118.0
529	114.0
530	100.0
531	100.0
532	106.0
533	94.0
534	96.0
535	108.0
536	120.0
537	84.0
538	94.0
539	122.0
540	112.0
541	78.0
542	116.0
543	124.0
544	92.0
545	106.0
546	112.0
547	106.0
548	106.0
549	114.0
550	116.0
551	132.0
552	126.0
553	104.0
554	104.0
555	96.0
556	80.0
557	126.0
558	88.0
559	126.0
560	96.0
561	110.0
562	108.0
563	80.0
564	122.0
565	110.0
566	108.0
567	106.0
568	106.0
569	92.0
570	66.0
571	78.0
572	98.0
573	80.0
574	98.0
575	84.0
576	74.0
577	106.0
578	88.0
579	80.0
580	110.0
581	104.0
582	96.0
583	98.0
584	100.0
585	80.0
586	106.0
587	110.0
588	96.0
589	116.0
590	72.0
591	84.0
592	70.0
593	84.0
594	90.0
595	76.0
596	80.0
597	88.0
598	106.0
599	104.0
600	78.0
601	92.0
602	72.0
603	86.0
604	126.0
605	104.0
606	124.0
607	94.0
608	88.0
609	82.0
610	86.0
611	72.0
612	100.0
613	72.0
614	84.0
615	72.0
616	94.0
617	88.0
618	84.0
619	108.0
620	82.0
621	98.0
622	118.0
623	66.0
624	78.0
625	128.0
626	100.0
627	112.0
628	118.0
629	110.0
630	116.0
631	68.0
632	102.0
633	128.0
634	94.0
635	114.0
636	108.0
637	102.0
638	104.0
639	114.0
640	118.0
641	122.0
642	112.0
643	124.0
644	104.0
645	100.0
646	110.0
647	82.0
648	96.0
649	88.0
650	92.0
651	104.0
652	80.0
653	80.0
654	106.0
655	102.0
656	114.0
657	100.0
658	82.0
659	130.0
660	128.0
661	76.0
662	114.0
663	102.0
664	110.0
665	96.0
666	100.0
667	110.0
668	110.0
669	96.0
670	94.0
671	106.0
672	92.0
673	92.0
674	102.0
675	108.0
676	80.0
677	114.0
678	94.0
679	86.0
680	148.0
681	108.0
682	120.0
683	72.0
684	104.0
685	126.0
686	92.0
687	94.0
688	102.0
689	128.0
690	96.0
691	110.0
692	110.0
693	98.0
694	106.0
695	118.0
696	106.0
697	114.0
698	132.0
699	100.0
700	122.0
701	122.0
702	108.0
703	108.0
704	84.0
705	116.0
706	76.0
707	98.0
708	70.0
709	96.0
710	94.0
711	74.0
712	106.0
713	98.0
714	90.0
715	100.0
716	68.0
717	84.0
718	92.0
719	100.0
720	110.0
721	88.0
722	100.0
723	88.0
724	90.0
725	92.0
726	104.0
727	100.0
728	96.0
729	86.0
730	94.0
731	120.0
732	92.0
733	90.0
734	112.0
735	80.0
736	110.0
737	104.0
738	82.0
739	124.0
740	108.0
741	122.0
742	106.0
743	98.0
744	94.0
745	86.0
746	96.0
747	98.0
748	78.0
749	102.0
750	134.0
751	110.0
752	98.0
753	90.0
754	94.0
755	108.0
756	100.0
757	92.0
758	104.0
759	98.0
760	94.0
761	92.0
762	84.0
763	110.0
764	116.0
765	92.0
766	102.0
767	110.0
768	100.0
769	94.0
770	104.0
771	96.0
772	114.0
773	98.0
774	88.0
775	112.0
776	100.0
777	116.0
778	110.0
779	102.0
780	110.0
781	116.0
782	98.0
783	124.0
784	106.0
785	116.0
786	102.0
787	110.0
788	116.0
789	86.0
790	98.0
791	118.0
792	104.0
793	86.0
794	108.0
795	94.0
796	110.0
797	104.0
798	106.0
799	92.0
800	74.0
801	116.0
802	100.0
803	122.0
804	110.0
805	96.0
806	98.0
807	122.0
808	120.0
809	118.0
810	108.0
811	84.0
812	88.0
813	96.0
814	98.0
815	96.0
816	108.0
817	108.0
818	120.0
819	114.0
820	82.0
821	98.0
822	108.0
823	106.0
824	78.0
825	122.0
826	126.0
827	124.0
828	100.0
829	100.0
830	144.0
831	74.0
832	128.0
833	96.0
834	76.0
835	76.0
836	74.0
837	112.0
838	96.0
839	90.0
840	100.0
841	166.0
842	100.0
843	92.0
844	102.0
845	116.0
846	104.0
847	110.0
848	98.0
849	108.0
850	118.0
851	118.0
852	154.0
853	118.0
854	142.0
855	126.0
856	108.0
857	86.0
858	114.0
859	130.0
860	100.0
861	102.0
862	122.0
863	126.0
864	108.0
865	114.0
866	112.0
867	94.0
868	114.0
869	102.0
870	104.0
871	112.0
872	116.0
873	104.0
874	88.0
875	106.0
876	100.0
877	102.0
878	112.0
879	114.0
880	102.0
881	96.0
882	116.0
883	122.0
884	120.0
885	132.0
886	114.0
887	134.0
888	114.0
889	110.0
890	88.0
891	84.0
892	102.0
893	88.0
894	112.0
895	108.0
896	124.0
897	102.0
898	76.0
899	114.0
900	102.0
901	98.0
902	122.0
903	116.0
904	78.0
905	88.0
906	100.0
907	102.0
908	106.0
909	94.0
910	104.0
911	108.0
912	94.0
913	94.0
914	80.0
915	96.0
916	108.0
917	104.0
918	98.0
919	124.0
920	102.0
921	118.0
922	82.0
923	112.0
924	96.0
925	86.0
926	74.0
927	112.0
928	88.0
929	108.0
930	94.0
931	78.0
932	96.0
933	84.0
934	112.0
935	114.0
936	82.0
937	100.0
938	92.0
939	86.0
940	114.0
941	102.0
942	84.0
943	92.0
944	114.0
945	88.0
946	98.0
947	58.0
948	98.0
949	80.0
950	90.0
951	88.0
952	106.0
953	106.0
954	116.0
955	112.0
956	92.0
957	98.0
958	116.0
959	122.0
960	132.0
961	102.0
962	102.0
963	80.0
964	96.0
965	122.0
966	94.0
967	102.0
968	102.0
969	124.0
970	124.0
971	132.0
972	120.0
973	122.0
974	136.0
975	122.0
976	118.0
977	98.0
978	102.0
979	106.0
980	142.0
981	94.0
982	148.0
983	134.0
984	118.0
985	114.0
986	116.0
987	98.0
988	130.0
989	120.0
990	96.0
991	110.0
992	114.0
993	126.0
994	110.0
995	144.0
996	122.0
997	116.0
998	118.0
999	118.0
1000	142.0
1001	94.0
1002	100.0
1003	128.0
1004	128.0
1005	134.0
1006	116.0
1007	136.0
1008	138.0
1009	120.0
1010	138.0
1011	106.0
1012	98.0
1013	116.0
1014	156.0
1015	100.0
1016	114.0
1017	120.0
1018	120.0
1019	84.0
1020	116.0
1021	112.0
1022	130.0
1023	122.0
1024	98.0
1025	110.0
1026	146.0
1027	146.0
1028	138.0
1029	122.0
1030	136.0
1031	126.0
1032	100.0
1033	118.0
1034	116.0
1035	104.0
1036	144.0
1037	116.0
1038	122.0
1039	102.0
1040	120.0
1041	138.0
1042	114.0
1043	108.0
1044	148.0
1045	128.0
1046	102.0
1047	126.0
1048	140.0
1049	114.0
1050	140.0
1051	162.0
1052	148.0
1053	128.0
1054	144.0
1055	132.0
1056	146.0
1057	100.0
1058	122.0
1059	128.0
1060	122.0
1061	130.0
1062	116.0
1063	140.0
1064	118.0
1065	106.0
1066	116.0
1067	128.0
1068	110.0
1069	122.0
1070	114.0
1071	118.0
1072	114.0
1073	126.0
1074	124.0
1075	116.0
1076	132.0
1077	120.0
1078	140.0
1079	112.0
1080	120.0
1081	122.0
1082	126.0
1083	100.0
1084	120.0
1085	138.0
1086	104.0
1087	150.0
1088	146.0
1089	122.0
1090	144.0
1091	150.0
1092	120.0
1093	148.0
1094	124.0
1095	140.0
1096	146.0
1097	110.0
1098	146.0
1099	100.0
1100	128.0
1101	112.0
1102	104.0
1103	140.0
1104	108.0
1105	142.0
1106	102.0
1107	126.0
1108	102.0
1109	142.0
1110	100.0
1111	110.0
1112	124.0
1113	112.0
1114	104.0
1115	106.0
1116	116.0
1117	134.0
1118	134.0
1119	90.0
1120	132.0
1121	102.0
1122	122.0
1123	114.0
1124	124.0
1125	94.0
1126	86.0
1127	134.0
1128	106.0
1129	128.0
1130	94.0
1131	132.0
1132	130.0
1133	122.0
1134	114.0
1135	92.0
1136	104.0
1137	120.0
1138	132.0
1139	140.0
1140	106.0
1141	122.0
1142	116.0
1143	98.0
1144	132.0
1145	116.0
1146	122.0
1147	132.0
1148	124.0
1149	108.0
1150	96.0
1151	122.0
1152	118.0
1153	98.0
1154	110.0
1155	124.0
1156	116.0
1157	104.0
1158	124.0
1159	104.0
1160	120.0
1161	96.0
1162	92.0
1163	106.0
1164	118.0
1165	114.0
1166	124.0
1167	144.0
1168	142.0
1169	134.0
1170	110.0
1171	136.0
1172	116.0
1173	132.0
1174	132.0
1175	122.0
1176	96.0
1177	122.0
1178	150.0
1179	114.0
1180	118.0
1181	146.0
1182	134.0
1183	126.0
1184	126.0
1185	122.0
1186	106.0
1187	118.0
1188	108.0
1189	118.0
1190	114.0
1191	136.0
1192	124.0
1193	106.0
1194	116.0
1195	132.0
1196	124.0
1197	112.0
1198	112.0
1199	134.0
1200	130.0
1201	154.0
1202	124.0
1203	138.0
1204	134.0
1205	120.0
1206	98.0
1207	142.0
1208	80.0
1209	112.0
1210	128.0
1211	144.0
1212	100.0
1213	120.0
1214	98.0
1215	128.0
1216	146.0
1217	134.0
1218	130.0
1219	116.0
1220	132.0
1221	118.0
1222	114.0
1223	114.0
1224	104.0
1225	132.0
1226	114.0
1227	132.0
1228	106.0
1229	118.0
1230	120.0
1231	100.0
1232	120.0
1233	124.0
1234	120.0
1235	120.0
1236	116.0
1237	126.0
1238	124.0
1239	120.0
1240	102.0
1241	132.0
1242	112.0
1243	150.0
1244	96.0
1245	114.0
1246	118.0
1247	96.0
1248	154.0
1249	102.0
1250	138.0
1251	110.0
1252	130.0
1253	110.0
1254	112.0
1255	114.0
1256	120.0
1257	72.0
1258	122.0
1259	124.0
1260	130.0
1261	128.0
1262	94.0
1263	124.0
1264	164.0
1265	130.0
1266	124.0
1267	122.0
1268	94.0
1269	102.0
1270	124.0
1271	96.0
1272	108.0
1273	134.0
1274	112.0
1275	106.0
1276	130.0
1277	160.0
1278	162.0
1279	114.0
1280	168.0
1281	108.0
1282	112.0
1283	116.0
1284	136.0
1285	158.0
1286	150.0
1287	126.0
1288	120.0
1289	128.0
1290	104.0
1291	118.0
1292	106.0
1293	150.0
1294	116.0
1295	120.0
1296	120.0
1297	82.0
1298	110.0
1299	136.0
1300	138.0
1301	130.0
1302	114.0
1303	138.0
1304	120.0
1305	126.0
1306	150.0
1307	134.0
1308	116.0
1309	108.0
1310	78.0
1311	118.0
1312	126.0
1313	114.0
1314	118.0
1315	78.0
1316	92.0
1317	114.0
1318	110.0
1319	86.0
1320	106.0
1321	98.0
1322	132.0
1323	110.0
1324	134.0
1325	106.0
1326	104.0
1327	134.0
1328	124.0
1329	114.0
1330	100.0
1331	158.0
1332	114.0
1333	116.0
1334	148.0
1335	144.0
1336	142.0
1337	120.0
1338	118.0
1339	114.0
1340	140.0
1341	124.0
1342	148.0
1343	138.0
1344	136.0
1345	116.0
1346	134.0
1347	140.0
1348	162.0
1349	108.0
1350	136.0
1351	140.0
1352	112.0
1353	136.0
1354	164.0
1355	136.0
1356	152.0
1357	124.0
1358	158.0
1359	112.0
1360	118.0
1361	140.0
1362	126.0
1363	118.0
1364	116.0
1365	128.0
1366	162.0
1367	154.0
1368	146.0
1369	116.0
1370	132.0
1371	154.0
1372	132.0
1373	124.0
1374	152.0
1375	128.0
1376	126.0
1377	116.0
1378	150.0
1379	146.0
1380	126.0
1381	136.0
1382	134.0
1383	162.0
1384	116.0
1385	150.0
1386	154.0
1387	106.0
1388	110.0
1389	124.0
1390	140.0
1391	148.0
1392	144.0
1393	136.0
1394	118.0
1395	124.0
1396	116.0
1397	120.0
1398	132.0
1399	134.0
1400	152.0
1401	124.0
1402	158.0
1403	144.0
1404	116.0
1405	130.0
1406	146.0
1407	112.0
1408	140.0
1409	120.0
1410	130.0
1411	150.0
1412	124.0
1413	144.0
1414	132.0
1415	180.0
1416	146.0
1417	164.0
1418	148.0
1419	120.0
1420	138.0
1421	134.0
1422	134.0
1423	138.0
1424	130.0
1425	136.0
1426	142.0
1427	120.0
1428	134.0
1429	134.0
1430	164.0
1431	154.0
1432	122.0
1433	126.0
1434	142.0
1435	140.0
1436	142.0
1437	168.0
1438	146.0
1439	126.0
1440	150.0
1441	112.0
1442	150.0
1443	134.0
1444	138.0
1445	136.0
1446	136.0
1447	114.0
1448	142.0
1449	124.0
1450	138.0
1451	150.0
1452	104.0
1453	144.0
1454	138.0
1455	156.0
1456	152.0
1457	134.0
1458	132.0
1459	132.0
1460	138.0
1461	126.0
1462	134.0
1463	124.0
1464	154.0
1465	138.0
1466	156.0
1467	162.0
1468	110.0
1469	152.0
1470	172.0
1471	136.0
1472	128.0
1473	124.0
1474	148.0
1475	128.0
1476	154.0
1477	144.0
1478	160.0
1479	106.0
1480	148.0
1481	148.0
1482	146.0
1483	128.0
1484	142.0
1485	152.0
1486	142.0
1487	146.0
1488	172.0
1489	126.0
1490	152.0
1491	134.0
1492	128.0
1493	148.0
1494	134.0
1495	150.0
1496	152.0
1497	138.0
1498	150.0
1499	136.0
1500	142.0
1501	128.0
1502	144.0
1503	146.0
1504	150.0
1505	112.0
1506	140.0
1507	148.0
1508	152.0
1509	114.0
1510	132.0
1511	140.0
1512	134.0
1513	164.0
1514	156.0
1515	126.0
1516	150.0
1517	138.0
1518	152.0
1519	114.0
1520	156.0
1521	124.0
1522	144.0
1523	128.0
1524	158.0
1525	162.0
1526	134.0
1527	148.0
1528	154.0
1529	134.0
1530	146.0
1531	152.0
1532	178.0
1533	128.0
1534	148.0
1535	156.0
1536	138.0
1537	128.0
1538	154.0
1539	146.0
1540	114.0
1541	124.0
1542	112.0
1543	156.0
1544	156.0
1545	148.0
1546	116.0
1547	160.0
1548	126.0
1549	132.0
1550	114.0
1551	144.0
1552	164.0
1553	148.0
1554	148.0
1555	122.0
1556	122.0
1557	142.0
1558	106.0
1559	118.0
1560	150.0
1561	114.0
1562	122.0
1563	130.0
1564	134.0
1565	150.0
1566	156.0
1567	130.0
1568	156.0
1569	150.0
1570	160.0
1571	156.0
1572	136.0
1573	136.0
1574	140.0
1575	146.0
1576	156.0
1577	130.0
1578	154.0
1579	132.0
1580	144.0
1581	138.0
1582	140.0
1583	134.0
1584	144.0
1585	136.0
1586	132.0
1587	144.0
1588	140.0
1589	132.0
1590	136.0
1591	154.0
1592	156.0
1593	134.0
1594	170.0
1595	148.0
1596	154.0
1597	146.0
1598	160.0
1599	126.0
1600	142.0
1601	148.0
1602	156.0
1603	128.0
1604	162.0
1605	122.0
1606	160.0
1607	162.0
1608	142.0
1609	180.0
1610	146.0
1611	136.0
1612	150.0
1613	154.0
1614	162.0
1615	150.0
1616	156.0
1617	150.0
1618	152.0
1619	154.0
1620	140.0
1621	136.0
1622	130.0
1623	142.0
1624	154.0
1625	140.0
1626	174.0
1627	160.0
1628	144.0
1629	156.0
1630	142.0
1631	142.0
1632	156.0
1633	174.0
1634	120.0
1635	148.0
1636	144.0
1637	130.0
1638	150.0
1639	188.0
1640	156.0
1641	148.0
1642	144.0
1643	142.0
1644	156.0
1645	138.0
1646	184.0
1647	138.0
1648	132.0
1649	164.0
1650	146.0
1651	120.0
1652	144.0
1653	108.0
1654	146.0
1655	128.0
1656	110.0
1657	134.0
1658	132.0
1659	128.0
1660	138.0
1661	142.0
1662	136.0
1663	148.0
1664	136.0
1665	168.0
1666	140.0
1667	136.0
1668	130.0
1669	118.0
1670	140.0
1671	122.0
1672	124.0
1673	162.0
1674	138.0
1675	130.0
1676	104.0
1677	114.0
1678	126.0
1679	102.0
1680	102.0
1681	112.0
1682	110.0
1683	124.0
1684	90.0
1685	122.0
1686	124.0
1687	126.0
1688	130.0
1689	132.0
1690	152.0
1691	136.0
1692	140.0
1693	156.0
1694	134.0
1695	120.0
1696	136.0
1697	156.0
1698	136.0
1699	150.0
1700	112.0
1701	124.0
1702	104.0
1703	124.0
1704	90.0
1705	122.0
1706	142.0
1707	116.0
1708	120.0
1709	132.0
1710	138.0
1711	124.0
1712	140.0
1713	130.0
1714	122.0
1715	136.0
1716	110.0
1717	144.0
1718	144.0
1719	148.0
1720	148.0
1721	152.0
1722	148.0
1723	164.0
1724	148.0
1725	138.0
1726	148.0
1727	166.0
1728	144.0
1729	160.0
1730	130.0
1731	160.0
1732	120.0
1733	126.0
1734	124.0
1735	134.0
1736	122.0
1737	126.0
1738	130.0
1739	116.0
1740	144.0
1741	130.0
1742	116.0
1743	128.0
1744	126.0
1745	150.0
1746	142.0
1747	164.0
1748	146.0
1749	154.0
1750	138.0
1751	130.0
1752	136.0
1753	156.0
1754	150.0
1755	170.0
1756	154.0
1757	162.0
1758	136.0
1759	144.0
1760	168.0
1761	160.0
1762	144.0
1763	136.0
1764	122.0
1765	152.0
1766	118.0
1767	142.0
1768	144.0
1769	140.0
1770	136.0
1771	150.0
1772	134.0
1773	142.0
1774	146.0
1775	148.0
1776	160.0
1777	158.0
1778	148.0
1779	150.0
1780	140.0
1781	160.0
1782	178.0
1783	144.0
1784	148.0
1785	148.0
1786	146.0
1787	174.0
1788	158.0
1789	170.0
1790	136.0
1791	162.0
1792	144.0
1793	144.0
1794	156.0
1795	158.0
1796	138.0
1797	124.0
1798	132.0
1799	150.0
1800	138.0
1801	152.0
1802	134.0
1803	146.0
1804	160.0
1805	138.0
1806	140.0
1807	178.0
1808	150.0
1809	152.0
1810	130.0
1811	120.0
1812	148.0
1813	156.0
1814	152.0
1815	134.0
1816	126.0
1817	134.0
1818	136.0
1819	140.0
1820	110.0
1821	154.0
1822	134.0
1823	148.0
1824	144.0
1825	128.0
1826	132.0
1827	128.0
1828	146.0
1829	156.0
1830	118.0
1831	152.0
1832	150.0
1833	136.0
1834	140.0
1835	154.0
1836	144.0
1837	124.0
1838	142.0
1839	158.0
1840	118.0
1841	148.0
1842	134.0
1843	126.0
1844	162.0
1845	140.0
1846	134.0
1847	154.0
1848	164.0
1849	144.0
1850	134.0
1851	150.0
1852	148.0
1853	118.0
1854	100.0
1855	134.0
1856	116.0
1857	138.0
1858	134.0
1859	132.0
1860	150.0
1861	132.0
1862	124.0
1863	158.0
1864	160.0
1865	168.0
1866	148.0
1867	130.0
1868	144.0
1869	128.0
1870	122.0
1871	138.0
1872	114.0
1873	116.0
1874	138.0
1875	136.0
1876	128.0
1877	142.0
1878	128.0
1879	140.0
1880	144.0
1881	134.0
1882	152.0
1883	146.0
1884	138.0
1885	116.0
1886	128.0
1887	122.0
1888	136.0
1889	120.0
1890	122.0
1891	140.0
1892	132.0
1893	124.0
1894	122.0
1895	154.0
1896	134.0
1897	122.0
1898	138.0
1899	124.0
1900	128.0
1901	132.0
1902	128.0
1903	136.0
1904	134.0
1905	160.0
1906	170.0
1907	154.0
1908	160.0
1909	154.0
1910	148.0
1911	152.0
1912	138.0
1913	140.0
1914	128.0
1915	134.0
1916	150.0
1917	140.0
1918	120.0
1919	124.0
1920	140.0
1921	150.0
1922	134.0
1923	146.0
1924	160.0
1925	124.0
1926	160.0
1927	132.0
1928	130.0
1929	188.0
1930	118.0
1931	156.0
1932	134.0
1933	136.0
1934	136.0
1935	168.0
1936	150.0
1937	162.0
1938	130.0
1939	140.0
1940	156.0
1941	138.0
1942	126.0
1943	90.0
1944	154.0
1945	128.0
1946	154.0
1947	142.0
1948	154.0
1949	136.0
1950	126.0
1951	140.0
1952	156.0
1953	138.0
1954	172.0
1955	152.0
1956	134.0
1957	146.0
1958	150.0
1959	116.0
1960	140.0
1961	140.0
1962	176.0
1963	116.0
1964	144.0
1965	150.0
1966	148.0
1967	148.0
1968	106.0
1969	126.0
1970	140.0
1971	110.0
1972	178.0
1973	132.0
1974	166.0
1975	148.0
1976	156.0
1977	124.0
1978	130.0
1979	146.0
1980	146.0
1981	124.0
1982	134.0
1983	156.0
1984	130.0
1985	134.0
1986	134.0
1987	140.0
1988	106.0
1989	148.0
1990	138.0
1991	110.0
1992	150.0
1993	122.0
1994	104.0
1995	140.0
1996	114.0
1997	160.0
1998	140.0
1999	118.0
2000	124.0
2001	160.0
2002	126.0
2003	152.0
2004	116.0
2005	108.0
2006	118.0
2007	130.0
2008	126.0
2009	150.0
2010	134.0
2011	152.0
2012	130.0
2013	130.0
2014	130.0
2015	112.0
2016	146.0
2017	138.0
2018	108.0
2019	150.0
2020	152.0
2021	128.0
2022	126.0
2023	126.0
2024	138.0
2025	122.0
2026	100.0
2027	138.0
2028	146.0
2029	136.0
2030	130.0
2031	170.0
2032	104.0
2033	136.0
2034	142.0
2035	142.0
2036	100.0
2037	124.0
2038	138.0
2039	138.0
2040	146.0
2041	106.0
2042	140.0
2043	168.0
2044	150.0
2045	116.0
2046	118.0
2047	144.0
2048	128.0
2049	112.0
2050	108.0
2051	144.0
2052	116.0
2053	118.0
2054	114.0
2055	154.0
2056	114.0
2057	158.0
2058	138.0
2059	148.0
2060	144.0
2061	152.0
2062	140.0
2063	104.0
2064	152.0
2065	136.0
2066	154.0
2067	118.0
2068	144.0
2069	156.0
2070	150.0
2071	148.0
2072	140.0
2073	144.0
2074	136.0
2075	136.0
2076	166.0
2077	152.0
2078	134.0
2079	108.0
2080	108.0
2081	116.0
2082	140.0
2083	120.0
2084	154.0
2085	112.0
2086	118.0
2087	164.0
2088	124.0
2089	130.0
2090	136.0
2091	140.0
2092	114.0
2093	122.0
2094	132.0
2095	126.0
2096	126.0
2097	142.0
2098	166.0
2099	140.0
2100	156.0
2101	96.0
2102	122.0
2103	148.0
2104	140.0
2105	148.0
2106	128.0
2107	136.0
2108	100.0
2109	134.0
2110	128.0
2111	90.0
2112	104.0
2113	128.0
2114	140.0
2115	126.0
2116	118.0
2117	118.0
2118	136.0
2119	92.0
2120	124.0
2121	126.0
2122	136.0
2123	140.0
2124	138.0
2125	118.0
2126	122.0
2127	132.0
2128	106.0
2129	124.0
2130	136.0
2131	108.0
2132	134.0
2133	136.0
2134	122.0
2135	152.0
2136	154.0
2137	142.0
2138	126.0
2139	130.0
2140	140.0
2141	156.0
2142	136.0
2143	140.0
2144	122.0
2145	126.0
2146	154.0
2147	120.0
2148	140.0
2149	134.0
2150	144.0
2151	142.0
2152	124.0
2153	118.0
2154	120.0
2155	112.0
2156	142.0
2157	128.0
2158	120.0
2159	110.0
2160	140.0
2161	156.0
2162	134.0
2163	140.0
2164	118.0
2165	144.0
2166	130.0
2167	116.0
2168	134.0
2169	132.0
2170	130.0
2171	124.0
2172	118.0
2173	106.0
2174	136.0
2175	124.0
2176	150.0
2177	122.0
2178	138.0
2179	134.0
2180	140.0
2181	124.0
2182	110.0
2183	132.0
2184	134.0
2185	142.0
2186	138.0
2187	126.0
2188	128.0
2189	124.0
2190	104.0
2191	138.0
2192	104.0
2193	116.0
2194	130.0
