0	94.0
1	80.0
2	70.0
3	54.0
4	80.0
5	64.0
6	76.0
7	58.0
8	70.0
9	98.0
10	72.0
11	92.0
12	70.0
13	98.0
14	74.0
15	108.0
16	66.0
17	90.0
18	74.0
19	84.0
20	62.0
21	98.0
22	100.0
23	94.0
24	70.0
25	90.0
26	68.0
27	46.0
28	74.0
29	84.0
30	68.0
31	80.0
32	76.0
33	68.0
34	74.0
35	74.0
36	78.0
37	48.0
38	76.0
39	66.0
40	94.0
41	66.0
42	76.0
43	66.0
44	86.0
45	80.0
46	98.0
47	92.0
48	100.0
49	80.0
50	96.0
51	96.0
52	66.0
53	82.0
54	74.0
55	86.0
56	54.0
57	54.0
58	68.0
59	88.0
60	78.0
61	58.0
62	74.0
63	76.0
64	84.0
65	60.0
66	84.0
67	72.0
68	80.0
69	104.0
70	96.0
71	98.0
72	88.0
73	94.0
74	98.0
75	82.0
76	96.0
77	114.0
78	90.0
79	70.0
80	102.0
81	92.0
82	96.0
83	86.0
84	84.0
85	82.0
86	84.0
87	78.0
88	92.0
89	106.0
90	96.0
91	82.0
92	70.0
93	76.0
94	84.0
95	82.0
96	92.0
97	92.0
98	76.0
99	78.0
100	90.0
101	96.0
102	80.0
103	90.0
104	80.0
105	80.0
106	88.0
107	88.0
108	78.0
109	76.0
110	92.0
111	80.0
112	84.0
113	96.0
114	90.0
115	70.0
116	82.0
117	76.0
118	90.0
119	78.0
120	82.0
121	96.0
122	76.0
123	76.0
124	92.0
125	86.0
126	100.0
127	80.0
128	60.0
129	88.0
130	54.0
131	84.0
132	80.0
133	90.0
134	72.0
135	100.0
136	64.0
137	72.0
138	98.0
139	64.0
140	82.0
141	100.0
142	100.0
143	96.0
144	84.0
145	78.0
146	114.0
147	84.0
148	96.0
149	96.0
150	82.0
151	102.0
152	72.0
153	110.0
154	90.0
155	76.0
156	64.0
157	74.0
158	58.0
159	92.0
160	68.0
161	76.0
162	92.0
163	98.0
164	100.0
165	98.0
166	110.0
167	100.0
168	70.0
169	74.0
170	104.0
171	98.0
172	80.0
173	86.0
174	58.0
175	80.0
176	72.0
177	64.0
178	64.0
179	90.0
180	88.0
181	78.0
182	54.0
183	74.0
184	106.0
185	86.0
186	80.0
187	74.0
188	80.0
189	90.0
190	96.0
191	84.0
192	100.0
193	86.0
194	98.0
195	92.0
196	102.0
197	76.0
198	70.0
199	80.0
200	102.0
201	98.0
202	92.0
203	88.0
204	96.0
205	84.0
206	82.0
207	98.0
208	72.0
209	68.0
210	72.0
211	90.0
212	90.0
213	86.0
214	80.0
215	86.0
216	102.0
217	100.0
218	94.0
219	106.0
220	88.0
221	80.0
222	92.0
223	102.0
224	94.0
225	106.0
226	84.0
227	102.0
228	104.0
229	86.0
230	72.0
231	92.0
232	96.0
233	114.0
234	106.0
235	110.0
236	88.0
237	98.0
238	92.0
239	88.0
240	106.0
241	86.0
242	70.0
243	92.0
244	62.0
245	94.0
246	82.0
247	70.0
248	90.0
249	98.0
250	114.0
251	88.0
252	114.0
253	126.0
254	76.0
255	98.0
256	100.0
257	98.0
258	90.0
259	96.0
260	92.0
261	100.0
262	84.0
263	100.0
264	114.0
265	86.0
266	84.0
267	108.0
268	84.0
269	92.0
270	102.0
271	82.0
272	88.0
273	98.0
274	108.0
275	90.0
276	114.0
277	94.0
278	94.0
279	86.0
280	94.0
281	76.0
282	110.0
283	78.0
284	106.0
285	98.0
286	104.0
287	92.0
288	82.0
289	80.0
290	72.0
291	108.0
292	86.0
293	64.0
294	84.0
295	92.0
296	92.0
297	98.0
298	92.0
299	80.0
300	88.0
301	116.0
302	76.0
303	106.0
304	100.0
305	72.0
306	76.0
307	86.0
308	60.0
309	74.0
310	78.0
311	92.0
312	72.0
313	74.0
314	90.0
315	100.0
316	100.0
317	118.0
318	92.0
319	88.0
320	84.0
321	98.0
322	114.0
323	80.0
324	116.0
325	94.0
326	88.0
327	82.0
328	100.0
329	94.0
330	88.0
331	114.0
332	98.0
333	86.0
334	88.0
335	94.0
336	88.0
337	94.0
338	78.0
339	96.0
340	90.0
341	106.0
342	120.0
343	72.0
344	110.0
345	118.0
346	104.0
347	106.0
348	122.0
349	86.0
350	96.0
351	94.0
352	90.0
353	90.0
354	112.0
355	90.0
356	116.0
357	118.0
358	88.0
359	100.0
360	86.0
361	84.0
362	102.0
363	86.0
364	108.0
365	78.0
366	86.0
367	88.0
368	100.0
369	102.0
370	106.0
371	112.0
372	100.0
373	96.0
374	94.0
375	102.0
376	104.0
377	72.0
378	86.0
379	102.0
380	92.0
381	118.0
382	76.0
383	90.0
384	90.0
385	94.0
386	106.0
387	94.0
388	90.0
389	90.0
390	80.0
391	96.0
392	82.0
393	88.0
394	90.0
395	76.0
396	74.0
397	78.0
398	96.0
399	96.0
400	134.0
401	88.0
402	84.0
403	120.0
404	118.0
405	88.0
406	88.0
407	122.0
408	112.0
409	90.0
410	90.0
411	96.0
412	94.0
413	106.0
414	116.0
415	120.0
416	114.0
417	104.0
418	102.0
419	118.0
420	100.0
421	82.0
422	100.0
423	84.0
424	84.0
425	92.0
426	88.0
427	90.0
428	62.0
429	108.0
430	90.0
431	96.0
432	86.0
433	100.0
434	90.0
435	88.0
436	92.0
437	122.0
438	100.0
439	78.0
440	102.0
441	114.0
442	110.0
443	88.0
444	98.0
445	100.0
446	98.0
447	78.0
448	98.0
449	80.0
450	104.0
451	84.0
452	84.0
453	66.0
454	100.0
455	86.0
456	106.0
457	100.0
458	92.0
459	80.0
460	110.0
461	88.0
462	88.0
463	94.0
464	90.0
465	94.0
466	72.0
467	106.0
468	108.0
469	88.0
470	92.0
471	96.0
472	80.0
473	76.0
474	106.0
475	108.0
476	98.0
477	106.0
478	80.0
479	80.0
480	84.0
481	78.0
482	94.0
483	92.0
484	78.0
485	88.0
486	108.0
487	80.0
488	70.0
489	82.0
490	98.0
491	78.0
492	88.0
493	94.0
494	72.0
495	88.0
496	78.0
497	110.0
498	104.0
499	90.0
500	108.0
501	104.0
502	104.0
503	92.0
504	62.0
505	100.0
506	100.0
507	114.0
508	116.0
509	104.0
510	98.0
511	96.0
512	96.0
513	104.0
514	106.0
515	96.0
516	80.0
517	104.0
518	118.0
519	106.0
520	106.0
521	88.0
522	116.0
523	100.0
524	110.0
525	102.0
526	108.0
527	112.0
528	114.0
529	110.0
530	94.0
531	110.0
532	106.0
533	104.0
534	82.0
535	94.0
536	92.0
537	116.0
538	108.0
539	106.0
540	106.0
541	120.0
542	100.0
543	84.0
544	98.0
545	114.0
546	116.0
547	116.0
548	126.0
549	88.0
550	112.0
551	98.0
552	100.0
553	110.0
554	118.0
555	142.0
556	124.0
557	114.0
558	118.0
559	86.0
560	92.0
561	142.0
562	106.0
563	94.0
564	108.0
565	126.0
566	92.0
567	108.0
568	98.0
569	118.0
570	98.0
571	98.0
572	88.0
573	104.0
574	92.0
575	104.0
576	92.0
577	88.0
578	106.0
579	116.0
580	74.0
581	94.0
582	88.0
583	84.0
584	86.0
585	100.0
586	98.0
587	82.0
588	78.0
589	100.0
590	80.0
591	98.0
592	94.0
593	120.0
594	104.0
595	112.0
596	110.0
597	94.0
598	112.0
599	90.0
600	108.0
601	118.0
602	118.0
603	104.0
604	112.0
605	98.0
606	110.0
607	100.0
608	100.0
609	84.0
610	90.0
611	78.0
612	112.0
613	128.0
614	110.0
615	96.0
616	106.0
617	100.0
618	78.0
619	114.0
620	86.0
621	96.0
622	88.0
623	74.0
624	72.0
625	102.0
626	64.0
627	74.0
628	98.0
629	92.0
630	100.0
631	102.0
632	116.0
633	104.0
634	108.0
635	96.0
636	92.0
637	112.0
638	98.0
639	110.0
640	110.0
641	104.0
642	96.0
643	120.0
644	108.0
645	110.0
646	100.0
647	102.0
648	104.0
649	96.0
650	82.0
651	80.0
652	104.0
653	90.0
654	102.0
655	110.0
656	108.0
657	98.0
658	90.0
659	104.0
660	84.0
661	122.0
662	120.0
663	92.0
664	92.0
665	90.0
666	98.0
667	98.0
668	92.0
669	118.0
670	98.0
671	102.0
672	106.0
673	98.0
674	132.0
675	100.0
676	102.0
677	120.0
678	126.0
679	114.0
680	114.0
681	88.0
682	118.0
683	118.0
684	118.0
685	128.0
686	92.0
687	138.0
688	112.0
689	110.0
690	96.0
691	92.0
692	110.0
693	110.0
694	114.0
695	114.0
696	112.0
697	114.0
698	122.0
699	114.0
700	132.0
701	100.0
702	116.0
703	132.0
704	92.0
705	138.0
706	100.0
707	114.0
708	74.0
709	102.0
710	112.0
711	94.0
712	94.0
713	102.0
714	112.0
715	88.0
716	110.0
717	110.0
718	108.0
719	112.0
720	106.0
721	88.0
722	100.0
723	100.0
724	104.0
725	94.0
726	140.0
727	114.0
728	96.0
729	92.0
730	88.0
731	110.0
732	92.0
733	110.0
734	88.0
735	102.0
736	122.0
737	120.0
738	118.0
739	96.0
740	128.0
741	108.0
742	100.0
743	112.0
744	92.0
745	136.0
746	104.0
747	100.0
748	90.0
749	102.0
750	118.0
751	116.0
752	108.0
753	128.0
754	98.0
755	116.0
756	100.0
757	122.0
758	132.0
759	118.0
760	136.0
761	110.0
762	112.0
763	108.0
764	90.0
765	100.0
766	86.0
767	122.0
768	128.0
769	104.0
770	122.0
771	116.0
772	98.0
773	102.0
774	106.0
775	82.0
776	108.0
777	102.0
778	124.0
779	118.0
780	118.0
781	106.0
782	104.0
783	106.0
784	140.0
785	120.0
786	118.0
787	112.0
788	132.0
789	96.0
790	116.0
791	126.0
792	104.0
793	96.0
794	108.0
795	136.0
796	110.0
797	94.0
798	118.0
799	132.0
800	122.0
801	114.0
802	120.0
803	86.0
804	102.0
805	124.0
806	106.0
807	128.0
808	110.0
809	126.0
810	100.0
811	142.0
812	110.0
813	110.0
814	126.0
815	138.0
816	98.0
817	122.0
818	94.0
819	102.0
820	98.0
821	110.0
822	114.0
823	120.0
824	114.0
825	132.0
826	110.0
827	110.0
828	116.0
829	108.0
830	104.0
831	128.0
832	122.0
833	106.0
834	150.0
835	110.0
836	116.0
837	100.0
838	130.0
839	110.0
840	128.0
841	116.0
842	122.0
843	96.0
844	116.0
845	112.0
846	100.0
847	90.0
848	116.0
849	118.0
850	116.0
851	132.0
852	108.0
853	116.0
854	112.0
855	98.0
856	106.0
857	106.0
858	102.0
859	110.0
860	118.0
861	128.0
862	126.0
863	112.0
864	118.0
865	144.0
866	100.0
867	110.0
868	100.0
869	106.0
870	84.0
871	120.0
872	88.0
873	84.0
874	96.0
875	106.0
876	106.0
877	126.0
878	100.0
879	110.0
880	110.0
881	116.0
882	132.0
883	124.0
884	128.0
885	112.0
886	124.0
887	114.0
888	100.0
889	102.0
890	116.0
891	132.0
892	100.0
893	110.0
894	116.0
895	102.0
896	118.0
897	134.0
898	118.0
899	132.0
900	130.0
901	90.0
902	96.0
903	130.0
904	138.0
905	100.0
906	128.0
907	92.0
908	88.0
909	110.0
910	130.0
911	110.0
912	134.0
913	114.0
914	122.0
915	94.0
916	110.0
917	114.0
918	126.0
919	112.0
920	108.0
921	122.0
922	134.0
923	130.0
924	104.0
925	128.0
926	100.0
927	118.0
928	104.0
929	140.0
930	112.0
931	148.0
932	142.0
933	108.0
934	106.0
935	118.0
936	104.0
937	122.0
938	110.0
939	106.0
940	136.0
941	132.0
942	116.0
943	110.0
944	106.0
945	104.0
946	110.0
947	116.0
948	120.0
949	114.0
950	118.0
951	116.0
952	114.0
953	98.0
954	108.0
955	102.0
956	104.0
957	124.0
958	100.0
959	110.0
960	94.0
961	90.0
962	122.0
963	126.0
964	110.0
965	120.0
966	108.0
967	128.0
968	100.0
969	96.0
970	94.0
971	106.0
972	116.0
973	104.0
974	142.0
975	92.0
976	100.0
977	112.0
978	104.0
979	116.0
980	104.0
981	102.0
982	94.0
983	104.0
984	94.0
985	108.0
986	114.0
987	104.0
988	122.0
989	116.0
990	104.0
991	112.0
992	112.0
993	112.0
994	102.0
995	116.0
996	130.0
997	104.0
998	114.0
999	114.0
1000	116.0
1001	130.0
1002	126.0
1003	122.0
1004	98.0
1005	128.0
1006	124.0
1007	118.0
1008	120.0
1009	100.0
1010	128.0
1011	136.0
1012	140.0
1013	104.0
1014	126.0
1015	118.0
1016	128.0
1017	144.0
1018	90.0
1019	132.0
1020	106.0
1021	120.0
1022	116.0
1023	128.0
1024	118.0
1025	136.0
1026	134.0
1027	138.0
1028	114.0
1029	138.0
1030	134.0
1031	126.0
1032	122.0
1033	128.0
1034	140.0
1035	122.0
1036	132.0
1037	132.0
1038	130.0
1039	120.0
1040	142.0
1041	112.0
1042	120.0
1043	126.0
1044	120.0
1045	122.0
1046	140.0
1047	132.0
1048	118.0
1049	158.0
1050	162.0
1051	122.0
1052	122.0
1053	142.0
1054	136.0
1055	122.0
1056	140.0
1057	134.0
1058	106.0
1059	124.0
1060	128.0
1061	118.0
1062	106.0
1063	152.0
1064	124.0
1065	136.0
1066	130.0
1067	128.0
1068	130.0
1069	130.0
1070	154.0
1071	136.0
1072	160.0
1073	124.0
1074	124.0
1075	140.0
1076	132.0
1077	118.0
1078	134.0
1079	136.0
1080	142.0
1081	128.0
1082	138.0
1083	122.0
1084	122.0
1085	122.0
1086	140.0
1087	124.0
1088	130.0
1089	156.0
1090	156.0
1091	134.0
1092	140.0
1093	124.0
1094	134.0
1095	124.0
1096	106.0
1097	134.0
1098	126.0
1099	140.0
1100	138.0
1101	158.0
1102	160.0
1103	124.0
1104	98.0
1105	110.0
1106	102.0
1107	112.0
1108	108.0
1109	142.0
1110	124.0
1111	120.0
1112	130.0
1113	142.0
1114	128.0
1115	124.0
1116	106.0
1117	142.0
1118	164.0
1119	124.0
1120	140.0
1121	132.0
1122	132.0
1123	126.0
1124	120.0
1125	124.0
1126	118.0
1127	136.0
1128	120.0
1129	108.0
1130	120.0
1131	126.0
1132	118.0
1133	106.0
1134	136.0
1135	128.0
1136	128.0
1137	140.0
1138	146.0
1139	112.0
1140	126.0
1141	144.0
1142	116.0
1143	128.0
1144	122.0
1145	118.0
1146	116.0
1147	134.0
1148	104.0
1149	140.0
1150	130.0
1151	130.0
1152	132.0
1153	120.0
1154	126.0
1155	116.0
1156	110.0
1157	142.0
1158	120.0
1159	142.0
1160	140.0
1161	110.0
1162	144.0
1163	116.0
1164	110.0
1165	136.0
1166	118.0
1167	148.0
1168	158.0
1169	142.0
1170	116.0
1171	132.0
1172	126.0
1173	122.0
1174	138.0
1175	134.0
1176	122.0
1177	154.0
1178	118.0
1179	114.0
1180	104.0
1181	142.0
1182	134.0
1183	114.0
1184	122.0
1185	124.0
1186	138.0
1187	108.0
1188	96.0
1189	144.0
1190	116.0
1191	136.0
1192	126.0
1193	138.0
1194	128.0
1195	122.0
1196	138.0
1197	144.0
1198	104.0
1199	124.0
1200	128.0
1201	124.0
1202	120.0
1203	126.0
1204	128.0
1205	112.0
1206	124.0
1207	142.0
1208	146.0
1209	148.0
1210	134.0
1211	104.0
1212	132.0
1213	134.0
1214	128.0
1215	128.0
1216	118.0
1217	136.0
1218	140.0
1219	124.0
1220	108.0
1221	128.0
1222	116.0
1223	136.0
1224	126.0
1225	130.0
1226	116.0
1227	136.0
1228	132.0
1229	124.0
1230	114.0
1231	130.0
1232	154.0
1233	138.0
1234	126.0
1235	132.0
1236	128.0
1237	136.0
1238	136.0
1239	138.0
1240	138.0
1241	136.0
1242	134.0
1243	116.0
1244	138.0
1245	122.0
1246	122.0
1247	120.0
1248	124.0
1249	140.0
1250	144.0
1251	136.0
1252	114.0
1253	116.0
1254	120.0
1255	130.0
1256	126.0
1257	142.0
1258	134.0
1259	156.0
1260	126.0
1261	126.0
1262	136.0
1263	118.0
1264	126.0
1265	124.0
1266	154.0
1267	108.0
1268	126.0
1269	134.0
1270	146.0
1271	138.0
1272	124.0
1273	148.0
1274	164.0
1275	124.0
1276	92.0
1277	126.0
1278	134.0
1279	128.0
1280	120.0
1281	138.0
1282	124.0
1283	124.0
1284	142.0
1285	118.0
1286	126.0
1287	120.0
1288	116.0
1289	126.0
1290	106.0
1291	138.0
1292	102.0
1293	146.0
1294	120.0
1295	124.0
1296	126.0
1297	116.0
1298	126.0
1299	162.0
1300	118.0
1301	144.0
1302	136.0
1303	114.0
1304	132.0
1305	96.0
1306	88.0
1307	132.0
1308	100.0
1309	122.0
1310	140.0
1311	126.0
1312	128.0
1313	130.0
1314	144.0
1315	134.0
1316	154.0
1317	152.0
1318	148.0
1319	132.0
1320	130.0
1321	148.0
1322	136.0
1323	134.0
1324	120.0
1325	154.0
1326	130.0
1327	142.0
1328	144.0
1329	138.0
1330	132.0
1331	124.0
1332	120.0
1333	112.0
1334	128.0
1335	118.0
1336	114.0
1337	138.0
1338	134.0
1339	160.0
1340	128.0
1341	120.0
1342	136.0
1343	116.0
1344	150.0
1345	136.0
1346	126.0
1347	114.0
1348	120.0
1349	134.0
1350	108.0
1351	102.0
1352	118.0
1353	106.0
1354	80.0
1355	118.0
1356	118.0
1357	126.0
1358	122.0
1359	140.0
1360	148.0
1361	106.0
1362	140.0
1363	120.0
1364	144.0
1365	150.0
1366	132.0
1367	136.0
1368	164.0
1369	132.0
1370	152.0
1371	116.0
1372	144.0
1373	160.0
1374	130.0
1375	154.0
1376	140.0
1377	146.0
1378	136.0
1379	112.0
1380	148.0
1381	132.0
1382	120.0
1383	134.0
1384	124.0
1385	164.0
1386	180.0
1387	136.0
1388	158.0
1389	148.0
1390	124.0
1391	142.0
1392	124.0
1393	146.0
1394	144.0
1395	150.0
1396	146.0
1397	128.0
1398	142.0
1399	138.0
1400	130.0
1401	140.0
1402	142.0
1403	130.0
1404	146.0
1405	140.0
1406	144.0
1407	144.0
1408	148.0
1409	138.0
1410	124.0
1411	158.0
1412	144.0
1413	136.0
1414	130.0
1415	144.0
1416	146.0
1417	114.0
1418	170.0
1419	142.0
1420	126.0
1421	138.0
1422	144.0
1423	164.0
1424	154.0
1425	114.0
1426	138.0
1427	154.0
1428	148.0
1429	132.0
1430	146.0
1431	154.0
1432	156.0
1433	148.0
1434	148.0
1435	156.0
1436	156.0
1437	128.0
1438	120.0
1439	144.0
1440	130.0
1441	114.0
1442	150.0
1443	124.0
1444	152.0
1445	148.0
1446	122.0
1447	156.0
1448	132.0
1449	168.0
1450	120.0
1451	138.0
1452	140.0
1453	128.0
1454	158.0
1455	122.0
1456	126.0
1457	134.0
1458	152.0
1459	146.0
1460	162.0
1461	112.0
1462	150.0
1463	132.0
1464	138.0
1465	140.0
1466	144.0
1467	106.0
1468	124.0
1469	132.0
1470	122.0
1471	142.0
1472	134.0
1473	128.0
1474	150.0
1475	152.0
1476	132.0
1477	166.0
1478	142.0
1479	118.0
1480	124.0
1481	138.0
1482	140.0
1483	134.0
1484	90.0
1485	114.0
1486	130.0
1487	116.0
1488	138.0
1489	138.0
1490	150.0
1491	146.0
1492	146.0
1493	162.0
1494	156.0
1495	138.0
1496	168.0
1497	156.0
1498	152.0
1499	156.0
1500	120.0
1501	142.0
1502	124.0
1503	134.0
1504	124.0
1505	136.0
1506	138.0
1507	126.0
1508	136.0
1509	144.0
1510	146.0
1511	120.0
1512	124.0
1513	152.0
1514	126.0
1515	114.0
1516	154.0
1517	148.0
1518	168.0
1519	156.0
1520	124.0
1521	164.0
1522	170.0
1523	158.0
1524	158.0
1525	126.0
1526	144.0
1527	146.0
1528	114.0
1529	130.0
1530	142.0
1531	142.0
1532	152.0
1533	140.0
1534	94.0
1535	158.0
1536	148.0
1537	132.0
1538	150.0
1539	132.0
1540	148.0
1541	162.0
1542	152.0
1543	136.0
1544	132.0
1545	168.0
1546	132.0
1547	144.0
1548	142.0
1549	170.0
1550	152.0
1551	152.0
1552	156.0
1553	168.0
1554	166.0
1555	146.0
1556	130.0
1557	108.0
1558	126.0
1559	158.0
1560	150.0
1561	156.0
1562	152.0
1563	150.0
1564	150.0
1565	158.0
1566	126.0
1567	182.0
1568	154.0
1569	136.0
1570	146.0
1571	168.0
1572	156.0
1573	180.0
1574	158.0
1575	176.0
1576	136.0
1577	154.0
1578	148.0
1579	164.0
1580	136.0
1581	164.0
1582	128.0
1583	138.0
1584	132.0
1585	144.0
1586	106.0
1587	150.0
1588	104.0
1589	150.0
1590	146.0
1591	130.0
1592	124.0
1593	134.0
1594	142.0
1595	128.0
1596	144.0
1597	140.0
1598	138.0
1599	136.0
1600	110.0
1601	174.0
1602	146.0
1603	148.0
1604	160.0
1605	138.0
1606	120.0
1607	136.0
1608	140.0
1609	142.0
1610	172.0
1611	136.0
1612	144.0
1613	134.0
1614	126.0
1615	130.0
1616	120.0
1617	156.0
1618	112.0
1619	148.0
1620	170.0
1621	142.0
1622	106.0
1623	148.0
1624	158.0
1625	152.0
1626	142.0
1627	128.0
1628	148.0
1629	134.0
1630	170.0
1631	168.0
1632	168.0
1633	120.0
1634	136.0
1635	140.0
1636	126.0
1637	108.0
1638	138.0
1639	138.0
1640	142.0
1641	134.0
1642	150.0
1643	124.0
1644	154.0
1645	136.0
1646	132.0
1647	144.0
1648	152.0
1649	164.0
1650	128.0
1651	168.0
1652	168.0
1653	120.0
1654	158.0
1655	128.0
1656	154.0
1657	138.0
1658	146.0
1659	132.0
1660	122.0
1661	160.0
1662	156.0
1663	156.0
1664	104.0
1665	152.0
1666	138.0
1667	138.0
1668	124.0
1669	138.0
1670	106.0
1671	134.0
1672	144.0
1673	158.0
1674	134.0
1675	150.0
1676	112.0
1677	136.0
1678	140.0
1679	144.0
1680	152.0
1681	142.0
1682	134.0
1683	138.0
1684	134.0
1685	138.0
1686	134.0
1687	142.0
1688	150.0
1689	152.0
1690	146.0
1691	146.0
1692	136.0
1693	138.0
1694	120.0
1695	150.0
1696	138.0
1697	120.0
1698	156.0
1699	120.0
1700	160.0
1701	160.0
1702	124.0
1703	148.0
1704	132.0
1705	140.0
1706	160.0
1707	130.0
1708	150.0
1709	130.0
1710	126.0
1711	160.0
1712	114.0
1713	136.0
1714	146.0
1715	132.0
1716	144.0
1717	120.0
1718	112.0
1719	102.0
1720	120.0
1721	106.0
1722	118.0
1723	132.0
1724	142.0
1725	120.0
1726	148.0
1727	138.0
1728	168.0
1729	144.0
1730	152.0
1731	176.0
1732	134.0
1733	130.0
1734	134.0
1735	134.0
1736	112.0
1737	152.0
1738	150.0
1739	122.0
1740	122.0
1741	104.0
1742	116.0
1743	164.0
1744	126.0
1745	90.0
1746	96.0
1747	142.0
1748	142.0
1749	144.0
1750	118.0
1751	156.0
1752	160.0
1753	136.0
1754	140.0
1755	154.0
1756	110.0
1757	146.0
1758	118.0
1759	132.0
1760	156.0
1761	146.0
1762	156.0
1763	108.0
1764	150.0
1765	142.0
1766	164.0
1767	116.0
1768	130.0
1769	150.0
1770	136.0
1771	128.0
1772	142.0
1773	110.0
1774	130.0
1775	120.0
1776	114.0
1777	134.0
1778	138.0
1779	146.0
1780	148.0
1781	160.0
1782	138.0
1783	150.0
1784	136.0
1785	150.0
1786	140.0
1787	126.0
1788	132.0
1789	182.0
1790	166.0
1791	134.0
1792	148.0
1793	166.0
1794	164.0
1795	162.0
1796	146.0
1797	154.0
1798	124.0
1799	140.0
1800	140.0
1801	134.0
1802	156.0
1803	148.0
1804	146.0
1805	152.0
1806	124.0
1807	144.0
1808	146.0
1809	136.0
1810	152.0
1811	126.0
1812	136.0
1813	132.0
1814	142.0
1815	138.0
1816	120.0
1817	132.0
1818	130.0
1819	136.0
1820	150.0
1821	132.0
1822	150.0
1823	164.0
1824	138.0
1825	136.0
1826	166.0
1827	158.0
1828	116.0
1829	138.0
1830	126.0
1831	162.0
1832	140.0
1833	132.0
1834	146.0
1835	156.0
1836	132.0
1837	168.0
1838	122.0
1839	144.0
1840	134.0
1841	158.0
1842	134.0
1843	130.0
1844	142.0
1845	146.0
1846	144.0
1847	132.0
1848	152.0
1849	160.0
1850	160.0
1851	144.0
1852	156.0
1853	148.0
1854	136.0
1855	156.0
1856	168.0
1857	144.0
1858	136.0
1859	164.0
1860	128.0
1861	164.0
1862	144.0
1863	108.0
1864	152.0
1865	132.0
1866	130.0
1867	154.0
1868	132.0
1869	150.0
1870	130.0
1871	140.0
1872	162.0
1873	130.0
1874	132.0
1875	136.0
1876	154.0
1877	126.0
1878	126.0
1879	136.0
1880	148.0
1881	142.0
1882	146.0
1883	136.0
1884	126.0
1885	116.0
1886	118.0
1887	134.0
1888	138.0
1889	138.0
1890	118.0
1891	120.0
1892	118.0
1893	160.0
1894	146.0
1895	146.0
1896	128.0
1897	142.0
1898	142.0
1899	144.0
1900	126.0
1901	130.0
1902	116.0
1903	132.0
1904	150.0
1905	130.0
1906	134.0
1907	134.0
1908	158.0
1909	152.0
1910	138.0
1911	114.0
1912	138.0
1913	160.0
1914	142.0
1915	126.0
1916	140.0
1917	158.0
1918	140.0
1919	146.0
1920	118.0
1921	114.0
1922	132.0
1923	136.0
1924	108.0
1925	130.0
1926	140.0
1927	116.0
1928	166.0
1929	116.0
1930	148.0
1931	148.0
1932	128.0
1933	116.0
1934	112.0
1935	150.0
1936	136.0
1937	124.0
1938	140.0
1939	126.0
1940	122.0
1941	124.0
1942	162.0
1943	146.0
1944	140.0
1945	130.0
1946	116.0
1947	132.0
1948	146.0
1949	140.0
1950	138.0
1951	124.0
1952	142.0
1953	134.0
1954	140.0
1955	144.0
1956	152.0
1957	126.0
1958	158.0
1959	174.0
1960	138.0
1961	146.0
1962	152.0
1963	138.0
1964	146.0
1965	136.0
1966	128.0
1967	170.0
1968	140.0
1969	132.0
1970	148.0
1971	128.0
1972	126.0
1973	126.0
1974	144.0
1975	138.0
1976	156.0
1977	146.0
1978	148.0
1979	118.0
1980	138.0
1981	138.0
1982	146.0
1983	118.0
1984	126.0
1985	162.0
1986	124.0
1987	148.0
1988	126.0
1989	158.0
1990	140.0
1991	94.0
1992	156.0
1993	156.0
1994	122.0
1995	142.0
1996	150.0
1997	138.0
1998	124.0
1999	134.0
2000	124.0
2001	130.0
2002	136.0
2003	128.0
2004	148.0
2005	120.0
2006	138.0
2007	164.0
2008	130.0
2009	110.0
2010	140.0
2011	180.0
2012	102.0
2013	134.0
2014	132.0
2015	144.0
2016	160.0
2017	132.0
2018	142.0
2019	136.0
2020	150.0
2021	102.0
2022	148.0
2023	136.0
2024	124.0
2025	178.0
2026	154.0
2027	134.0
2028	116.0
2029	156.0
2030	154.0
2031	130.0
2032	124.0
2033	148.0
2034	124.0
2035	90.0
2036	126.0
2037	128.0
2038	134.0
2039	138.0
2040	110.0
2041	118.0
2042	126.0
2043	126.0
2044	134.0
2045	118.0
2046	110.0
2047	158.0
2048	146.0
2049	128.0
2050	128.0
2051	136.0
2052	136.0
2053	160.0
2054	150.0
2055	118.0
2056	134.0
2057	130.0
2058	122.0
2059	136.0
2060	126.0
2061	132.0
2062	128.0
2063	130.0
2064	134.0
2065	132.0
2066	130.0
2067	130.0
2068	128.0
2069	118.0
2070	142.0
2071	124.0
2072	144.0
2073	106.0
2074	138.0
2075	126.0
2076	116.0
2077	142.0
2078	130.0
2079	126.0
2080	166.0
2081	140.0
2082	138.0
2083	138.0
2084	128.0
2085	116.0
2086	118.0
2087	108.0
2088	122.0
2089	114.0
2090	134.0
2091	116.0
2092	124.0
2093	144.0
2094	132.0
2095	134.0
2096	142.0
2097	128.0
2098	124.0
2099	136.0
2100	150.0
2101	140.0
2102	144.0
2103	154.0
2104	122.0
2105	118.0
2106	136.0
2107	132.0
2108	138.0
2109	144.0
2110	166.0
2111	132.0
2112	112.0
2113	114.0
2114	126.0
2115	128.0
2116	122.0
2117	118.0
2118	106.0
2119	136.0
2120	132.0
2121	136.0
2122	124.0
2123	134.0
2124	142.0
2125	136.0
2126	134.0
2127	142.0
2128	126.0
2129	96.0
2130	114.0
2131	118.0
2132	162.0
2133	138.0
2134	136.0
2135	106.0
2136	134.0
2137	120.0
2138	124.0
2139	142.0
2140	120.0
2141	150.0
2142	150.0
2143	138.0
2144	136.0
2145	112.0
2146	92.0
2147	116.0
2148	116.0
2149	124.0
2150	112.0
2151	144.0
2152	100.0
2153	128.0
2154	146.0
2155	122.0
2156	142.0
2157	156.0
2158	118.0
2159	122.0
2160	112.0
2161	96.0
2162	138.0
2163	90.0
2164	128.0
2165	100.0
2166	130.0
2167	108.0
2168	114.0
2169	140.0
2170	114.0
2171	120.0
2172	148.0
2173	138.0
2174	124.0
2175	160.0
2176	132.0
2177	94.0
2178	128.0
2179	126.0
2180	146.0
2181	136.0
2182	128.0
2183	134.0
2184	144.0
2185	120.0
