0	38.0
1	38.0
2	38.0
3	38.0
4	38.0
5	38.0
6	38.0
7	38.0
8	35.0
9	38.0
10	38.0
11	38.0
12	38.0
13	37.0
14	38.0
15	38.0
16	37.0
17	34.0
18	38.0
19	38.0
20	38.0
21	33.0
22	38.0
23	33.0
24	31.0
25	38.0
26	33.0
27	35.0
28	38.0
29	38.0
30	38.0
31	28.0
32	31.0
33	38.0
34	38.0
35	38.0
36	38.0
37	20.0
38	38.0
39	12.0
40	38.0
41	24.0
42	38.0
43	38.0
44	38.0
45	38.0
46	20.0
47	38.0
48	38.0
49	38.0
50	14.0
51	35.0
52	38.0
53	32.0
54	38.0
55	38.0
56	38.0
57	38.0
58	38.0
59	38.0
60	38.0
61	38.0
62	35.0
63	38.0
64	38.0
65	38.0
66	26.0
67	38.0
68	24.0
69	38.0
70	38.0
71	33.0
72	38.0
73	38.0
74	38.0
75	38.0
76	22.0
77	38.0
78	31.0
79	38.0
80	38.0
81	38.0
82	38.0
83	38.0
84	38.0
85	26.0
86	38.0
87	38.0
88	35.0
89	38.0
90	38.0
91	38.0
92	38.0
93	38.0
94	38.0
95	38.0
96	33.0
97	38.0
98	22.0
99	38.0
100	38.0
101	38.0
102	38.0
103	20.0
104	34.0
105	18.0
106	38.0
107	38.0
108	38.0
109	38.0
110	27.0
111	38.0
112	38.0
113	24.0
114	37.0
115	38.0
116	38.0
117	31.0
118	31.0
119	31.0
120	30.0
121	38.0
122	38.0
123	32.0
124	38.0
125	33.0
126	38.0
127	37.0
128	38.0
129	33.0
130	38.0
131	38.0
132	38.0
133	16.0
134	38.0
135	38.0
136	38.0
137	38.0
138	38.0
139	38.0
140	38.0
141	38.0
142	38.0
143	38.0
144	38.0
145	33.0
146	38.0
147	38.0
148	38.0
149	38.0
150	38.0
151	38.0
152	38.0
153	38.0
154	38.0
155	38.0
156	38.0
157	20.0
158	22.0
159	38.0
160	38.0
161	38.0
162	38.0
163	33.0
164	33.0
165	38.0
166	38.0
167	38.0
168	35.0
169	31.0
170	37.0
171	14.0
172	38.0
173	38.0
174	38.0
175	38.0
176	14.0
177	38.0
178	27.0
179	38.0
180	35.0
181	38.0
182	26.0
183	37.0
184	28.0
185	38.0
186	38.0
187	38.0
188	38.0
189	38.0
190	38.0
191	38.0
192	30.0
193	38.0
194	38.0
195	38.0
196	38.0
197	24.0
198	22.0
199	33.0
200	38.0
201	38.0
202	38.0
203	38.0
204	38.0
205	24.0
206	38.0
207	38.0
208	37.0
209	30.0
210	35.0
211	38.0
212	38.0
213	38.0
214	38.0
215	29.0
216	37.0
217	22.0
218	38.0
219	38.0
220	26.0
221	38.0
222	38.0
223	38.0
224	38.0
225	38.0
226	12.0
227	30.0
228	29.0
229	38.0
230	38.0
231	38.0
232	38.0
233	35.0
234	26.0
235	38.0
236	20.0
237	38.0
238	38.0
239	27.0
240	38.0
241	24.0
242	38.0
243	38.0
244	31.0
245	38.0
246	38.0
247	38.0
248	37.0
249	24.0
250	38.0
251	32.0
252	38.0
253	31.0
254	38.0
255	38.0
256	38.0
257	38.0
258	38.0
259	35.0
260	27.0
261	28.0
262	28.0
263	38.0
264	18.0
265	38.0
266	38.0
267	28.0
268	20.0
269	35.0
270	38.0
271	38.0
272	38.0
273	38.0
274	27.0
275	22.0
276	38.0
277	38.0
278	38.0
279	38.0
280	38.0
281	38.0
282	24.0
283	38.0
284	29.0
285	33.0
286	38.0
287	38.0
288	38.0
289	38.0
290	38.0
291	38.0
292	38.0
293	33.0
294	24.0
295	24.0
296	38.0
297	38.0
298	38.0
299	38.0
300	38.0
301	38.0
302	38.0
303	33.0
304	38.0
305	38.0
306	38.0
307	38.0
308	38.0
309	38.0
310	38.0
311	38.0
312	30.0
313	20.0
314	38.0
315	32.0
316	31.0
317	29.0
318	38.0
319	38.0
320	27.0
321	38.0
322	38.0
323	33.0
324	38.0
325	38.0
326	38.0
327	38.0
328	33.0
329	38.0
330	38.0
331	38.0
332	33.0
333	38.0
334	38.0
335	31.0
336	38.0
337	38.0
338	38.0
339	38.0
340	24.0
341	38.0
342	38.0
343	38.0
344	33.0
345	35.0
346	38.0
347	38.0
348	26.0
349	38.0
350	29.0
351	38.0
352	28.0
353	38.0
354	38.0
355	24.0
356	38.0
357	37.0
358	38.0
359	38.0
360	35.0
361	38.0
362	38.0
363	38.0
364	38.0
365	38.0
366	38.0
367	38.0
368	37.0
369	38.0
370	38.0
371	38.0
372	22.0
373	34.0
374	30.0
375	38.0
376	38.0
377	38.0
378	38.0
379	38.0
380	38.0
381	26.0
382	34.0
383	22.0
384	25.0
385	20.0
386	38.0
387	38.0
388	38.0
389	38.0
390	38.0
391	38.0
392	38.0
393	38.0
394	38.0
395	38.0
396	38.0
397	18.0
398	38.0
399	28.0
400	38.0
401	38.0
402	38.0
403	38.0
404	30.0
405	29.0
406	38.0
407	38.0
408	16.0
409	38.0
410	38.0
411	38.0
412	28.0
413	29.0
414	38.0
415	38.0
416	38.0
417	38.0
418	38.0
419	38.0
420	38.0
421	38.0
422	38.0
423	37.0
424	38.0
425	37.0
426	38.0
427	38.0
428	14.0
429	10.0
430	38.0
431	33.0
432	31.0
433	38.0
434	38.0
435	38.0
436	38.0
437	38.0
438	28.0
439	24.0
440	38.0
441	31.0
442	16.0
443	33.0
444	33.0
445	38.0
446	30.0
447	8.0
448	38.0
449	38.0
450	38.0
451	38.0
452	38.0
453	38.0
454	20.0
455	20.0
456	38.0
457	38.0
458	38.0
459	33.0
460	38.0
461	33.0
462	38.0
463	38.0
464	38.0
465	38.0
466	29.0
467	38.0
468	32.0
469	38.0
470	38.0
471	38.0
472	37.0
473	38.0
474	16.0
475	38.0
476	18.0
477	26.0
478	38.0
479	38.0
480	38.0
481	28.0
482	18.0
483	35.0
484	38.0
485	31.0
486	38.0
487	38.0
488	38.0
489	38.0
490	38.0
491	38.0
492	38.0
493	38.0
494	38.0
495	30.0
496	10.0
497	38.0
498	38.0
499	24.0
500	38.0
501	38.0
502	38.0
503	18.0
504	33.0
505	29.0
506	20.0
507	38.0
508	38.0
509	38.0
510	38.0
511	26.0
512	38.0
513	35.0
514	18.0
515	38.0
516	38.0
517	38.0
518	38.0
519	38.0
520	38.0
521	35.0
522	38.0
523	38.0
524	38.0
525	38.0
526	38.0
527	28.0
528	38.0
529	36.0
530	38.0
531	35.0
532	28.0
533	22.0
534	32.0
535	38.0
536	37.0
537	38.0
538	38.0
539	38.0
540	38.0
541	38.0
542	29.0
543	38.0
544	38.0
545	37.0
546	35.0
547	33.0
548	33.0
549	28.0
550	32.0
551	38.0
552	38.0
553	22.0
554	38.0
555	38.0
556	38.0
557	31.0
558	35.0
559	38.0
560	38.0
561	24.0
562	38.0
563	37.0
564	38.0
565	26.0
566	38.0
567	16.0
568	38.0
569	26.0
570	33.0
571	26.0
572	38.0
573	38.0
574	35.0
575	38.0
576	31.0
577	37.0
578	38.0
579	38.0
580	38.0
581	38.0
582	16.0
583	35.0
584	37.0
585	34.0
586	38.0
587	38.0
588	38.0
589	35.0
590	38.0
591	35.0
592	38.0
593	38.0
594	38.0
595	38.0
596	27.0
597	22.0
598	38.0
599	30.0
600	38.0
601	38.0
602	38.0
603	38.0
604	38.0
605	31.0
606	38.0
607	38.0
608	38.0
609	38.0
610	38.0
611	20.0
612	38.0
613	38.0
614	38.0
615	38.0
616	38.0
617	38.0
618	20.0
619	26.0
620	38.0
621	38.0
622	18.0
623	33.0
624	38.0
625	30.0
626	16.0
627	22.0
628	37.0
629	38.0
630	38.0
631	38.0
632	26.0
633	33.0
634	22.0
635	33.0
636	38.0
637	33.0
638	32.0
639	27.0
640	38.0
641	38.0
642	38.0
643	28.0
644	38.0
645	38.0
646	38.0
647	35.0
648	16.0
649	38.0
650	26.0
651	20.0
652	38.0
653	38.0
654	38.0
655	38.0
656	38.0
657	38.0
658	27.0
659	26.0
660	38.0
661	31.0
662	38.0
663	35.0
664	33.0
665	38.0
666	33.0
667	14.0
668	33.0
669	38.0
670	38.0
671	38.0
672	38.0
673	38.0
674	31.0
675	38.0
676	38.0
677	38.0
678	37.0
679	29.0
680	38.0
681	38.0
682	20.0
683	32.0
684	38.0
685	38.0
686	38.0
687	38.0
688	38.0
689	38.0
690	38.0
691	38.0
692	38.0
693	25.0
694	35.0
695	38.0
696	38.0
697	38.0
698	38.0
699	38.0
700	38.0
701	38.0
702	24.0
703	38.0
704	38.0
705	28.0
706	38.0
707	38.0
708	24.0
709	38.0
710	38.0
711	37.0
712	38.0
713	38.0
714	38.0
715	38.0
716	38.0
717	28.0
718	34.0
719	35.0
720	38.0
721	31.0
722	38.0
723	22.0
724	16.0
725	26.0
726	28.0
727	28.0
728	38.0
729	16.0
730	38.0
731	38.0
732	38.0
733	38.0
734	20.0
735	33.0
736	14.0
737	38.0
738	12.0
739	27.0
740	38.0
741	30.0
742	28.0
743	35.0
744	38.0
745	38.0
746	38.0
747	38.0
748	38.0
749	38.0
750	38.0
751	38.0
752	37.0
753	38.0
754	38.0
755	37.0
756	38.0
757	28.0
758	33.0
759	38.0
760	38.0
761	38.0
762	38.0
763	26.0
764	38.0
765	16.0
766	37.0
767	38.0
768	38.0
769	30.0
770	37.0
771	38.0
772	25.0
773	38.0
774	38.0
775	22.0
776	22.0
777	30.0
778	38.0
779	38.0
780	20.0
781	31.0
782	33.0
783	29.0
784	38.0
785	30.0
786	38.0
787	6.0
788	4.0
789	38.0
790	38.0
791	35.0
792	35.0
793	38.0
794	38.0
795	37.0
796	37.0
797	28.0
798	38.0
799	38.0
800	18.0
801	31.0
802	38.0
803	18.0
804	29.0
805	38.0
806	29.0
807	38.0
808	38.0
809	38.0
810	38.0
811	16.0
812	38.0
813	38.0
814	38.0
815	33.0
816	38.0
817	38.0
818	37.0
819	37.0
820	38.0
821	38.0
822	38.0
823	38.0
824	33.0
825	26.0
826	26.0
827	35.0
828	18.0
829	38.0
830	33.0
831	38.0
832	38.0
833	38.0
834	28.0
835	38.0
836	38.0
837	37.0
838	16.0
839	38.0
840	8.0
841	38.0
842	38.0
843	38.0
844	38.0
845	22.0
846	38.0
847	33.0
848	38.0
849	38.0
850	38.0
851	16.0
852	38.0
853	22.0
854	37.0
855	38.0
856	38.0
857	38.0
858	32.0
859	20.0
860	38.0
861	38.0
862	38.0
863	38.0
864	38.0
865	38.0
866	38.0
867	38.0
868	38.0
869	38.0
870	32.0
871	12.0
872	38.0
873	27.0
874	35.0
875	38.0
876	38.0
877	38.0
878	38.0
879	38.0
880	35.0
881	38.0
882	35.0
883	26.0
884	38.0
885	38.0
886	38.0
887	31.0
888	27.0
889	38.0
890	38.0
891	35.0
892	18.0
893	38.0
894	35.0
895	35.0
896	33.0
897	38.0
898	31.0
899	38.0
900	38.0
901	38.0
902	28.0
903	38.0
904	38.0
905	38.0
906	20.0
907	38.0
908	33.0
909	35.0
910	33.0
911	18.0
912	22.0
913	38.0
914	38.0
915	38.0
916	38.0
917	35.0
918	20.0
919	38.0
920	26.0
921	18.0
922	35.0
923	38.0
924	24.0
925	20.0
926	24.0
927	38.0
928	37.0
929	26.0
930	38.0
931	38.0
932	38.0
933	38.0
934	38.0
935	37.0
936	38.0
937	38.0
938	38.0
939	33.0
940	30.0
941	28.0
942	38.0
943	38.0
944	38.0
945	38.0
946	38.0
947	38.0
948	37.0
949	37.0
950	38.0
951	25.0
952	35.0
953	32.0
954	38.0
955	38.0
956	38.0
957	34.0
958	38.0
959	38.0
960	18.0
961	33.0
962	38.0
963	27.0
964	16.0
965	20.0
966	38.0
967	16.0
968	37.0
969	28.0
970	38.0
971	35.0
972	38.0
973	38.0
974	38.0
975	38.0
976	38.0
977	38.0
978	38.0
979	38.0
980	38.0
981	12.0
982	28.0
983	38.0
984	35.0
985	38.0
986	38.0
987	38.0
988	38.0
989	38.0
990	38.0
991	30.0
992	38.0
993	38.0
994	38.0
995	38.0
996	38.0
997	38.0
998	38.0
999	32.0
1000	38.0
1001	26.0
1002	38.0
1003	18.0
1004	38.0
1005	38.0
1006	38.0
1007	35.0
1008	38.0
1009	28.0
1010	38.0
1011	38.0
1012	38.0
1013	35.0
1014	38.0
1015	33.0
1016	38.0
1017	38.0
1018	38.0
1019	34.0
1020	37.0
1021	22.0
1022	38.0
1023	38.0
1024	38.0
1025	37.0
1026	38.0
1027	35.0
1028	29.0
1029	30.0
1030	38.0
1031	20.0
1032	38.0
1033	28.0
1034	28.0
1035	35.0
1036	28.0
1037	38.0
1038	38.0
1039	37.0
1040	38.0
1041	37.0
1042	38.0
1043	33.0
1044	38.0
1045	37.0
1046	18.0
1047	38.0
1048	24.0
1049	38.0
1050	38.0
1051	38.0
1052	38.0
1053	36.0
1054	35.0
1055	38.0
1056	35.0
1057	38.0
1058	38.0
1059	38.0
1060	38.0
1061	25.0
1062	38.0
1063	32.0
1064	33.0
1065	37.0
1066	38.0
1067	38.0
1068	37.0
1069	38.0
1070	38.0
1071	38.0
1072	34.0
1073	36.0
1074	38.0
1075	20.0
1076	38.0
1077	26.0
1078	37.0
1079	38.0
1080	38.0
1081	38.0
1082	24.0
1083	31.0
1084	33.0
1085	22.0
1086	38.0
1087	38.0
1088	28.0
1089	14.0
1090	24.0
1091	38.0
1092	38.0
1093	26.0
1094	38.0
1095	38.0
1096	35.0
1097	38.0
1098	38.0
1099	38.0
1100	20.0
1101	35.0
1102	33.0
1103	16.0
1104	31.0
1105	38.0
1106	33.0
1107	38.0
1108	38.0
1109	28.0
1110	38.0
1111	38.0
1112	28.0
1113	35.0
1114	38.0
1115	38.0
1116	12.0
1117	14.0
1118	38.0
1119	38.0
1120	35.0
1121	38.0
1122	38.0
1123	38.0
1124	38.0
1125	37.0
1126	33.0
1127	38.0
1128	38.0
1129	29.0
1130	37.0
1131	35.0
1132	16.0
1133	38.0
1134	38.0
1135	38.0
1136	38.0
1137	38.0
1138	22.0
1139	38.0
1140	38.0
1141	38.0
1142	26.0
1143	38.0
1144	38.0
1145	38.0
1146	18.0
1147	38.0
1148	38.0
1149	14.0
1150	38.0
1151	30.0
1152	38.0
1153	38.0
1154	12.0
1155	38.0
1156	38.0
1157	38.0
1158	30.0
1159	38.0
1160	38.0
1161	28.0
1162	16.0
1163	38.0
1164	38.0
1165	37.0
1166	38.0
1167	38.0
1168	38.0
1169	38.0
1170	38.0
1171	38.0
1172	38.0
1173	35.0
1174	38.0
1175	38.0
1176	38.0
1177	38.0
1178	31.0
1179	33.0
1180	38.0
1181	38.0
1182	38.0
1183	14.0
1184	38.0
1185	35.0
1186	38.0
1187	38.0
1188	38.0
1189	37.0
1190	38.0
1191	16.0
1192	28.0
1193	38.0
1194	38.0
1195	37.0
1196	14.0
1197	38.0
1198	38.0
1199	38.0
1200	30.0
1201	35.0
1202	33.0
1203	33.0
1204	30.0
1205	38.0
1206	38.0
1207	38.0
1208	38.0
1209	38.0
1210	38.0
1211	38.0
1212	37.0
1213	38.0
1214	22.0
1215	24.0
1216	37.0
1217	22.0
1218	38.0
1219	38.0
1220	38.0
1221	22.0
1222	38.0
1223	38.0
1224	18.0
1225	37.0
1226	38.0
1227	35.0
1228	30.0
1229	16.0
1230	38.0
1231	38.0
1232	33.0
1233	38.0
1234	37.0
1235	35.0
1236	38.0
1237	35.0
1238	38.0
1239	24.0
1240	37.0
1241	38.0
1242	38.0
1243	26.0
1244	38.0
1245	38.0
1246	38.0
1247	30.0
1248	38.0
1249	26.0
1250	35.0
1251	38.0
1252	38.0
1253	38.0
1254	35.0
1255	30.0
1256	38.0
1257	38.0
1258	12.0
1259	38.0
1260	38.0
1261	20.0
1262	35.0
1263	26.0
1264	38.0
1265	38.0
1266	38.0
1267	12.0
1268	24.0
1269	20.0
1270	38.0
1271	26.0
1272	37.0
1273	35.0
1274	38.0
1275	37.0
1276	30.0
1277	38.0
1278	38.0
1279	38.0
1280	31.0
1281	37.0
1282	24.0
1283	38.0
1284	38.0
1285	38.0
1286	38.0
1287	37.0
1288	38.0
1289	38.0
1290	24.0
1291	38.0
1292	38.0
1293	35.0
1294	16.0
1295	33.0
1296	38.0
1297	38.0
1298	24.0
1299	38.0
1300	38.0
1301	38.0
1302	38.0
1303	38.0
1304	31.0
1305	38.0
1306	26.0
1307	38.0
1308	24.0
1309	22.0
1310	38.0
1311	38.0
1312	38.0
1313	38.0
1314	35.0
1315	28.0
1316	38.0
1317	38.0
1318	31.0
1319	38.0
1320	38.0
1321	38.0
1322	38.0
1323	18.0
1324	37.0
1325	38.0
1326	20.0
1327	35.0
1328	31.0
1329	33.0
1330	38.0
1331	18.0
1332	20.0
1333	37.0
1334	38.0
1335	30.0
1336	26.0
1337	38.0
1338	29.0
1339	38.0
1340	38.0
1341	28.0
1342	38.0
1343	35.0
1344	38.0
1345	26.0
1346	38.0
1347	38.0
1348	38.0
1349	38.0
1350	29.0
1351	35.0
1352	38.0
1353	38.0
1354	38.0
1355	26.0
1356	37.0
1357	38.0
1358	38.0
1359	38.0
1360	38.0
1361	35.0
1362	38.0
1363	35.0
1364	18.0
1365	38.0
1366	38.0
1367	38.0
1368	38.0
1369	30.0
1370	38.0
1371	37.0
1372	38.0
1373	38.0
1374	38.0
1375	38.0
1376	38.0
1377	31.0
1378	27.0
1379	38.0
1380	30.0
1381	38.0
1382	33.0
1383	38.0
1384	38.0
1385	27.0
1386	31.0
1387	38.0
1388	31.0
1389	38.0
1390	38.0
1391	38.0
1392	33.0
1393	38.0
1394	29.0
1395	38.0
1396	24.0
1397	33.0
1398	38.0
1399	38.0
1400	16.0
1401	27.0
1402	31.0
1403	35.0
1404	22.0
1405	20.0
1406	24.0
1407	38.0
1408	33.0
1409	37.0
1410	38.0
1411	38.0
1412	35.0
1413	26.0
1414	12.0
1415	37.0
1416	22.0
1417	38.0
1418	32.0
1419	32.0
1420	38.0
1421	37.0
1422	31.0
1423	38.0
1424	38.0
1425	20.0
1426	12.0
1427	38.0
1428	38.0
1429	37.0
1430	38.0
1431	38.0
1432	38.0
1433	38.0
1434	38.0
1435	10.0
1436	38.0
1437	37.0
1438	38.0
1439	28.0
1440	30.0
1441	38.0
1442	38.0
1443	38.0
1444	35.0
1445	28.0
1446	38.0
1447	38.0
1448	38.0
1449	24.0
1450	38.0
1451	37.0
1452	38.0
1453	33.0
1454	38.0
1455	30.0
1456	33.0
1457	18.0
1458	38.0
1459	35.0
1460	38.0
1461	38.0
1462	37.0
1463	20.0
1464	38.0
1465	26.0
1466	38.0
1467	38.0
1468	38.0
1469	38.0
1470	38.0
1471	38.0
1472	38.0
1473	38.0
1474	38.0
1475	38.0
1476	38.0
1477	38.0
1478	38.0
1479	38.0
1480	20.0
1481	38.0
1482	38.0
1483	38.0
1484	30.0
1485	38.0
1486	38.0
1487	38.0
1488	38.0
1489	31.0
1490	38.0
1491	35.0
1492	38.0
1493	38.0
1494	28.0
1495	38.0
1496	33.0
1497	35.0
1498	35.0
1499	35.0
1500	38.0
1501	35.0
1502	38.0
1503	28.0
1504	38.0
1505	35.0
1506	33.0
1507	38.0
1508	38.0
1509	38.0
1510	38.0
1511	31.0
1512	37.0
1513	37.0
1514	38.0
1515	38.0
1516	35.0
1517	33.0
1518	29.0
1519	38.0
1520	24.0
1521	18.0
1522	16.0
1523	38.0
1524	33.0
1525	34.0
1526	38.0
1527	38.0
1528	37.0
1529	33.0
1530	38.0
1531	22.0
1532	38.0
1533	38.0
1534	38.0
1535	38.0
1536	38.0
1537	33.0
1538	26.0
1539	38.0
1540	31.0
1541	38.0
1542	38.0
1543	38.0
1544	38.0
1545	35.0
1546	37.0
1547	33.0
1548	37.0
1549	38.0
1550	32.0
1551	38.0
1552	38.0
1553	18.0
1554	38.0
1555	38.0
1556	37.0
1557	18.0
1558	38.0
1559	24.0
1560	32.0
1561	38.0
1562	38.0
1563	38.0
1564	38.0
1565	36.0
1566	38.0
1567	38.0
1568	38.0
1569	38.0
1570	38.0
1571	38.0
1572	24.0
1573	26.0
1574	28.0
1575	38.0
1576	14.0
1577	38.0
1578	38.0
1579	31.0
1580	38.0
1581	38.0
1582	20.0
1583	36.0
1584	38.0
1585	37.0
1586	38.0
1587	34.0
1588	38.0
1589	38.0
1590	38.0
1591	38.0
1592	34.0
1593	38.0
1594	38.0
1595	37.0
1596	38.0
1597	38.0
1598	38.0
1599	38.0
1600	38.0
1601	38.0
1602	31.0
1603	38.0
1604	16.0
1605	38.0
1606	35.0
1607	38.0
1608	25.0
1609	38.0
1610	38.0
1611	16.0
1612	38.0
1613	38.0
1614	10.0
1615	38.0
1616	38.0
1617	38.0
1618	29.0
1619	38.0
1620	37.0
1621	38.0
1622	38.0
1623	38.0
1624	20.0
1625	38.0
1626	38.0
1627	35.0
1628	34.0
1629	38.0
1630	18.0
1631	38.0
1632	33.0
1633	29.0
1634	29.0
1635	29.0
1636	38.0
1637	38.0
1638	38.0
1639	38.0
1640	32.0
1641	35.0
1642	37.0
1643	36.0
1644	38.0
1645	38.0
1646	33.0
1647	38.0
1648	12.0
1649	38.0
1650	38.0
1651	37.0
1652	37.0
1653	38.0
1654	38.0
1655	38.0
1656	38.0
1657	38.0
1658	38.0
1659	38.0
1660	38.0
1661	26.0
1662	38.0
1663	38.0
1664	38.0
1665	37.0
1666	38.0
1667	38.0
1668	38.0
1669	38.0
1670	38.0
1671	38.0
1672	16.0
1673	24.0
1674	38.0
1675	22.0
1676	35.0
1677	38.0
1678	38.0
1679	38.0
1680	38.0
1681	33.0
1682	31.0
1683	38.0
1684	38.0
1685	38.0
1686	38.0
1687	38.0
1688	35.0
1689	38.0
1690	38.0
1691	38.0
1692	28.0
1693	38.0
1694	38.0
1695	36.0
1696	38.0
1697	38.0
1698	26.0
1699	14.0
1700	38.0
1701	38.0
1702	38.0
1703	35.0
1704	33.0
1705	38.0
1706	38.0
1707	29.0
1708	38.0
1709	22.0
1710	38.0
1711	38.0
1712	38.0
1713	38.0
1714	38.0
1715	31.0
1716	38.0
1717	24.0
1718	38.0
1719	38.0
1720	38.0
1721	26.0
1722	30.0
1723	38.0
1724	38.0
1725	22.0
1726	38.0
1727	38.0
1728	38.0
1729	38.0
1730	38.0
1731	38.0
1732	38.0
1733	37.0
1734	38.0
1735	38.0
1736	25.0
1737	38.0
1738	37.0
1739	31.0
1740	28.0
1741	38.0
1742	38.0
1743	18.0
1744	26.0
1745	38.0
1746	38.0
1747	24.0
1748	29.0
1749	38.0
1750	38.0
1751	30.0
1752	28.0
1753	38.0
1754	33.0
1755	38.0
1756	28.0
1757	38.0
1758	38.0
1759	38.0
1760	26.0
1761	14.0
1762	33.0
1763	38.0
1764	38.0
1765	38.0
1766	38.0
1767	38.0
1768	38.0
1769	38.0
1770	38.0
1771	37.0
1772	22.0
1773	31.0
1774	38.0
1775	38.0
1776	38.0
1777	38.0
1778	38.0
1779	38.0
1780	38.0
1781	38.0
1782	38.0
1783	38.0
1784	18.0
1785	38.0
1786	38.0
1787	38.0
1788	38.0
1789	38.0
1790	38.0
1791	38.0
1792	38.0
1793	36.0
1794	38.0
1795	31.0
1796	22.0
1797	38.0
1798	30.0
1799	12.0
1800	38.0
1801	20.0
1802	29.0
1803	14.0
1804	38.0
1805	38.0
1806	38.0
1807	37.0
1808	38.0
1809	38.0
1810	16.0
1811	31.0
1812	37.0
1813	22.0
1814	38.0
1815	38.0
1816	38.0
1817	30.0
1818	38.0
1819	35.0
1820	28.0
1821	37.0
1822	33.0
1823	38.0
1824	38.0
1825	33.0
1826	35.0
1827	38.0
1828	38.0
1829	38.0
1830	38.0
1831	38.0
1832	38.0
1833	38.0
1834	35.0
1835	38.0
1836	38.0
1837	35.0
1838	35.0
1839	37.0
1840	35.0
1841	38.0
1842	37.0
1843	38.0
1844	35.0
1845	31.0
1846	38.0
1847	38.0
1848	38.0
1849	38.0
1850	38.0
1851	38.0
1852	37.0
1853	16.0
1854	38.0
1855	16.0
1856	38.0
1857	35.0
1858	20.0
1859	20.0
1860	30.0
1861	38.0
1862	38.0
1863	38.0
1864	38.0
1865	38.0
1866	38.0
1867	38.0
1868	38.0
1869	30.0
1870	38.0
1871	35.0
1872	38.0
1873	38.0
1874	24.0
1875	38.0
1876	38.0
1877	38.0
1878	38.0
1879	26.0
1880	20.0
1881	38.0
1882	34.0
1883	38.0
1884	38.0
1885	38.0
1886	38.0
1887	38.0
1888	38.0
1889	38.0
1890	38.0
1891	34.0
1892	38.0
1893	32.0
1894	38.0
1895	38.0
1896	38.0
1897	38.0
1898	38.0
1899	38.0
1900	38.0
1901	23.0
1902	35.0
1903	38.0
1904	38.0
1905	37.0
1906	38.0
1907	38.0
1908	35.0
1909	38.0
1910	24.0
1911	38.0
1912	38.0
1913	31.0
1914	6.0
1915	38.0
1916	38.0
1917	38.0
1918	38.0
1919	30.0
1920	38.0
1921	10.0
1922	35.0
1923	38.0
1924	38.0
1925	38.0
1926	32.0
1927	29.0
1928	38.0
1929	38.0
1930	38.0
1931	37.0
1932	33.0
1933	38.0
1934	38.0
1935	37.0
1936	38.0
1937	38.0
1938	38.0
1939	38.0
1940	38.0
1941	38.0
1942	38.0
1943	29.0
1944	38.0
1945	38.0
1946	38.0
1947	38.0
1948	22.0
1949	38.0
1950	38.0
1951	38.0
1952	38.0
1953	38.0
1954	12.0
1955	38.0
1956	37.0
1957	33.0
1958	38.0
1959	35.0
1960	38.0
1961	22.0
1962	33.0
1963	38.0
1964	37.0
1965	35.0
1966	38.0
1967	31.0
1968	27.0
1969	38.0
1970	38.0
1971	38.0
1972	38.0
1973	38.0
1974	38.0
1975	38.0
1976	35.0
1977	20.0
1978	38.0
1979	38.0
1980	38.0
1981	38.0
1982	38.0
1983	22.0
1984	38.0
1985	38.0
1986	37.0
1987	30.0
1988	33.0
1989	38.0
1990	28.0
1991	24.0
1992	34.0
1993	38.0
1994	38.0
1995	18.0
1996	38.0
1997	29.0
1998	38.0
1999	38.0
2000	38.0
2001	16.0
2002	38.0
2003	32.0
2004	32.0
2005	38.0
2006	38.0
2007	35.0
2008	22.0
2009	28.0
2010	30.0
2011	38.0
2012	38.0
2013	38.0
2014	38.0
2015	38.0
2016	38.0
2017	14.0
2018	38.0
2019	20.0
2020	38.0
2021	38.0
2022	31.0
2023	37.0
2024	38.0
2025	29.0
2026	38.0
2027	38.0
2028	38.0
2029	38.0
2030	38.0
2031	38.0
2032	38.0
2033	38.0
2034	38.0
2035	31.0
2036	38.0
2037	38.0
2038	38.0
2039	38.0
2040	38.0
2041	38.0
2042	16.0
2043	38.0
2044	38.0
2045	37.0
2046	35.0
2047	38.0
2048	38.0
2049	29.0
2050	38.0
2051	24.0
2052	38.0
2053	38.0
2054	35.0
2055	38.0
2056	38.0
2057	20.0
2058	38.0
2059	38.0
2060	38.0
2061	28.0
2062	26.0
2063	38.0
2064	38.0
2065	38.0
2066	38.0
2067	38.0
2068	38.0
2069	38.0
2070	27.0
2071	38.0
2072	36.0
2073	38.0
2074	38.0
2075	32.0
2076	38.0
2077	38.0
2078	38.0
2079	30.0
2080	38.0
2081	38.0
2082	38.0
2083	28.0
2084	38.0
2085	38.0
2086	38.0
2087	38.0
2088	38.0
2089	16.0
2090	38.0
2091	35.0
2092	38.0
2093	38.0
2094	29.0
2095	26.0
2096	38.0
2097	34.0
2098	38.0
2099	38.0
2100	30.0
2101	37.0
2102	37.0
2103	38.0
2104	38.0
2105	38.0
2106	38.0
2107	38.0
2108	38.0
2109	38.0
2110	32.0
2111	38.0
2112	38.0
2113	38.0
2114	38.0
2115	38.0
2116	38.0
2117	38.0
2118	38.0
2119	38.0
2120	38.0
2121	38.0
2122	38.0
2123	38.0
2124	38.0
2125	38.0
2126	37.0
2127	38.0
2128	38.0
2129	38.0
2130	30.0
2131	38.0
2132	38.0
2133	38.0
2134	38.0
2135	20.0
2136	31.0
2137	38.0
2138	34.0
2139	38.0
2140	38.0
2141	38.0
2142	38.0
2143	38.0
2144	38.0
2145	35.0
2146	38.0
2147	38.0
2148	30.0
2149	38.0
2150	38.0
2151	18.0
2152	34.0
2153	38.0
2154	38.0
2155	38.0
2156	38.0
2157	38.0
2158	38.0
2159	32.0
2160	38.0
2161	35.0
2162	38.0
2163	35.0
2164	38.0
2165	38.0
2166	37.0
2167	38.0
2168	38.0
2169	38.0
2170	38.0
2171	38.0
2172	35.0
2173	38.0
2174	38.0
2175	32.0
2176	35.0
2177	38.0
2178	38.0
2179	38.0
2180	38.0
2181	24.0
2182	38.0
2183	38.0
2184	38.0
2185	38.0
2186	38.0
2187	38.0
2188	38.0
2189	38.0
2190	38.0
2191	33.0
2192	38.0
2193	37.0
2194	38.0
2195	38.0
2196	22.0
2197	18.0
2198	30.0
2199	38.0
2200	38.0
2201	35.0
2202	38.0
2203	35.0
2204	31.0
2205	38.0
2206	30.0
2207	38.0
2208	38.0
2209	38.0
2210	38.0
2211	38.0
2212	38.0
2213	38.0
2214	38.0
2215	38.0
2216	24.0
2217	38.0
2218	38.0
2219	35.0
2220	38.0
2221	38.0
2222	38.0
2223	20.0
2224	28.0
2225	10.0
2226	38.0
2227	38.0
2228	38.0
2229	29.0
2230	38.0
2231	29.0
2232	38.0
2233	38.0
2234	38.0
2235	30.0
2236	35.0
2237	38.0
2238	28.0
2239	38.0
2240	38.0
2241	38.0
2242	38.0
2243	28.0
2244	38.0
2245	38.0
2246	24.0
2247	38.0
2248	26.0
2249	38.0
2250	38.0
2251	38.0
2252	38.0
2253	26.0
2254	38.0
2255	29.0
2256	20.0
2257	38.0
2258	38.0
2259	38.0
2260	38.0
2261	38.0
2262	33.0
2263	38.0
2264	38.0
2265	35.0
2266	37.0
2267	38.0
2268	38.0
2269	38.0
2270	38.0
2271	38.0
2272	38.0
2273	38.0
2274	28.0
2275	38.0
2276	38.0
2277	10.0
2278	32.0
2279	38.0
2280	38.0
2281	37.0
2282	38.0
2283	38.0
2284	38.0
2285	38.0
2286	22.0
2287	38.0
2288	38.0
2289	38.0
2290	38.0
2291	38.0
2292	38.0
2293	38.0
2294	33.0
2295	38.0
2296	38.0
2297	38.0
2298	38.0
2299	38.0
2300	38.0
2301	38.0
2302	38.0
2303	27.0
2304	32.0
2305	38.0
2306	14.0
2307	38.0
2308	38.0
2309	38.0
2310	38.0
2311	38.0
2312	31.0
2313	38.0
2314	38.0
2315	38.0
2316	29.0
2317	38.0
2318	38.0
2319	33.0
2320	38.0
2321	38.0
2322	38.0
2323	22.0
2324	22.0
2325	38.0
2326	38.0
2327	38.0
2328	38.0
2329	38.0
2330	38.0
2331	35.0
2332	33.0
2333	30.0
2334	38.0
2335	38.0
2336	38.0
