0	5398.0
1	5456.0
2	5352.0
3	5324.0
4	5208.0
5	5228.0
6	5254.0
7	5484.0
8	5398.0
9	5148.0
10	5544.0
11	5352.0
12	5494.0
13	5510.0
14	5392.0
15	5218.0
16	5456.0
17	5292.0
18	5290.0
19	5266.0
20	5358.0
21	5510.0
22	5258.0
23	5218.0
24	5300.0
25	5378.0
26	5334.0
27	5470.0
28	5284.0
29	5380.0
30	5268.0
31	5076.0
32	5332.0
33	5214.0
34	5152.0
35	5172.0
36	5378.0
37	5104.0
38	5072.0
39	5172.0
40	5184.0
41	5388.0
42	5170.0
43	5108.0
44	5216.0
45	5096.0
46	5210.0
47	5290.0
48	5026.0
49	5114.0
50	5130.0
51	5350.0
52	5218.0
53	4992.0
54	5358.0
55	5174.0
56	5106.0
57	5080.0
58	5096.0
59	5186.0
60	5348.0
61	5146.0
62	5130.0
63	5374.0
64	5088.0
65	5156.0
66	5022.0
67	5058.0
68	5020.0
69	5222.0
70	5154.0
71	5198.0
72	5196.0
73	5266.0
74	5066.0
75	5174.0
76	5272.0
77	5156.0
78	5350.0
79	5256.0
80	5096.0
81	5408.0
82	5232.0
83	5248.0
84	5552.0
85	5704.0
86	5686.0
87	5632.0
88	5514.0
89	5468.0
90	5720.0
91	5534.0
92	5460.0
93	5482.0
94	5710.0
95	5706.0
96	5614.0
97	5766.0
98	5616.0
99	5542.0
100	5760.0
101	5844.0
102	5538.0
103	5824.0
104	5652.0
105	5586.0
106	5496.0
107	5678.0
108	5580.0
109	5674.0
110	5764.0
111	5540.0
112	5550.0
113	5302.0
114	5356.0
115	5504.0
116	5524.0
117	5332.0
118	5556.0
119	5380.0
120	5570.0
121	5456.0
122	5460.0
123	5474.0
124	5326.0
125	5532.0
126	5408.0
127	5482.0
128	5462.0
129	5492.0
130	5532.0
131	5370.0
132	5396.0
133	5320.0
134	5328.0
135	5534.0
136	5352.0
137	5232.0
138	5366.0
139	5192.0
140	5044.0
141	5278.0
142	5298.0
143	5324.0
144	5298.0
145	5400.0
146	5336.0
147	5300.0
148	5154.0
149	5258.0
150	5312.0
151	5202.0
152	5230.0
153	5234.0
154	5254.0
155	5178.0
156	5252.0
157	5246.0
158	5154.0
159	5330.0
160	5288.0
161	5330.0
162	5444.0
163	5386.0
164	5246.0
165	5328.0
166	5144.0
167	5370.0
168	5282.0
169	5336.0
170	5270.0
171	5218.0
172	5300.0
173	5518.0
174	5166.0
175	5168.0
176	5308.0
177	5528.0
178	5246.0
179	5160.0
180	5338.0
181	5180.0
182	5258.0
183	5468.0
184	5338.0
185	5250.0
186	5322.0
187	5218.0
188	5258.0
189	5116.0
190	5212.0
191	5204.0
192	5564.0
193	5718.0
194	5450.0
195	5486.0
196	5504.0
197	5562.0
198	5624.0
199	5394.0
200	5572.0
201	5482.0
202	5360.0
203	5674.0
204	5666.0
205	5780.0
206	5400.0
207	5328.0
208	5398.0
209	5778.0
210	5528.0
211	5534.0
212	5724.0
213	5644.0
214	5734.0
215	5428.0
216	5458.0
217	5406.0
218	5378.0
219	5354.0
220	5408.0
221	5660.0
222	5490.0
223	5286.0
224	5388.0
225	5686.0
226	5758.0
227	5622.0
228	5466.0
229	5400.0
230	5474.0
231	5512.0
232	5328.0
233	5406.0
234	5482.0
235	5484.0
236	5524.0
237	5268.0
238	5446.0
239	5462.0
240	5488.0
241	5114.0
242	5320.0
243	5474.0
244	5288.0
245	5402.0
246	5434.0
247	5330.0
248	5142.0
249	5148.0
250	5358.0
251	5316.0
252	5514.0
253	5504.0
254	5214.0
255	5212.0
256	5288.0
257	5220.0
258	5214.0
259	5308.0
260	5176.0
261	5360.0
262	5304.0
263	5494.0
264	5162.0
265	5256.0
266	5302.0
267	5330.0
268	5396.0
269	5282.0
270	5160.0
271	5298.0
272	5372.0
273	5084.0
274	5202.0
275	5222.0
276	5154.0
277	5236.0
278	5418.0
279	5320.0
280	5290.0
281	5266.0
282	5168.0
283	5226.0
284	5190.0
285	5092.0
286	5280.0
287	5244.0
288	5544.0
289	5330.0
290	5132.0
291	5022.0
292	5422.0
293	5302.0
294	5150.0
295	5278.0
296	5250.0
297	5442.0
298	5224.0
299	5228.0
300	5152.0
301	5528.0
302	5478.0
303	5474.0
304	5260.0
305	5586.0
306	5308.0
307	5270.0
308	5318.0
309	5510.0
310	5414.0
311	5540.0
312	5450.0
313	5766.0
314	5426.0
315	5542.0
316	5698.0
317	5498.0
318	5438.0
319	5538.0
320	5668.0
321	5656.0
322	5712.0
323	5624.0
324	5642.0
325	5440.0
326	5588.0
327	5658.0
328	5582.0
329	5646.0
330	5648.0
331	5530.0
332	5616.0
333	5590.0
334	5572.0
335	5534.0
336	5560.0
337	5358.0
338	5408.0
339	5474.0
340	5498.0
341	5228.0
342	5250.0
343	5538.0
344	5552.0
345	5618.0
346	5594.0
347	5702.0
348	5562.0
349	5578.0
350	5272.0
351	5532.0
352	5630.0
353	5518.0
354	5426.0
355	5542.0
356	5294.0
357	5486.0
358	5332.0
359	5428.0
360	5470.0
361	5346.0
362	5396.0
363	5496.0
364	5402.0
365	5264.0
366	5124.0
367	5536.0
368	5394.0
369	5400.0
370	5378.0
371	5238.0
372	5260.0
373	5216.0
374	5380.0
375	5278.0
376	5372.0
377	5396.0
378	5048.0
379	5362.0
380	5138.0
381	5198.0
382	5286.0
383	5358.0
384	5088.0
385	5110.0
386	5232.0
387	5362.0
388	5098.0
389	5282.0
390	5204.0
391	5148.0
392	5362.0
393	5216.0
394	5146.0
395	5160.0
396	5382.0
397	5166.0
398	5052.0
399	5076.0
400	5146.0
401	5110.0
402	5392.0
403	5274.0
404	5154.0
405	5248.0
406	5290.0
407	4976.0
408	5150.0
409	5302.0
410	5166.0
411	5266.0
412	5266.0
413	4938.0
414	5304.0
415	5014.0
416	5082.0
417	5206.0
418	5160.0
419	5330.0
420	5230.0
421	5130.0
422	5282.0
423	5120.0
424	5212.0
425	5134.0
426	5162.0
427	5466.0
428	5148.0
429	5298.0
430	5080.0
431	5322.0
432	5084.0
433	5222.0
434	5394.0
435	5278.0
436	5342.0
437	5308.0
438	5204.0
439	5352.0
440	5210.0
441	5048.0
442	5186.0
443	5670.0
444	5572.0
445	5502.0
446	5470.0
447	5424.0
448	5282.0
449	5498.0
450	5478.0
451	5354.0
452	5422.0
453	5634.0
454	5690.0
455	5400.0
456	5742.0
457	5508.0
458	5398.0
459	5546.0
460	5598.0
461	5388.0
462	5426.0
463	5568.0
464	5626.0
465	5390.0
466	5618.0
467	5376.0
468	5514.0
469	5622.0
470	5472.0
471	5454.0
472	5324.0
473	5328.0
474	5462.0
475	5596.0
476	5500.0
477	5434.0
478	5392.0
479	5460.0
480	5480.0
481	5452.0
482	5496.0
483	5416.0
484	5514.0
485	5314.0
486	5356.0
487	5366.0
488	5390.0
489	5230.0
490	5558.0
491	5206.0
492	5374.0
493	5316.0
494	5244.0
495	5118.0
496	5332.0
497	5640.0
498	5288.0
499	5246.0
500	5310.0
501	5162.0
502	5298.0
503	5224.0
504	5340.0
505	5088.0
506	5350.0
507	5122.0
508	5286.0
509	5058.0
510	5186.0
511	5204.0
512	5372.0
513	5256.0
514	5238.0
515	5120.0
516	5278.0
517	5360.0
518	5128.0
519	5250.0
520	5288.0
521	5164.0
522	5306.0
523	5086.0
524	5156.0
525	5314.0
526	5352.0
527	5304.0
528	5328.0
529	5240.0
530	5190.0
531	5074.0
532	4980.0
533	5088.0
534	5232.0
535	5334.0
536	5164.0
537	5248.0
538	5352.0
539	5284.0
540	5088.0
541	5112.0
542	5320.0
543	5246.0
544	5120.0
545	5650.0
546	5422.0
547	5206.0
548	5054.0
549	5206.0
550	5348.0
551	5202.0
552	5324.0
553	5336.0
554	5364.0
555	5216.0
556	5328.0
557	5430.0
558	5252.0
559	5386.0
560	5308.0
561	5280.0
562	5204.0
563	5452.0
564	5506.0
565	5364.0
566	5392.0
567	5262.0
568	5584.0
569	5560.0
570	5698.0
571	5690.0
572	5584.0
573	5486.0
574	5520.0
575	5464.0
576	5572.0
577	5480.0
578	5474.0
579	5398.0
580	5448.0
581	5752.0
582	5648.0
583	5442.0
584	5796.0
585	5612.0
586	5808.0
587	5520.0
588	5396.0
589	5572.0
590	5400.0
591	5180.0
592	5584.0
593	5496.0
594	5756.0
595	5382.0
596	5532.0
597	5614.0
598	5346.0
599	5630.0
600	5420.0
601	5370.0
602	5588.0
603	5558.0
604	5756.0
605	5584.0
606	5638.0
607	5542.0
608	5616.0
609	5708.0
610	5496.0
611	5400.0
612	5488.0
613	5616.0
614	5462.0
615	5526.0
616	5160.0
617	5278.0
618	5436.0
619	5508.0
620	5616.0
621	5456.0
622	5396.0
623	5324.0
624	5458.0
625	5398.0
626	5438.0
627	5482.0
628	5516.0
629	5570.0
630	5552.0
631	5388.0
632	5166.0
633	5234.0
634	5468.0
635	5344.0
636	5424.0
637	5448.0
638	5394.0
639	5288.0
640	5164.0
641	5218.0
642	5250.0
643	5120.0
644	5316.0
645	5340.0
646	5324.0
647	5302.0
648	5048.0
649	5380.0
650	5224.0
651	5306.0
652	5330.0
653	5240.0
654	5400.0
655	5454.0
656	5484.0
657	5326.0
658	5150.0
659	5482.0
660	5336.0
661	5338.0
662	5222.0
663	5216.0
664	5128.0
665	5396.0
666	5306.0
667	5352.0
668	5248.0
669	5500.0
670	5428.0
671	5254.0
672	5372.0
673	5290.0
674	5342.0
675	5520.0
676	5396.0
677	5328.0
678	5350.0
679	5480.0
680	5506.0
681	5476.0
682	5426.0
683	5544.0
684	5588.0
685	5612.0
686	5408.0
687	5630.0
688	5334.0
689	5416.0
690	5172.0
691	5294.0
692	5654.0
693	5256.0
694	5338.0
695	5348.0
696	5388.0
697	5456.0
698	5422.0
699	5390.0
700	5230.0
701	5450.0
702	5414.0
703	5534.0
704	5900.0
705	5646.0
706	5534.0
707	5686.0
708	5680.0
709	5822.0
710	5730.0
711	5736.0
712	5744.0
713	5652.0
714	5810.0
715	5596.0
716	5582.0
717	5906.0
718	6010.0
719	5614.0
720	5694.0
721	5814.0
722	5888.0
723	5486.0
724	5624.0
725	5710.0
726	5622.0
727	5598.0
728	5732.0
729	5830.0
730	5568.0
731	5638.0
732	5706.0
733	5636.0
734	5618.0
735	5578.0
736	5930.0
737	5668.0
738	5504.0
739	5790.0
740	5610.0
741	5504.0
742	5756.0
743	5642.0
744	5820.0
745	5818.0
746	5920.0
747	5692.0
748	5706.0
749	5684.0
750	5794.0
751	5734.0
752	5736.0
753	5788.0
754	5758.0
755	5890.0
756	5596.0
757	5568.0
758	5712.0
759	5768.0
760	5790.0
761	5682.0
762	5740.0
763	5718.0
764	5556.0
765	5538.0
766	5490.0
767	5660.0
768	5576.0
769	5708.0
770	5686.0
771	5722.0
772	5600.0
773	5674.0
774	5652.0
775	5762.0
776	5782.0
777	5630.0
778	5554.0
779	5820.0
780	5756.0
781	5636.0
782	5584.0
783	5416.0
784	5490.0
785	5728.0
786	5694.0
787	5690.0
788	5616.0
789	5528.0
790	5592.0
791	5464.0
792	5578.0
793	5332.0
794	5600.0
795	5816.0
796	5598.0
797	5714.0
798	5434.0
799	5404.0
800	5546.0
801	5414.0
802	5514.0
803	5470.0
804	5464.0
805	5546.0
806	5540.0
807	5150.0
808	5360.0
809	5594.0
810	5362.0
811	5614.0
812	5586.0
813	5596.0
814	5588.0
815	5544.0
816	5668.0
817	5524.0
818	5606.0
819	5452.0
820	5682.0
821	5644.0
822	5382.0
823	5464.0
824	5526.0
825	5704.0
826	5628.0
827	5670.0
828	5582.0
829	5666.0
830	5674.0
831	5376.0
832	5496.0
833	5290.0
834	5668.0
835	5634.0
836	5734.0
837	5622.0
838	5528.0
839	5592.0
840	5562.0
841	5448.0
842	5592.0
843	5658.0
844	5616.0
845	5492.0
846	5590.0
847	5698.0
848	5636.0
849	5528.0
850	5682.0
851	5520.0
852	5682.0
853	5622.0
854	5572.0
855	5554.0
856	5966.0
857	5492.0
858	5556.0
859	5682.0
860	5676.0
861	5596.0
862	5626.0
863	5512.0
864	5682.0
865	5622.0
866	5560.0
867	5676.0
868	5628.0
869	5852.0
870	5754.0
871	5720.0
872	5862.0
873	5626.0
874	5898.0
875	5956.0
876	6088.0
877	6122.0
878	6002.0
879	6018.0
880	5948.0
881	6044.0
882	5614.0
883	5710.0
884	6030.0
885	6156.0
886	6064.0
887	5980.0
888	5988.0
889	6176.0
890	5772.0
891	5828.0
892	5860.0
893	6038.0
894	5832.0
895	5500.0
896	5846.0
897	5908.0
898	5638.0
899	5858.0
900	5698.0
901	5710.0
902	5852.0
903	5764.0
904	5906.0
905	5864.0
906	5898.0
907	5650.0
908	5730.0
909	5880.0
910	5846.0
911	6050.0
912	5706.0
913	5936.0
914	5860.0
915	6050.0
916	5832.0
917	6086.0
918	5868.0
919	5678.0
920	6058.0
921	5888.0
922	5946.0
923	5854.0
924	5612.0
925	5872.0
926	5896.0
927	5910.0
928	6012.0
929	5824.0
930	6000.0
931	5916.0
932	5838.0
933	5888.0
934	5750.0
935	5926.0
936	6012.0
937	5964.0
938	5712.0
939	5944.0
940	5686.0
941	5804.0
942	5764.0
943	6002.0
944	5848.0
945	5878.0
946	5672.0
947	5734.0
948	5782.0
949	5800.0
950	5940.0
951	5836.0
952	5752.0
953	5878.0
954	5924.0
955	5984.0
956	5934.0
957	5762.0
958	5832.0
959	5996.0
960	5682.0
961	5896.0
962	5856.0
963	5978.0
964	5546.0
965	5510.0
966	5932.0
967	5864.0
968	5824.0
969	5718.0
970	5760.0
971	5912.0
972	5892.0
973	5818.0
974	5890.0
975	5698.0
976	6032.0
977	6024.0
978	5802.0
979	5844.0
980	5828.0
981	5702.0
982	5852.0
983	5766.0
984	5760.0
985	5980.0
986	5812.0
987	5624.0
988	5778.0
989	5880.0
990	5922.0
991	5796.0
992	5970.0
993	5734.0
994	5738.0
995	5676.0
996	5772.0
997	5710.0
998	5990.0
999	5678.0
1000	5916.0
1001	5734.0
1002	5632.0
1003	5706.0
1004	5792.0
1005	5766.0
1006	5710.0
1007	5806.0
1008	5770.0
1009	5884.0
1010	5894.0
1011	5906.0
1012	5652.0
1013	5670.0
1014	5650.0
1015	5754.0
1016	5948.0
1017	5658.0
1018	5910.0
1019	5618.0
1020	5914.0
1021	5838.0
1022	5922.0
1023	5618.0
1024	5798.0
1025	5674.0
1026	5750.0
1027	5942.0
1028	5794.0
1029	5782.0
1030	5824.0
1031	5912.0
1032	5900.0
1033	5950.0
1034	6066.0
1035	5668.0
1036	5830.0
1037	5828.0
1038	5784.0
1039	5706.0
1040	5660.0
1041	5710.0
1042	5742.0
1043	5906.0
1044	5804.0
1045	5866.0
1046	5798.0
1047	5806.0
1048	5664.0
1049	5810.0
1050	5914.0
1051	6102.0
1052	6048.0
1053	5798.0
1054	5688.0
1055	5708.0
1056	5844.0
1057	5666.0
1058	6000.0
1059	5990.0
1060	5802.0
1061	5928.0
1062	6038.0
1063	5862.0
1064	5720.0
1065	5808.0
1066	5858.0
1067	5936.0
1068	5714.0
1069	5948.0
1070	5770.0
1071	6080.0
1072	5908.0
1073	5756.0
1074	5994.0
1075	6072.0
1076	5850.0
1077	5780.0
1078	5792.0
1079	5748.0
1080	6078.0
1081	5734.0
1082	6012.0
1083	5732.0
1084	5950.0
1085	5822.0
1086	5904.0
1087	5916.0
1088	5972.0
1089	5816.0
1090	5908.0
1091	5846.0
1092	5712.0
1093	5992.0
1094	5946.0
1095	6010.0
1096	5866.0
1097	5706.0
1098	5812.0
1099	5790.0
1100	5694.0
1101	5906.0
1102	6012.0
1103	6038.0
1104	5864.0
1105	6124.0
1106	6110.0
1107	5978.0
1108	5882.0
1109	6024.0
1110	6076.0
1111	6078.0
1112	5934.0
1113	6200.0
1114	6042.0
1115	5900.0
1116	5834.0
1117	6050.0
1118	6084.0
1119	6090.0
1120	5920.0
1121	6150.0
1122	6076.0
1123	5866.0
1124	5822.0
1125	5968.0
1126	6088.0
1127	5984.0
1128	6208.0
1129	6058.0
1130	6308.0
1131	5976.0
1132	6162.0
1133	6156.0
1134	6052.0
1135	6104.0
1136	6148.0
1137	6044.0
1138	6082.0
1139	6104.0
1140	5862.0
1141	5854.0
1142	6092.0
1143	5972.0
1144	6058.0
1145	5878.0
1146	6106.0
1147	5990.0
1148	5874.0
1149	5938.0
1150	6176.0
1151	5996.0
1152	6138.0
1153	5836.0
1154	5984.0
1155	6128.0
1156	5946.0
1157	6154.0
1158	6106.0
1159	6258.0
1160	5924.0
1161	5944.0
1162	6232.0
1163	6116.0
1164	6134.0
1165	5910.0
1166	5968.0
1167	5946.0
1168	6012.0
1169	6070.0
1170	6132.0
1171	5992.0
1172	5982.0
1173	6102.0
1174	5908.0
1175	6118.0
1176	6200.0
1177	6250.0
1178	5912.0
1179	6194.0
1180	5946.0
1181	5994.0
1182	5912.0
1183	6034.0
1184	6104.0
1185	5980.0
1186	6038.0
1187	6080.0
1188	6074.0
1189	6094.0
1190	5956.0
1191	5992.0
1192	6024.0
1193	6096.0
1194	6090.0
1195	6082.0
1196	5920.0
1197	6166.0
1198	5898.0
1199	5840.0
1200	6110.0
1201	5970.0
1202	6072.0
1203	6166.0
1204	5976.0
1205	5890.0
1206	5994.0
1207	5836.0
1208	5806.0
1209	6046.0
1210	5952.0
1211	6070.0
1212	5866.0
1213	5916.0
1214	6014.0
1215	6046.0
1216	6112.0
1217	5766.0
1218	5678.0
1219	5940.0
1220	5874.0
1221	6026.0
1222	5964.0
1223	5818.0
1224	5830.0
1225	5784.0
1226	5932.0
1227	5882.0
1228	5868.0
1229	5934.0
1230	5834.0
1231	5836.0
1232	5988.0
1233	5934.0
1234	5972.0
1235	6038.0
1236	5960.0
1237	5774.0
1238	5778.0
1239	5690.0
1240	5884.0
1241	5908.0
1242	5766.0
1243	5750.0
1244	5960.0
1245	5978.0
1246	5980.0
1247	5932.0
1248	5900.0
1249	5884.0
1250	5890.0
1251	5846.0
1252	5882.0
1253	5774.0
1254	5902.0
1255	5942.0
1256	5634.0
1257	5942.0
1258	5740.0
1259	5820.0
1260	5786.0
1261	5816.0
1262	5968.0
1263	5934.0
1264	5750.0
1265	5868.0
1266	5912.0
1267	5742.0
1268	5830.0
1269	5988.0
1270	5814.0
1271	5716.0
1272	5900.0
1273	5876.0
1274	5748.0
1275	5830.0
1276	6018.0
1277	5974.0
1278	5828.0
1279	5836.0
1280	5890.0
1281	5892.0
1282	5854.0
1283	5676.0
1284	5964.0
1285	5936.0
1286	5946.0
1287	5794.0
1288	5768.0
1289	5782.0
1290	5614.0
1291	5922.0
1292	5834.0
1293	6036.0
1294	5806.0
1295	5986.0
1296	5840.0
1297	5862.0
1298	5692.0
1299	5694.0
1300	5612.0
1301	5716.0
1302	5890.0
1303	5834.0
1304	5818.0
1305	5860.0
1306	5772.0
1307	5730.0
1308	6006.0
1309	5838.0
1310	5836.0
1311	5710.0
1312	5592.0
1313	5794.0
1314	5804.0
1315	5858.0
1316	5826.0
1317	5798.0
1318	6060.0
1319	5590.0
1320	5780.0
1321	5898.0
1322	5832.0
1323	5864.0
1324	5870.0
1325	5814.0
1326	5778.0
1327	5654.0
1328	6128.0
1329	5632.0
1330	5868.0
1331	5792.0
1332	5672.0
1333	5946.0
1334	5774.0
1335	5826.0
1336	6016.0
1337	5804.0
1338	5806.0
1339	5714.0
1340	5696.0
1341	5846.0
1342	5828.0
1343	5930.0
1344	5816.0
1345	5758.0
1346	5816.0
1347	5922.0
1348	5708.0
1349	5734.0
1350	5896.0
1351	5836.0
1352	5860.0
1353	5734.0
1354	5802.0
1355	5748.0
1356	5858.0
1357	5988.0
1358	5818.0
1359	5836.0
1360	5806.0
1361	5860.0
1362	5822.0
1363	5854.0
1364	5814.0
1365	5692.0
1366	5744.0
1367	5866.0
1368	5832.0
1369	6038.0
1370	5762.0
1371	6084.0
1372	6012.0
1373	5970.0
1374	5758.0
1375	5820.0
1376	5714.0
1377	5780.0
1378	5822.0
1379	5680.0
1380	5636.0
1381	5828.0
1382	5734.0
1383	5834.0
1384	5586.0
1385	5690.0
1386	5656.0
1387	5828.0
1388	5740.0
1389	5802.0
1390	5770.0
1391	5784.0
1392	5718.0
1393	5732.0
1394	5790.0
1395	5762.0
1396	5524.0
1397	5684.0
1398	5820.0
1399	5774.0
1400	5780.0
1401	5642.0
1402	5692.0
1403	5548.0
1404	5758.0
1405	5696.0
1406	5508.0
1407	5722.0
1408	5648.0
1409	5918.0
1410	5790.0
1411	5560.0
1412	5728.0
1413	5616.0
1414	5704.0
1415	5654.0
1416	5716.0
1417	5574.0
1418	5484.0
1419	5634.0
1420	5522.0
1421	5852.0
1422	5650.0
1423	5610.0
1424	5486.0
1425	5430.0
1426	5336.0
1427	5272.0
1428	5588.0
1429	5492.0
1430	5340.0
1431	5442.0
1432	5688.0
1433	5306.0
1434	5368.0
1435	5286.0
1436	5248.0
1437	5332.0
1438	5462.0
1439	5336.0
1440	5422.0
1441	5336.0
1442	5254.0
1443	5340.0
1444	5306.0
1445	5208.0
1446	5214.0
1447	5326.0
1448	5010.0
1449	5138.0
1450	5310.0
1451	5108.0
1452	5158.0
1453	5250.0
1454	5200.0
1455	5154.0
1456	5182.0
1457	5302.0
1458	5246.0
1459	5370.0
1460	5128.0
1461	5192.0
1462	5042.0
1463	5160.0
1464	5170.0
1465	5246.0
1466	5436.0
1467	5314.0
1468	5262.0
1469	5304.0
1470	5318.0
1471	5308.0
1472	5212.0
1473	5108.0
1474	5276.0
1475	5192.0
1476	5090.0
1477	5138.0
1478	5320.0
1479	5276.0
1480	5214.0
1481	5326.0
1482	5256.0
1483	5298.0
1484	5260.0
1485	5240.0
1486	5368.0
1487	5252.0
1488	5142.0
1489	5322.0
1490	5256.0
1491	5386.0
1492	5294.0
1493	5280.0
1494	5418.0
1495	5466.0
1496	5366.0
1497	5222.0
1498	5198.0
1499	5070.0
1500	5202.0
1501	5368.0
1502	5110.0
1503	5348.0
1504	5294.0
1505	5334.0
1506	5082.0
1507	5246.0
1508	5318.0
1509	5122.0
1510	5100.0
1511	5408.0
1512	5192.0
1513	5140.0
1514	5124.0
1515	5136.0
1516	5184.0
1517	5150.0
1518	5116.0
1519	5282.0
1520	5052.0
1521	5010.0
1522	5348.0
1523	5188.0
1524	5272.0
1525	5278.0
1526	5104.0
1527	5134.0
1528	5118.0
1529	5166.0
1530	5092.0
1531	5368.0
1532	5036.0
1533	5066.0
1534	5064.0
1535	5142.0
1536	5128.0
1537	5250.0
1538	5246.0
1539	4948.0
1540	5228.0
1541	4940.0
1542	5126.0
1543	5000.0
1544	5354.0
1545	5058.0
1546	4938.0
1547	4874.0
1548	5044.0
1549	5052.0
1550	4892.0
1551	4998.0
1552	5064.0
1553	4990.0
1554	5094.0
1555	4870.0
1556	5142.0
1557	5004.0
1558	4998.0
1559	5022.0
1560	4892.0
1561	5106.0
1562	5052.0
1563	4822.0
1564	4824.0
1565	4942.0
1566	5194.0
1567	5098.0
1568	4846.0
1569	4916.0
1570	4876.0
1571	4930.0
1572	4924.0
1573	4932.0
1574	5074.0
1575	5298.0
1576	4978.0
1577	5040.0
1578	4760.0
1579	4804.0
1580	4776.0
1581	5012.0
1582	4982.0
1583	4980.0
1584	4946.0
1585	4836.0
1586	4766.0
1587	5030.0
1588	4990.0
1589	4766.0
1590	4774.0
1591	4860.0
1592	4882.0
1593	4940.0
1594	4854.0
1595	4804.0
1596	4668.0
1597	4896.0
1598	4886.0
1599	4910.0
1600	4818.0
1601	4896.0
1602	4820.0
1603	4932.0
1604	4874.0
1605	4774.0
1606	5122.0
1607	5108.0
1608	4858.0
1609	4942.0
1610	4824.0
1611	4930.0
1612	5038.0
1613	4850.0
1614	4866.0
1615	4852.0
1616	4936.0
1617	4826.0
1618	4968.0
1619	4766.0
1620	4772.0
1621	4994.0
1622	4814.0
1623	4874.0
1624	4932.0
1625	5048.0
1626	4702.0
1627	4758.0
1628	4832.0
1629	4836.0
1630	4832.0
1631	4846.0
1632	4984.0
1633	4712.0
1634	4748.0
1635	4548.0
1636	4616.0
1637	4728.0
1638	4656.0
1639	4744.0
1640	4800.0
1641	5016.0
1642	4936.0
1643	4584.0
1644	4788.0
1645	4744.0
1646	5374.0
1647	4878.0
1648	4762.0
1649	4592.0
1650	4836.0
1651	4728.0
1652	4740.0
1653	4644.0
1654	4690.0
1655	4640.0
1656	4576.0
1657	4638.0
1658	4856.0
1659	4662.0
1660	4740.0
1661	4730.0
1662	4786.0
1663	4836.0
1664	4732.0
1665	4826.0
1666	4746.0
1667	4594.0
1668	4770.0
1669	4758.0
1670	4810.0
1671	4706.0
1672	4540.0
1673	4532.0
1674	4796.0
1675	4498.0
1676	4798.0
1677	4656.0
1678	4592.0
1679	4792.0
1680	4568.0
1681	4738.0
1682	4920.0
1683	4752.0
1684	4682.0
1685	4640.0
1686	4688.0
1687	4764.0
1688	4798.0
1689	4560.0
1690	4726.0
1691	4860.0
1692	4638.0
1693	4874.0
1694	4694.0
1695	4718.0
1696	4520.0
1697	4646.0
1698	4762.0
1699	4790.0
1700	4536.0
1701	4492.0
1702	4684.0
1703	4514.0
1704	4700.0
1705	4496.0
1706	4658.0
1707	4732.0
1708	4784.0
1709	4560.0
1710	4562.0
1711	4636.0
1712	4536.0
1713	4668.0
1714	4632.0
1715	4678.0
1716	4612.0
1717	4646.0
1718	4372.0
1719	4650.0
1720	4626.0
1721	4590.0
1722	4656.0
1723	4638.0
1724	4736.0
1725	4746.0
1726	4508.0
1727	4434.0
1728	4612.0
1729	4680.0
1730	4582.0
1731	4740.0
1732	4600.0
1733	4688.0
1734	4542.0
1735	4566.0
1736	4572.0
1737	4614.0
1738	4768.0
1739	4536.0
1740	4734.0
1741	4696.0
1742	4576.0
1743	4612.0
1744	4662.0
1745	4544.0
1746	4406.0
1747	4536.0
1748	4546.0
1749	4438.0
1750	4688.0
1751	4462.0
1752	4540.0
1753	4480.0
1754	4432.0
1755	4670.0
1756	4414.0
1757	4298.0
1758	4596.0
1759	4418.0
1760	4476.0
1761	4308.0
1762	4652.0
1763	4482.0
1764	4586.0
1765	4764.0
1766	4614.0
1767	4660.0
1768	4606.0
1769	4454.0
1770	4650.0
1771	4530.0
1772	4544.0
1773	4430.0
1774	4610.0
1775	4534.0
1776	4546.0
1777	4606.0
1778	4466.0
1779	4490.0
1780	4362.0
1781	4578.0
1782	4604.0
1783	4464.0
1784	4384.0
1785	4328.0
1786	4552.0
1787	4368.0
1788	4516.0
1789	4434.0
1790	4558.0
1791	4682.0
1792	4334.0
1793	4390.0
1794	4442.0
1795	4550.0
1796	4292.0
1797	4626.0
1798	4318.0
1799	4556.0
1800	4370.0
1801	4490.0
1802	4278.0
1803	4502.0
1804	4582.0
1805	4464.0
1806	4420.0
1807	4436.0
1808	4584.0
1809	4376.0
1810	4328.0
1811	4576.0
1812	4524.0
1813	4376.0
1814	4332.0
1815	4574.0
1816	4474.0
1817	4402.0
1818	4436.0
1819	4546.0
1820	4346.0
1821	4330.0
1822	4664.0
1823	4694.0
1824	4580.0
1825	4648.0
1826	4572.0
1827	4380.0
1828	4556.0
1829	4668.0
1830	4362.0
1831	4464.0
1832	4524.0
1833	4488.0
1834	4620.0
1835	4456.0
1836	4604.0
1837	4450.0
1838	4164.0
1839	4486.0
1840	4666.0
1841	4374.0
1842	4472.0
1843	4344.0
1844	4390.0
1845	4436.0
1846	4662.0
1847	4372.0
1848	4432.0
1849	4570.0
1850	4372.0
1851	4374.0
1852	4384.0
1853	4280.0
1854	4558.0
1855	4332.0
1856	4582.0
1857	4366.0
1858	4352.0
1859	4298.0
1860	4404.0
1861	4372.0
1862	4256.0
1863	4384.0
1864	4354.0
1865	4466.0
1866	4580.0
1867	4334.0
1868	4390.0
1869	4480.0
1870	4462.0
1871	4288.0
1872	4262.0
1873	4286.0
1874	4322.0
1875	4244.0
1876	4476.0
1877	4448.0
1878	4194.0
1879	4272.0
1880	4242.0
1881	4560.0
1882	4364.0
1883	4566.0
1884	4294.0
1885	4276.0
1886	4308.0
1887	4210.0
1888	4000.0
1889	4318.0
1890	4380.0
1891	4386.0
1892	4166.0
1893	4190.0
1894	4342.0
1895	4446.0
1896	4360.0
1897	4498.0
1898	4366.0
1899	4442.0
1900	4172.0
1901	4358.0
1902	4202.0
1903	4290.0
1904	4422.0
1905	4118.0
1906	4380.0
1907	4304.0
1908	4338.0
1909	4150.0
1910	4290.0
1911	4300.0
1912	4198.0
1913	4182.0
1914	4138.0
1915	4258.0
1916	4192.0
1917	4204.0
1918	4330.0
1919	4260.0
1920	4378.0
1921	4438.0
1922	4140.0
1923	4226.0
1924	4328.0
1925	4232.0
1926	4220.0
1927	4330.0
1928	4320.0
1929	4258.0
1930	4086.0
1931	4308.0
1932	4206.0
1933	4260.0
1934	4220.0
1935	4456.0
1936	4050.0
1937	4236.0
1938	4132.0
1939	4166.0
1940	4274.0
1941	4246.0
1942	4214.0
1943	4208.0
1944	4242.0
1945	4128.0
1946	4232.0
1947	4358.0
1948	4416.0
1949	4470.0
1950	4244.0
1951	4302.0
1952	4376.0
1953	4168.0
1954	4318.0
1955	4372.0
1956	4378.0
1957	4422.0
1958	4280.0
1959	4274.0
1960	4238.0
1961	4166.0
1962	4252.0
1963	4244.0
1964	4150.0
1965	4298.0
1966	4312.0
1967	4118.0
1968	4136.0
1969	4136.0
1970	4144.0
1971	4182.0
1972	4128.0
1973	4190.0
1974	4354.0
1975	4210.0
1976	3940.0
1977	4150.0
1978	4012.0
1979	4118.0
1980	4204.0
1981	3898.0
1982	4212.0
1983	4150.0
1984	4130.0
1985	4002.0
1986	4076.0
1987	3858.0
1988	4170.0
1989	4044.0
1990	4188.0
1991	4140.0
1992	4204.0
1993	4168.0
1994	4010.0
1995	4166.0
1996	4120.0
1997	4170.0
1998	4082.0
1999	4068.0
2000	4026.0
2001	4088.0
2002	3932.0
2003	4062.0
2004	4018.0
2005	3982.0
2006	4032.0
2007	4152.0
2008	4162.0
2009	3882.0
2010	4112.0
2011	3934.0
2012	3956.0
2013	4058.0
2014	3910.0
2015	4088.0
2016	3970.0
2017	3960.0
2018	3896.0
2019	4076.0
2020	3950.0
2021	3916.0
2022	4040.0
2023	4146.0
2024	3984.0
2025	3922.0
2026	3996.0
2027	3984.0
2028	3858.0
2029	4098.0
2030	3750.0
2031	4010.0
2032	4070.0
2033	3910.0
2034	3900.0
2035	4058.0
2036	4024.0
2037	3980.0
2038	3964.0
2039	4110.0
2040	4104.0
2041	4092.0
2042	4054.0
2043	3800.0
2044	4088.0
2045	3936.0
2046	3824.0
2047	3868.0
2048	4024.0
2049	3982.0
2050	3836.0
2051	4008.0
2052	3900.0
2053	3998.0
2054	3882.0
2055	3774.0
2056	3974.0
2057	4012.0
2058	3902.0
2059	4014.0
2060	3864.0
2061	3840.0
2062	3970.0
2063	3896.0
2064	4002.0
2065	4066.0
2066	3996.0
2067	3782.0
2068	3864.0
2069	3944.0
2070	3894.0
2071	4064.0
2072	4010.0
2073	4100.0
2074	3920.0
2075	3890.0
2076	3868.0
2077	3970.0
2078	4028.0
2079	3766.0
2080	3724.0
2081	3858.0
2082	3990.0
2083	3918.0
2084	4044.0
2085	3946.0
2086	4006.0
2087	3978.0
2088	3724.0
2089	3836.0
2090	4026.0
2091	4036.0
2092	3920.0
2093	3742.0
2094	3828.0
2095	3738.0
2096	3826.0
2097	3910.0
2098	3750.0
2099	3706.0
2100	3862.0
2101	3766.0
2102	3994.0
2103	3928.0
2104	3784.0
2105	3812.0
2106	3728.0
2107	3816.0
2108	3770.0
2109	3956.0
2110	3902.0
2111	3854.0
2112	3684.0
2113	3600.0
2114	3896.0
2115	4022.0
2116	3882.0
2117	3658.0
2118	3660.0
2119	3678.0
2120	3744.0
2121	3746.0
2122	3530.0
2123	3582.0
2124	3874.0
2125	3638.0
2126	3826.0
2127	3910.0
2128	3756.0
2129	3658.0
2130	3482.0
2131	3672.0
2132	3618.0
2133	3752.0
2134	3534.0
2135	3638.0
2136	3710.0
2137	3586.0
2138	3696.0
2139	3598.0
2140	3666.0
2141	3678.0
2142	3732.0
2143	3700.0
2144	3672.0
2145	3588.0
2146	3656.0
2147	3506.0
2148	3762.0
2149	3584.0
2150	3538.0
2151	3658.0
2152	3660.0
2153	3602.0
2154	3542.0
2155	3472.0
2156	3418.0
2157	3516.0
2158	3506.0
2159	3638.0
2160	3626.0
2161	3468.0
2162	3678.0
2163	3604.0
2164	3744.0
2165	3470.0
2166	3610.0
2167	3670.0
2168	3476.0
2169	3658.0
2170	3530.0
2171	3514.0
2172	3610.0
2173	3556.0
2174	3562.0
2175	3472.0
2176	3374.0
2177	3504.0
2178	3572.0
2179	3478.0
2180	3648.0
2181	3590.0
2182	3676.0
2183	3628.0
2184	3518.0
2185	3466.0
2186	3562.0
2187	3518.0
2188	3278.0
2189	3644.0
2190	3592.0
2191	3556.0
2192	3440.0
2193	3514.0
2194	3386.0
2195	3572.0
2196	3584.0
2197	3490.0
2198	3480.0
2199	3448.0
2200	3518.0
2201	3370.0
2202	3254.0
2203	3478.0
2204	3476.0
2205	3482.0
2206	3478.0
2207	3494.0
2208	3520.0
2209	3430.0
2210	3354.0
2211	3370.0
2212	3516.0
2213	3342.0
2214	3416.0
2215	3430.0
2216	3296.0
2217	3354.0
2218	3318.0
2219	3326.0
2220	3294.0
2221	3230.0
2222	3352.0
2223	3468.0
2224	3270.0
2225	3330.0
2226	3220.0
2227	3354.0
2228	3328.0
2229	3602.0
2230	3332.0
2231	3508.0
2232	3348.0
2233	3482.0
2234	3234.0
2235	3248.0
2236	3370.0
2237	3446.0
2238	3286.0
2239	3416.0
2240	3470.0
2241	3464.0
2242	3204.0
2243	3312.0
2244	3272.0
2245	3222.0
2246	3270.0
2247	3400.0
2248	3326.0
2249	3282.0
2250	3306.0
2251	3228.0
2252	3354.0
2253	3126.0
2254	3308.0
2255	3256.0
2256	3232.0
2257	3168.0
2258	3334.0
2259	3292.0
2260	3254.0
2261	3220.0
2262	3326.0
2263	3234.0
2264	3142.0
2265	3292.0
2266	3222.0
2267	3244.0
2268	3280.0
2269	3272.0
2270	3234.0
2271	3370.0
2272	3150.0
2273	3346.0
2274	3254.0
2275	3206.0
2276	3196.0
2277	3300.0
2278	3250.0
2279	3222.0
2280	3206.0
2281	3258.0
2282	3334.0
2283	3310.0
2284	3248.0
2285	3294.0
2286	3270.0
2287	3212.0
2288	3178.0
2289	3074.0
2290	3402.0
2291	3294.0
2292	3160.0
2293	3310.0
2294	3292.0
2295	3202.0
2296	3392.0
2297	3100.0
2298	3086.0
2299	3168.0
2300	3248.0
2301	3332.0
2302	3048.0
2303	3298.0
2304	3300.0
2305	3156.0
2306	3224.0
2307	3132.0
2308	3208.0
2309	3162.0
2310	3412.0
2311	3314.0
2312	3148.0
2313	3228.0
2314	3182.0
2315	3336.0
2316	3196.0
2317	3086.0
2318	3254.0
2319	3166.0
2320	3286.0
2321	3288.0
2322	3338.0
2323	3270.0
2324	3404.0
2325	3266.0
2326	3248.0
2327	3240.0
2328	3342.0
2329	3178.0
2330	3052.0
2331	3184.0
2332	3322.0
2333	3244.0
2334	3106.0
2335	3154.0
2336	3114.0
2337	3118.0
2338	3202.0
2339	3294.0
2340	3120.0
2341	3176.0
2342	3216.0
2343	2988.0
2344	3124.0
2345	3044.0
2346	3210.0
2347	3132.0
2348	3154.0
2349	3090.0
2350	3262.0
2351	3092.0
2352	3150.0
2353	3234.0
2354	3112.0
2355	3292.0
2356	3254.0
2357	3224.0
2358	3204.0
2359	3192.0
2360	3140.0
2361	2980.0
2362	3280.0
2363	3196.0
2364	2984.0
2365	3330.0
2366	3234.0
2367	3112.0
2368	3072.0
2369	3112.0
2370	3184.0
2371	3184.0
2372	3058.0
2373	3006.0
2374	3164.0
2375	3104.0
2376	3200.0
2377	3074.0
2378	3160.0
2379	3320.0
2380	3162.0
2381	3032.0
2382	3064.0
2383	3346.0
2384	3072.0
2385	3202.0
2386	3192.0
2387	3006.0
2388	3268.0
2389	3084.0
2390	3136.0
2391	3240.0
2392	2974.0
2393	3110.0
2394	3136.0
2395	3062.0
2396	3102.0
2397	3036.0
2398	2996.0
2399	3084.0
2400	3182.0
2401	3086.0
2402	2986.0
2403	3040.0
2404	3032.0
2405	2972.0
2406	3064.0
2407	3050.0
2408	3006.0
2409	2916.0
2410	3060.0
2411	3166.0
2412	3222.0
2413	3014.0
2414	3140.0
2415	3110.0
2416	3002.0
2417	3148.0
2418	3084.0
2419	3126.0
2420	2994.0
2421	3048.0
2422	2962.0
2423	3036.0
2424	3004.0
2425	2950.0
2426	2972.0
2427	2894.0
2428	2980.0
2429	3048.0
2430	3066.0
2431	3104.0
2432	3124.0
2433	3070.0
2434	2962.0
2435	3002.0
2436	2966.0
2437	2896.0
2438	2948.0
2439	3010.0
2440	3030.0
2441	2958.0
2442	2932.0
2443	2830.0
2444	2914.0
2445	3082.0
2446	2954.0
2447	2884.0
2448	2888.0
2449	3000.0
2450	2998.0
2451	3100.0
2452	2996.0
2453	2956.0
2454	2794.0
2455	2844.0
2456	2820.0
2457	2844.0
2458	2940.0
2459	2884.0
2460	2764.0
2461	2912.0
2462	2890.0
2463	2886.0
2464	3028.0
2465	2944.0
2466	2856.0
2467	3004.0
2468	2940.0
2469	2822.0
2470	2938.0
2471	2850.0
2472	2794.0
2473	2964.0
2474	2844.0
2475	2880.0
2476	2776.0
2477	2802.0
2478	2794.0
2479	2880.0
2480	2880.0
2481	2890.0
2482	2842.0
2483	2708.0
2484	2736.0
2485	2786.0
2486	2924.0
2487	2708.0
2488	2682.0
2489	2606.0
2490	2962.0
2491	2792.0
2492	2746.0
2493	2788.0
2494	2698.0
2495	2824.0
2496	2714.0
2497	2806.0
2498	2752.0
2499	2814.0
2500	2684.0
2501	2698.0
2502	2938.0
2503	2804.0
2504	2764.0
2505	2874.0
2506	2804.0
2507	2890.0
2508	2688.0
2509	2828.0
2510	2682.0
2511	2776.0
2512	2682.0
2513	2730.0
2514	2658.0
2515	2798.0
2516	2732.0
2517	2798.0
2518	2670.0
2519	2652.0
2520	2738.0
2521	2638.0
2522	2764.0
2523	2788.0
2524	2720.0
2525	2672.0
2526	2746.0
2527	2670.0
2528	2966.0
2529	2670.0
2530	2632.0
2531	2736.0
2532	2752.0
2533	2860.0
2534	2674.0
2535	2620.0
2536	2656.0
2537	2564.0
2538	2580.0
2539	2748.0
2540	2608.0
2541	2648.0
2542	2722.0
2543	2650.0
2544	2752.0
2545	2592.0
2546	2654.0
2547	2724.0
2548	2578.0
2549	2692.0
2550	2628.0
2551	2578.0
2552	2630.0
2553	2698.0
2554	2614.0
2555	2626.0
2556	2430.0
2557	2716.0
2558	2468.0
2559	2792.0
2560	2698.0
2561	2578.0
2562	2664.0
2563	2570.0
2564	2632.0
2565	2654.0
2566	2562.0
2567	2668.0
2568	2662.0
2569	2668.0
2570	2630.0
2571	2564.0
2572	2568.0
2573	2654.0
2574	2594.0
2575	2604.0
2576	2622.0
2577	2586.0
2578	2562.0
2579	2432.0
2580	2548.0
2581	2610.0
2582	2532.0
2583	2586.0
2584	2506.0
2585	2502.0
2586	2524.0
2587	2522.0
2588	2614.0
2589	2662.0
2590	2486.0
2591	2602.0
2592	2612.0
2593	2432.0
2594	2586.0
2595	2582.0
2596	2402.0
2597	2492.0
2598	2462.0
2599	2574.0
2600	2544.0
2601	2508.0
2602	2518.0
2603	2508.0
2604	2486.0
2605	2476.0
2606	2446.0
2607	2488.0
