0	39880.0
1	40696.0
2	40660.0
3	40640.0
4	40204.0
5	39244.0
6	40608.0
7	41432.0
8	41948.0
9	41144.0
10	41892.0
11	41252.0
12	42016.0
13	41600.0
14	42132.0
15	41960.0
16	42740.0
17	42024.0
18	41236.0
19	41492.0
20	40848.0
21	40204.0
22	40568.0
23	41092.0
24	41516.0
25	40896.0
26	39304.0
27	40356.0
28	40896.0
29	41632.0
30	41544.0
31	42092.0
32	43704.0
33	44024.0
34	43264.0
35	43508.0
36	44048.0
37	44256.0
38	43196.0
39	44324.0
40	45620.0
41	45168.0
42	44736.0
43	45588.0
44	45404.0
45	43928.0
46	44360.0
47	43732.0
48	43516.0
49	44488.0
50	43052.0
51	43232.0
52	44264.0
53	44720.0
54	44432.0
55	44144.0
56	44856.0
57	46004.0
58	45904.0
59	45716.0
60	44936.0
61	45864.0
62	45688.0
63	46336.0
64	46572.0
65	46656.0
66	48712.0
67	46800.0
68	46912.0
69	46752.0
70	45892.0
71	46076.0
72	46596.0
73	46308.0
74	47224.0
75	45868.0
76	45716.0
77	46120.0
78	45176.0
79	46676.0
80	45840.0
81	46900.0
82	47468.0
83	47872.0
84	46924.0
85	46852.0
86	46984.0
87	47008.0
88	47288.0
89	47788.0
90	48984.0
91	48412.0
92	48100.0
93	48236.0
94	48220.0
95	47232.0
96	47708.0
97	47636.0
98	48544.0
99	48956.0
100	47036.0
101	47976.0
102	47952.0
103	48828.0
104	48616.0
105	47960.0
106	49520.0
107	49860.0
108	50132.0
109	49284.0
110	49700.0
111	49912.0
112	49008.0
113	48172.0
114	49592.0
115	50064.0
116	50488.0
117	49588.0
118	49740.0
119	48740.0
120	48256.0
121	48788.0
122	49324.0
123	50180.0
124	49004.0
125	47960.0
126	49108.0
127	47460.0
128	49840.0
129	50112.0
130	49732.0
131	50324.0
132	52200.0
133	51532.0
134	51164.0
135	51556.0
136	52156.0
137	52380.0
138	52108.0
139	52680.0
140	52244.0
141	53588.0
142	52540.0
143	51560.0
144	51036.0
145	51868.0
146	50944.0
147	50376.0
148	51668.0
149	50532.0
150	49536.0
151	49892.0
152	49948.0
153	49848.0
154	49024.0
155	49004.0
156	51016.0
157	50300.0
158	50068.0
159	50380.0
160	50096.0
161	51072.0
162	51952.0
163	51436.0
164	51256.0
165	51456.0
166	52344.0
167	52732.0
168	52712.0
169	52692.0
170	52448.0
171	51316.0
172	51784.0
173	52448.0
174	51620.0
175	50852.0
176	50308.0
177	50408.0
178	49368.0
179	49756.0
180	50548.0
181	51376.0
182	50760.0
183	51016.0
184	51276.0
185	50532.0
186	51048.0
187	50816.0
188	50864.0
189	51960.0
190	52012.0
191	53052.0
192	52816.0
193	53188.0
194	52184.0
195	52740.0
196	53156.0
197	52772.0
198	52200.0
199	52984.0
200	51956.0
201	52604.0
202	51796.0
203	52820.0
204	50772.0
205	52316.0
206	51548.0
207	52520.0
208	52540.0
209	52392.0
210	51580.0
211	51844.0
212	52468.0
213	52536.0
214	53728.0
215	52728.0
216	53868.0
217	53520.0
218	53456.0
219	54144.0
220	54960.0
221	53984.0
222	53700.0
223	54284.0
224	54208.0
225	53512.0
226	53572.0
227	52912.0
228	53864.0
229	53732.0
230	53540.0
231	54332.0
232	53452.0
233	54900.0
234	53976.0
235	53796.0
236	54492.0
237	54792.0
238	56160.0
239	54980.0
240	55460.0
241	56140.0
242	55360.0
243	55040.0
244	55224.0
245	55036.0
246	55112.0
247	55460.0
248	54764.0
249	54432.0
250	53372.0
251	53524.0
252	52952.0
253	52864.0
254	53472.0
255	52764.0
256	53152.0
257	53524.0
258	53668.0
259	52684.0
260	52968.0
261	53932.0
262	53740.0
263	54208.0
264	54404.0
265	55184.0
266	54804.0
267	55708.0
268	55204.0
269	55636.0
270	55984.0
271	54840.0
272	55316.0
273	55116.0
274	55312.0
275	54808.0
276	53900.0
277	54912.0
278	55520.0
279	53232.0
280	52316.0
281	54216.0
282	53688.0
283	53120.0
284	52324.0
285	54288.0
286	52920.0
287	53504.0
288	53668.0
289	54696.0
290	54728.0
291	55152.0
292	55792.0
293	55124.0
294	55540.0
295	55436.0
296	55464.0
297	55772.0
298	55884.0
299	56044.0
300	55800.0
301	56348.0
302	56164.0
303	57144.0
304	55700.0
305	55532.0
306	55132.0
307	55692.0
308	54984.0
309	54532.0
310	55320.0
311	55584.0
312	55492.0
313	55464.0
314	56352.0
315	56932.0
316	55960.0
317	56640.0
318	57228.0
319	56528.0
320	58208.0
321	57472.0
322	56364.0
323	56528.0
324	57316.0
325	56544.0
326	57320.0
327	56908.0
328	57116.0
329	57448.0
330	56588.0
331	56352.0
332	56600.0
333	56288.0
334	56704.0
335	56496.0
336	57404.0
337	57320.0
338	57332.0
339	58108.0
340	58484.0
341	57892.0
342	57436.0
343	57964.0
344	58820.0
345	59592.0
346	58684.0
347	58584.0
348	58768.0
349	58208.0
350	57896.0
351	57920.0
352	58196.0
353	56808.0
354	57192.0
355	57136.0
356	57364.0
357	58116.0
358	56440.0
359	56440.0
360	55988.0
361	56984.0
362	55852.0
363	56144.0
364	56532.0
365	56376.0
366	57012.0
367	56980.0
368	57088.0
369	57708.0
370	57408.0
371	57340.0
372	57488.0
373	58308.0
374	58876.0
375	59368.0
376	57784.0
377	58680.0
378	58508.0
379	58952.0
380	58312.0
381	57540.0
382	57204.0
383	57260.0
384	58064.0
385	58060.0
386	57832.0
387	56532.0
388	56044.0
389	55896.0
390	56280.0
391	55512.0
392	55904.0
393	55576.0
394	56532.0
395	57400.0
396	56984.0
397	57052.0
398	58260.0
399	57196.0
400	58256.0
401	57836.0
402	57944.0
403	58060.0
404	58408.0
405	58016.0
406	59004.0
407	58432.0
408	59016.0
409	57876.0
410	57992.0
411	57916.0
412	57388.0
413	57488.0
414	57392.0
415	58088.0
416	57472.0
417	56884.0
418	57684.0
419	56860.0
420	57876.0
421	57536.0
422	56608.0
423	57968.0
424	58248.0
425	57800.0
426	57812.0
427	58104.0
428	58876.0
429	58852.0
430	58244.0
431	58480.0
432	58500.0
433	57796.0
434	57780.0
435	58700.0
436	57824.0
437	58000.0
438	58508.0
439	58208.0
440	57440.0
441	57428.0
442	56816.0
443	56452.0
444	56752.0
445	58132.0
446	57280.0
447	58052.0
448	58072.0
449	58724.0
450	59000.0
451	59724.0
452	60428.0
453	60176.0
454	59744.0
455	59504.0
456	60156.0
457	60248.0
458	59364.0
459	59356.0
460	58752.0
461	59704.0
462	59364.0
463	59212.0
464	59176.0
465	57572.0
466	57832.0
467	56736.0
468	56928.0
469	57148.0
470	58264.0
471	57104.0
472	57704.0
473	58340.0
474	58344.0
475	57352.0
476	58200.0
477	58504.0
478	58068.0
479	58792.0
480	60388.0
481	59228.0
482	59816.0
483	59248.0
484	59468.0
485	60048.0
486	59776.0
487	61100.0
488	59080.0
489	59368.0
490	58896.0
491	58232.0
492	58648.0
493	58264.0
494	57872.0
495	58400.0
496	57768.0
497	58388.0
498	58228.0
499	57364.0
500	57432.0
501	56984.0
502	58376.0
503	57856.0
504	58560.0
505	59456.0
506	59412.0
507	58796.0
508	59776.0
509	58732.0
510	59288.0
511	59628.0
512	59992.0
513	59148.0
514	58620.0
515	59128.0
516	58100.0
517	58200.0
518	57908.0
519	58592.0
520	57840.0
521	58304.0
522	58356.0
523	59476.0
524	57920.0
525	58944.0
526	58772.0
527	59576.0
528	58484.0
529	59016.0
530	59636.0
531	59304.0
532	59560.0
533	59708.0
534	58712.0
535	61068.0
536	59480.0
537	60832.0
538	59628.0
539	60052.0
540	60020.0
541	60600.0
542	59784.0
543	58968.0
544	59788.0
545	58468.0
546	59404.0
547	58568.0
548	58912.0
549	57760.0
550	57188.0
551	58076.0
552	59752.0
553	58480.0
554	58048.0
555	58764.0
556	58360.0
557	58720.0
558	59012.0
559	58920.0
560	59836.0
561	59688.0
562	60400.0
563	61080.0
564	60672.0
565	61012.0
566	60560.0
567	60848.0
568	60752.0
569	60288.0
570	61176.0
571	60900.0
572	60500.0
573	60004.0
574	59160.0
575	59652.0
576	59000.0
577	59440.0
578	58904.0
579	58684.0
580	58336.0
581	58068.0
582	58940.0
583	58052.0
584	58484.0
585	58600.0
586	58412.0
587	59312.0
588	58900.0
589	58748.0
590	59560.0
591	58696.0
592	58684.0
593	59068.0
594	59216.0
595	58788.0
596	59708.0
597	59176.0
598	58916.0
599	58904.0
600	59164.0
601	60328.0
602	59060.0
603	59220.0
604	58356.0
605	58296.0
606	58252.0
607	58728.0
608	58196.0
609	59044.0
610	59104.0
611	60632.0
612	59432.0
613	59416.0
614	59468.0
615	59432.0
616	59096.0
617	59096.0
618	58576.0
619	58784.0
620	58160.0
621	58940.0
622	58828.0
623	59540.0
624	58044.0
625	58076.0
626	58712.0
627	58548.0
628	58560.0
629	58940.0
630	58596.0
631	58840.0
632	59308.0
633	59352.0
634	59424.0
635	59556.0
636	59200.0
637	59488.0
638	58884.0
639	60332.0
640	59932.0
641	60808.0
642	60732.0
643	60020.0
644	60684.0
645	60380.0
646	60316.0
647	59492.0
648	60748.0
649	59556.0
650	60320.0
651	60608.0
652	60736.0
653	60328.0
654	60124.0
655	59240.0
656	58964.0
657	59076.0
658	60648.0
659	59348.0
660	60088.0
661	60588.0
662	60800.0
663	59796.0
664	60140.0
665	60948.0
666	60704.0
667	60444.0
668	59908.0
669	60064.0
670	60368.0
671	60976.0
672	60712.0
673	61184.0
674	60340.0
675	58820.0
676	58448.0
677	58780.0
678	59312.0
679	58708.0
680	59452.0
681	58788.0
682	58780.0
683	57964.0
684	58648.0
685	58712.0
686	59304.0
687	60916.0
688	59676.0
689	60232.0
690	60664.0
691	61084.0
692	60532.0
693	60392.0
694	60616.0
695	61264.0
696	60628.0
697	61272.0
698	62104.0
699	61704.0
700	60932.0
701	60772.0
702	60632.0
703	60364.0
704	60156.0
705	58972.0
706	59084.0
707	58172.0
708	59284.0
709	58936.0
710	59660.0
711	59276.0
712	58320.0
713	59796.0
714	58472.0
715	59472.0
716	58636.0
717	58856.0
718	58216.0
719	58672.0
720	59148.0
721	59548.0
722	59296.0
723	60148.0
724	60152.0
725	60352.0
726	59332.0
727	59720.0
728	60220.0
729	59260.0
730	58748.0
731	59272.0
732	59856.0
733	60140.0
734	58916.0
735	58540.0
736	60084.0
737	59312.0
738	58784.0
739	58196.0
740	59544.0
741	59432.0
742	58880.0
743	59592.0
744	59684.0
745	58864.0
746	59976.0
747	59284.0
748	59532.0
749	60836.0
750	60520.0
751	60244.0
752	59592.0
753	59716.0
754	60532.0
755	59980.0
756	59884.0
757	60316.0
758	60032.0
759	60092.0
760	59076.0
761	60220.0
762	59580.0
763	59268.0
764	59276.0
765	59896.0
766	59368.0
767	59936.0
768	59444.0
769	58840.0
770	58784.0
771	59244.0
772	59460.0
773	59464.0
774	60068.0
775	59720.0
776	59524.0
777	60456.0
778	58800.0
779	60044.0
780	59736.0
781	59852.0
782	59072.0
783	60500.0
784	58972.0
785	59540.0
786	59440.0
787	60776.0
788	59328.0
789	61308.0
790	60536.0
791	61052.0
792	60096.0
793	60436.0
794	60884.0
795	59956.0
796	60616.0
797	61212.0
798	59856.0
799	59756.0
800	60444.0
801	60868.0
802	61028.0
803	60584.0
804	60012.0
805	59464.0
806	60436.0
807	59856.0
808	59452.0
809	58696.0
810	59704.0
811	59452.0
812	57776.0
813	58444.0
814	58676.0
815	57848.0
816	58196.0
817	58928.0
818	58444.0
819	58732.0
820	59404.0
821	60196.0
822	59084.0
823	58864.0
824	59084.0
825	59424.0
826	60544.0
827	60836.0
828	59996.0
829	60208.0
830	60464.0
831	60692.0
832	60492.0
833	60144.0
834	60208.0
835	60820.0
836	60472.0
837	60104.0
838	60132.0
839	59392.0
840	58500.0
841	59456.0
842	57616.0
843	58572.0
844	58024.0
845	58404.0
846	57584.0
847	57220.0
848	57944.0
849	58200.0
850	58260.0
851	58672.0
852	58020.0
853	58456.0
854	58876.0
855	59244.0
856	59904.0
857	59788.0
858	58764.0
859	58488.0
860	58496.0
861	58324.0
862	59256.0
863	59188.0
864	57812.0
865	58436.0
866	59160.0
867	58512.0
868	57512.0
869	58608.0
870	56988.0
871	57520.0
872	58292.0
873	56952.0
874	56836.0
875	56856.0
876	57516.0
877	57332.0
878	57512.0
879	57712.0
880	58340.0
881	57656.0
882	59912.0
883	58048.0
884	58920.0
885	58548.0
886	59120.0
887	57692.0
888	57972.0
889	58676.0
890	59132.0
891	58628.0
892	57480.0
893	57604.0
894	57732.0
895	57860.0
896	58064.0
897	58104.0
898	57920.0
899	57972.0
900	57564.0
901	56516.0
902	57384.0
903	58212.0
904	57944.0
905	59104.0
906	58460.0
907	58028.0
908	58680.0
909	57196.0
910	57584.0
911	57504.0
912	57256.0
913	57212.0
914	57648.0
915	58052.0
916	57996.0
917	57692.0
918	57084.0
919	57060.0
920	57084.0
921	55812.0
922	57644.0
923	57980.0
924	56688.0
925	56816.0
926	57180.0
927	57160.0
928	57760.0
929	56992.0
930	58208.0
931	57324.0
932	58720.0
933	58308.0
934	58740.0
935	58312.0
936	59272.0
937	57432.0
938	58420.0
939	58476.0
940	58136.0
941	57624.0
942	57416.0
943	57896.0
944	57984.0
945	57224.0
946	56868.0
947	56564.0
948	56764.0
949	56460.0
950	56012.0
951	55656.0
952	56860.0
953	56676.0
954	56612.0
955	56076.0
956	57160.0
957	57008.0
958	56360.0
959	56356.0
960	57024.0
961	57472.0
962	57336.0
963	56828.0
964	57512.0
965	57560.0
966	57916.0
967	57064.0
968	57620.0
969	59024.0
970	58480.0
971	57308.0
972	57452.0
973	57572.0
974	57708.0
975	57864.0
976	57600.0
977	57168.0
978	56944.0
979	57452.0
980	57104.0
981	57696.0
982	56596.0
983	57316.0
984	56264.0
985	57340.0
986	58080.0
987	57204.0
988	57812.0
989	59240.0
990	58228.0
991	57820.0
992	57788.0
993	58732.0
994	58700.0
995	59704.0
996	59516.0
997	57956.0
998	59484.0
999	59152.0
1000	58104.0
1001	59472.0
1002	59344.0
1003	58824.0
1004	60012.0
1005	59460.0
1006	59064.0
1007	58840.0
1008	59396.0
1009	59536.0
1010	58960.0
1011	58948.0
1012	58944.0
1013	59000.0
1014	59096.0
1015	59212.0
1016	60316.0
1017	59048.0
1018	59972.0
1019	58416.0
1020	58780.0
1021	59188.0
1022	58640.0
1023	59252.0
1024	59484.0
1025	59320.0
1026	57452.0
1027	59292.0
1028	58340.0
1029	58104.0
1030	58048.0
1031	57424.0
1032	58212.0
1033	57360.0
1034	57472.0
1035	58000.0
1036	57788.0
1037	56780.0
1038	57812.0
1039	57252.0
1040	57540.0
1041	57468.0
1042	58568.0
1043	58520.0
1044	58124.0
1045	58500.0
1046	57772.0
1047	58456.0
1048	59156.0
1049	58816.0
1050	57764.0
1051	59512.0
1052	58176.0
1053	58932.0
1054	58184.0
1055	57644.0
1056	57672.0
1057	58784.0
1058	57044.0
1059	56700.0
1060	56568.0
1061	56916.0
1062	56648.0
1063	56604.0
1064	57408.0
1065	57940.0
1066	57516.0
1067	56920.0
1068	56668.0
1069	57832.0
1070	57100.0
1071	57364.0
1072	57696.0
1073	57212.0
1074	57504.0
1075	57632.0
1076	56708.0
1077	57040.0
1078	56764.0
1079	57496.0
1080	57408.0
1081	58020.0
1082	57592.0
1083	57432.0
1084	57148.0
1085	57156.0
1086	56520.0
1087	56868.0
1088	56168.0
1089	57640.0
1090	55696.0
1091	56772.0
1092	56004.0
1093	56560.0
1094	56880.0
1095	56904.0
1096	56160.0
1097	56624.0
1098	57544.0
1099	57408.0
1100	56520.0
1101	58004.0
1102	57164.0
1103	58032.0
1104	56344.0
1105	56920.0
1106	57924.0
1107	57220.0
1108	56520.0
1109	57120.0
1110	56880.0
1111	56188.0
1112	56900.0
1113	57432.0
1114	57304.0
1115	57996.0
1116	57012.0
1117	57132.0
1118	57188.0
1119	58028.0
1120	58420.0
1121	57888.0
1122	56176.0
1123	57832.0
1124	57452.0
1125	57720.0
1126	57928.0
1127	56876.0
1128	58596.0
1129	57336.0
1130	57548.0
1131	57040.0
1132	57240.0
1133	56648.0
1134	56700.0
1135	56340.0
1136	57132.0
1137	56636.0
1138	56208.0
1139	56336.0
1140	56728.0
1141	55780.0
1142	55088.0
1143	55748.0
1144	56000.0
1145	55460.0
1146	54520.0
1147	54788.0
1148	55304.0
1149	55984.0
1150	56300.0
1151	55436.0
1152	56528.0
1153	56756.0
1154	54616.0
1155	56064.0
1156	56124.0
1157	55712.0
1158	55352.0
1159	55304.0
1160	56476.0
1161	56040.0
1162	56780.0
1163	56088.0
1164	55568.0
1165	56188.0
1166	55748.0
1167	55368.0
1168	54544.0
1169	55144.0
1170	55592.0
1171	56116.0
1172	55052.0
1173	54632.0
1174	55624.0
1175	55668.0
1176	55048.0
1177	55008.0
1178	55272.0
1179	56248.0
1180	55040.0
1181	55688.0
1182	56232.0
1183	56260.0
1184	56036.0
1185	56152.0
1186	55660.0
1187	56044.0
1188	54656.0
1189	55124.0
1190	55500.0
1191	55648.0
1192	56272.0
1193	55224.0
1194	55376.0
1195	54264.0
1196	54416.0
1197	54100.0
1198	55544.0
1199	56136.0
1200	54956.0
1201	54832.0
1202	55836.0
1203	56052.0
1204	55056.0
1205	54276.0
1206	54784.0
1207	55876.0
1208	55184.0
1209	55592.0
1210	55996.0
1211	55148.0
1212	56348.0
1213	56044.0
1214	56256.0
1215	55780.0
1216	56976.0
1217	56580.0
1218	55820.0
1219	55692.0
1220	55672.0
1221	55292.0
1222	54860.0
1223	55496.0
1224	54336.0
1225	54716.0
1226	54324.0
1227	54896.0
1228	54400.0
1229	56388.0
1230	53956.0
1231	54452.0
1232	55488.0
1233	55332.0
1234	54868.0
1235	55436.0
1236	56072.0
1237	55992.0
1238	54808.0
1239	55976.0
1240	55232.0
1241	57144.0
1242	56048.0
1243	55816.0
1244	55752.0
1245	56916.0
1246	57188.0
1247	55036.0
1248	56520.0
1249	56504.0
1250	55856.0
1251	55300.0
1252	55872.0
1253	56156.0
1254	54636.0
1255	55612.0
1256	55300.0
1257	55516.0
1258	54952.0
1259	55400.0
1260	54636.0
1261	54780.0
1262	54540.0
1263	54480.0
1264	54432.0
1265	55924.0
1266	54144.0
1267	54544.0
1268	54508.0
1269	53928.0
1270	54644.0
1271	54512.0
1272	54000.0
1273	53628.0
1274	54572.0
1275	52740.0
1276	53448.0
1277	53660.0
1278	54048.0
1279	53244.0
1280	53084.0
1281	54224.0
1282	54628.0
1283	53380.0
1284	52460.0
1285	53280.0
1286	54176.0
1287	53908.0
1288	53644.0
1289	53124.0
1290	53488.0
1291	53860.0
1292	53964.0
1293	53300.0
1294	54324.0
1295	53720.0
1296	53416.0
1297	53248.0
1298	54416.0
1299	54196.0
1300	53500.0
1301	53456.0
1302	53892.0
1303	53844.0
1304	54036.0
1305	53908.0
1306	53440.0
1307	53284.0
1308	53456.0
1309	52484.0
1310	52156.0
1311	53464.0
1312	52584.0
1313	52508.0
1314	52088.0
1315	52964.0
1316	52492.0
1317	53600.0
1318	53672.0
1319	53108.0
1320	53176.0
1321	53212.0
1322	53460.0
1323	53160.0
1324	53452.0
1325	53348.0
1326	52288.0
1327	54036.0
1328	52408.0
1329	54076.0
1330	53268.0
1331	53312.0
1332	52688.0
1333	53300.0
1334	52324.0
1335	52720.0
1336	52288.0
1337	52332.0
1338	52892.0
1339	53988.0
1340	53132.0
1341	52684.0
1342	52520.0
1343	51724.0
1344	52828.0
1345	53760.0
1346	52972.0
1347	52916.0
1348	53616.0
1349	54260.0
1350	52980.0
1351	53600.0
1352	54308.0
1353	54064.0
1354	53628.0
1355	53252.0
1356	52464.0
1357	54304.0
1358	53956.0
1359	52748.0
1360	52504.0
1361	52648.0
1362	53424.0
1363	52604.0
1364	52960.0
1365	52664.0
1366	52712.0
1367	52824.0
1368	51848.0
1369	52320.0
1370	52288.0
1371	52424.0
1372	52792.0
1373	52524.0
1374	53648.0
1375	52724.0
1376	51800.0
1377	52112.0
1378	52360.0
1379	52548.0
1380	53500.0
1381	54144.0
1382	53072.0
1383	53608.0
1384	52340.0
1385	52732.0
1386	52352.0
1387	53288.0
1388	51928.0
1389	52552.0
1390	52196.0
1391	52952.0
1392	52412.0
1393	51480.0
1394	52500.0
1395	52168.0
1396	51932.0
1397	51012.0
1398	51472.0
1399	51728.0
1400	51204.0
1401	50552.0
1402	51520.0
1403	50664.0
1404	51660.0
1405	50352.0
1406	50396.0
1407	52704.0
1408	51268.0
1409	50684.0
1410	50808.0
1411	50352.0
1412	49936.0
1413	50064.0
1414	51524.0
1415	50036.0
1416	51872.0
1417	50692.0
1418	50784.0
1419	50496.0
1420	49764.0
1421	48800.0
1422	49712.0
1423	49928.0
1424	50544.0
1425	50116.0
1426	49240.0
1427	49836.0
1428	49952.0
1429	49712.0
1430	49820.0
1431	51052.0
1432	51192.0
1433	51840.0
1434	50292.0
1435	49788.0
1436	49916.0
1437	50568.0
1438	50084.0
1439	51716.0
1440	51016.0
1441	51800.0
1442	52296.0
1443	51208.0
1444	50652.0
1445	49828.0
1446	50920.0
1447	50324.0
1448	51712.0
1449	51084.0
1450	50048.0
1451	49108.0
1452	50552.0
1453	50380.0
1454	50944.0
1455	50640.0
1456	50432.0
1457	51012.0
1458	49892.0
1459	50328.0
1460	49960.0
1461	50264.0
1462	51712.0
1463	50156.0
1464	50808.0
1465	50868.0
1466	50860.0
1467	51664.0
1468	50992.0
1469	50488.0
1470	51060.0
1471	51964.0
1472	50088.0
1473	51748.0
1474	51164.0
1475	50496.0
1476	49868.0
1477	50308.0
1478	50468.0
1479	49984.0
1480	50448.0
1481	50892.0
1482	50584.0
1483	50568.0
1484	50092.0
1485	49912.0
1486	50628.0
1487	50472.0
1488	50152.0
1489	50232.0
1490	50580.0
1491	50620.0
1492	50864.0
1493	49160.0
1494	49972.0
1495	49420.0
1496	49704.0
1497	50216.0
1498	49760.0
1499	51760.0
1500	50116.0
1501	48576.0
1502	48372.0
1503	47844.0
1504	49152.0
1505	48048.0
1506	47500.0
1507	48240.0
1508	48264.0
1509	47268.0
1510	48216.0
1511	48380.0
1512	48636.0
1513	48868.0
1514	47776.0
1515	48792.0
1516	48636.0
1517	48496.0
1518	48568.0
1519	47896.0
1520	48232.0
1521	47848.0
1522	46692.0
1523	48948.0
1524	48844.0
1525	48724.0
1526	48040.0
1527	49052.0
1528	48256.0
1529	48048.0
1530	47912.0
1531	48140.0
1532	47924.0
1533	47860.0
1534	47616.0
1535	47776.0
1536	47780.0
1537	46916.0
1538	46856.0
1539	47424.0
1540	47816.0
1541	48060.0
1542	46704.0
1543	46640.0
1544	48116.0
1545	48016.0
1546	47068.0
1547	47920.0
1548	47316.0
1549	49284.0
1550	48468.0
1551	46612.0
1552	47856.0
1553	48204.0
1554	48236.0
1555	47612.0
1556	47444.0
1557	48548.0
1558	47636.0
1559	47384.0
1560	46844.0
1561	47588.0
1562	47052.0
1563	47060.0
1564	47140.0
1565	47784.0
1566	48196.0
1567	47484.0
1568	47516.0
1569	48380.0
1570	47140.0
1571	47648.0
1572	47092.0
1573	48516.0
1574	49420.0
1575	47640.0
1576	47648.0
1577	47752.0
1578	47700.0
1579	48080.0
1580	47084.0
1581	47116.0
1582	47636.0
1583	47072.0
1584	47104.0
1585	47308.0
1586	47688.0
1587	46884.0
1588	46816.0
1589	46224.0
1590	46828.0
1591	47064.0
1592	46820.0
1593	46396.0
1594	46316.0
1595	47072.0
1596	46568.0
1597	46408.0
1598	46468.0
1599	46648.0
1600	46512.0
1601	46628.0
1602	46856.0
1603	46816.0
1604	46120.0
1605	46136.0
1606	45632.0
1607	46088.0
1608	46720.0
1609	45700.0
1610	45760.0
1611	46272.0
1612	45352.0
1613	45560.0
1614	45892.0
1615	46740.0
1616	46212.0
1617	46052.0
1618	45480.0
1619	46420.0
1620	46324.0
1621	45764.0
1622	45504.0
1623	46252.0
1624	45856.0
1625	46028.0
1626	44816.0
1627	45684.0
1628	46108.0
1629	45584.0
1630	45432.0
1631	45384.0
1632	46304.0
1633	45104.0
1634	45556.0
1635	45220.0
1636	45856.0
1637	44860.0
1638	45416.0
1639	45948.0
1640	46384.0
1641	46096.0
1642	45364.0
1643	45268.0
1644	45200.0
1645	45568.0
1646	44244.0
1647	44456.0
1648	45564.0
1649	45660.0
1650	45092.0
1651	44876.0
1652	45332.0
1653	45864.0
1654	45212.0
1655	45632.0
1656	46160.0
1657	45072.0
1658	44836.0
1659	43536.0
1660	44292.0
1661	44416.0
1662	43944.0
1663	44776.0
1664	44780.0
1665	44664.0
1666	45508.0
1667	45088.0
1668	44396.0
1669	44340.0
1670	45684.0
1671	45024.0
1672	44244.0
1673	44900.0
1674	45876.0
1675	44496.0
1676	44536.0
1677	44068.0
1678	44408.0
1679	45420.0
1680	45188.0
1681	45452.0
1682	46336.0
1683	46260.0
1684	44764.0
1685	46136.0
1686	46188.0
1687	46292.0
1688	45604.0
1689	46040.0
1690	46304.0
1691	45856.0
1692	45752.0
1693	45324.0
1694	45664.0
1695	45148.0
1696	45880.0
1697	45904.0
1698	46676.0
1699	45524.0
1700	45792.0
1701	46296.0
1702	45288.0
1703	44752.0
1704	44576.0
1705	44228.0
1706	44884.0
1707	45020.0
1708	45092.0
1709	46128.0
1710	44732.0
1711	44652.0
1712	45028.0
1713	45280.0
1714	44324.0
1715	44528.0
1716	44616.0
1717	43976.0
1718	44112.0
1719	44360.0
1720	44328.0
1721	43784.0
1722	44328.0
1723	44048.0
1724	44036.0
1725	43460.0
1726	43156.0
1727	43964.0
1728	44868.0
1729	44704.0
1730	44916.0
1731	44200.0
1732	44128.0
1733	43304.0
1734	43024.0
1735	43620.0
1736	43344.0
1737	44392.0
1738	43780.0
1739	42840.0
1740	44504.0
1741	43692.0
1742	43680.0
1743	43992.0
1744	43476.0
1745	43776.0
1746	43760.0
1747	44332.0
1748	43540.0
1749	44644.0
1750	43772.0
1751	43016.0
1752	43524.0
1753	43412.0
1754	43004.0
1755	43028.0
1756	43832.0
1757	43568.0
1758	43916.0
1759	43908.0
1760	42704.0
1761	42948.0
1762	44004.0
1763	42852.0
1764	43376.0
1765	43680.0
1766	43008.0
1767	43064.0
1768	42472.0
1769	42712.0
1770	43440.0
1771	41868.0
1772	43356.0
1773	43968.0
1774	44100.0
1775	43784.0
1776	42172.0
1777	42580.0
1778	42404.0
1779	42368.0
1780	42784.0
1781	41460.0
1782	42388.0
1783	43188.0
1784	41632.0
1785	41848.0
1786	41948.0
1787	42612.0
1788	42560.0
1789	42596.0
1790	42176.0
1791	41672.0
1792	42080.0
1793	42284.0
1794	43340.0
1795	41604.0
1796	42068.0
1797	42364.0
1798	42100.0
1799	42472.0
1800	42160.0
1801	42120.0
1802	43552.0
1803	42640.0
1804	41680.0
1805	42156.0
1806	42316.0
1807	44420.0
1808	43116.0
1809	43780.0
1810	43076.0
1811	42096.0
1812	43084.0
1813	42592.0
1814	42928.0
1815	43048.0
1816	43056.0
1817	43408.0
1818	41856.0
1819	42244.0
1820	41436.0
1821	41144.0
1822	41728.0
1823	42916.0
1824	42164.0
1825	42824.0
1826	42020.0
1827	42220.0
1828	41636.0
1829	42356.0
1830	41748.0
1831	41736.0
1832	42144.0
1833	42628.0
1834	41528.0
1835	41628.0
1836	40604.0
1837	41696.0
1838	42336.0
1839	42396.0
1840	41740.0
1841	41760.0
1842	41060.0
1843	41112.0
1844	42056.0
1845	40620.0
1846	40604.0
1847	40316.0
1848	41620.0
1849	42340.0
1850	40900.0
1851	40844.0
1852	40796.0
1853	40284.0
1854	40928.0
1855	41964.0
1856	40972.0
1857	41516.0
1858	41136.0
1859	40248.0
1860	40008.0
1861	40080.0
1862	40136.0
1863	40540.0
1864	40296.0
1865	40884.0
1866	40776.0
1867	41908.0
1868	41144.0
1869	40640.0
1870	40692.0
1871	40568.0
1872	40672.0
1873	41168.0
1874	40448.0
1875	39952.0
1876	40468.0
1877	40692.0
1878	40152.0
1879	40596.0
1880	40004.0
1881	39120.0
1882	40000.0
1883	40352.0
1884	40008.0
1885	39612.0
1886	39440.0
1887	40124.0
1888	39724.0
1889	40252.0
1890	39988.0
1891	39824.0
1892	39632.0
1893	39552.0
1894	39280.0
1895	39064.0
1896	39468.0
1897	40208.0
1898	40972.0
1899	40248.0
1900	40368.0
1901	38244.0
1902	40376.0
1903	40416.0
1904	39616.0
1905	39180.0
1906	39316.0
1907	39736.0
1908	40344.0
1909	40052.0
1910	40560.0
1911	40452.0
1912	39588.0
1913	39196.0
1914	40136.0
1915	39876.0
1916	40212.0
1917	39328.0
1918	39556.0
1919	39456.0
1920	40224.0
1921	39372.0
1922	40240.0
1923	40324.0
1924	40220.0
1925	39800.0
1926	39640.0
1927	39768.0
1928	39392.0
1929	38816.0
1930	39520.0
1931	39768.0
1932	40504.0
1933	40544.0
1934	38996.0
1935	39468.0
1936	39700.0
1937	39528.0
1938	40048.0
1939	39960.0
1940	41080.0
1941	40224.0
1942	40104.0
1943	39716.0
1944	40212.0
1945	39392.0
1946	40448.0
1947	39616.0
1948	40516.0
1949	40348.0
1950	39728.0
1951	39200.0
1952	39976.0
1953	40044.0
1954	39492.0
1955	39108.0
1956	39380.0
1957	40124.0
1958	39632.0
1959	39228.0
1960	38596.0
1961	39468.0
1962	39328.0
1963	38460.0
1964	38224.0
1965	38512.0
1966	38648.0
1967	38164.0
1968	38464.0
1969	38532.0
1970	38624.0
1971	38532.0
1972	38364.0
1973	38036.0
1974	38736.0
1975	37548.0
1976	37804.0
1977	37828.0
1978	38492.0
1979	38172.0
1980	38216.0
1981	38264.0
1982	38712.0
1983	38504.0
1984	37252.0
1985	38636.0
1986	38684.0
1987	37712.0
1988	37700.0
1989	38720.0
1990	37416.0
1991	38020.0
1992	37120.0
1993	37752.0
1994	38080.0
1995	37160.0
1996	37288.0
1997	37392.0
1998	37780.0
1999	37808.0
2000	38008.0
2001	37724.0
2002	36920.0
2003	37416.0
2004	37144.0
2005	37684.0
2006	37636.0
2007	37844.0
2008	37004.0
2009	37180.0
2010	37544.0
2011	37732.0
2012	37492.0
2013	37652.0
2014	37508.0
2015	37864.0
2016	37764.0
2017	37544.0
2018	36652.0
2019	37020.0
2020	37344.0
2021	36748.0
2022	36784.0
2023	37524.0
2024	38108.0
2025	37060.0
2026	36728.0
2027	36940.0
2028	37464.0
2029	37508.0
2030	36708.0
2031	36308.0
2032	37768.0
2033	37348.0
2034	36284.0
2035	37136.0
2036	36780.0
2037	37604.0
2038	36516.0
2039	37232.0
2040	37660.0
2041	37316.0
2042	36668.0
2043	36408.0
2044	36252.0
2045	37836.0
2046	37692.0
2047	37284.0
2048	37672.0
2049	37584.0
2050	36800.0
2051	35896.0
2052	36704.0
2053	36820.0
2054	36660.0
2055	37056.0
2056	37360.0
2057	37372.0
2058	37028.0
2059	36344.0
2060	36224.0
2061	36420.0
2062	37364.0
2063	36416.0
2064	36964.0
2065	36868.0
2066	36624.0
2067	36600.0
2068	35852.0
2069	35548.0
2070	36644.0
2071	36452.0
2072	36188.0
2073	36440.0
2074	36308.0
2075	35544.0
2076	35572.0
2077	34856.0
2078	35032.0
2079	36032.0
2080	35352.0
2081	35784.0
2082	35808.0
2083	35528.0
2084	35312.0
2085	35288.0
2086	35620.0
2087	36380.0
2088	35900.0
2089	35732.0
2090	36296.0
2091	35356.0
2092	34788.0
2093	35540.0
2094	35128.0
2095	34840.0
2096	34880.0
2097	34620.0
2098	35456.0
2099	35512.0
2100	34552.0
2101	34676.0
2102	34216.0
2103	35032.0
2104	34956.0
2105	34748.0
2106	35240.0
2107	34860.0
2108	34652.0
2109	34372.0
2110	34772.0
2111	34464.0
2112	34016.0
2113	34836.0
2114	34824.0
2115	34952.0
2116	34916.0
2117	34524.0
2118	34516.0
2119	34060.0
2120	34808.0
2121	34992.0
2122	33996.0
2123	34152.0
2124	35024.0
2125	34232.0
2126	34060.0
2127	34776.0
2128	34956.0
2129	34808.0
2130	34000.0
2131	34316.0
2132	33064.0
2133	34180.0
2134	34264.0
2135	33804.0
2136	33676.0
2137	34236.0
2138	33720.0
2139	34108.0
2140	33916.0
2141	34400.0
2142	34136.0
2143	33648.0
2144	33380.0
2145	33308.0
2146	32728.0
2147	33424.0
2148	33496.0
2149	33896.0
2150	33392.0
2151	33424.0
2152	33252.0
2153	33788.0
2154	33732.0
2155	34184.0
2156	33948.0
2157	34408.0
2158	33380.0
2159	32996.0
2160	33532.0
2161	34340.0
2162	33112.0
2163	33296.0
2164	33636.0
2165	33684.0
2166	33388.0
2167	32284.0
2168	32816.0
2169	33480.0
2170	33748.0
2171	32948.0
2172	33020.0
2173	34056.0
2174	33652.0
2175	31792.0
2176	32840.0
2177	32972.0
2178	33556.0
2179	32744.0
2180	33160.0
2181	32684.0
2182	32996.0
2183	32952.0
2184	31968.0
2185	32660.0
2186	32440.0
2187	32392.0
2188	32492.0
2189	32936.0
2190	32872.0
2191	33064.0
2192	33496.0
2193	33052.0
2194	32812.0
2195	32628.0
2196	32088.0
2197	33168.0
2198	34016.0
2199	33040.0
2200	32792.0
2201	32640.0
2202	32384.0
2203	33048.0
2204	33260.0
2205	32184.0
2206	33148.0
2207	33008.0
2208	32940.0
2209	32204.0
2210	32456.0
2211	32332.0
2212	32768.0
2213	32124.0
2214	32728.0
2215	31864.0
2216	32196.0
2217	31652.0
2218	32944.0
2219	31672.0
2220	31800.0
2221	31580.0
2222	31816.0
2223	31908.0
2224	31684.0
2225	31300.0
2226	31968.0
2227	31312.0
2228	31704.0
2229	32452.0
2230	31900.0
2231	31936.0
2232	31372.0
2233	32160.0
2234	31500.0
2235	32044.0
2236	31760.0
2237	31352.0
2238	31192.0
2239	31144.0
2240	31412.0
2241	31516.0
2242	31444.0
2243	31308.0
2244	31552.0
2245	31044.0
2246	30644.0
2247	30436.0
2248	31728.0
2249	31064.0
2250	30852.0
2251	30908.0
2252	31032.0
2253	31228.0
2254	31148.0
2255	31208.0
2256	31072.0
2257	31336.0
2258	31096.0
2259	31140.0
2260	30680.0
2261	31744.0
2262	30656.0
2263	30808.0
2264	30352.0
2265	31080.0
2266	30032.0
2267	30416.0
2268	30020.0
2269	30728.0
2270	31224.0
2271	30612.0
2272	29952.0
2273	30764.0
2274	30620.0
2275	29856.0
2276	29844.0
2277	30296.0
2278	29676.0
2279	29752.0
2280	30484.0
2281	30352.0
2282	30628.0
2283	30260.0
2284	30016.0
2285	30360.0
2286	30348.0
2287	29904.0
2288	29656.0
2289	29548.0
2290	29964.0
2291	30120.0
2292	29908.0
2293	30204.0
2294	30092.0
2295	30004.0
2296	30196.0
2297	30596.0
2298	30468.0
2299	30424.0
2300	29836.0
2301	29612.0
2302	29520.0
2303	29180.0
2304	30456.0
2305	30480.0
2306	30704.0
2307	30028.0
2308	30048.0
2309	30388.0
2310	30216.0
2311	30616.0
2312	29896.0
2313	30336.0
2314	29812.0
2315	28876.0
2316	29276.0
2317	29804.0
2318	29816.0
2319	29656.0
2320	29460.0
2321	29548.0
2322	30116.0
2323	29720.0
2324	30516.0
2325	28784.0
2326	29552.0
2327	29336.0
2328	29980.0
2329	29416.0
2330	29344.0
2331	30232.0
2332	30252.0
2333	29288.0
2334	28900.0
2335	29180.0
2336	29908.0
2337	30064.0
2338	29172.0
2339	29248.0
2340	29204.0
2341	29316.0
2342	29128.0
2343	29152.0
2344	29080.0
2345	28856.0
2346	28732.0
2347	28864.0
2348	28504.0
2349	28576.0
2350	29068.0
2351	27956.0
2352	27756.0
2353	28692.0
2354	28492.0
2355	28592.0
2356	28868.0
2357	28924.0
2358	28760.0
2359	27968.0
2360	28196.0
2361	27616.0
2362	28216.0
2363	28776.0
2364	28252.0
2365	28180.0
2366	29216.0
2367	28792.0
2368	27540.0
2369	28344.0
2370	28000.0
2371	28772.0
2372	28052.0
2373	28548.0
2374	27932.0
2375	28248.0
2376	28764.0
2377	27836.0
2378	28084.0
2379	28216.0
2380	28080.0
2381	28432.0
2382	28152.0
2383	27404.0
2384	27188.0
2385	27460.0
2386	27944.0
2387	27828.0
2388	28168.0
2389	28244.0
2390	27952.0
2391	28192.0
2392	27508.0
2393	28176.0
2394	27612.0
2395	27948.0
2396	27956.0
2397	26764.0
2398	28380.0
2399	27772.0
2400	27668.0
2401	27812.0
2402	27724.0
2403	27652.0
2404	27620.0
2405	28060.0
2406	27636.0
2407	27712.0
2408	27712.0
2409	27836.0
2410	27376.0
2411	27988.0
2412	28108.0
2413	28200.0
2414	28068.0
2415	28276.0
2416	27304.0
2417	27688.0
2418	27848.0
2419	27296.0
2420	27744.0
2421	27664.0
2422	27800.0
2423	27248.0
2424	28544.0
2425	27496.0
2426	27292.0
2427	27352.0
2428	27544.0
2429	27860.0
2430	27784.0
2431	27752.0
2432	26928.0
2433	27524.0
2434	26784.0
2435	27716.0
2436	27444.0
2437	26680.0
2438	27576.0
2439	27180.0
2440	27260.0
2441	27744.0
2442	26988.0
2443	27316.0
2444	26788.0
2445	26648.0
2446	26976.0
2447	26400.0
2448	27020.0
2449	26824.0
2450	26976.0
2451	27852.0
2452	27404.0
2453	26748.0
2454	26592.0
2455	27164.0
2456	27148.0
2457	27540.0
2458	26908.0
2459	27092.0
2460	26140.0
2461	26696.0
2462	26464.0
2463	26680.0
2464	26716.0
2465	26768.0
2466	27072.0
2467	25952.0
2468	26696.0
2469	26296.0
2470	26152.0
2471	26076.0
2472	26880.0
2473	27076.0
2474	26148.0
2475	26340.0
2476	26556.0
2477	26204.0
2478	26732.0
2479	25476.0
2480	26152.0
2481	26144.0
2482	26780.0
2483	26036.0
2484	26132.0
2485	26312.0
2486	25808.0
2487	25652.0
2488	25812.0
2489	26064.0
2490	26304.0
2491	25936.0
2492	26616.0
2493	26092.0
2494	25180.0
2495	26060.0
2496	25640.0
2497	25504.0
2498	25340.0
2499	25952.0
2500	26044.0
2501	25720.0
2502	24924.0
2503	25728.0
2504	25632.0
2505	25640.0
2506	26276.0
2507	25988.0
2508	26172.0
2509	25276.0
2510	25216.0
2511	25228.0
2512	25408.0
2513	25128.0
2514	25548.0
2515	24828.0
2516	25176.0
2517	25216.0
2518	25712.0
2519	25812.0
2520	25924.0
2521	26024.0
2522	25800.0
2523	25700.0
2524	25104.0
2525	24640.0
2526	25068.0
2527	25308.0
2528	25760.0
2529	24972.0
2530	25960.0
2531	26048.0
2532	25840.0
2533	25512.0
2534	25700.0
2535	25584.0
2536	25380.0
2537	26044.0
2538	25448.0
2539	26016.0
2540	25740.0
2541	25376.0
2542	25244.0
2543	25156.0
2544	26072.0
2545	25252.0
2546	25172.0
2547	26056.0
2548	24948.0
2549	25228.0
2550	25292.0
2551	25408.0
2552	26084.0
2553	25216.0
2554	26108.0
2555	25488.0
2556	24600.0
2557	25268.0
2558	26820.0
2559	25424.0
2560	25832.0
2561	25904.0
2562	25348.0
2563	26624.0
2564	26164.0
2565	25292.0
2566	25420.0
2567	25076.0
2568	25660.0
2569	25248.0
2570	25556.0
2571	24584.0
2572	24648.0
2573	25652.0
2574	24684.0
2575	24876.0
2576	24928.0
2577	24644.0
2578	24656.0
2579	24844.0
2580	24520.0
2581	24624.0
2582	24872.0
2583	25184.0
2584	24696.0
2585	24272.0
2586	24400.0
2587	24732.0
2588	24896.0
2589	24912.0
2590	24868.0
2591	25216.0
2592	23716.0
2593	24320.0
2594	24000.0
2595	24524.0
2596	24476.0
2597	24116.0
2598	24788.0
2599	24668.0
2600	24472.0
2601	24852.0
2602	24032.0
2603	24480.0
2604	24184.0
2605	23652.0
2606	24320.0
2607	24740.0
2608	23748.0
2609	24148.0
2610	24172.0
2611	24908.0
2612	24504.0
2613	24564.0
2614	24484.0
2615	24708.0
2616	25016.0
2617	24792.0
2618	24812.0
2619	24964.0
2620	24316.0
2621	24236.0
2622	24696.0
2623	24184.0
2624	24332.0
2625	24256.0
2626	24660.0
2627	24372.0
2628	24036.0
2629	24188.0
2630	23320.0
2631	23312.0
2632	24024.0
2633	23904.0
2634	24216.0
2635	23672.0
2636	24460.0
2637	24456.0
2638	23912.0
2639	24656.0
2640	24024.0
2641	24780.0
2642	24380.0
2643	24236.0
2644	24212.0
2645	23828.0
2646	24508.0
2647	24744.0
2648	25072.0
2649	24248.0
2650	24184.0
2651	23996.0
2652	24288.0
2653	24556.0
2654	24900.0
2655	24040.0
2656	24680.0
2657	24276.0
2658	24344.0
2659	24404.0
2660	24260.0
2661	24700.0
2662	24280.0
2663	23892.0
2664	25316.0
2665	24112.0
2666	25612.0
2667	24416.0
2668	24776.0
2669	24504.0
2670	24376.0
2671	24968.0
2672	24832.0
2673	24808.0
2674	24304.0
2675	23840.0
2676	24920.0
2677	24052.0
2678	24212.0
2679	23888.0
2680	24384.0
2681	24680.0
2682	24676.0
2683	24300.0
2684	24428.0
2685	24760.0
2686	25208.0
2687	25200.0
2688	24440.0
2689	24968.0
2690	24424.0
2691	24452.0
2692	24588.0
2693	24520.0
2694	25176.0
2695	24620.0
2696	25448.0
2697	24348.0
2698	25532.0
2699	24940.0
2700	24364.0
2701	25880.0
2702	24808.0
2703	25128.0
2704	24328.0
2705	25004.0
2706	24812.0
2707	24788.0
2708	25060.0
2709	25160.0
2710	24816.0
2711	25992.0
2712	24984.0
2713	24676.0
2714	25088.0
2715	24156.0
2716	24600.0
2717	24552.0
2718	25036.0
2719	24848.0
2720	24980.0
2721	24416.0
2722	25128.0
2723	24600.0
2724	26096.0
2725	25028.0
2726	24544.0
2727	24540.0
2728	24096.0
2729	24860.0
2730	24768.0
2731	24332.0
2732	24836.0
2733	24464.0
2734	24860.0
2735	24512.0
2736	24036.0
2737	24880.0
2738	24092.0
2739	24432.0
2740	25056.0
2741	25720.0
2742	24940.0
2743	24368.0
2744	25212.0
2745	25164.0
2746	25372.0
2747	25340.0
