0	1324.0
1	1428.0
2	1440.0
3	1092.0
4	1214.0
5	1084.0
6	1188.0
7	1168.0
8	1186.0
9	1304.0
10	1496.0
11	1196.0
12	1192.0
13	1160.0
14	1376.0
15	1272.0
16	1280.0
17	980.0
18	1468.0
19	1222.0
20	1596.0
21	1170.0
22	1064.0
23	1396.0
24	1284.0
25	1196.0
26	1696.0
27	1240.0
28	1132.0
29	1140.0
30	1108.0
31	1180.0
32	1120.0
33	1208.0
34	1358.0
35	1172.0
36	1304.0
37	1388.0
38	1244.0
39	1156.0
40	1290.0
41	1428.0
42	1444.0
43	1036.0
44	1116.0
45	1264.0
46	1276.0
47	1220.0
48	1160.0
49	1240.0
50	1412.0
51	1452.0
52	1392.0
53	1256.0
54	1492.0
55	1392.0
56	1464.0
57	1260.0
58	1140.0
59	1368.0
60	1212.0
61	1332.0
62	1326.0
63	1200.0
64	1232.0
65	1060.0
66	1140.0
67	1480.0
68	1396.0
69	1198.0
70	1380.0
71	1284.0
72	1124.0
73	1236.0
74	1412.0
75	1164.0
76	1292.0
77	1360.0
78	1344.0
79	1260.0
80	1336.0
81	1252.0
82	1264.0
83	1180.0
84	1272.0
85	1272.0
86	1244.0
87	1292.0
88	1392.0
89	1292.0
90	1212.0
91	1344.0
92	1352.0
93	1264.0
94	1256.0
95	1216.0
96	1328.0
97	1188.0
98	1216.0
99	1224.0
100	1276.0
101	1240.0
102	1264.0
103	1292.0
104	1196.0
105	1356.0
106	1232.0
107	1392.0
108	1204.0
109	1400.0
110	1200.0
111	1336.0
112	1260.0
113	1108.0
114	1320.0
115	1524.0
116	1208.0
117	1488.0
118	1364.0
119	1232.0
120	1312.0
121	1292.0
122	1472.0
123	1120.0
124	1460.0
125	1228.0
126	1448.0
127	1100.0
128	1324.0
129	1228.0
130	1264.0
131	1332.0
132	1320.0
133	1244.0
134	1238.0
135	1348.0
136	1292.0
137	1336.0
138	1124.0
139	1244.0
140	1304.0
141	1412.0
142	1288.0
143	1248.0
144	1164.0
145	1276.0
146	1436.0
147	988.0
148	1540.0
149	1064.0
150	1212.0
151	1292.0
152	1180.0
153	1224.0
154	1196.0
155	1132.0
156	1356.0
157	1340.0
158	1184.0
159	1152.0
160	1312.0
161	1168.0
162	1340.0
163	1560.0
164	1296.0
165	1340.0
166	1276.0
167	1020.0
168	1050.0
169	1284.0
170	1296.0
171	1136.0
172	1216.0
173	1170.0
174	1412.0
175	1192.0
176	1360.0
177	1160.0
178	1396.0
179	1360.0
180	1204.0
181	1256.0
182	1260.0
183	1248.0
184	1320.0
185	1348.0
186	1168.0
187	1284.0
188	1224.0
189	1312.0
190	1244.0
191	1112.0
192	1316.0
193	1140.0
194	1300.0
195	1240.0
196	1220.0
197	1068.0
198	1380.0
199	1392.0
200	1160.0
201	1604.0
202	1388.0
203	964.0
204	1204.0
205	1268.0
206	1372.0
207	1332.0
208	1200.0
209	1324.0
210	1320.0
211	1496.0
212	1208.0
213	1388.0
214	1152.0
215	1120.0
216	1140.0
217	1318.0
218	1400.0
219	1420.0
220	1312.0
221	1416.0
222	1076.0
223	1180.0
224	1260.0
225	1260.0
226	1416.0
227	1384.0
228	1272.0
229	1332.0
230	1104.0
231	1324.0
232	1284.0
233	1514.0
234	1252.0
235	1404.0
236	1320.0
237	1116.0
238	1604.0
239	1300.0
240	1306.0
241	1166.0
242	1252.0
243	1464.0
244	1348.0
245	1050.0
246	1460.0
247	1084.0
248	1416.0
249	1224.0
250	1420.0
251	1268.0
252	1184.0
253	1544.0
254	1244.0
255	1284.0
256	1208.0
257	1264.0
258	1284.0
259	1278.0
260	1420.0
261	1284.0
262	1268.0
263	1236.0
264	1308.0
265	1132.0
266	1156.0
267	1324.0
268	1208.0
269	1268.0
270	1040.0
271	1144.0
272	1452.0
273	1196.0
274	1140.0
275	1228.0
276	1404.0
277	1458.0
278	1224.0
279	1328.0
280	1420.0
281	976.0
282	1124.0
283	1154.0
284	1232.0
285	1280.0
286	1336.0
287	1332.0
288	1228.0
289	1232.0
290	1160.0
291	1192.0
292	1330.0
293	1304.0
294	1316.0
295	1356.0
296	1256.0
297	1188.0
298	1164.0
299	1412.0
300	1220.0
301	1156.0
302	1512.0
303	1320.0
304	1372.0
305	1164.0
306	1292.0
307	1304.0
308	1244.0
309	1408.0
310	1492.0
311	1428.0
312	1160.0
313	1332.0
314	1088.0
315	1136.0
316	1180.0
317	1292.0
318	1272.0
319	1356.0
320	1302.0
321	1108.0
322	1296.0
323	1204.0
324	1348.0
325	1204.0
326	1228.0
327	1188.0
328	1200.0
329	1080.0
330	1276.0
331	1216.0
332	1264.0
333	1056.0
334	1196.0
335	1316.0
336	1300.0
337	1352.0
338	1186.0
339	1052.0
340	1060.0
341	1188.0
342	1300.0
343	1316.0
344	1208.0
345	1232.0
346	1152.0
347	1344.0
348	1476.0
349	1448.0
350	1232.0
351	1248.0
352	1074.0
353	1368.0
354	1240.0
355	1350.0
356	1042.0
357	1172.0
358	1000.0
359	1184.0
360	1344.0
361	1152.0
362	1252.0
363	1068.0
364	1180.0
365	1264.0
366	1628.0
367	1236.0
368	1168.0
369	1252.0
370	1272.0
371	1356.0
372	1248.0
373	1248.0
374	1408.0
375	1144.0
376	1088.0
377	1156.0
378	1264.0
379	1320.0
380	1492.0
381	1176.0
382	1404.0
383	1296.0
384	1344.0
385	1388.0
386	1444.0
387	1408.0
388	1404.0
389	1276.0
390	1188.0
391	1200.0
392	1304.0
393	1364.0
394	1264.0
395	1364.0
396	1076.0
397	1312.0
398	1252.0
399	1060.0
400	1172.0
401	1252.0
402	1342.0
403	1276.0
404	1400.0
405	1144.0
406	1168.0
407	1124.0
408	1166.0
409	1208.0
410	1416.0
411	1372.0
412	1364.0
413	1516.0
414	1140.0
415	1244.0
416	1320.0
417	1120.0
418	1152.0
419	1248.0
420	1228.0
421	1304.0
422	1272.0
423	1440.0
424	1232.0
425	1224.0
426	1316.0
427	1296.0
428	1224.0
429	1300.0
430	1376.0
431	1444.0
432	1124.0
433	1244.0
434	1268.0
435	1436.0
436	1440.0
437	1234.0
438	1306.0
439	1388.0
440	1284.0
441	1148.0
442	1010.0
443	1076.0
444	1240.0
445	1324.0
446	1340.0
447	1092.0
448	1156.0
449	1128.0
450	1164.0
451	1152.0
452	1276.0
453	1388.0
454	1308.0
455	1274.0
456	1064.0
457	1192.0
458	1256.0
459	1280.0
460	1164.0
461	1252.0
462	1112.0
463	1432.0
464	1436.0
465	1096.0
466	1304.0
467	1100.0
468	1056.0
469	1246.0
470	1040.0
471	1384.0
472	1044.0
473	1280.0
474	1176.0
475	1236.0
476	1260.0
477	1364.0
478	1148.0
479	1272.0
480	1380.0
481	956.0
482	1256.0
483	1068.0
484	1092.0
485	1276.0
486	1232.0
487	1360.0
488	1144.0
489	1140.0
490	1208.0
491	1220.0
492	1260.0
493	1156.0
494	1396.0
495	1288.0
496	1212.0
497	1380.0
498	1136.0
499	1404.0
500	1208.0
501	1370.0
502	1344.0
503	1176.0
504	1220.0
505	1116.0
506	1152.0
507	1344.0
508	1556.0
509	1288.0
510	1220.0
511	1248.0
512	1360.0
513	1388.0
514	1312.0
515	1012.0
516	940.0
517	1188.0
518	1074.0
519	1364.0
520	1472.0
521	1208.0
522	1188.0
523	1308.0
524	1324.0
525	1228.0
526	1368.0
527	1316.0
528	1396.0
529	1196.0
530	1400.0
531	1228.0
532	1300.0
533	1144.0
534	1396.0
535	1452.0
536	1280.0
537	1248.0
538	1130.0
539	1048.0
540	1420.0
541	1200.0
542	1136.0
543	1356.0
544	1176.0
545	1172.0
546	1120.0
547	1228.0
548	1320.0
549	1236.0
550	1036.0
551	1148.0
552	1368.0
553	1148.0
554	1220.0
555	1128.0
556	1468.0
557	1378.0
558	1392.0
559	1320.0
560	1252.0
561	1392.0
562	1164.0
563	1128.0
564	1284.0
565	1074.0
566	1152.0
567	1292.0
568	1376.0
569	1244.0
570	1328.0
571	1244.0
572	1302.0
573	1300.0
574	1112.0
575	1124.0
576	1244.0
577	1188.0
578	1232.0
579	1160.0
580	1172.0
581	1268.0
582	1328.0
583	1112.0
584	1216.0
585	1080.0
586	1380.0
587	1244.0
588	1244.0
589	1312.0
590	1300.0
591	1356.0
592	1080.0
593	1284.0
594	1240.0
595	1248.0
596	1216.0
597	1272.0
598	1092.0
599	1216.0
600	1400.0
601	1364.0
602	1504.0
603	1326.0
604	1228.0
605	1076.0
606	1190.0
607	1392.0
608	1152.0
609	1268.0
610	1232.0
611	1104.0
612	1424.0
613	1304.0
614	1084.0
615	1396.0
616	1144.0
617	1384.0
618	1468.0
619	1404.0
620	1150.0
621	1208.0
622	1424.0
623	1372.0
624	1080.0
625	1180.0
626	1080.0
627	1396.0
628	1280.0
629	1228.0
630	1388.0
631	1084.0
632	1320.0
633	1248.0
634	1284.0
635	1088.0
636	1276.0
637	1276.0
638	1336.0
639	1136.0
640	1258.0
641	1432.0
642	1444.0
643	1252.0
644	1262.0
645	1080.0
646	1280.0
647	1336.0
648	1204.0
649	1228.0
650	1296.0
651	1192.0
652	1288.0
653	1086.0
654	1304.0
655	1068.0
656	1472.0
657	1428.0
658	1320.0
659	1384.0
660	1308.0
661	1216.0
662	1344.0
663	1260.0
664	1180.0
665	1264.0
666	1352.0
667	1060.0
668	1228.0
669	1144.0
670	1304.0
671	1252.0
672	1236.0
673	1122.0
674	1316.0
675	1220.0
676	1296.0
677	1176.0
678	1322.0
679	1168.0
680	1232.0
681	1276.0
682	1188.0
683	1196.0
684	1488.0
685	1092.0
686	1288.0
687	1228.0
688	1268.0
689	1494.0
690	1306.0
691	1440.0
692	1316.0
693	1228.0
694	1396.0
695	1328.0
696	940.0
697	1360.0
698	1166.0
699	1328.0
700	1132.0
701	1252.0
702	1092.0
703	1168.0
704	1344.0
705	1292.0
706	1348.0
707	1312.0
708	1140.0
709	1186.0
710	1328.0
711	1278.0
712	1236.0
713	1064.0
714	1140.0
715	1244.0
716	1186.0
717	1280.0
718	1236.0
719	1236.0
720	1220.0
721	1100.0
722	1128.0
723	1244.0
724	1200.0
725	1256.0
726	1252.0
727	1096.0
728	1172.0
729	1324.0
730	1068.0
731	1344.0
732	1148.0
733	1244.0
734	1180.0
735	1164.0
736	1104.0
737	1174.0
738	1130.0
739	1328.0
740	1436.0
741	948.0
742	1358.0
743	1320.0
744	1252.0
745	1212.0
746	1168.0
747	1344.0
748	1200.0
749	1192.0
750	1288.0
751	1168.0
752	1052.0
753	1236.0
754	1484.0
755	1408.0
756	1284.0
757	1324.0
758	1364.0
759	1184.0
760	1324.0
761	1436.0
762	1364.0
763	1232.0
764	1468.0
765	1320.0
766	1392.0
767	1328.0
768	1296.0
769	1060.0
770	1536.0
771	1444.0
772	1160.0
773	1420.0
774	1356.0
775	1324.0
776	1236.0
777	1124.0
778	1264.0
779	1300.0
780	1220.0
781	1272.0
782	1120.0
783	1220.0
784	1364.0
785	1336.0
786	1264.0
787	1290.0
788	1164.0
789	1404.0
790	1084.0
791	1116.0
792	1436.0
793	1412.0
794	1200.0
795	1168.0
796	1184.0
797	1420.0
798	1288.0
799	1276.0
800	1212.0
801	1148.0
802	1064.0
803	1104.0
804	1328.0
805	1248.0
806	1304.0
807	1384.0
808	1192.0
809	1132.0
810	1108.0
811	1204.0
812	1172.0
813	1060.0
814	1220.0
815	1340.0
816	1452.0
817	1232.0
818	1372.0
819	1360.0
820	1424.0
821	1192.0
822	1168.0
823	1296.0
824	1220.0
825	1424.0
826	1140.0
827	1148.0
828	1356.0
829	988.0
830	1160.0
831	1124.0
832	1380.0
833	1108.0
834	1180.0
835	1214.0
836	1084.0
837	1216.0
838	1260.0
839	1224.0
840	1360.0
841	1380.0
842	1176.0
843	1200.0
844	1396.0
845	1192.0
846	1352.0
847	1164.0
848	1300.0
849	1248.0
850	1040.0
851	1084.0
852	1348.0
853	1268.0
854	986.0
855	1380.0
856	1020.0
857	1272.0
858	1396.0
859	1122.0
860	1172.0
861	1176.0
862	1184.0
863	1136.0
864	1472.0
865	1348.0
866	1272.0
867	1148.0
868	1336.0
869	1284.0
870	1172.0
871	1116.0
872	1252.0
873	1228.0
874	1108.0
875	1076.0
876	1146.0
877	1300.0
878	1028.0
879	1132.0
880	1260.0
881	1370.0
882	1052.0
883	1268.0
884	1306.0
885	1180.0
886	1340.0
887	1268.0
888	1064.0
889	1268.0
890	1212.0
891	1152.0
892	1272.0
893	1106.0
894	1228.0
895	1060.0
896	1422.0
897	1152.0
898	954.0
899	1276.0
900	1332.0
901	1496.0
902	1204.0
903	1276.0
904	1440.0
905	1332.0
906	992.0
907	1360.0
908	1258.0
909	1372.0
910	1224.0
911	1236.0
912	1392.0
913	1120.0
914	1042.0
915	1252.0
916	1178.0
917	1336.0
918	1400.0
919	1364.0
920	1128.0
921	1312.0
922	1064.0
923	1332.0
924	1268.0
925	1364.0
926	1196.0
927	1392.0
928	1224.0
929	1400.0
930	1372.0
931	1212.0
932	1488.0
933	1100.0
934	1160.0
935	1244.0
936	1016.0
937	1396.0
938	1216.0
939	1128.0
940	1332.0
941	1316.0
942	1260.0
943	1304.0
944	1192.0
945	1184.0
946	1344.0
947	1356.0
948	1168.0
949	1120.0
950	1128.0
951	1364.0
952	1108.0
953	1320.0
954	1084.0
955	1188.0
956	1056.0
957	1300.0
958	1372.0
959	1060.0
960	1448.0
961	1384.0
962	1164.0
963	1524.0
964	1114.0
965	1280.0
966	1240.0
967	1264.0
968	1464.0
969	1244.0
970	1136.0
971	1144.0
972	1092.0
973	1212.0
974	1244.0
975	1226.0
976	1276.0
977	1244.0
978	1216.0
979	1256.0
980	1162.0
981	1156.0
982	1256.0
983	1316.0
984	1188.0
985	1328.0
986	1228.0
987	1080.0
988	1296.0
989	1184.0
990	1212.0
991	1108.0
992	1272.0
993	1280.0
994	1304.0
995	1212.0
996	1176.0
997	1368.0
998	1220.0
999	1232.0
1000	1388.0
1001	1280.0
1002	1306.0
1003	1464.0
1004	1108.0
1005	1272.0
1006	1266.0
1007	1304.0
1008	1272.0
1009	1280.0
1010	1172.0
1011	1204.0
1012	1284.0
1013	1372.0
1014	1292.0
1015	1080.0
1016	1216.0
1017	1296.0
1018	936.0
1019	1464.0
1020	1176.0
1021	1340.0
1022	1124.0
1023	1408.0
1024	1128.0
1025	1352.0
1026	1212.0
1027	1384.0
1028	1212.0
1029	1200.0
1030	1364.0
1031	1376.0
1032	1340.0
1033	1320.0
1034	1264.0
1035	1308.0
1036	866.0
1037	1052.0
1038	1152.0
1039	1124.0
1040	1284.0
1041	1180.0
1042	1288.0
1043	1256.0
1044	1028.0
1045	1196.0
1046	1136.0
1047	1424.0
1048	1104.0
1049	1284.0
1050	1200.0
1051	1312.0
1052	1152.0
1053	1156.0
1054	1292.0
1055	1304.0
1056	1036.0
1057	1296.0
1058	1136.0
1059	1420.0
1060	1458.0
1061	1260.0
1062	1268.0
1063	1208.0
1064	1152.0
1065	1292.0
1066	1148.0
1067	1064.0
1068	1424.0
1069	1184.0
1070	1422.0
1071	1108.0
1072	1204.0
1073	1380.0
1074	932.0
1075	1172.0
1076	1176.0
1077	1216.0
1078	988.0
1079	1372.0
1080	1020.0
1081	1156.0
1082	1148.0
1083	1260.0
1084	1188.0
1085	1180.0
1086	1376.0
1087	1284.0
1088	1214.0
1089	1232.0
1090	1324.0
1091	1106.0
1092	1122.0
1093	1128.0
1094	1408.0
1095	1126.0
1096	1116.0
1097	1300.0
1098	1236.0
1099	1236.0
1100	1220.0
1101	1328.0
1102	1368.0
1103	1348.0
1104	1232.0
1105	1284.0
1106	1224.0
1107	1284.0
1108	1256.0
1109	1248.0
1110	1048.0
1111	1088.0
1112	1306.0
1113	1060.0
1114	1400.0
1115	1172.0
1116	1024.0
1117	1292.0
1118	1240.0
1119	1264.0
1120	1236.0
1121	1244.0
1122	1308.0
1123	1312.0
1124	1356.0
1125	1000.0
1126	1108.0
1127	1300.0
1128	1234.0
1129	1292.0
1130	1208.0
1131	1352.0
1132	1100.0
1133	1206.0
1134	1068.0
1135	1184.0
1136	1132.0
1137	950.0
1138	924.0
1139	1440.0
1140	984.0
1141	1316.0
1142	1456.0
1143	1232.0
1144	1204.0
1145	1232.0
1146	1268.0
1147	1236.0
1148	1256.0
1149	1312.0
1150	1244.0
1151	1084.0
1152	1272.0
1153	1108.0
1154	1156.0
1155	994.0
1156	1016.0
1157	1136.0
1158	1252.0
1159	1168.0
1160	1178.0
1161	1212.0
1162	1168.0
1163	1408.0
1164	1340.0
1165	1302.0
1166	1300.0
1167	1132.0
1168	1176.0
1169	1160.0
1170	1356.0
1171	1344.0
1172	1396.0
1173	1148.0
1174	1196.0
1175	1272.0
1176	1128.0
1177	1064.0
1178	1320.0
1179	1424.0
1180	1144.0
1181	1276.0
1182	1096.0
1183	1328.0
1184	1340.0
1185	1248.0
1186	1104.0
1187	1236.0
1188	1068.0
1189	1148.0
1190	980.0
1191	1152.0
1192	1464.0
1193	1408.0
1194	1356.0
1195	1212.0
1196	1328.0
1197	1184.0
1198	1092.0
1199	1244.0
1200	1312.0
1201	1316.0
1202	1112.0
1203	1198.0
1204	1136.0
1205	960.0
1206	1180.0
1207	1212.0
1208	1208.0
1209	1216.0
1210	1136.0
1211	1108.0
1212	1140.0
1213	1256.0
1214	980.0
1215	1116.0
1216	1120.0
1217	1180.0
1218	1216.0
1219	1164.0
1220	1296.0
1221	1256.0
1222	1420.0
1223	1264.0
1224	1132.0
1225	1072.0
1226	1356.0
1227	1324.0
1228	1200.0
1229	1184.0
1230	1228.0
1231	952.0
1232	1164.0
1233	1240.0
1234	1426.0
1235	1128.0
1236	1236.0
1237	1180.0
1238	1164.0
1239	1024.0
1240	1048.0
1241	1352.0
1242	1444.0
1243	1324.0
1244	1376.0
1245	1234.0
1246	1272.0
1247	1448.0
1248	1440.0
1249	1192.0
1250	1116.0
1251	1236.0
1252	1244.0
1253	1180.0
1254	908.0
1255	1140.0
1256	968.0
1257	1108.0
1258	1004.0
1259	880.0
1260	1096.0
1261	1232.0
1262	1236.0
1263	1120.0
1264	1148.0
1265	1026.0
1266	936.0
1267	1168.0
1268	1272.0
1269	1234.0
1270	1372.0
1271	1042.0
1272	1160.0
1273	1228.0
1274	1228.0
1275	1396.0
1276	1268.0
1277	1128.0
1278	1092.0
1279	1156.0
1280	1176.0
1281	1200.0
1282	1140.0
1283	1164.0
1284	1328.0
1285	1300.0
1286	1260.0
1287	1272.0
1288	1328.0
1289	1004.0
1290	1260.0
1291	1132.0
1292	1136.0
1293	1340.0
1294	998.0
1295	1212.0
1296	1312.0
1297	1288.0
1298	1456.0
1299	1276.0
1300	1280.0
1301	1096.0
1302	1092.0
1303	1152.0
1304	1224.0
1305	1180.0
1306	1108.0
1307	1158.0
1308	1086.0
1309	1072.0
1310	1488.0
1311	1140.0
1312	1228.0
1313	1132.0
1314	1072.0
1315	938.0
1316	932.0
1317	1188.0
1318	1048.0
1319	1060.0
1320	1176.0
1321	1212.0
1322	1064.0
1323	1240.0
1324	1216.0
1325	1132.0
1326	1128.0
1327	1112.0
1328	1160.0
1329	1304.0
1330	1126.0
1331	1092.0
1332	1068.0
1333	1080.0
1334	1444.0
1335	1348.0
1336	1106.0
1337	1224.0
1338	1080.0
1339	1220.0
1340	1068.0
1341	1204.0
1342	1112.0
1343	982.0
1344	1184.0
1345	1342.0
1346	1224.0
1347	1096.0
1348	988.0
1349	1192.0
1350	1220.0
1351	1156.0
1352	1228.0
1353	1188.0
1354	1056.0
1355	1132.0
1356	1090.0
1357	1356.0
1358	1360.0
1359	1220.0
1360	988.0
1361	1046.0
1362	1208.0
1363	1054.0
1364	1116.0
1365	1256.0
1366	1088.0
1367	1284.0
1368	1248.0
1369	1270.0
1370	1136.0
1371	1018.0
1372	1124.0
1373	1062.0
1374	1048.0
1375	1264.0
1376	1412.0
1377	1256.0
1378	1116.0
1379	1328.0
1380	1048.0
1381	1224.0
1382	1272.0
1383	1140.0
1384	1104.0
1385	1416.0
1386	1068.0
1387	1144.0
1388	1112.0
1389	1264.0
1390	1368.0
1391	1364.0
1392	1212.0
1393	1336.0
1394	972.0
1395	1204.0
1396	1272.0
1397	1208.0
1398	1096.0
1399	1280.0
1400	1358.0
1401	1320.0
1402	1336.0
1403	1028.0
1404	1112.0
1405	960.0
1406	1324.0
1407	1036.0
1408	1208.0
1409	1268.0
1410	1240.0
1411	1356.0
1412	1380.0
1413	1252.0
1414	1152.0
1415	1328.0
1416	1172.0
1417	1076.0
1418	1376.0
1419	1088.0
1420	1228.0
1421	1248.0
1422	1104.0
1423	1480.0
1424	1060.0
1425	1172.0
1426	1300.0
1427	1144.0
1428	1380.0
1429	1080.0
1430	1124.0
1431	1232.0
1432	1200.0
1433	1204.0
1434	1256.0
1435	1136.0
1436	1208.0
1437	1166.0
1438	1084.0
1439	1052.0
1440	1368.0
1441	1324.0
1442	1326.0
1443	1144.0
1444	1228.0
1445	1212.0
1446	1180.0
1447	1256.0
1448	1348.0
1449	1268.0
1450	1110.0
1451	1180.0
1452	1276.0
1453	1060.0
1454	1264.0
1455	1280.0
1456	1380.0
1457	1360.0
1458	1364.0
1459	1260.0
1460	1252.0
1461	1376.0
1462	1156.0
1463	1324.0
1464	1356.0
1465	1178.0
1466	1176.0
1467	1216.0
1468	1020.0
1469	1260.0
1470	1108.0
1471	888.0
1472	1044.0
1473	1196.0
1474	842.0
1475	1156.0
1476	1252.0
1477	1308.0
1478	1052.0
1479	1284.0
1480	1196.0
1481	1108.0
1482	1204.0
1483	1406.0
1484	1148.0
1485	912.0
1486	1380.0
1487	1144.0
1488	1048.0
1489	950.0
1490	1200.0
1491	1096.0
1492	1264.0
1493	1216.0
1494	1432.0
1495	932.0
1496	1204.0
1497	1010.0
1498	1244.0
1499	1136.0
1500	1032.0
1501	1316.0
1502	1168.0
1503	1260.0
1504	1182.0
1505	1160.0
1506	776.0
1507	1316.0
1508	1372.0
1509	1164.0
1510	920.0
1511	1188.0
1512	1028.0
1513	1236.0
1514	1050.0
1515	1228.0
1516	1368.0
1517	964.0
1518	1304.0
1519	1124.0
1520	1320.0
1521	1192.0
1522	1296.0
1523	1192.0
1524	1244.0
1525	1134.0
1526	1256.0
1527	1176.0
1528	1284.0
1529	1076.0
1530	970.0
1531	1128.0
1532	1260.0
1533	1218.0
1534	1200.0
1535	1252.0
1536	1272.0
1537	1124.0
1538	1236.0
1539	1244.0
1540	1310.0
1541	1086.0
1542	1028.0
1543	1096.0
1544	1400.0
1545	1210.0
1546	1236.0
1547	1152.0
1548	1166.0
1549	1084.0
1550	1200.0
1551	1216.0
1552	1240.0
1553	1372.0
1554	1072.0
1555	1364.0
1556	1288.0
1557	1272.0
1558	1294.0
1559	1068.0
1560	1004.0
1561	1160.0
1562	1092.0
1563	1136.0
1564	1108.0
1565	1232.0
1566	1248.0
1567	1176.0
1568	1180.0
1569	1148.0
1570	1228.0
1571	1244.0
1572	1228.0
1573	1126.0
1574	1276.0
1575	1132.0
1576	1076.0
1577	1156.0
1578	1032.0
1579	1038.0
1580	1188.0
1581	996.0
1582	1128.0
1583	1148.0
1584	1040.0
1585	1184.0
1586	1380.0
1587	1344.0
1588	1118.0
1589	1084.0
1590	1232.0
1591	1204.0
1592	1188.0
1593	808.0
1594	1368.0
1595	1196.0
1596	1112.0
1597	1124.0
1598	1402.0
1599	1160.0
1600	1132.0
1601	1200.0
1602	976.0
1603	1054.0
1604	1084.0
1605	1160.0
1606	1010.0
1607	1112.0
1608	1104.0
1609	1108.0
1610	1048.0
1611	1036.0
1612	1152.0
1613	1312.0
1614	1264.0
1615	1040.0
1616	1160.0
1617	1088.0
1618	836.0
1619	888.0
1620	1316.0
1621	1132.0
1622	1074.0
1623	1140.0
1624	1276.0
1625	1156.0
1626	1066.0
1627	1280.0
1628	1038.0
1629	1052.0
1630	1140.0
1631	1204.0
1632	1052.0
1633	1116.0
1634	1132.0
1635	1036.0
1636	1236.0
1637	1110.0
1638	1296.0
1639	1102.0
1640	1180.0
1641	1064.0
1642	1132.0
1643	1184.0
1644	1156.0
1645	1028.0
1646	1068.0
1647	1124.0
1648	1156.0
1649	932.0
1650	1072.0
1651	1228.0
1652	1056.0
1653	916.0
1654	948.0
1655	946.0
1656	892.0
1657	1012.0
1658	1010.0
1659	1110.0
1660	1080.0
1661	1004.0
1662	1112.0
1663	1188.0
1664	1256.0
1665	1236.0
1666	1090.0
1667	1140.0
1668	1044.0
1669	1340.0
1670	1144.0
1671	1412.0
1672	1140.0
1673	1168.0
1674	1176.0
1675	1066.0
1676	1156.0
1677	1112.0
1678	992.0
1679	992.0
1680	1224.0
1681	1010.0
1682	1116.0
1683	1140.0
1684	1004.0
1685	1220.0
1686	1152.0
1687	1084.0
1688	1140.0
1689	908.0
1690	1018.0
1691	1092.0
1692	992.0
1693	1064.0
1694	1094.0
1695	892.0
1696	1104.0
1697	956.0
1698	1244.0
1699	1128.0
1700	1176.0
1701	712.0
1702	956.0
1703	1032.0
1704	1116.0
1705	868.0
1706	1160.0
1707	1172.0
1708	1068.0
1709	1092.0
1710	1148.0
1711	1132.0
1712	1020.0
1713	1212.0
1714	1224.0
1715	1188.0
1716	1292.0
1717	1120.0
1718	1014.0
1719	964.0
1720	1040.0
1721	948.0
1722	1084.0
1723	812.0
1724	1068.0
1725	964.0
1726	1024.0
1727	1008.0
1728	1116.0
1729	1028.0
1730	1168.0
1731	1124.0
1732	1112.0
1733	1132.0
1734	1000.0
1735	1104.0
1736	1200.0
1737	994.0
1738	1036.0
1739	1020.0
1740	952.0
1741	1072.0
1742	1100.0
1743	962.0
1744	1290.0
1745	1096.0
1746	1044.0
1747	1072.0
1748	1160.0
1749	1212.0
1750	1120.0
1751	1028.0
1752	1176.0
1753	980.0
1754	968.0
1755	1176.0
1756	1002.0
1757	1068.0
1758	996.0
1759	1264.0
1760	1016.0
1761	896.0
1762	996.0
1763	1216.0
1764	1072.0
1765	908.0
1766	1184.0
1767	924.0
1768	1228.0
1769	1084.0
1770	1180.0
1771	1110.0
1772	948.0
1773	1068.0
1774	964.0
1775	1200.0
1776	1014.0
1777	1084.0
1778	932.0
1779	1030.0
1780	936.0
1781	824.0
1782	1320.0
1783	1050.0
1784	856.0
1785	1220.0
1786	1104.0
1787	844.0
1788	1022.0
1789	912.0
1790	960.0
1791	1024.0
1792	936.0
1793	1060.0
1794	908.0
1795	900.0
1796	1052.0
1797	994.0
1798	892.0
1799	1024.0
1800	1124.0
1801	1212.0
1802	980.0
1803	1164.0
1804	1320.0
1805	1148.0
1806	1076.0
1807	1020.0
1808	972.0
1809	964.0
1810	1148.0
1811	1028.0
1812	1112.0
1813	1144.0
1814	1230.0
1815	1260.0
1816	1182.0
1817	1016.0
1818	1132.0
1819	1160.0
1820	920.0
1821	1132.0
1822	1016.0
1823	1060.0
1824	1100.0
1825	1056.0
1826	1124.0
1827	996.0
1828	962.0
1829	1296.0
1830	972.0
1831	1260.0
1832	980.0
1833	988.0
1834	822.0
1835	990.0
1836	1016.0
1837	1148.0
1838	964.0
1839	1132.0
1840	1104.0
1841	1114.0
1842	1094.0
1843	1172.0
1844	968.0
1845	1104.0
1846	1016.0
1847	984.0
1848	956.0
1849	1072.0
1850	1000.0
1851	948.0
1852	918.0
1853	946.0
1854	918.0
1855	952.0
1856	998.0
1857	1052.0
1858	1100.0
1859	916.0
1860	1196.0
1861	1046.0
1862	1292.0
1863	1072.0
1864	920.0
1865	1016.0
1866	1252.0
1867	940.0
1868	1160.0
1869	1152.0
1870	1176.0
1871	1234.0
1872	892.0
1873	1142.0
1874	1068.0
1875	1052.0
1876	972.0
1877	924.0
1878	956.0
1879	882.0
1880	984.0
1881	966.0
1882	1092.0
1883	992.0
1884	1028.0
1885	1200.0
1886	1228.0
1887	1044.0
1888	980.0
1889	964.0
1890	1016.0
1891	1024.0
1892	976.0
1893	1116.0
1894	1018.0
1895	1116.0
1896	992.0
1897	1120.0
1898	920.0
1899	1072.0
1900	1148.0
1901	836.0
1902	896.0
1903	1156.0
1904	1140.0
1905	988.0
1906	1028.0
1907	904.0
1908	1056.0
1909	1002.0
1910	828.0
1911	1068.0
1912	1196.0
1913	980.0
1914	904.0
1915	1100.0
1916	1282.0
1917	1236.0
1918	1012.0
1919	1232.0
1920	1004.0
1921	1228.0
1922	1002.0
1923	774.0
1924	884.0
1925	1048.0
1926	916.0
1927	1156.0
1928	1056.0
1929	1108.0
1930	1096.0
1931	924.0
1932	1056.0
1933	1184.0
1934	1220.0
1935	992.0
1936	892.0
1937	964.0
1938	1100.0
1939	1106.0
1940	874.0
1941	1044.0
1942	916.0
1943	1232.0
1944	1040.0
1945	974.0
1946	1168.0
1947	864.0
1948	1258.0
1949	1082.0
1950	932.0
1951	940.0
1952	1004.0
1953	1060.0
1954	942.0
1955	1108.0
1956	976.0
1957	964.0
1958	916.0
1959	1082.0
1960	1056.0
1961	1024.0
1962	1148.0
1963	1018.0
1964	1348.0
1965	940.0
1966	1160.0
1967	1138.0
1968	964.0
1969	880.0
1970	1016.0
1971	1276.0
1972	1056.0
1973	1044.0
1974	1064.0
1975	996.0
1976	928.0
1977	1000.0
1978	1222.0
1979	936.0
1980	898.0
1981	952.0
1982	1132.0
1983	946.0
1984	952.0
1985	1232.0
1986	1012.0
1987	1006.0
1988	940.0
1989	836.0
1990	916.0
1991	1116.0
1992	1042.0
1993	1132.0
1994	1094.0
1995	1104.0
1996	834.0
1997	1272.0
1998	1032.0
1999	996.0
2000	856.0
2001	1006.0
2002	1112.0
2003	1094.0
2004	872.0
2005	890.0
2006	884.0
2007	1098.0
2008	1052.0
2009	1212.0
2010	1092.0
2011	1016.0
2012	1096.0
2013	1026.0
2014	956.0
2015	1020.0
2016	1096.0
2017	1012.0
2018	1096.0
2019	962.0
2020	1144.0
2021	932.0
2022	1024.0
2023	1104.0
2024	884.0
2025	1080.0
2026	988.0
2027	1000.0
2028	940.0
2029	868.0
2030	1088.0
2031	1064.0
2032	1100.0
2033	900.0
2034	904.0
2035	1112.0
2036	972.0
2037	1016.0
2038	828.0
2039	994.0
2040	1084.0
2041	1002.0
2042	876.0
2043	1068.0
2044	978.0
2045	1308.0
2046	856.0
2047	840.0
2048	996.0
2049	1178.0
2050	792.0
2051	1076.0
2052	1008.0
2053	1076.0
2054	988.0
2055	1206.0
2056	1076.0
2057	1152.0
2058	1116.0
2059	1020.0
2060	998.0
2061	1152.0
2062	996.0
2063	1110.0
2064	972.0
2065	874.0
2066	876.0
2067	1176.0
2068	988.0
2069	948.0
2070	880.0
2071	1108.0
2072	984.0
2073	1052.0
2074	920.0
2075	980.0
2076	1040.0
2077	800.0
2078	1092.0
2079	1012.0
2080	962.0
2081	1004.0
2082	1044.0
2083	908.0
2084	1148.0
2085	888.0
2086	936.0
2087	1056.0
2088	980.0
2089	1084.0
2090	824.0
2091	972.0
2092	1124.0
2093	1136.0
2094	968.0
2095	966.0
2096	844.0
2097	1096.0
2098	796.0
2099	948.0
2100	1084.0
2101	1072.0
2102	752.0
2103	988.0
2104	1016.0
2105	1056.0
2106	1252.0
2107	986.0
2108	964.0
2109	828.0
2110	852.0
2111	898.0
2112	942.0
2113	1108.0
2114	704.0
2115	1074.0
2116	896.0
2117	1242.0
2118	1192.0
2119	1196.0
2120	1036.0
2121	1108.0
2122	1188.0
2123	988.0
2124	1090.0
2125	832.0
2126	1160.0
2127	840.0
2128	1176.0
2129	926.0
2130	1034.0
2131	908.0
2132	880.0
2133	1136.0
2134	892.0
2135	900.0
2136	904.0
2137	904.0
2138	1008.0
2139	880.0
2140	1240.0
2141	912.0
2142	964.0
2143	1068.0
2144	830.0
2145	1132.0
2146	926.0
2147	956.0
2148	1080.0
2149	924.0
2150	1100.0
2151	758.0
2152	900.0
2153	1068.0
2154	980.0
2155	906.0
2156	1028.0
2157	840.0
2158	1192.0
2159	812.0
2160	1112.0
2161	962.0
2162	1340.0
2163	772.0
2164	880.0
2165	940.0
2166	1016.0
2167	896.0
2168	990.0
2169	966.0
2170	920.0
2171	1000.0
2172	1080.0
2173	1054.0
2174	966.0
2175	1016.0
2176	1116.0
2177	948.0
2178	786.0
2179	976.0
2180	928.0
2181	1038.0
2182	1124.0
2183	938.0
2184	1128.0
2185	1050.0
2186	796.0
2187	862.0
2188	1188.0
2189	1064.0
2190	1264.0
2191	1056.0
2192	874.0
2193	840.0
2194	1100.0
2195	992.0
2196	1036.0
2197	1088.0
2198	1072.0
2199	860.0
2200	1046.0
2201	848.0
2202	1058.0
2203	882.0
2204	992.0
2205	764.0
2206	1156.0
2207	1032.0
2208	916.0
2209	1052.0
2210	1056.0
2211	1184.0
2212	1156.0
2213	872.0
2214	1028.0
2215	1080.0
2216	992.0
2217	832.0
2218	932.0
2219	996.0
2220	1038.0
2221	1072.0
2222	930.0
2223	1068.0
2224	1112.0
2225	776.0
2226	952.0
2227	1128.0
2228	976.0
2229	1080.0
2230	968.0
2231	972.0
2232	990.0
2233	972.0
2234	872.0
2235	864.0
2236	826.0
2237	994.0
2238	1076.0
2239	920.0
2240	990.0
2241	1172.0
2242	948.0
2243	838.0
2244	1084.0
2245	970.0
2246	1004.0
2247	878.0
2248	1108.0
2249	724.0
2250	1124.0
2251	968.0
2252	1172.0
2253	840.0
2254	938.0
2255	822.0
2256	796.0
2257	868.0
2258	976.0
2259	1002.0
2260	1142.0
2261	1148.0
2262	900.0
2263	1120.0
2264	830.0
2265	660.0
2266	1092.0
2267	854.0
2268	992.0
2269	996.0
2270	920.0
2271	942.0
2272	836.0
2273	992.0
2274	824.0
2275	844.0
2276	870.0
2277	1014.0
2278	696.0
2279	994.0
2280	932.0
2281	916.0
2282	772.0
2283	1056.0
2284	884.0
2285	730.0
2286	1064.0
2287	880.0
2288	976.0
2289	936.0
2290	860.0
2291	960.0
2292	922.0
2293	996.0
2294	880.0
2295	1026.0
2296	924.0
2297	952.0
2298	940.0
2299	1100.0
2300	1056.0
2301	958.0
2302	804.0
2303	1136.0
2304	852.0
2305	976.0
2306	856.0
2307	1072.0
2308	972.0
2309	1168.0
2310	908.0
2311	828.0
2312	754.0
2313	930.0
2314	808.0
2315	1008.0
2316	1274.0
2317	1094.0
2318	956.0
2319	904.0
2320	1050.0
2321	872.0
2322	1108.0
2323	1080.0
2324	828.0
2325	880.0
2326	948.0
2327	1044.0
2328	1088.0
2329	1042.0
2330	698.0
2331	1112.0
2332	1056.0
2333	876.0
2334	1008.0
2335	916.0
2336	1154.0
2337	954.0
2338	1004.0
2339	848.0
2340	1024.0
2341	1072.0
2342	966.0
2343	912.0
2344	928.0
2345	976.0
2346	912.0
2347	1200.0
2348	978.0
2349	908.0
2350	1052.0
2351	1072.0
2352	876.0
2353	844.0
2354	984.0
2355	914.0
2356	904.0
2357	1164.0
2358	944.0
2359	876.0
2360	792.0
2361	882.0
2362	802.0
2363	904.0
2364	796.0
2365	996.0
2366	896.0
2367	926.0
2368	978.0
2369	760.0
2370	904.0
2371	856.0
2372	872.0
2373	824.0
2374	860.0
2375	938.0
2376	810.0
2377	1186.0
2378	812.0
2379	898.0
2380	898.0
2381	1028.0
2382	824.0
2383	984.0
2384	920.0
2385	752.0
2386	832.0
2387	1088.0
2388	892.0
2389	928.0
2390	876.0
2391	1050.0
2392	1048.0
2393	1104.0
2394	828.0
2395	916.0
2396	916.0
2397	988.0
2398	856.0
2399	1208.0
2400	674.0
2401	996.0
2402	1128.0
2403	1124.0
2404	830.0
2405	872.0
2406	784.0
2407	908.0
2408	912.0
2409	908.0
2410	980.0
2411	848.0
2412	1032.0
2413	1032.0
2414	950.0
2415	876.0
2416	820.0
2417	942.0
2418	1068.0
2419	1142.0
2420	1034.0
2421	878.0
2422	892.0
2423	1036.0
2424	696.0
2425	820.0
2426	696.0
2427	874.0
2428	1130.0
2429	986.0
2430	888.0
2431	1008.0
2432	896.0
2433	872.0
2434	848.0
2435	1078.0
2436	890.0
2437	986.0
2438	920.0
2439	672.0
2440	1084.0
2441	952.0
2442	1208.0
2443	992.0
2444	868.0
2445	1044.0
2446	796.0
2447	730.0
2448	836.0
2449	804.0
2450	976.0
2451	752.0
2452	916.0
2453	828.0
2454	952.0
2455	932.0
2456	964.0
2457	872.0
2458	916.0
2459	746.0
2460	854.0
2461	1030.0
2462	1034.0
2463	788.0
2464	794.0
2465	720.0
2466	820.0
2467	940.0
2468	942.0
2469	850.0
2470	956.0
2471	770.0
2472	848.0
2473	1112.0
2474	850.0
2475	644.0
2476	1180.0
2477	1058.0
2478	848.0
2479	904.0
2480	768.0
2481	794.0
2482	910.0
2483	926.0
2484	1006.0
2485	742.0
2486	1006.0
2487	844.0
2488	1076.0
2489	742.0
2490	864.0
2491	884.0
2492	796.0
2493	940.0
2494	1200.0
2495	972.0
2496	1046.0
2497	882.0
2498	852.0
2499	1056.0
2500	892.0
2501	852.0
2502	942.0
2503	824.0
2504	988.0
2505	792.0
2506	1018.0
2507	992.0
2508	940.0
2509	784.0
2510	888.0
2511	972.0
2512	880.0
2513	954.0
2514	972.0
2515	810.0
2516	1020.0
2517	948.0
2518	954.0
2519	976.0
2520	964.0
2521	798.0
2522	844.0
2523	822.0
2524	1074.0
2525	1040.0
2526	916.0
2527	1108.0
2528	840.0
2529	558.0
2530	940.0
2531	996.0
2532	754.0
2533	842.0
2534	1020.0
2535	952.0
2536	926.0
2537	1080.0
2538	784.0
2539	872.0
2540	910.0
2541	954.0
2542	1062.0
2543	996.0
2544	1244.0
2545	684.0
2546	916.0
2547	1116.0
2548	940.0
2549	872.0
2550	736.0
2551	1132.0
2552	1078.0
2553	906.0
2554	824.0
2555	1048.0
2556	1140.0
2557	1084.0
2558	898.0
2559	950.0
2560	932.0
2561	1192.0
2562	978.0
2563	1014.0
2564	1210.0
2565	818.0
2566	856.0
2567	840.0
2568	792.0
2569	856.0
2570	1004.0
2571	1060.0
2572	1018.0
2573	1104.0
2574	1052.0
2575	852.0
2576	1066.0
2577	1032.0
2578	1028.0
2579	812.0
2580	1220.0
2581	928.0
2582	902.0
2583	824.0
2584	1004.0
2585	1044.0
2586	1060.0
2587	924.0
2588	1042.0
2589	664.0
2590	984.0
2591	942.0
2592	874.0
2593	822.0
2594	1060.0
2595	1138.0
2596	1040.0
2597	1008.0
2598	1164.0
2599	926.0
2600	808.0
2601	920.0
2602	1092.0
2603	972.0
2604	872.0
2605	784.0
2606	1100.0
2607	922.0
2608	984.0
2609	1090.0
2610	732.0
2611	834.0
2612	942.0
2613	930.0
2614	974.0
2615	936.0
2616	1188.0
2617	988.0
2618	1098.0
2619	896.0
2620	964.0
2621	890.0
2622	932.0
2623	1020.0
2624	890.0
2625	916.0
2626	934.0
2627	1134.0
2628	964.0
2629	960.0
2630	884.0
2631	1080.0
2632	960.0
2633	1052.0
2634	860.0
2635	1224.0
2636	856.0
2637	882.0
2638	1044.0
2639	748.0
2640	900.0
2641	752.0
2642	1034.0
2643	852.0
2644	978.0
2645	832.0
2646	968.0
2647	850.0
2648	880.0
2649	870.0
2650	684.0
2651	876.0
2652	1056.0
2653	1036.0
2654	914.0
2655	1006.0
2656	972.0
2657	1120.0
2658	1034.0
2659	812.0
2660	934.0
2661	1258.0
2662	948.0
2663	948.0
2664	688.0
2665	876.0
2666	1016.0
2667	606.0
2668	736.0
2669	798.0
2670	1040.0
2671	718.0
2672	1000.0
2673	900.0
2674	864.0
2675	820.0
2676	866.0
2677	774.0
2678	992.0
2679	722.0
2680	998.0
2681	648.0
2682	920.0
2683	1012.0
2684	604.0
2685	1094.0
2686	744.0
2687	742.0
2688	1022.0
2689	1036.0
2690	876.0
2691	1036.0
2692	1144.0
2693	924.0
2694	872.0
2695	960.0
2696	786.0
2697	944.0
2698	996.0
2699	892.0
2700	772.0
2701	800.0
2702	872.0
2703	814.0
2704	854.0
2705	1058.0
2706	906.0
2707	1008.0
2708	862.0
2709	900.0
2710	852.0
2711	968.0
2712	796.0
2713	838.0
2714	980.0
2715	738.0
2716	978.0
2717	792.0
2718	898.0
2719	864.0
2720	818.0
2721	1084.0
2722	896.0
2723	1004.0
2724	876.0
2725	1080.0
2726	816.0
2727	866.0
2728	642.0
2729	816.0
2730	556.0
2731	952.0
2732	840.0
2733	742.0
2734	854.0
2735	1036.0
2736	760.0
2737	868.0
2738	866.0
2739	852.0
2740	602.0
2741	790.0
2742	898.0
2743	936.0
2744	904.0
2745	934.0
2746	838.0
2747	638.0
