0	408.0
1	332.0
2	356.0
3	304.0
4	396.0
5	300.0
6	356.0
7	280.0
8	296.0
9	272.0
10	324.0
11	292.0
12	332.0
13	284.0
14	348.0
15	364.0
16	276.0
17	228.0
18	272.0
19	292.0
20	264.0
21	364.0
22	256.0
23	372.0
24	280.0
25	244.0
26	260.0
27	216.0
28	236.0
29	272.0
30	276.0
31	208.0
32	192.0
33	184.0
34	160.0
35	80.0
36	136.0
37	212.0
38	212.0
39	216.0
40	176.0
41	168.0
42	224.0
43	200.0
44	208.0
45	248.0
46	204.0
47	284.0
48	304.0
49	308.0
50	276.0
51	216.0
52	264.0
53	292.0
54	320.0
55	200.0
56	216.0
57	248.0
58	336.0
59	300.0
60	256.0
61	296.0
62	312.0
63	308.0
64	256.0
65	268.0
66	376.0
67	268.0
68	276.0
69	304.0
70	340.0
71	264.0
72	308.0
73	236.0
74	256.0
75	316.0
76	324.0
77	308.0
78	228.0
79	268.0
80	312.0
81	256.0
82	260.0
83	300.0
84	336.0
85	300.0
86	300.0
87	320.0
88	388.0
89	472.0
90	360.0
91	376.0
92	392.0
93	328.0
94	264.0
95	228.0
96	316.0
97	320.0
98	344.0
99	348.0
100	336.0
101	352.0
102	352.0
103	268.0
104	340.0
105	352.0
106	400.0
107	296.0
108	324.0
109	344.0
110	228.0
111	348.0
112	272.0
113	360.0
114	368.0
115	324.0
116	340.0
117	236.0
118	316.0
119	380.0
120	372.0
121	332.0
122	300.0
123	268.0
124	312.0
125	384.0
126	292.0
127	328.0
128	360.0
129	356.0
130	312.0
131	324.0
132	232.0
133	304.0
134	256.0
135	316.0
136	268.0
137	316.0
138	252.0
139	368.0
140	360.0
141	324.0
142	272.0
143	336.0
144	348.0
145	336.0
146	208.0
147	348.0
148	324.0
149	280.0
150	296.0
151	264.0
152	288.0
153	180.0
154	220.0
155	188.0
156	152.0
157	228.0
158	124.0
159	136.0
160	240.0
161	172.0
162	172.0
163	284.0
164	288.0
165	272.0
166	264.0
167	288.0
168	232.0
169	372.0
170	320.0
171	320.0
172	300.0
173	304.0
174	320.0
175	324.0
176	316.0
177	308.0
178	272.0
179	336.0
180	292.0
181	304.0
182	308.0
183	272.0
184	304.0
185	244.0
186	236.0
187	272.0
188	340.0
189	216.0
190	260.0
191	244.0
192	364.0
193	380.0
194	348.0
195	312.0
196	376.0
197	356.0
198	332.0
199	428.0
200	388.0
201	376.0
202	388.0
203	388.0
204	368.0
205	236.0
206	268.0
207	320.0
208	384.0
209	368.0
210	408.0
211	320.0
212	316.0
213	332.0
214	372.0
215	392.0
216	300.0
217	408.0
218	264.0
219	396.0
220	324.0
221	300.0
222	288.0
223	296.0
224	300.0
225	236.0
226	384.0
227	388.0
228	372.0
229	392.0
230	368.0
231	416.0
232	332.0
233	340.0
234	312.0
235	300.0
236	344.0
237	320.0
238	340.0
239	380.0
240	356.0
241	400.0
242	288.0
243	424.0
244	412.0
245	304.0
246	272.0
247	392.0
248	292.0
249	292.0
250	324.0
251	452.0
252	328.0
253	324.0
254	384.0
255	328.0
256	328.0
257	400.0
258	304.0
259	384.0
260	332.0
261	252.0
262	396.0
263	292.0
264	248.0
265	320.0
266	320.0
267	228.0
268	208.0
269	148.0
270	224.0
271	180.0
272	240.0
273	280.0
274	308.0
275	284.0
276	248.0
277	304.0
278	360.0
279	280.0
280	324.0
281	224.0
282	216.0
283	192.0
284	276.0
285	236.0
286	192.0
287	304.0
288	372.0
289	264.0
290	296.0
291	316.0
292	268.0
293	304.0
294	252.0
295	312.0
296	364.0
297	344.0
298	276.0
299	272.0
300	336.0
301	312.0
302	280.0
303	272.0
304	332.0
305	388.0
306	264.0
307	216.0
308	248.0
309	356.0
310	416.0
311	440.0
312	372.0
313	392.0
314	340.0
315	372.0
316	392.0
317	340.0
318	276.0
319	400.0
320	360.0
321	360.0
322	380.0
323	340.0
324	360.0
325	368.0
326	468.0
327	320.0
328	316.0
329	412.0
330	344.0
331	428.0
332	404.0
333	308.0
334	380.0
335	396.0
336	452.0
337	344.0
338	416.0
339	400.0
340	396.0
341	388.0
342	360.0
343	348.0
344	396.0
345	464.0
346	348.0
347	520.0
348	324.0
349	400.0
350	368.0
351	364.0
352	384.0
353	396.0
354	412.0
355	392.0
356	296.0
357	360.0
358	372.0
359	348.0
360	304.0
361	384.0
362	376.0
363	352.0
364	340.0
365	380.0
366	368.0
367	440.0
368	368.0
369	300.0
370	232.0
371	404.0
372	312.0
373	252.0
374	192.0
375	212.0
376	320.0
377	292.0
378	356.0
379	392.0
380	368.0
381	336.0
382	316.0
383	424.0
384	416.0
385	408.0
386	348.0
387	328.0
388	336.0
389	376.0
390	288.0
391	332.0
392	352.0
393	368.0
394	344.0
395	364.0
396	332.0
397	272.0
398	252.0
399	336.0
400	348.0
401	304.0
402	312.0
403	332.0
404	260.0
405	260.0
406	288.0
407	300.0
408	304.0
409	240.0
410	240.0
411	276.0
412	232.0
413	316.0
414	252.0
415	312.0
416	412.0
417	296.0
418	316.0
419	344.0
420	308.0
421	296.0
422	296.0
423	276.0
424	300.0
425	304.0
426	292.0
427	252.0
428	260.0
429	260.0
430	272.0
431	292.0
432	300.0
433	228.0
434	188.0
435	372.0
436	308.0
437	252.0
438	272.0
439	292.0
440	288.0
441	280.0
442	252.0
443	240.0
444	376.0
445	400.0
446	336.0
447	416.0
448	328.0
449	348.0
450	420.0
451	344.0
452	316.0
453	324.0
454	388.0
455	460.0
456	432.0
457	428.0
458	400.0
459	384.0
460	296.0
461	308.0
462	336.0
463	388.0
464	416.0
465	344.0
466	300.0
467	324.0
468	168.0
469	304.0
470	252.0
471	292.0
472	220.0
473	292.0
474	296.0
475	292.0
476	284.0
477	268.0
478	304.0
479	364.0
480	360.0
481	344.0
482	396.0
483	280.0
484	420.0
485	388.0
486	416.0
487	392.0
488	364.0
489	336.0
490	396.0
491	440.0
492	400.0
493	384.0
494	328.0
495	400.0
496	380.0
497	336.0
498	432.0
499	372.0
500	408.0
501	376.0
502	348.0
503	436.0
504	364.0
505	408.0
506	344.0
507	308.0
508	356.0
509	348.0
510	348.0
511	344.0
512	368.0
513	372.0
514	376.0
515	404.0
516	344.0
517	292.0
518	360.0
519	320.0
520	364.0
521	384.0
522	324.0
523	364.0
524	364.0
525	352.0
526	336.0
527	344.0
528	340.0
529	360.0
530	312.0
531	376.0
532	312.0
533	284.0
534	332.0
535	328.0
536	316.0
537	268.0
538	288.0
539	260.0
540	340.0
541	304.0
542	284.0
543	288.0
544	300.0
545	304.0
546	384.0
547	300.0
548	244.0
549	372.0
550	352.0
551	392.0
552	248.0
553	336.0
554	332.0
555	208.0
556	332.0
557	264.0
558	280.0
559	340.0
560	272.0
561	332.0
562	360.0
563	320.0
564	240.0
565	260.0
566	276.0
567	300.0
568	408.0
569	328.0
570	408.0
571	396.0
572	388.0
573	404.0
574	300.0
575	348.0
576	420.0
577	432.0
578	432.0
579	456.0
580	452.0
581	328.0
582	360.0
583	280.0
584	424.0
585	396.0
586	396.0
587	304.0
588	280.0
589	308.0
590	336.0
591	344.0
592	400.0
593	348.0
594	344.0
595	468.0
596	436.0
597	320.0
598	352.0
599	372.0
600	412.0
601	376.0
602	400.0
603	464.0
604	396.0
605	420.0
606	416.0
607	312.0
608	328.0
609	316.0
610	376.0
611	384.0
612	400.0
613	384.0
614	248.0
615	340.0
616	364.0
617	372.0
618	444.0
619	380.0
620	400.0
621	372.0
622	344.0
623	336.0
624	296.0
625	232.0
626	152.0
627	168.0
628	204.0
629	240.0
630	292.0
631	304.0
632	332.0
633	352.0
634	352.0
635	376.0
636	344.0
637	356.0
638	368.0
639	444.0
640	360.0
641	340.0
642	436.0
643	400.0
644	340.0
645	376.0
646	304.0
647	396.0
648	424.0
649	404.0
650	432.0
651	352.0
652	280.0
653	312.0
654	428.0
655	400.0
656	392.0
657	392.0
658	380.0
659	224.0
660	352.0
661	324.0
662	428.0
663	296.0
664	376.0
665	368.0
666	396.0
667	368.0
668	412.0
669	340.0
670	428.0
671	416.0
672	368.0
673	376.0
674	368.0
675	364.0
676	384.0
677	380.0
678	312.0
679	404.0
680	296.0
681	368.0
682	380.0
683	356.0
684	416.0
685	364.0
686	256.0
687	332.0
688	328.0
689	272.0
690	348.0
691	332.0
692	320.0
693	368.0
694	348.0
695	368.0
696	368.0
697	280.0
698	312.0
699	324.0
700	328.0
701	324.0
702	328.0
703	304.0
704	396.0
705	556.0
706	456.0
707	452.0
708	384.0
709	396.0
710	436.0
711	432.0
712	368.0
713	492.0
714	464.0
715	380.0
716	468.0
717	452.0
718	396.0
719	400.0
720	484.0
721	444.0
722	484.0
723	472.0
724	452.0
725	384.0
726	400.0
727	460.0
728	472.0
729	344.0
730	472.0
731	488.0
732	456.0
733	472.0
734	484.0
735	384.0
736	512.0
737	396.0
738	376.0
739	456.0
740	388.0
741	436.0
742	344.0
743	472.0
744	372.0
745	396.0
746	468.0
747	476.0
748	452.0
749	512.0
750	516.0
751	432.0
752	420.0
753	428.0
754	420.0
755	468.0
756	356.0
757	440.0
758	396.0
759	372.0
760	404.0
761	444.0
762	504.0
763	456.0
764	432.0
765	480.0
766	472.0
767	444.0
768	472.0
769	440.0
770	424.0
771	436.0
772	488.0
773	444.0
774	440.0
775	436.0
776	476.0
777	440.0
778	548.0
779	492.0
780	368.0
781	480.0
782	392.0
783	408.0
784	436.0
785	384.0
786	424.0
787	416.0
788	512.0
789	448.0
790	500.0
791	424.0
792	376.0
793	372.0
794	444.0
795	392.0
796	368.0
797	352.0
798	412.0
799	388.0
800	480.0
801	412.0
802	352.0
803	444.0
804	416.0
805	448.0
806	444.0
807	456.0
808	380.0
809	380.0
810	372.0
811	308.0
812	412.0
813	412.0
814	424.0
815	380.0
816	408.0
817	444.0
818	496.0
819	376.0
820	396.0
821	444.0
822	408.0
823	396.0
824	364.0
825	404.0
826	460.0
827	328.0
828	460.0
829	424.0
830	420.0
831	336.0
832	372.0
833	296.0
834	272.0
835	332.0
836	428.0
837	340.0
838	368.0
839	412.0
840	408.0
841	324.0
842	384.0
843	444.0
844	312.0
845	336.0
846	168.0
847	220.0
848	248.0
849	208.0
850	236.0
851	316.0
852	320.0
853	268.0
854	356.0
855	328.0
856	316.0
857	412.0
858	412.0
859	448.0
860	352.0
861	344.0
862	356.0
863	404.0
864	368.0
865	392.0
866	368.0
867	332.0
868	364.0
869	428.0
870	388.0
871	332.0
872	392.0
873	372.0
874	480.0
875	476.0
876	508.0
877	476.0
878	448.0
879	616.0
880	548.0
881	376.0
882	528.0
883	364.0
884	448.0
885	464.0
886	468.0
887	504.0
888	468.0
889	444.0
890	492.0
891	540.0
892	460.0
893	484.0
894	424.0
895	416.0
896	460.0
897	472.0
898	416.0
899	548.0
900	456.0
901	548.0
902	564.0
903	424.0
904	444.0
905	480.0
906	512.0
907	544.0
908	624.0
909	524.0
910	508.0
911	480.0
912	480.0
913	456.0
914	492.0
915	464.0
916	512.0
917	488.0
918	404.0
919	460.0
920	504.0
921	456.0
922	464.0
923	460.0
924	452.0
925	480.0
926	540.0
927	400.0
928	496.0
929	428.0
930	432.0
931	512.0
932	408.0
933	420.0
934	468.0
935	492.0
936	548.0
937	488.0
938	496.0
939	464.0
940	556.0
941	512.0
942	496.0
943	468.0
944	504.0
945	444.0
946	424.0
947	396.0
948	296.0
949	500.0
950	356.0
951	368.0
952	396.0
953	352.0
954	308.0
955	368.0
956	508.0
957	408.0
958	352.0
959	388.0
960	368.0
961	340.0
962	252.0
963	244.0
964	296.0
965	240.0
966	352.0
967	444.0
968	388.0
969	432.0
970	384.0
971	440.0
972	544.0
973	360.0
974	484.0
975	448.0
976	460.0
977	536.0
978	404.0
979	464.0
980	496.0
981	344.0
982	456.0
983	384.0
984	420.0
985	452.0
986	512.0
987	468.0
988	456.0
989	496.0
990	452.0
991	428.0
992	444.0
993	444.0
994	500.0
995	468.0
996	492.0
997	472.0
998	492.0
999	368.0
1000	560.0
1001	396.0
1002	524.0
1003	448.0
1004	456.0
1005	536.0
1006	464.0
1007	468.0
1008	504.0
1009	544.0
1010	536.0
1011	520.0
1012	480.0
1013	552.0
1014	452.0
1015	496.0
1016	432.0
1017	452.0
1018	584.0
1019	564.0
1020	508.0
1021	460.0
1022	448.0
1023	388.0
1024	344.0
1025	472.0
1026	468.0
1027	476.0
1028	488.0
1029	444.0
1030	476.0
1031	508.0
1032	488.0
1033	416.0
1034	456.0
1035	472.0
1036	424.0
1037	484.0
1038	532.0
1039	440.0
1040	488.0
1041	420.0
1042	492.0
1043	448.0
1044	484.0
1045	416.0
1046	368.0
1047	460.0
1048	476.0
1049	472.0
1050	536.0
1051	452.0
1052	424.0
1053	388.0
1054	468.0
1055	384.0
1056	468.0
1057	456.0
1058	476.0
1059	508.0
1060	504.0
1061	452.0
1062	476.0
1063	488.0
1064	448.0
1065	420.0
1066	412.0
1067	416.0
1068	432.0
1069	440.0
1070	504.0
1071	476.0
1072	460.0
1073	352.0
1074	408.0
1075	444.0
1076	492.0
1077	460.0
1078	568.0
1079	476.0
1080	392.0
1081	356.0
1082	388.0
1083	468.0
1084	308.0
1085	512.0
1086	456.0
1087	464.0
1088	476.0
1089	496.0
1090	484.0
1091	428.0
1092	444.0
1093	516.0
1094	424.0
1095	420.0
1096	344.0
1097	508.0
1098	472.0
1099	360.0
1100	420.0
1101	464.0
1102	476.0
1103	336.0
1104	488.0
1105	488.0
1106	540.0
1107	460.0
1108	484.0
1109	496.0
1110	540.0
1111	552.0
1112	496.0
1113	508.0
1114	528.0
1115	532.0
1116	524.0
1117	484.0
1118	488.0
1119	604.0
1120	520.0
1121	616.0
1122	500.0
1123	508.0
1124	548.0
1125	424.0
1126	552.0
1127	516.0
1128	488.0
1129	608.0
1130	560.0
1131	500.0
1132	500.0
1133	424.0
1134	616.0
1135	652.0
1136	508.0
1137	420.0
1138	500.0
1139	512.0
1140	504.0
1141	564.0
1142	524.0
1143	492.0
1144	520.0
1145	468.0
1146	468.0
1147	504.0
1148	524.0
1149	540.0
1150	512.0
1151	436.0
1152	500.0
1153	464.0
1154	480.0
1155	584.0
1156	592.0
1157	508.0
1158	496.0
1159	572.0
1160	420.0
1161	496.0
1162	588.0
1163	524.0
1164	484.0
1165	528.0
1166	492.0
1167	464.0
1168	492.0
1169	632.0
1170	464.0
1171	536.0
1172	516.0
1173	448.0
1174	464.0
1175	660.0
1176	556.0
1177	440.0
1178	372.0
1179	404.0
1180	480.0
1181	464.0
1182	536.0
1183	472.0
1184	412.0
1185	436.0
1186	444.0
1187	572.0
1188	468.0
1189	456.0
1190	436.0
1191	488.0
1192	540.0
1193	500.0
1194	476.0
1195	520.0
1196	508.0
1197	560.0
1198	468.0
1199	524.0
1200	540.0
1201	376.0
1202	536.0
1203	544.0
1204	492.0
1205	508.0
1206	516.0
1207	488.0
1208	500.0
1209	484.0
1210	512.0
1211	460.0
1212	512.0
1213	536.0
1214	488.0
1215	532.0
1216	472.0
1217	424.0
1218	372.0
1219	544.0
1220	476.0
1221	484.0
1222	476.0
1223	540.0
1224	400.0
1225	420.0
1226	440.0
1227	536.0
1228	556.0
1229	436.0
1230	424.0
1231	496.0
1232	576.0
1233	504.0
1234	452.0
1235	448.0
1236	608.0
1237	496.0
1238	480.0
1239	504.0
1240	480.0
1241	408.0
1242	512.0
1243	436.0
1244	404.0
1245	392.0
1246	524.0
1247	460.0
1248	464.0
1249	480.0
1250	452.0
1251	508.0
1252	348.0
1253	428.0
1254	484.0
1255	480.0
1256	444.0
1257	368.0
1258	528.0
1259	416.0
1260	400.0
1261	400.0
1262	436.0
1263	484.0
1264	428.0
1265	452.0
1266	464.0
1267	344.0
1268	508.0
1269	464.0
1270	384.0
1271	352.0
1272	368.0
1273	388.0
1274	372.0
1275	544.0
1276	416.0
1277	452.0
1278	368.0
1279	368.0
1280	356.0
1281	368.0
1282	384.0
1283	404.0
1284	356.0
1285	360.0
1286	528.0
1287	424.0
1288	440.0
1289	436.0
1290	488.0
1291	440.0
1292	468.0
1293	452.0
1294	388.0
1295	520.0
1296	356.0
1297	500.0
1298	404.0
1299	460.0
1300	452.0
1301	480.0
1302	488.0
1303	484.0
1304	448.0
1305	428.0
1306	416.0
1307	456.0
1308	560.0
1309	484.0
1310	400.0
1311	476.0
1312	396.0
1313	444.0
1314	464.0
1315	524.0
1316	504.0
1317	444.0
1318	472.0
1319	408.0
1320	432.0
1321	432.0
1322	364.0
1323	404.0
1324	392.0
1325	392.0
1326	252.0
1327	328.0
1328	288.0
1329	328.0
1330	252.0
1331	216.0
1332	316.0
1333	208.0
1334	300.0
1335	424.0
1336	388.0
1337	360.0
1338	352.0
1339	392.0
1340	364.0
1341	364.0
1342	496.0
1343	440.0
1344	364.0
1345	432.0
1346	464.0
1347	472.0
1348	440.0
1349	492.0
1350	476.0
1351	424.0
1352	416.0
1353	460.0
1354	428.0
1355	320.0
1356	468.0
1357	436.0
1358	348.0
1359	512.0
1360	512.0
1361	508.0
1362	340.0
1363	504.0
1364	372.0
1365	484.0
1366	468.0
1367	384.0
1368	392.0
1369	400.0
1370	460.0
1371	508.0
1372	416.0
1373	376.0
1374	468.0
1375	424.0
1376	360.0
1377	380.0
1378	456.0
1379	420.0
1380	476.0
1381	372.0
1382	464.0
1383	396.0
1384	472.0
1385	460.0
1386	436.0
1387	416.0
1388	352.0
1389	400.0
1390	376.0
1391	496.0
1392	416.0
1393	420.0
1394	440.0
1395	432.0
1396	384.0
1397	436.0
1398	360.0
1399	436.0
1400	348.0
1401	428.0
1402	480.0
1403	392.0
1404	472.0
1405	492.0
1406	432.0
1407	384.0
1408	424.0
1409	412.0
1410	360.0
1411	384.0
1412	536.0
1413	372.0
1414	404.0
1415	368.0
1416	484.0
1417	476.0
1418	388.0
1419	400.0
1420	272.0
1421	432.0
1422	360.0
1423	400.0
1424	428.0
1425	320.0
1426	308.0
1427	340.0
1428	376.0
1429	404.0
1430	408.0
1431	376.0
1432	320.0
1433	412.0
1434	408.0
1435	364.0
1436	480.0
1437	400.0
1438	384.0
1439	332.0
1440	276.0
1441	424.0
1442	456.0
1443	360.0
1444	432.0
1445	376.0
1446	360.0
1447	340.0
1448	364.0
1449	356.0
1450	472.0
1451	476.0
1452	408.0
1453	300.0
1454	376.0
1455	376.0
1456	420.0
1457	376.0
1458	352.0
1459	412.0
1460	316.0
1461	316.0
1462	368.0
1463	328.0
1464	364.0
1465	388.0
1466	284.0
1467	268.0
1468	452.0
1469	280.0
1470	456.0
1471	352.0
1472	380.0
1473	384.0
1474	436.0
1475	372.0
1476	388.0
1477	328.0
1478	408.0
1479	340.0
1480	396.0
1481	360.0
1482	404.0
1483	392.0
1484	352.0
1485	432.0
1486	396.0
1487	376.0
1488	340.0
1489	336.0
1490	372.0
1491	304.0
1492	496.0
1493	292.0
1494	328.0
1495	464.0
1496	400.0
1497	408.0
1498	412.0
1499	332.0
1500	352.0
1501	336.0
1502	400.0
1503	372.0
1504	388.0
1505	324.0
1506	404.0
1507	448.0
1508	376.0
1509	356.0
1510	424.0
1511	348.0
1512	444.0
1513	400.0
1514	424.0
1515	384.0
1516	376.0
1517	280.0
1518	368.0
1519	356.0
1520	352.0
1521	444.0
1522	328.0
1523	372.0
1524	368.0
1525	448.0
1526	252.0
1527	368.0
1528	336.0
1529	360.0
1530	424.0
1531	384.0
1532	440.0
1533	400.0
1534	324.0
1535	440.0
1536	408.0
1537	348.0
1538	320.0
1539	380.0
1540	408.0
1541	392.0
1542	404.0
1543	432.0
1544	384.0
1545	360.0
1546	332.0
1547	416.0
1548	452.0
1549	308.0
1550	332.0
1551	372.0
1552	348.0
1553	308.0
1554	308.0
1555	308.0
1556	372.0
1557	388.0
1558	328.0
1559	404.0
1560	404.0
1561	272.0
1562	376.0
1563	376.0
1564	308.0
1565	340.0
1566	240.0
1567	368.0
1568	300.0
1569	296.0
1570	316.0
1571	284.0
1572	292.0
1573	372.0
1574	396.0
1575	336.0
1576	308.0
1577	292.0
1578	236.0
1579	368.0
1580	268.0
1581	404.0
1582	308.0
1583	344.0
1584	248.0
1585	380.0
1586	260.0
1587	312.0
1588	296.0
1589	296.0
1590	364.0
1591	300.0
1592	340.0
1593	300.0
1594	328.0
1595	428.0
1596	372.0
1597	356.0
1598	300.0
1599	368.0
1600	324.0
1601	332.0
1602	356.0
1603	336.0
1604	288.0
1605	332.0
1606	308.0
1607	264.0
1608	376.0
1609	408.0
1610	304.0
1611	388.0
1612	372.0
1613	332.0
1614	320.0
1615	268.0
1616	352.0
1617	332.0
1618	412.0
1619	300.0
1620	328.0
1621	328.0
1622	388.0
1623	392.0
1624	352.0
1625	296.0
1626	332.0
1627	348.0
1628	304.0
1629	272.0
1630	376.0
1631	320.0
1632	360.0
1633	372.0
1634	288.0
1635	340.0
1636	328.0
1637	308.0
1638	360.0
1639	308.0
1640	268.0
1641	332.0
1642	316.0
1643	312.0
1644	348.0
1645	252.0
1646	336.0
1647	320.0
1648	336.0
1649	280.0
1650	328.0
1651	280.0
1652	332.0
1653	348.0
1654	292.0
1655	300.0
1656	332.0
1657	320.0
1658	284.0
1659	272.0
1660	256.0
1661	288.0
1662	260.0
1663	244.0
1664	364.0
1665	304.0
1666	340.0
1667	244.0
1668	248.0
1669	400.0
1670	292.0
1671	280.0
1672	324.0
1673	272.0
1674	324.0
1675	336.0
1676	320.0
1677	240.0
1678	300.0
1679	352.0
1680	220.0
1681	292.0
1682	352.0
1683	300.0
1684	268.0
1685	300.0
1686	288.0
1687	332.0
1688	284.0
1689	304.0
1690	220.0
1691	264.0
1692	284.0
1693	284.0
1694	228.0
1695	120.0
1696	184.0
1697	164.0
1698	220.0
1699	200.0
1700	264.0
1701	300.0
1702	332.0
1703	264.0
1704	340.0
1705	204.0
1706	272.0
1707	268.0
1708	308.0
1709	288.0
1710	268.0
1711	240.0
1712	244.0
1713	224.0
1714	308.0
1715	300.0
1716	220.0
1717	184.0
1718	212.0
1719	248.0
1720	244.0
1721	320.0
1722	264.0
1723	328.0
1724	344.0
1725	328.0
1726	320.0
1727	260.0
1728	180.0
1729	316.0
1730	288.0
1731	216.0
1732	204.0
1733	236.0
1734	324.0
1735	376.0
1736	320.0
1737	248.0
1738	240.0
1739	304.0
1740	316.0
1741	328.0
1742	296.0
1743	236.0
1744	276.0
1745	292.0
1746	228.0
1747	276.0
1748	260.0
1749	160.0
1750	220.0
1751	252.0
1752	156.0
1753	212.0
1754	228.0
1755	256.0
1756	296.0
1757	248.0
1758	260.0
1759	272.0
1760	308.0
1761	208.0
1762	332.0
1763	264.0
1764	196.0
1765	256.0
1766	364.0
1767	308.0
1768	348.0
1769	312.0
1770	236.0
1771	368.0
1772	360.0
1773	316.0
1774	228.0
1775	272.0
1776	292.0
1777	244.0
1778	288.0
1779	296.0
1780	312.0
1781	288.0
1782	316.0
1783	336.0
1784	224.0
1785	232.0
1786	268.0
1787	284.0
1788	260.0
1789	244.0
1790	216.0
1791	296.0
1792	344.0
1793	272.0
1794	252.0
1795	280.0
1796	376.0
1797	296.0
1798	248.0
1799	244.0
1800	244.0
1801	292.0
1802	252.0
1803	320.0
1804	320.0
1805	352.0
1806	212.0
1807	376.0
1808	260.0
1809	312.0
1810	304.0
1811	332.0
1812	216.0
1813	264.0
1814	276.0
1815	228.0
1816	312.0
1817	292.0
1818	320.0
1819	368.0
1820	256.0
1821	296.0
1822	304.0
1823	232.0
1824	304.0
1825	248.0
1826	244.0
1827	280.0
1828	268.0
1829	264.0
1830	392.0
1831	268.0
1832	284.0
1833	260.0
1834	368.0
1835	224.0
1836	208.0
1837	180.0
1838	200.0
1839	316.0
1840	248.0
1841	364.0
1842	336.0
1843	200.0
1844	300.0
1845	212.0
1846	264.0
1847	312.0
1848	304.0
1849	204.0
1850	284.0
1851	244.0
1852	248.0
1853	216.0
1854	276.0
1855	356.0
1856	284.0
1857	224.0
1858	256.0
1859	212.0
1860	280.0
1861	268.0
1862	340.0
1863	396.0
1864	304.0
1865	280.0
1866	304.0
1867	316.0
1868	336.0
1869	332.0
1870	316.0
1871	372.0
1872	280.0
1873	304.0
1874	280.0
1875	308.0
1876	292.0
1877	312.0
1878	252.0
1879	276.0
1880	236.0
1881	336.0
1882	368.0
1883	356.0
1884	328.0
1885	304.0
1886	300.0
1887	280.0
1888	280.0
1889	284.0
1890	320.0
1891	308.0
1892	300.0
1893	324.0
1894	280.0
1895	348.0
1896	316.0
1897	176.0
1898	280.0
1899	268.0
1900	252.0
1901	196.0
1902	200.0
1903	240.0
1904	272.0
1905	216.0
1906	276.0
1907	216.0
1908	348.0
1909	252.0
1910	248.0
1911	252.0
1912	292.0
1913	224.0
1914	232.0
1915	208.0
1916	340.0
1917	268.0
1918	208.0
1919	228.0
1920	172.0
1921	228.0
1922	240.0
1923	272.0
1924	252.0
1925	360.0
1926	336.0
1927	268.0
1928	344.0
1929	328.0
1930	268.0
1931	244.0
1932	284.0
1933	308.0
1934	300.0
1935	272.0
1936	332.0
1937	356.0
1938	248.0
1939	340.0
1940	252.0
1941	284.0
1942	304.0
1943	288.0
1944	308.0
1945	268.0
1946	308.0
1947	252.0
1948	252.0
1949	284.0
1950	232.0
1951	264.0
1952	256.0
1953	292.0
1954	304.0
1955	392.0
1956	288.0
1957	244.0
1958	340.0
1959	276.0
1960	296.0
1961	232.0
1962	356.0
1963	284.0
1964	224.0
1965	280.0
1966	268.0
1967	368.0
1968	244.0
1969	252.0
1970	280.0
1971	264.0
1972	264.0
1973	364.0
1974	304.0
1975	372.0
1976	264.0
1977	248.0
1978	248.0
1979	248.0
1980	316.0
1981	236.0
1982	296.0
1983	296.0
1984	216.0
1985	304.0
1986	300.0
1987	268.0
1988	308.0
1989	240.0
1990	264.0
1991	276.0
1992	244.0
1993	256.0
1994	268.0
1995	360.0
1996	300.0
1997	240.0
1998	252.0
1999	248.0
2000	288.0
2001	340.0
2002	300.0
2003	264.0
2004	344.0
2005	380.0
2006	288.0
2007	280.0
2008	228.0
2009	256.0
2010	268.0
2011	264.0
2012	264.0
2013	308.0
2014	292.0
2015	260.0
2016	316.0
2017	296.0
2018	200.0
2019	256.0
2020	236.0
2021	252.0
2022	264.0
2023	328.0
2024	228.0
2025	228.0
2026	200.0
2027	332.0
2028	292.0
2029	224.0
2030	280.0
2031	272.0
2032	308.0
2033	272.0
2034	296.0
2035	292.0
2036	392.0
2037	284.0
2038	256.0
2039	324.0
2040	272.0
2041	376.0
2042	336.0
2043	224.0
2044	296.0
2045	256.0
2046	280.0
2047	172.0
2048	204.0
2049	256.0
2050	320.0
2051	344.0
2052	260.0
2053	304.0
2054	248.0
2055	284.0
2056	272.0
2057	296.0
2058	296.0
2059	264.0
2060	320.0
2061	248.0
2062	244.0
2063	264.0
2064	220.0
2065	292.0
2066	264.0
2067	244.0
2068	248.0
2069	332.0
2070	244.0
2071	260.0
2072	268.0
2073	216.0
2074	308.0
2075	300.0
2076	296.0
2077	264.0
2078	280.0
2079	232.0
2080	320.0
2081	216.0
2082	252.0
2083	304.0
2084	224.0
2085	264.0
2086	260.0
2087	256.0
2088	268.0
2089	264.0
2090	368.0
2091	344.0
2092	200.0
2093	216.0
2094	260.0
2095	236.0
2096	360.0
2097	316.0
2098	276.0
2099	264.0
2100	196.0
2101	328.0
2102	260.0
2103	364.0
2104	288.0
2105	268.0
2106	320.0
2107	268.0
2108	280.0
2109	220.0
2110	260.0
2111	268.0
2112	324.0
2113	280.0
2114	244.0
2115	312.0
2116	280.0
2117	316.0
2118	244.0
2119	288.0
2120	276.0
2121	240.0
2122	148.0
2123	332.0
2124	204.0
2125	252.0
2126	264.0
2127	264.0
2128	264.0
2129	228.0
2130	248.0
2131	256.0
2132	288.0
2133	256.0
2134	180.0
2135	204.0
2136	240.0
2137	292.0
2138	152.0
2139	236.0
2140	288.0
2141	296.0
2142	244.0
2143	356.0
2144	288.0
2145	284.0
2146	284.0
2147	232.0
2148	288.0
2149	336.0
2150	316.0
2151	264.0
2152	276.0
2153	252.0
2154	232.0
2155	336.0
2156	252.0
2157	316.0
2158	248.0
2159	252.0
2160	348.0
2161	304.0
2162	288.0
2163	244.0
2164	292.0
2165	312.0
2166	268.0
2167	284.0
2168	292.0
2169	348.0
2170	272.0
2171	252.0
2172	216.0
2173	256.0
2174	308.0
2175	260.0
2176	360.0
2177	316.0
2178	316.0
2179	268.0
2180	180.0
2181	264.0
2182	248.0
2183	284.0
2184	208.0
2185	292.0
2186	240.0
2187	212.0
2188	196.0
2189	356.0
2190	296.0
2191	236.0
2192	296.0
2193	340.0
2194	252.0
2195	300.0
2196	228.0
2197	208.0
2198	284.0
2199	228.0
2200	264.0
2201	280.0
2202	332.0
2203	228.0
2204	268.0
2205	244.0
2206	280.0
2207	280.0
2208	292.0
2209	204.0
2210	340.0
2211	284.0
2212	236.0
2213	256.0
2214	220.0
2215	332.0
2216	280.0
2217	284.0
2218	280.0
2219	248.0
2220	216.0
2221	208.0
2222	204.0
2223	264.0
2224	312.0
2225	212.0
2226	256.0
2227	260.0
2228	288.0
2229	256.0
2230	236.0
2231	348.0
2232	256.0
2233	232.0
2234	300.0
2235	192.0
2236	264.0
2237	280.0
2238	216.0
2239	276.0
2240	272.0
2241	220.0
2242	240.0
2243	264.0
2244	260.0
2245	352.0
2246	288.0
2247	300.0
2248	224.0
2249	444.0
2250	272.0
2251	328.0
2252	248.0
2253	340.0
2254	308.0
2255	332.0
2256	312.0
2257	256.0
2258	248.0
2259	224.0
2260	272.0
2261	244.0
2262	256.0
2263	240.0
2264	284.0
2265	232.0
2266	324.0
2267	244.0
2268	280.0
2269	196.0
2270	244.0
2271	248.0
2272	220.0
2273	288.0
2274	292.0
2275	312.0
2276	160.0
2277	256.0
2278	220.0
2279	248.0
2280	196.0
2281	232.0
2282	224.0
2283	288.0
2284	220.0
2285	208.0
2286	292.0
2287	260.0
2288	272.0
2289	228.0
2290	300.0
2291	228.0
2292	256.0
2293	252.0
2294	260.0
2295	384.0
2296	228.0
2297	344.0
2298	244.0
2299	208.0
2300	240.0
2301	312.0
2302	252.0
2303	292.0
2304	352.0
2305	204.0
2306	240.0
2307	284.0
2308	240.0
2309	308.0
2310	224.0
2311	184.0
2312	240.0
2313	276.0
2314	280.0
2315	284.0
2316	252.0
2317	208.0
2318	320.0
2319	260.0
2320	244.0
2321	292.0
2322	232.0
2323	232.0
2324	216.0
2325	276.0
2326	268.0
2327	244.0
2328	192.0
2329	296.0
2330	276.0
2331	264.0
2332	184.0
2333	264.0
2334	276.0
2335	232.0
2336	288.0
2337	228.0
2338	240.0
2339	272.0
2340	280.0
2341	268.0
2342	292.0
2343	220.0
2344	236.0
2345	272.0
2346	192.0
2347	300.0
2348	296.0
2349	268.0
2350	256.0
2351	184.0
2352	360.0
2353	312.0
2354	304.0
2355	144.0
2356	280.0
2357	188.0
2358	264.0
2359	232.0
2360	256.0
2361	268.0
2362	212.0
2363	212.0
2364	244.0
2365	300.0
2366	236.0
2367	256.0
2368	340.0
2369	284.0
2370	352.0
2371	272.0
2372	256.0
2373	228.0
2374	248.0
2375	240.0
2376	280.0
2377	260.0
2378	260.0
2379	236.0
2380	208.0
2381	256.0
2382	344.0
2383	168.0
2384	248.0
2385	296.0
2386	260.0
2387	208.0
2388	268.0
2389	296.0
2390	312.0
2391	176.0
2392	248.0
2393	244.0
2394	288.0
2395	236.0
2396	184.0
2397	252.0
2398	240.0
2399	292.0
2400	308.0
2401	256.0
2402	344.0
2403	240.0
2404	216.0
2405	256.0
2406	244.0
2407	300.0
2408	300.0
2409	280.0
2410	208.0
2411	208.0
2412	268.0
2413	208.0
2414	336.0
2415	312.0
2416	300.0
2417	288.0
2418	292.0
2419	164.0
2420	188.0
2421	332.0
2422	244.0
2423	268.0
2424	280.0
2425	276.0
2426	256.0
2427	240.0
2428	312.0
2429	224.0
2430	224.0
2431	248.0
2432	180.0
2433	312.0
2434	188.0
2435	264.0
2436	272.0
2437	264.0
2438	264.0
2439	236.0
2440	348.0
2441	284.0
2442	300.0
2443	256.0
2444	284.0
2445	204.0
2446	228.0
2447	292.0
2448	236.0
2449	300.0
2450	276.0
2451	184.0
2452	244.0
2453	168.0
2454	212.0
2455	208.0
2456	264.0
2457	212.0
2458	244.0
2459	284.0
2460	92.0
2461	144.0
2462	300.0
2463	176.0
2464	288.0
2465	260.0
2466	136.0
2467	368.0
2468	248.0
2469	224.0
2470	192.0
2471	200.0
2472	272.0
2473	204.0
2474	284.0
2475	280.0
2476	284.0
2477	228.0
2478	216.0
2479	264.0
2480	188.0
2481	288.0
2482	268.0
2483	180.0
2484	252.0
2485	264.0
2486	248.0
2487	276.0
2488	264.0
2489	256.0
2490	240.0
2491	308.0
2492	248.0
2493	312.0
2494	256.0
2495	208.0
2496	296.0
2497	188.0
2498	288.0
2499	276.0
2500	292.0
2501	292.0
2502	268.0
2503	252.0
2504	268.0
2505	208.0
2506	196.0
2507	244.0
2508	260.0
2509	268.0
2510	284.0
2511	300.0
2512	240.0
2513	252.0
2514	220.0
2515	232.0
2516	240.0
2517	232.0
2518	360.0
2519	256.0
2520	284.0
2521	164.0
2522	240.0
2523	212.0
2524	196.0
2525	264.0
2526	308.0
2527	264.0
2528	320.0
2529	236.0
2530	260.0
2531	264.0
2532	356.0
2533	348.0
2534	240.0
2535	228.0
2536	180.0
2537	268.0
2538	220.0
2539	216.0
2540	252.0
2541	240.0
2542	212.0
2543	248.0
2544	272.0
2545	276.0
2546	204.0
2547	252.0
2548	280.0
2549	256.0
2550	256.0
2551	220.0
2552	240.0
2553	300.0
2554	280.0
2555	264.0
2556	308.0
2557	236.0
2558	272.0
2559	216.0
2560	176.0
2561	284.0
2562	248.0
2563	176.0
2564	216.0
2565	180.0
2566	216.0
2567	148.0
2568	172.0
2569	148.0
2570	180.0
2571	200.0
2572	160.0
2573	220.0
2574	192.0
2575	160.0
2576	112.0
2577	184.0
2578	280.0
2579	124.0
2580	136.0
2581	240.0
2582	208.0
2583	192.0
2584	240.0
2585	280.0
2586	224.0
2587	188.0
2588	212.0
2589	288.0
2590	204.0
2591	260.0
2592	284.0
2593	248.0
2594	288.0
2595	204.0
2596	244.0
2597	264.0
2598	160.0
2599	240.0
2600	252.0
2601	256.0
2602	220.0
2603	248.0
2604	244.0
2605	192.0
2606	264.0
2607	224.0
2608	188.0
2609	212.0
2610	240.0
2611	252.0
2612	220.0
2613	152.0
2614	208.0
2615	224.0
2616	232.0
2617	192.0
2618	148.0
2619	212.0
2620	296.0
2621	296.0
2622	220.0
2623	276.0
2624	140.0
2625	256.0
2626	240.0
2627	276.0
2628	260.0
2629	224.0
2630	244.0
2631	220.0
2632	288.0
2633	368.0
2634	208.0
2635	184.0
2636	300.0
2637	192.0
2638	120.0
2639	228.0
2640	300.0
2641	280.0
2642	192.0
2643	304.0
2644	212.0
2645	316.0
2646	280.0
2647	240.0
2648	212.0
2649	260.0
2650	236.0
2651	196.0
2652	228.0
2653	152.0
2654	324.0
2655	264.0
2656	196.0
2657	292.0
2658	332.0
2659	292.0
2660	256.0
2661	220.0
2662	324.0
2663	280.0
2664	256.0
2665	260.0
2666	364.0
2667	236.0
2668	232.0
2669	268.0
2670	240.0
2671	208.0
2672	304.0
2673	224.0
2674	172.0
2675	336.0
2676	228.0
2677	284.0
2678	192.0
2679	308.0
2680	320.0
2681	224.0
2682	304.0
2683	204.0
2684	212.0
2685	204.0
2686	336.0
2687	236.0
2688	284.0
2689	292.0
2690	328.0
2691	308.0
2692	220.0
2693	232.0
2694	264.0
2695	312.0
2696	228.0
2697	208.0
2698	232.0
2699	220.0
2700	220.0
2701	216.0
2702	276.0
2703	240.0
2704	160.0
2705	280.0
2706	220.0
2707	292.0
2708	236.0
2709	236.0
2710	228.0
2711	264.0
2712	144.0
2713	232.0
2714	152.0
2715	208.0
2716	332.0
2717	224.0
2718	236.0
2719	240.0
2720	220.0
2721	184.0
2722	256.0
2723	216.0
2724	284.0
2725	248.0
2726	220.0
2727	288.0
2728	188.0
2729	264.0
2730	220.0
2731	176.0
2732	184.0
2733	240.0
2734	192.0
2735	164.0
2736	208.0
2737	240.0
2738	140.0
2739	200.0
2740	216.0
2741	156.0
2742	172.0
2743	212.0
2744	244.0
2745	200.0
2746	156.0
2747	224.0
