0	3866.0
1	3852.0
2	3884.0
3	3890.0
4	4022.0
5	3744.0
6	3854.0
7	4120.0
8	4028.0
9	3780.0
10	3944.0
11	4086.0
12	3792.0
13	4034.0
14	3952.0
15	3998.0
16	3852.0
17	3802.0
18	3786.0
19	3908.0
20	3888.0
21	3850.0
22	3910.0
23	3814.0
24	3836.0
25	4000.0
26	3666.0
27	3986.0
28	3974.0
29	3792.0
30	3868.0
31	3872.0
32	3678.0
33	3718.0
34	3988.0
35	3832.0
36	3954.0
37	3950.0
38	4016.0
39	3826.0
40	3840.0
41	3732.0
42	3884.0
43	3884.0
44	3866.0
45	3744.0
46	3990.0
47	3838.0
48	3756.0
49	3786.0
50	3770.0
51	3902.0
52	3754.0
53	3790.0
54	3736.0
55	3822.0
56	3878.0
57	3906.0
58	3926.0
59	3878.0
60	3978.0
61	3880.0
62	3818.0
63	3946.0
64	4056.0
65	4002.0
66	3908.0
67	4060.0
68	3916.0
69	3922.0
70	4190.0
71	4056.0
72	4054.0
73	4204.0
74	4278.0
75	4062.0
76	3988.0
77	4124.0
78	4320.0
79	4370.0
80	4368.0
81	4192.0
82	4218.0
83	4272.0
84	4324.0
85	4416.0
86	4246.0
87	4256.0
88	4266.0
89	4192.0
90	4368.0
91	4206.0
92	4088.0
93	4244.0
94	4140.0
95	4310.0
96	4122.0
97	4000.0
98	3942.0
99	4092.0
100	3968.0
101	4240.0
102	4242.0
103	4032.0
104	4090.0
105	4032.0
106	4012.0
107	4016.0
108	4006.0
109	3968.0
110	4232.0
111	3936.0
112	4198.0
113	4072.0
114	3992.0
115	4124.0
116	3680.0
117	3998.0
118	4016.0
119	4050.0
120	3952.0
121	4104.0
122	4100.0
123	3886.0
124	4030.0
125	4046.0
126	4172.0
127	3972.0
128	3998.0
129	3918.0
130	4116.0
131	4088.0
132	3892.0
133	4108.0
134	4076.0
135	4172.0
136	4052.0
137	3926.0
138	4012.0
139	3906.0
140	4010.0
141	3998.0
142	3974.0
143	3936.0
144	3864.0
145	4060.0
146	3792.0
147	3844.0
148	4000.0
149	4056.0
150	3940.0
151	3900.0
152	3942.0
153	3948.0
154	3930.0
155	3956.0
156	4000.0
157	3890.0
158	3994.0
159	4164.0
160	3940.0
161	3994.0
162	4014.0
163	3796.0
164	4066.0
165	3978.0
166	4114.0
167	4078.0
168	4124.0
169	3992.0
170	3992.0
171	4080.0
172	4056.0
173	3920.0
174	4080.0
175	3908.0
176	4164.0
177	4234.0
178	4088.0
179	4120.0
180	4212.0
181	4268.0
182	4144.0
183	4292.0
184	4318.0
185	4348.0
186	4314.0
187	4288.0
188	4426.0
189	4190.0
190	4352.0
191	4182.0
192	4280.0
193	4148.0
194	4370.0
195	4492.0
196	4266.0
197	4370.0
198	4172.0
199	4026.0
200	4150.0
201	4108.0
202	4340.0
203	4234.0
204	4294.0
205	4248.0
206	4234.0
207	4096.0
208	4144.0
209	4116.0
210	4020.0
211	4122.0
212	4102.0
213	4090.0
214	4256.0
215	4050.0
216	4056.0
217	4168.0
218	4154.0
219	4158.0
220	4056.0
221	4236.0
222	4096.0
223	4038.0
224	4056.0
225	4084.0
226	4034.0
227	4112.0
228	3996.0
229	4158.0
230	4086.0
231	4014.0
232	4066.0
233	3902.0
234	4232.0
235	4046.0
236	4130.0
237	4096.0
238	4020.0
239	3886.0
240	4006.0
241	3932.0
242	4166.0
243	4084.0
244	4276.0
245	4172.0
246	4068.0
247	4224.0
248	4098.0
249	3830.0
250	3962.0
251	3962.0
252	4122.0
253	4180.0
254	4006.0
255	4068.0
256	3844.0
257	4104.0
258	3948.0
259	3884.0
260	3904.0
261	4068.0
262	3994.0
263	4084.0
264	4172.0
265	4064.0
266	3864.0
267	3944.0
268	4122.0
269	4086.0
270	4042.0
271	3966.0
272	4136.0
273	3754.0
274	3986.0
275	3978.0
276	4156.0
277	4092.0
278	4134.0
279	4144.0
280	4178.0
281	4274.0
282	4116.0
283	4138.0
284	4296.0
285	4002.0
286	4046.0
287	4290.0
288	4112.0
289	4314.0
290	4138.0
291	4212.0
292	4162.0
293	4220.0
294	4210.0
295	4378.0
296	4164.0
297	4372.0
298	4186.0
299	4310.0
300	4138.0
301	4160.0
302	4346.0
303	4480.0
304	4252.0
305	4270.0
306	4284.0
307	4160.0
308	4298.0
309	4498.0
310	4482.0
311	4336.0
312	4344.0
313	4424.0
314	4392.0
315	4186.0
316	4172.0
317	4260.0
318	4234.0
319	4298.0
320	4186.0
321	4358.0
322	4238.0
323	4156.0
324	4120.0
325	4184.0
326	4314.0
327	4232.0
328	4122.0
329	4184.0
330	4216.0
331	4206.0
332	4174.0
333	4144.0
334	4152.0
335	4180.0
336	4210.0
337	4060.0
338	4206.0
339	4050.0
340	3988.0
341	4072.0
342	4166.0
343	4152.0
344	4008.0
345	4164.0
346	4204.0
347	4100.0
348	3954.0
349	3988.0
350	4046.0
351	4220.0
352	4118.0
353	4170.0
354	4040.0
355	4046.0
356	4138.0
357	4144.0
358	4060.0
359	4214.0
360	4114.0
361	4062.0
362	3964.0
363	4204.0
364	4090.0
365	3946.0
366	4116.0
367	4184.0
368	4096.0
369	4062.0
370	3860.0
371	4212.0
372	4080.0
373	3812.0
374	3968.0
375	3972.0
376	4168.0
377	4030.0
378	4046.0
379	4100.0
380	4214.0
381	4058.0
382	3968.0
383	4030.0
384	4018.0
385	4186.0
386	4082.0
387	4212.0
388	4102.0
389	4036.0
390	3968.0
391	4028.0
392	4006.0
393	4002.0
394	3934.0
395	4144.0
396	4274.0
397	4068.0
398	4152.0
399	4074.0
400	4118.0
401	4140.0
402	4076.0
403	4270.0
404	4142.0
405	4098.0
406	4304.0
407	4044.0
408	4214.0
409	4180.0
410	4070.0
411	4148.0
412	4344.0
413	4264.0
414	4376.0
415	4082.0
416	4244.0
417	4382.0
418	4208.0
419	4188.0
420	4382.0
421	4478.0
422	4234.0
423	4272.0
424	4214.0
425	4408.0
426	4438.0
427	4392.0
428	4348.0
429	4218.0
430	4234.0
431	4242.0
432	4174.0
433	4204.0
434	4324.0
435	4172.0
436	4070.0
437	4338.0
438	4250.0
439	4366.0
440	4128.0
441	4274.0
442	4150.0
443	4280.0
444	4128.0
445	4240.0
446	4084.0
447	4622.0
448	4150.0
449	4366.0
450	4246.0
451	4148.0
452	4208.0
453	4294.0
454	4046.0
455	4012.0
456	4250.0
457	4050.0
458	3950.0
459	4148.0
460	4376.0
461	4142.0
462	4124.0
463	4046.0
464	4044.0
465	4124.0
466	4064.0
467	4168.0
468	4076.0
469	4034.0
470	4170.0
471	4154.0
472	3992.0
473	4102.0
474	4060.0
475	4210.0
476	4258.0
477	4152.0
478	4144.0
479	4264.0
480	4140.0
481	4020.0
482	4064.0
483	4038.0
484	4296.0
485	4216.0
486	4154.0
487	4200.0
488	4278.0
489	4294.0
490	4022.0
491	4242.0
492	4046.0
493	4054.0
494	4066.0
495	4118.0
496	4156.0
497	3990.0
498	4050.0
499	4120.0
500	4102.0
501	4200.0
502	4256.0
503	4100.0
504	4080.0
505	4318.0
506	4186.0
507	4022.0
508	4134.0
509	3986.0
510	4080.0
511	4314.0
512	4002.0
513	4118.0
514	4154.0
515	4184.0
516	3958.0
517	4202.0
518	4152.0
519	4076.0
520	4166.0
521	4192.0
522	4004.0
523	4106.0
524	3976.0
525	4138.0
526	4206.0
527	4198.0
528	4230.0
529	4374.0
530	4160.0
531	4102.0
532	4192.0
533	4376.0
534	4198.0
535	4252.0
536	4290.0
537	4200.0
538	4200.0
539	4086.0
540	4190.0
541	4198.0
542	4338.0
543	4256.0
544	4414.0
545	4292.0
546	4188.0
547	4300.0
548	4360.0
549	4280.0
550	4550.0
551	4330.0
552	4430.0
553	4306.0
554	4322.0
555	4352.0
556	4434.0
557	4218.0
558	4384.0
559	4400.0
560	4280.0
561	4266.0
562	4336.0
563	4418.0
564	4420.0
565	4296.0
566	4342.0
567	4218.0
568	4450.0
569	4432.0
570	4362.0
571	4506.0
572	4400.0
573	4360.0
574	4302.0
575	4242.0
576	4300.0
577	4456.0
578	4384.0
579	4310.0
580	4516.0
581	4288.0
582	4392.0
583	4274.0
584	4362.0
585	4254.0
586	4324.0
587	4268.0
588	4294.0
589	4290.0
590	4296.0
591	4278.0
592	4232.0
593	4146.0
594	4258.0
595	4662.0
596	4250.0
597	4238.0
598	4002.0
599	4236.0
600	4334.0
601	4246.0
602	4220.0
603	4068.0
604	4158.0
605	4212.0
606	4206.0
607	4260.0
608	4012.0
609	4294.0
610	4162.0
611	4324.0
612	4174.0
613	4212.0
614	4114.0
615	4162.0
616	4140.0
617	4166.0
618	4398.0
619	4116.0
620	4230.0
621	4186.0
622	4304.0
623	4072.0
624	4192.0
625	4122.0
626	4124.0
627	4200.0
628	4070.0
629	4162.0
630	4320.0
631	4214.0
632	4254.0
633	4188.0
634	4120.0
635	4042.0
636	4116.0
637	4242.0
638	4148.0
639	4030.0
640	4294.0
641	4024.0
642	4044.0
643	4114.0
644	4226.0
645	4328.0
646	4246.0
647	4240.0
648	4052.0
649	4372.0
650	4158.0
651	4382.0
652	4044.0
653	4118.0
654	3966.0
655	3922.0
656	4142.0
657	4188.0
658	4050.0
659	4256.0
660	4332.0
661	4144.0
662	4164.0
663	4132.0
664	4122.0
665	4284.0
666	4206.0
667	4318.0
668	4284.0
669	4324.0
670	4308.0
671	4246.0
672	4272.0
673	4228.0
674	4256.0
675	4282.0
676	4346.0
677	4294.0
678	4464.0
679	4330.0
680	4358.0
681	4476.0
682	4288.0
683	4302.0
684	4420.0
685	4504.0
686	4234.0
687	4334.0
688	4286.0
689	4408.0
690	4456.0
691	4536.0
692	4506.0
693	4430.0
694	4618.0
695	4652.0
696	4576.0
697	4456.0
698	4448.0
699	4498.0
700	4372.0
701	4604.0
702	4558.0
703	4528.0
704	4686.0
705	4644.0
706	4734.0
707	4580.0
708	4728.0
709	4602.0
710	4558.0
711	4538.0
712	4596.0
713	4694.0
714	4560.0
715	4694.0
716	4488.0
717	4540.0
718	4588.0
719	4442.0
720	4572.0
721	4476.0
722	4400.0
723	4388.0
724	4498.0
725	4418.0
726	4450.0
727	4428.0
728	4438.0
729	4436.0
730	4554.0
731	4522.0
732	4424.0
733	4360.0
734	4254.0
735	4578.0
736	4334.0
737	4310.0
738	4358.0
739	4468.0
740	4422.0
741	4382.0
742	4324.0
743	4414.0
744	4410.0
745	4220.0
746	4272.0
747	4384.0
748	4534.0
749	4486.0
750	4330.0
751	4346.0
752	4304.0
753	4124.0
754	4488.0
755	4544.0
756	4456.0
757	4486.0
758	4348.0
759	4320.0
760	4294.0
761	4188.0
762	4300.0
763	4270.0
764	4138.0
765	4272.0
766	4234.0
767	4166.0
768	4118.0
769	4190.0
770	4204.0
771	4100.0
772	4328.0
773	4212.0
774	4104.0
775	4422.0
776	4344.0
777	4236.0
778	4152.0
779	4250.0
780	4300.0
781	4156.0
782	4342.0
783	4260.0
784	4102.0
785	4260.0
786	4430.0
787	4354.0
788	4252.0
789	4376.0
790	4292.0
791	4192.0
792	4240.0
793	4402.0
794	4198.0
795	4344.0
796	4376.0
797	4458.0
798	4426.0
799	4326.0
800	4370.0
801	4288.0
802	4310.0
803	4240.0
804	4500.0
805	4056.0
806	4316.0
807	4190.0
808	4224.0
809	4344.0
810	4296.0
811	4226.0
812	4590.0
813	4242.0
814	4452.0
815	4344.0
816	4224.0
817	4212.0
818	4166.0
819	4224.0
820	4256.0
821	4168.0
822	4312.0
823	4312.0
824	4114.0
825	4210.0
826	4388.0
827	4312.0
828	4166.0
829	4254.0
830	4158.0
831	4466.0
832	4368.0
833	4254.0
834	4214.0
835	4236.0
836	4326.0
837	4328.0
838	4400.0
839	4340.0
840	4464.0
841	4280.0
842	4418.0
843	4288.0
844	4276.0
845	4236.0
846	4232.0
847	4362.0
848	4416.0
849	4362.0
850	4368.0
851	4346.0
852	4520.0
853	4466.0
854	4498.0
855	4344.0
856	4348.0
857	4408.0
858	4304.0
859	4368.0
860	4502.0
861	4392.0
862	4616.0
863	4346.0
864	4348.0
865	4570.0
866	4512.0
867	4598.0
868	4482.0
869	4484.0
870	4614.0
871	4488.0
872	4670.0
873	4592.0
874	4602.0
875	4610.0
876	4740.0
877	4724.0
878	4594.0
879	4704.0
880	4596.0
881	4790.0
882	4522.0
883	4400.0
884	4782.0
885	4874.0
886	4684.0
887	4772.0
888	4640.0
889	4714.0
890	4624.0
891	4582.0
892	4736.0
893	4694.0
894	4668.0
895	4618.0
896	4526.0
897	4648.0
898	4550.0
899	4642.0
900	4800.0
901	4660.0
902	4560.0
903	4586.0
904	4554.0
905	4714.0
906	4498.0
907	4654.0
908	4440.0
909	4752.0
910	4530.0
911	4704.0
912	4738.0
913	4510.0
914	4588.0
915	4446.0
916	4506.0
917	4604.0
918	4612.0
919	4460.0
920	4570.0
921	4468.0
922	4664.0
923	4462.0
924	4622.0
925	4624.0
926	4520.0
927	4608.0
928	4614.0
929	4752.0
930	4536.0
931	4736.0
932	4444.0
933	4356.0
934	4420.0
935	4560.0
936	4498.0
937	4368.0
938	4590.0
939	4608.0
940	4158.0
941	4398.0
942	4610.0
943	4514.0
944	4468.0
945	4448.0
946	4470.0
947	4576.0
948	4364.0
949	4422.0
950	4606.0
951	4632.0
952	4466.0
953	4520.0
954	4484.0
955	4584.0
956	4484.0
957	4490.0
958	4294.0
959	4390.0
960	4588.0
961	4362.0
962	4550.0
963	4632.0
964	4522.0
965	4580.0
966	4450.0
967	4562.0
968	4480.0
969	4542.0
970	4678.0
971	4566.0
972	4528.0
973	4328.0
974	4336.0
975	4658.0
976	4482.0
977	4424.0
978	4444.0
979	4598.0
980	4400.0
981	4566.0
982	4452.0
983	4448.0
984	4530.0
985	4388.0
986	4566.0
987	4626.0
988	4834.0
989	4588.0
990	4602.0
991	4408.0
992	4576.0
993	4640.0
994	4446.0
995	4478.0
996	4418.0
997	4352.0
998	4364.0
999	4592.0
1000	4292.0
1001	4502.0
1002	4398.0
1003	4570.0
1004	4602.0
1005	4524.0
1006	4416.0
1007	4482.0
1008	4532.0
1009	4594.0
1010	4568.0
1011	4362.0
1012	4640.0
1013	4352.0
1014	4606.0
1015	4506.0
1016	4686.0
1017	4522.0
1018	4754.0
1019	4676.0
1020	4690.0
1021	4734.0
1022	4682.0
1023	4446.0
1024	4470.0
1025	4586.0
1026	4428.0
1027	4596.0
1028	4520.0
1029	4876.0
1030	4778.0
1031	4784.0
1032	4568.0
1033	4648.0
1034	4558.0
1035	4584.0
1036	4622.0
1037	4492.0
1038	4406.0
1039	4768.0
1040	4666.0
1041	4666.0
1042	4758.0
1043	4764.0
1044	4562.0
1045	4722.0
1046	4708.0
1047	4856.0
1048	4684.0
1049	4886.0
1050	4722.0
1051	4756.0
1052	4668.0
1053	4790.0
1054	4886.0
1055	4846.0
1056	4806.0
1057	4752.0
1058	4730.0
1059	4850.0
1060	4816.0
1061	4882.0
1062	4872.0
1063	4670.0
1064	4620.0
1065	4816.0
1066	4694.0
1067	4658.0
1068	4692.0
1069	4726.0
1070	4756.0
1071	4986.0
1072	4998.0
1073	4870.0
1074	4710.0
1075	4736.0
1076	4610.0
1077	4746.0
1078	4742.0
1079	4714.0
1080	4814.0
1081	4840.0
1082	4830.0
1083	4560.0
1084	4886.0
1085	4720.0
1086	4860.0
1087	5016.0
1088	4790.0
1089	4690.0
1090	4828.0
1091	4860.0
1092	4862.0
1093	4846.0
1094	4724.0
1095	4884.0
1096	4812.0
1097	4896.0
1098	4680.0
1099	4824.0
1100	4688.0
1101	4948.0
1102	4916.0
1103	4806.0
1104	4786.0
1105	4794.0
1106	4652.0
1107	4900.0
1108	4790.0
1109	4852.0
1110	4774.0
1111	4624.0
1112	4874.0
1113	4730.0
1114	4804.0
1115	4856.0
1116	4922.0
1117	4894.0
1118	4680.0
1119	4866.0
1120	4714.0
1121	4888.0
1122	4822.0
1123	4588.0
1124	4864.0
1125	4850.0
1126	4802.0
1127	4788.0
1128	4756.0
1129	4962.0
1130	4776.0
1131	4654.0
1132	4542.0
1133	4674.0
1134	4768.0
1135	4938.0
1136	4720.0
1137	4484.0
1138	4680.0
1139	4748.0
1140	4658.0
1141	4844.0
1142	4638.0
1143	4848.0
1144	4720.0
1145	4778.0
1146	4748.0
1147	4604.0
1148	4526.0
1149	4654.0
1150	4704.0
1151	4836.0
1152	4636.0
1153	4570.0
1154	4898.0
1155	4718.0
1156	4894.0
1157	4844.0
1158	4906.0
1159	4488.0
1160	4772.0
1161	4708.0
1162	4614.0
1163	4650.0
1164	4618.0
1165	4786.0
1166	4580.0
1167	4690.0
1168	4724.0
1169	4614.0
1170	4696.0
1171	4722.0
1172	4534.0
1173	4588.0
1174	4708.0
1175	4516.0
1176	4464.0
1177	4650.0
1178	4492.0
1179	4566.0
1180	4458.0
1181	4526.0
1182	4608.0
1183	4616.0
1184	4862.0
1185	4568.0
1186	4666.0
1187	4706.0
1188	4686.0
1189	4574.0
1190	4652.0
1191	4550.0
1192	4778.0
1193	4662.0
1194	4506.0
1195	4656.0
1196	4630.0
1197	4598.0
1198	4560.0
1199	4640.0
1200	4216.0
1201	4638.0
1202	4722.0
1203	4560.0
1204	4626.0
1205	4586.0
1206	4480.0
1207	4532.0
1208	4662.0
1209	4574.0
1210	4850.0
1211	4684.0
1212	4634.0
1213	4614.0
1214	4684.0
1215	4706.0
1216	4780.0
1217	4632.0
1218	4762.0
1219	4964.0
1220	4704.0
1221	4638.0
1222	4580.0
1223	4672.0
1224	4638.0
1225	4504.0
1226	4830.0
1227	4646.0
1228	4874.0
1229	4766.0
1230	4646.0
1231	4464.0
1232	4588.0
1233	4552.0
1234	4782.0
1235	4726.0
1236	4802.0
1237	4674.0
1238	4716.0
1239	4652.0
1240	4690.0
1241	4696.0
1242	4694.0
1243	4734.0
1244	4610.0
1245	4724.0
1246	4736.0
1247	4712.0
1248	4788.0
1249	4900.0
1250	4822.0
1251	4800.0
1252	4682.0
1253	4840.0
1254	4674.0
1255	4846.0
1256	4564.0
1257	4662.0
1258	4846.0
1259	4796.0
1260	4712.0
1261	4646.0
1262	4738.0
1263	4732.0
1264	4738.0
1265	4640.0
1266	4798.0
1267	4640.0
1268	4758.0
1269	4684.0
1270	4708.0
1271	4908.0
1272	4764.0
1273	4872.0
1274	4582.0
1275	4700.0
1276	4780.0
1277	4710.0
1278	4522.0
1279	4682.0
1280	4772.0
1281	4546.0
1282	4650.0
1283	4868.0
1284	4670.0
1285	4706.0
1286	4600.0
1287	4664.0
1288	4782.0
1289	4756.0
1290	4558.0
1291	4692.0
1292	4422.0
1293	4758.0
1294	4990.0
1295	4678.0
1296	4766.0
1297	4776.0
1298	4684.0
1299	4652.0
1300	4596.0
1301	4730.0
1302	4882.0
1303	4626.0
1304	4666.0
1305	4640.0
1306	4598.0
1307	4666.0
1308	4720.0
1309	4726.0
1310	4762.0
1311	4908.0
1312	4772.0
1313	4716.0
1314	4944.0
1315	4756.0
1316	4656.0
1317	4710.0
1318	4774.0
1319	4766.0
1320	4822.0
1321	4832.0
1322	4850.0
1323	4886.0
1324	4742.0
1325	4866.0
1326	4910.0
1327	4814.0
1328	4976.0
1329	5246.0
1330	4880.0
1331	4820.0
1332	4946.0
1333	4860.0
1334	4844.0
1335	4794.0
1336	4738.0
1337	5006.0
1338	4778.0
1339	4992.0
1340	4730.0
1341	4712.0
1342	4830.0
1343	4966.0
1344	4830.0
1345	4928.0
1346	4714.0
1347	4942.0
1348	4936.0
1349	4794.0
1350	4908.0
1351	4882.0
1352	4780.0
1353	4852.0
1354	4796.0
1355	4926.0
1356	4714.0
1357	4878.0
1358	4886.0
1359	4916.0
1360	4910.0
1361	4908.0
1362	4858.0
1363	4910.0
1364	4706.0
1365	4832.0
1366	4944.0
1367	4870.0
1368	4760.0
1369	4782.0
1370	4858.0
1371	4884.0
1372	4932.0
1373	4658.0
1374	4678.0
1375	4780.0
1376	4706.0
1377	4798.0
1378	4810.0
1379	4884.0
1380	4866.0
1381	4808.0
1382	4646.0
1383	4680.0
1384	4876.0
1385	4766.0
1386	4828.0
1387	4984.0
1388	4966.0
1389	4654.0
1390	4500.0
1391	4558.0
1392	4640.0
1393	4878.0
1394	4614.0
1395	4890.0
1396	4756.0
1397	4768.0
1398	4726.0
1399	4716.0
1400	4654.0
1401	4742.0
1402	4640.0
1403	4744.0
1404	4826.0
1405	4694.0
1406	4764.0
1407	4840.0
1408	4676.0
1409	4720.0
1410	4728.0
1411	4790.0
1412	4824.0
1413	4760.0
1414	4764.0
1415	4556.0
1416	4458.0
1417	4714.0
1418	4758.0
1419	4752.0
1420	4726.0
1421	4828.0
1422	4488.0
1423	4622.0
1424	4644.0
1425	4534.0
1426	4546.0
1427	4626.0
1428	4806.0
1429	4494.0
1430	4554.0
1431	4706.0
1432	4588.0
1433	4760.0
1434	4658.0
1435	4780.0
1436	4664.0
1437	4742.0
1438	4610.0
1439	4650.0
1440	4602.0
1441	4626.0
1442	4434.0
1443	4432.0
1444	4454.0
1445	4740.0
1446	4676.0
1447	4468.0
1448	4614.0
1449	4532.0
1450	4618.0
1451	4614.0
1452	4556.0
1453	4652.0
1454	4818.0
1455	4464.0
1456	4598.0
1457	4748.0
1458	4724.0
1459	4458.0
1460	4532.0
1461	4806.0
1462	4558.0
1463	4494.0
1464	4620.0
1465	4544.0
1466	4702.0
1467	4584.0
1468	4700.0
1469	4850.0
1470	4744.0
1471	4898.0
1472	4706.0
1473	4758.0
1474	4762.0
1475	4660.0
1476	4642.0
1477	4700.0
1478	4960.0
1479	4730.0
1480	4614.0
1481	4690.0
1482	4700.0
1483	4656.0
1484	4672.0
1485	4686.0
1486	4672.0
1487	4764.0
1488	4826.0
1489	4692.0
1490	4692.0
1491	4664.0
1492	4560.0
1493	4656.0
1494	4864.0
1495	4492.0
1496	4712.0
1497	4412.0
1498	4562.0
1499	4628.0
1500	4724.0
1501	4494.0
1502	4516.0
1503	4428.0
1504	4626.0
1505	4760.0
1506	4664.0
1507	4654.0
1508	4574.0
1509	4416.0
1510	4530.0
1511	4624.0
1512	4686.0
1513	4534.0
1514	4442.0
1515	4374.0
1516	4342.0
1517	4560.0
1518	4578.0
1519	4496.0
1520	4620.0
1521	4574.0
1522	4654.0
1523	4512.0
1524	4492.0
1525	4450.0
1526	4478.0
1527	4410.0
1528	4628.0
1529	4528.0
1530	4748.0
1531	4552.0
1532	4370.0
1533	4564.0
1534	4352.0
1535	4634.0
1536	4422.0
1537	4866.0
1538	4510.0
1539	4566.0
1540	4608.0
1541	4548.0
1542	4636.0
1543	4482.0
1544	4486.0
1545	4430.0
1546	4506.0
1547	4498.0
1548	4354.0
1549	4632.0
1550	4412.0
1551	4508.0
1552	4566.0
1553	4560.0
1554	4572.0
1555	4436.0
1556	4642.0
1557	4608.0
1558	4514.0
1559	4656.0
1560	4562.0
1561	4608.0
1562	4536.0
1563	4634.0
1564	4474.0
1565	4628.0
1566	4496.0
1567	4526.0
1568	4422.0
1569	4508.0
1570	4302.0
1571	4322.0
1572	4324.0
1573	4516.0
1574	4524.0
1575	4520.0
1576	4518.0
1577	4446.0
1578	4510.0
1579	4188.0
1580	4446.0
1581	4468.0
1582	4484.0
1583	4270.0
1584	4564.0
1585	4350.0
1586	4394.0
1587	4184.0
1588	4476.0
1589	4324.0
1590	4364.0
1591	4330.0
1592	4402.0
1593	4324.0
1594	4258.0
1595	4404.0
1596	4288.0
1597	4280.0
1598	4360.0
1599	4590.0
1600	4216.0
1601	4418.0
1602	4326.0
1603	4340.0
1604	4368.0
1605	4412.0
1606	4246.0
1607	4278.0
1608	4220.0
1609	4228.0
1610	4400.0
1611	4362.0
1612	4368.0
1613	4322.0
1614	4202.0
1615	4528.0
1616	4432.0
1617	4312.0
1618	4238.0
1619	4342.0
1620	4246.0
1621	4220.0
1622	4372.0
1623	4358.0
1624	4436.0
1625	4314.0
1626	4206.0
1627	4298.0
1628	4188.0
1629	4072.0
1630	4168.0
1631	4104.0
1632	4264.0
1633	4026.0
1634	4330.0
1635	4140.0
1636	4194.0
1637	4254.0
1638	4230.0
1639	4184.0
1640	4326.0
1641	4300.0
1642	4044.0
1643	4168.0
1644	4346.0
1645	4322.0
1646	4138.0
1647	4018.0
1648	4258.0
1649	4204.0
1650	4164.0
1651	4374.0
1652	4202.0
1653	4154.0
1654	4216.0
1655	4212.0
1656	4062.0
1657	4328.0
1658	4206.0
1659	3908.0
1660	4350.0
1661	4172.0
1662	4216.0
1663	4148.0
1664	4310.0
1665	4180.0
1666	4248.0
1667	4380.0
1668	4380.0
1669	4270.0
1670	4126.0
1671	4242.0
1672	4066.0
1673	4258.0
1674	4140.0
1675	4442.0
1676	4252.0
1677	4320.0
1678	4276.0
1679	4350.0
1680	4204.0
1681	4122.0
1682	4326.0
1683	4126.0
1684	4182.0
1685	4276.0
1686	4088.0
1687	4198.0
1688	4232.0
1689	4324.0
1690	4252.0
1691	4184.0
1692	4228.0
1693	4054.0
1694	4106.0
1695	4132.0
1696	4136.0
1697	4118.0
1698	4128.0
1699	4264.0
1700	4170.0
1701	4038.0
1702	4198.0
1703	4190.0
1704	4030.0
1705	4210.0
1706	4260.0
1707	4104.0
1708	4246.0
1709	4074.0
1710	4198.0
1711	3978.0
1712	4198.0
1713	4284.0
1714	4182.0
1715	4192.0
1716	4054.0
1717	4040.0
1718	4116.0
1719	4202.0
1720	4146.0
1721	4100.0
1722	4130.0
1723	4112.0
1724	3952.0
1725	3900.0
1726	3996.0
1727	4042.0
1728	4110.0
1729	3944.0
1730	3840.0
1731	4088.0
1732	4066.0
1733	4242.0
1734	3908.0
1735	3998.0
1736	3984.0
1737	4200.0
1738	4044.0
1739	4006.0
1740	4122.0
1741	4202.0
1742	4080.0
1743	4040.0
1744	3894.0
1745	4076.0
1746	3882.0
1747	4034.0
1748	4018.0
1749	4100.0
1750	4072.0
1751	3836.0
1752	4106.0
1753	3864.0
1754	3992.0
1755	4052.0
1756	4128.0
1757	4026.0
1758	4104.0
1759	3984.0
1760	3906.0
1761	3988.0
1762	3950.0
1763	4028.0
1764	4050.0
1765	3962.0
1766	4064.0
1767	4142.0
1768	3898.0
1769	4206.0
1770	4110.0
1771	3814.0
1772	3886.0
1773	3986.0
1774	4084.0
1775	4048.0
1776	3918.0
1777	4202.0
1778	4058.0
1779	3890.0
1780	4068.0
1781	4008.0
1782	3866.0
1783	4012.0
1784	3990.0
1785	4000.0
1786	4016.0
1787	4124.0
1788	4162.0
1789	3844.0
1790	4110.0
1791	4020.0
1792	3964.0
1793	4064.0
1794	3852.0
1795	4080.0
1796	4022.0
1797	4002.0
1798	4050.0
1799	4052.0
1800	4032.0
1801	4096.0
1802	4026.0
1803	3988.0
1804	4018.0
1805	4120.0
1806	4100.0
1807	4260.0
1808	3932.0
1809	4084.0
1810	4024.0
1811	4248.0
1812	4250.0
1813	3890.0
1814	3840.0
1815	4064.0
1816	4122.0
1817	3922.0
1818	4128.0
1819	3782.0
1820	3894.0
1821	4136.0
1822	4004.0
1823	3978.0
1824	3914.0
1825	4094.0
1826	3862.0
1827	4172.0
1828	4020.0
1829	3898.0
1830	3852.0
1831	4026.0
1832	4118.0
1833	4078.0
1834	4034.0
1835	3746.0
1836	4128.0
1837	4020.0
1838	3950.0
1839	4024.0
1840	3866.0
1841	4092.0
1842	3726.0
1843	4064.0
1844	3854.0
1845	4052.0
1846	3936.0
1847	4142.0
1848	4006.0
1849	4136.0
1850	4040.0
1851	3924.0
1852	4008.0
1853	3892.0
1854	3906.0
1855	3778.0
1856	3848.0
1857	4042.0
1858	3926.0
1859	3712.0
1860	3772.0
1861	3836.0
1862	3888.0
1863	3872.0
1864	3872.0
1865	3840.0
1866	3926.0
1867	3978.0
1868	3754.0
1869	3990.0
1870	3722.0
1871	3752.0
1872	3662.0
1873	3880.0
1874	3950.0
1875	3964.0
1876	3960.0
1877	3820.0
1878	3808.0
1879	3786.0
1880	3740.0
1881	3808.0
1882	4020.0
1883	3934.0
1884	3874.0
1885	3840.0
1886	3812.0
1887	3900.0
1888	3858.0
1889	3856.0
1890	3832.0
1891	3866.0
1892	3988.0
1893	3778.0
1894	3904.0
1895	3802.0
1896	3998.0
1897	3880.0
1898	3812.0
1899	3900.0
1900	3912.0
1901	4070.0
1902	3960.0
1903	3966.0
1904	3822.0
1905	3766.0
1906	3868.0
1907	3954.0
1908	4072.0
1909	3880.0
1910	3812.0
1911	4012.0
1912	3752.0
1913	4002.0
1914	3792.0
1915	3898.0
1916	3842.0
1917	3954.0
1918	3700.0
1919	3738.0
1920	3846.0
1921	3676.0
1922	3762.0
1923	3878.0
1924	3796.0
1925	3932.0
1926	3736.0
1927	3718.0
1928	3834.0
1929	3802.0
1930	3778.0
1931	3648.0
1932	3730.0
1933	3848.0
1934	3788.0
1935	3642.0
1936	3666.0
1937	3676.0
1938	3736.0
1939	3732.0
1940	3870.0
1941	3958.0
1942	3722.0
1943	3816.0
1944	3700.0
1945	3608.0
1946	3862.0
1947	3834.0
1948	3754.0
1949	3784.0
1950	3694.0
1951	3706.0
1952	3866.0
1953	3668.0
1954	3700.0
1955	3748.0
1956	3788.0
1957	3556.0
1958	3552.0
1959	3698.0
1960	3750.0
1961	3660.0
1962	3634.0
1963	3700.0
1964	3660.0
1965	3636.0
1966	3694.0
1967	3592.0
1968	3544.0
1969	3562.0
1970	3614.0
1971	3734.0
1972	3624.0
1973	3574.0
1974	3712.0
1975	3824.0
1976	3594.0
1977	3594.0
1978	3702.0
1979	3634.0
1980	3404.0
1981	3718.0
1982	3780.0
1983	3632.0
1984	3690.0
1985	3588.0
1986	3580.0
1987	3388.0
1988	3576.0
1989	3484.0
1990	3620.0
1991	3614.0
1992	3644.0
1993	3664.0
1994	3544.0
1995	3686.0
1996	3650.0
1997	3564.0
1998	3560.0
1999	3684.0
2000	3512.0
2001	3636.0
2002	3554.0
2003	3644.0
2004	3614.0
2005	3666.0
2006	3620.0
2007	3592.0
2008	3690.0
2009	3694.0
2010	3530.0
2011	3600.0
2012	3344.0
2013	3598.0
2014	3600.0
2015	3546.0
2016	3656.0
2017	3670.0
2018	3640.0
2019	3586.0
2020	3600.0
2021	3442.0
2022	3540.0
2023	3510.0
2024	3618.0
2025	3770.0
2026	3564.0
2027	3546.0
2028	3542.0
2029	3498.0
2030	3388.0
2031	3620.0
2032	3738.0
2033	3632.0
2034	3610.0
2035	3700.0
2036	3426.0
2037	3516.0
2038	3676.0
2039	3448.0
2040	3544.0
2041	3700.0
2042	3446.0
2043	3472.0
2044	3502.0
2045	3600.0
2046	3452.0
2047	3514.0
2048	3524.0
2049	3516.0
2050	3538.0
2051	3676.0
2052	3378.0
2053	3600.0
2054	3472.0
2055	3486.0
2056	3568.0
2057	3630.0
2058	3730.0
2059	3502.0
2060	3472.0
2061	3514.0
2062	3490.0
2063	3502.0
2064	3598.0
2065	3658.0
2066	3400.0
2067	3714.0
2068	3492.0
2069	3532.0
2070	3464.0
2071	3392.0
2072	3428.0
2073	3488.0
2074	3532.0
2075	3482.0
2076	3396.0
2077	3378.0
2078	3366.0
2079	3334.0
2080	3388.0
2081	3588.0
2082	3302.0
2083	3444.0
2084	3338.0
2085	3414.0
2086	3460.0
2087	3356.0
2088	3574.0
2089	3470.0
2090	3534.0
2091	3438.0
2092	3246.0
2093	3380.0
2094	3346.0
2095	3434.0
2096	3374.0
2097	3488.0
2098	3362.0
2099	3608.0
2100	3434.0
2101	3424.0
2102	3296.0
2103	3502.0
2104	3372.0
2105	3314.0
2106	3454.0
2107	3454.0
2108	3366.0
2109	3284.0
2110	3204.0
2111	3294.0
2112	3238.0
2113	3278.0
2114	3236.0
2115	3234.0
2116	3376.0
2117	3370.0
2118	3182.0
2119	3332.0
2120	3338.0
2121	3220.0
2122	3288.0
2123	3476.0
2124	3368.0
2125	3266.0
2126	3168.0
2127	3262.0
2128	3344.0
2129	3254.0
2130	3330.0
2131	3304.0
2132	3422.0
2133	3266.0
2134	3298.0
2135	3362.0
2136	3252.0
2137	3376.0
2138	3148.0
2139	3362.0
2140	3456.0
2141	3294.0
2142	3182.0
2143	3262.0
2144	3210.0
2145	3196.0
2146	3258.0
2147	3374.0
2148	3188.0
2149	3398.0
2150	3366.0
2151	3286.0
2152	3346.0
2153	3296.0
2154	3320.0
2155	3408.0
2156	3352.0
2157	3334.0
2158	3124.0
2159	3268.0
2160	3302.0
2161	3228.0
2162	3222.0
2163	3138.0
2164	3454.0
2165	3510.0
2166	3370.0
2167	3268.0
2168	3172.0
2169	3218.0
2170	3216.0
2171	3108.0
2172	3224.0
2173	3180.0
2174	3314.0
2175	3208.0
2176	3088.0
2177	3240.0
2178	3134.0
2179	3250.0
2180	3354.0
2181	3294.0
2182	3262.0
2183	3184.0
2184	3108.0
2185	3102.0
2186	3132.0
2187	2912.0
2188	3274.0
2189	3122.0
2190	3178.0
2191	3136.0
2192	3018.0
2193	2950.0
2194	3116.0
2195	3054.0
2196	3178.0
2197	3016.0
2198	3032.0
2199	3204.0
2200	3212.0
2201	3018.0
2202	3302.0
2203	2970.0
2204	3042.0
2205	3050.0
2206	3068.0
2207	3086.0
2208	3104.0
2209	3014.0
2210	3038.0
2211	2972.0
2212	2896.0
2213	2986.0
2214	2912.0
2215	3146.0
2216	2974.0
2217	3046.0
2218	3014.0
2219	2994.0
2220	3126.0
2221	3144.0
2222	3090.0
2223	3034.0
2224	3052.0
2225	2978.0
2226	2896.0
2227	3146.0
2228	2836.0
2229	2922.0
2230	2882.0
2231	2970.0
2232	2962.0
2233	3086.0
2234	3002.0
2235	3010.0
2236	3010.0
2237	3028.0
2238	2906.0
2239	3000.0
2240	3064.0
2241	3162.0
2242	3056.0
2243	2918.0
2244	3168.0
2245	3098.0
2246	2994.0
2247	2884.0
2248	3022.0
2249	2814.0
2250	2934.0
2251	2900.0
2252	2950.0
2253	2820.0
2254	2876.0
2255	2842.0
2256	3040.0
2257	2916.0
2258	2942.0
2259	2922.0
2260	2926.0
2261	2806.0
2262	2830.0
2263	3000.0
2264	2920.0
2265	2918.0
2266	2956.0
2267	2744.0
2268	2796.0
2269	2976.0
2270	2804.0
2271	2856.0
2272	2832.0
2273	2992.0
2274	2946.0
2275	3076.0
2276	3014.0
2277	2984.0
2278	2978.0
2279	2942.0
2280	2944.0
2281	2876.0
2282	2666.0
2283	3096.0
2284	2800.0
2285	3250.0
2286	2920.0
2287	2774.0
2288	2894.0
2289	2864.0
2290	2922.0
2291	2908.0
2292	2996.0
2293	2932.0
2294	2734.0
2295	2812.0
2296	2980.0
2297	2750.0
2298	2916.0
2299	2762.0
2300	2792.0
2301	2880.0
2302	2774.0
2303	2974.0
2304	2950.0
2305	2844.0
2306	2906.0
2307	2880.0
2308	3026.0
2309	2770.0
2310	2756.0
2311	2780.0
2312	2854.0
2313	2592.0
2314	2776.0
2315	2784.0
2316	2888.0
2317	2804.0
2318	2776.0
2319	2866.0
2320	2798.0
2321	2876.0
2322	2798.0
2323	2800.0
2324	2662.0
2325	2734.0
2326	2722.0
2327	2760.0
2328	2816.0
2329	2816.0
2330	2682.0
2331	2782.0
2332	2940.0
2333	2874.0
2334	2638.0
2335	2852.0
2336	2776.0
2337	2876.0
2338	2638.0
2339	2968.0
2340	2970.0
2341	2780.0
2342	2656.0
2343	2914.0
2344	2900.0
2345	2686.0
2346	2796.0
2347	2720.0
2348	2768.0
2349	2696.0
2350	2904.0
2351	2688.0
2352	2770.0
2353	2736.0
2354	2700.0
2355	2720.0
2356	2722.0
2357	2726.0
2358	2710.0
2359	2656.0
2360	2644.0
2361	2752.0
2362	2688.0
2363	2620.0
2364	2662.0
2365	2756.0
2366	2724.0
2367	2830.0
2368	2482.0
2369	2596.0
2370	2572.0
2371	2720.0
2372	2812.0
2373	2906.0
2374	2682.0
2375	2806.0
2376	2726.0
2377	2642.0
2378	2690.0
2379	2688.0
2380	2694.0
2381	2690.0
2382	2736.0
2383	2712.0
2384	2868.0
2385	2676.0
2386	2784.0
2387	2660.0
2388	2760.0
2389	2646.0
2390	2666.0
2391	2690.0
2392	2730.0
2393	2500.0
2394	2630.0
2395	2678.0
2396	2548.0
2397	2590.0
2398	2706.0
2399	2866.0
2400	2724.0
2401	2562.0
2402	2644.0
2403	2652.0
2404	2550.0
2405	2538.0
2406	2596.0
2407	2646.0
2408	2642.0
2409	2526.0
2410	2524.0
2411	2744.0
2412	2698.0
2413	2538.0
2414	2556.0
2415	2562.0
2416	2606.0
2417	2560.0
2418	2486.0
2419	2472.0
2420	2452.0
2421	2516.0
2422	2518.0
2423	2510.0
2424	2516.0
2425	2634.0
2426	2280.0
2427	2594.0
2428	2446.0
2429	2356.0
2430	2406.0
2431	2512.0
2432	2518.0
2433	2592.0
2434	2576.0
2435	2318.0
2436	2390.0
2437	2564.0
2438	2502.0
2439	2502.0
2440	2484.0
2441	2484.0
2442	2414.0
2443	2444.0
2444	2442.0
2445	2390.0
2446	2448.0
2447	2410.0
2448	2574.0
2449	2420.0
2450	2498.0
2451	2456.0
2452	2478.0
2453	2378.0
2454	2442.0
2455	2386.0
2456	2454.0
2457	2416.0
2458	2568.0
2459	2450.0
2460	2254.0
2461	2366.0
2462	2462.0
2463	2428.0
2464	2318.0
2465	2442.0
2466	2438.0
2467	2488.0
2468	2418.0
2469	2432.0
2470	2464.0
2471	2366.0
2472	2336.0
2473	2396.0
2474	2432.0
2475	2336.0
2476	2392.0
2477	2320.0
2478	2378.0
2479	2336.0
2480	2418.0
2481	2310.0
2482	2424.0
2483	2316.0
2484	2366.0
2485	2458.0
2486	2470.0
2487	2332.0
2488	2238.0
2489	2330.0
2490	2376.0
2491	2466.0
2492	2392.0
2493	2354.0
2494	2388.0
2495	2332.0
2496	2402.0
2497	2330.0
2498	2332.0
2499	2406.0
2500	2436.0
2501	2364.0
2502	2358.0
2503	2444.0
2504	2430.0
2505	2290.0
2506	2350.0
2507	2340.0
2508	2512.0
2509	2286.0
2510	2350.0
2511	2422.0
2512	2286.0
2513	2318.0
2514	2138.0
2515	2402.0
2516	2324.0
2517	2364.0
2518	2384.0
2519	2248.0
2520	2362.0
2521	2344.0
2522	2260.0
2523	2298.0
2524	2398.0
2525	2260.0
2526	2298.0
2527	2162.0
2528	2298.0
2529	2204.0
2530	2216.0
2531	2330.0
2532	2238.0
2533	2112.0
2534	2280.0
2535	2186.0
2536	2236.0
2537	2334.0
2538	2238.0
2539	2238.0
2540	2226.0
2541	2226.0
2542	2344.0
2543	2170.0
2544	2380.0
2545	2214.0
2546	2196.0
2547	2184.0
2548	2182.0
2549	2200.0
2550	2248.0
2551	2102.0
2552	2066.0
2553	2280.0
2554	2214.0
2555	2218.0
2556	2054.0
2557	2248.0
2558	2162.0
2559	2198.0
2560	2262.0
2561	2134.0
2562	2072.0
2563	2100.0
2564	2054.0
2565	2310.0
2566	2092.0
2567	2106.0
2568	2238.0
2569	2102.0
2570	2238.0
2571	2102.0
2572	2214.0
2573	2164.0
2574	2140.0
2575	2168.0
2576	2112.0
2577	2136.0
2578	2160.0
2579	2152.0
2580	2160.0
2581	2144.0
2582	2230.0
2583	1996.0
2584	2222.0
2585	2138.0
2586	2060.0
2587	2108.0
2588	2200.0
2589	2078.0
2590	2044.0
2591	2128.0
2592	2062.0
2593	2132.0
2594	2064.0
2595	2076.0
2596	2014.0
2597	2154.0
2598	2026.0
2599	2064.0
2600	2078.0
2601	2060.0
2602	2080.0
2603	2094.0
2604	2214.0
2605	2088.0
2606	1984.0
2607	2032.0
