0	1676.0
1	1548.0
2	1464.0
3	1546.0
4	1550.0
5	1536.0
6	1564.0
7	1548.0
8	1784.0
9	1726.0
10	1584.0
11	1572.0
12	1684.0
13	1804.0
14	1580.0
15	1616.0
16	1848.0
17	1576.0
18	1656.0
19	1636.0
20	1596.0
21	1576.0
22	1472.0
23	1778.0
24	1660.0
25	1512.0
26	1632.0
27	1676.0
28	1480.0
29	1300.0
30	1644.0
31	1484.0
32	1624.0
33	1616.0
34	1464.0
35	1616.0
36	1676.0
37	1602.0
38	1488.0
39	1648.0
40	1904.0
41	1904.0
42	1564.0
43	1664.0
44	1764.0
45	1776.0
46	1724.0
47	1752.0
48	1804.0
49	1838.0
50	1704.0
51	1728.0
52	1820.0
53	1520.0
54	1728.0
55	1684.0
56	1592.0
57	1572.0
58	1568.0
59	1752.0
60	1436.0
61	1836.0
62	1728.0
63	1612.0
64	1624.0
65	1632.0
66	1740.0
67	1824.0
68	1768.0
69	1736.0
70	1704.0
71	1852.0
72	1652.0
73	1896.0
74	1712.0
75	1472.0
76	1672.0
77	1852.0
78	1640.0
79	1712.0
80	1852.0
81	1708.0
82	1804.0
83	1808.0
84	1746.0
85	1796.0
86	1768.0
87	1736.0
88	1868.0
89	2216.0
90	1800.0
91	1908.0
92	1756.0
93	2020.0
94	1868.0
95	1920.0
96	2056.0
97	1692.0
98	1984.0
99	1976.0
100	1720.0
101	1868.0
102	1908.0
103	1876.0
104	2104.0
105	1724.0
106	1936.0
107	1776.0
108	2004.0
109	1956.0
110	1848.0
111	2052.0
112	2176.0
113	1800.0
114	2060.0
115	1848.0
116	1884.0
117	1820.0
118	1888.0
119	1804.0
120	1952.0
121	1932.0
122	2180.0
123	1724.0
124	1924.0
125	2116.0
126	2224.0
127	1972.0
128	2164.0
129	2012.0
130	2084.0
131	1828.0
132	1984.0
133	1816.0
134	2252.0
135	1820.0
136	1852.0
137	1772.0
138	2260.0
139	2124.0
140	2068.0
141	1852.0
142	1796.0
143	1728.0
144	1980.0
145	1704.0
146	1596.0
147	1780.0
148	1780.0
149	1640.0
150	1588.0
151	1728.0
152	1658.0
153	1832.0
154	1498.0
155	1674.0
156	1940.0
157	1636.0
158	2116.0
159	1948.0
160	2000.0
161	2072.0
162	1988.0
163	1836.0
164	1896.0
165	1828.0
166	2064.0
167	1952.0
168	2112.0
169	2060.0
170	1832.0
171	2136.0
172	1972.0
173	1736.0
174	1992.0
175	1936.0
176	2140.0
177	1928.0
178	2008.0
179	1852.0
180	2012.0
181	1612.0
182	2024.0
183	2092.0
184	1912.0
185	2036.0
186	2220.0
187	2156.0
188	2200.0
189	2020.0
190	2216.0
191	2308.0
192	2128.0
193	2284.0
194	2000.0
195	2288.0
196	2052.0
197	2108.0
198	2212.0
199	1764.0
200	1832.0
201	2048.0
202	1768.0
203	1928.0
204	2268.0
205	1992.0
206	2164.0
207	2012.0
208	2000.0
209	1864.0
210	2044.0
211	2216.0
212	1800.0
213	2072.0
214	2276.0
215	1920.0
216	2388.0
217	2152.0
218	2092.0
219	2196.0
220	2252.0
221	2252.0
222	1968.0
223	2332.0
224	2196.0
225	2280.0
226	2240.0
227	2292.0
228	2224.0
229	2248.0
230	2236.0
231	2032.0
232	2160.0
233	2160.0
234	2212.0
235	2084.0
236	2400.0
237	2072.0
238	2040.0
239	2176.0
240	2184.0
241	2292.0
242	2516.0
243	2240.0
244	2180.0
245	2032.0
246	2324.0
247	2108.0
248	2296.0
249	2452.0
250	2220.0
251	2216.0
252	2444.0
253	2520.0
254	2052.0
255	2304.0
256	2448.0
257	2228.0
258	2288.0
259	2184.0
260	2236.0
261	2264.0
262	2312.0
263	2328.0
264	2080.0
265	2424.0
266	2268.0
267	2272.0
268	2020.0
269	2244.0
270	2364.0
271	2160.0
272	2472.0
273	2216.0
274	2528.0
275	2432.0
276	2184.0
277	2264.0
278	2316.0
279	2180.0
280	2356.0
281	2428.0
282	2428.0
283	2448.0
284	2564.0
285	2184.0
286	2236.0
287	2360.0
288	2292.0
289	2304.0
290	2368.0
291	2288.0
292	2040.0
293	2232.0
294	2124.0
295	2168.0
296	2192.0
297	2144.0
298	2416.0
299	2300.0
300	2336.0
301	2540.0
302	2136.0
303	2536.0
304	2344.0
305	2548.0
306	2520.0
307	2424.0
308	2360.0
309	2296.0
310	2190.0
311	2188.0
312	2612.0
313	2368.0
314	2156.0
315	2264.0
316	2436.0
317	2524.0
318	2600.0
319	2388.0
320	2340.0
321	2384.0
322	2384.0
323	2428.0
324	2184.0
325	2344.0
326	2600.0
327	2504.0
328	2284.0
329	2616.0
330	2180.0
331	2384.0
332	2520.0
333	2580.0
334	2188.0
335	2848.0
336	2552.0
337	2330.0
338	2392.0
339	2380.0
340	2824.0
341	2512.0
342	2548.0
343	2516.0
344	2668.0
345	2280.0
346	2660.0
347	2264.0
348	2676.0
349	2424.0
350	2460.0
351	2256.0
352	2464.0
353	2436.0
354	2152.0
355	2408.0
356	2304.0
357	2556.0
358	2400.0
359	2544.0
360	2404.0
361	2102.0
362	2436.0
363	2368.0
364	2452.0
365	2628.0
366	2600.0
367	2444.0
368	2480.0
369	2372.0
370	2280.0
371	2420.0
372	2512.0
373	2696.0
374	2668.0
375	2432.0
376	2412.0
377	2628.0
378	2388.0
379	2616.0
380	2592.0
381	2612.0
382	2628.0
383	2432.0
384	2590.0
385	2472.0
386	2524.0
387	2476.0
388	2396.0
389	2380.0
390	2392.0
391	2636.0
392	2668.0
393	2420.0
394	2464.0
395	2696.0
396	2600.0
397	2732.0
398	2928.0
399	2720.0
400	2464.0
401	2428.0
402	2276.0
403	2620.0
404	2352.0
405	2288.0
406	2404.0
407	2648.0
408	2756.0
409	2684.0
410	2476.0
411	2652.0
412	2420.0
413	2480.0
414	2752.0
415	2500.0
416	2720.0
417	2516.0
418	2436.0
419	2460.0
420	2696.0
421	2496.0
422	2624.0
423	2652.0
424	2780.0
425	2940.0
426	2736.0
427	2796.0
428	2648.0
429	2580.0
430	2656.0
431	2568.0
432	2688.0
433	2684.0
434	2656.0
435	2808.0
436	2544.0
437	2648.0
438	2624.0
439	2524.0
440	2580.0
441	2776.0
442	2340.0
443	2612.0
444	2456.0
445	2372.0
446	2508.0
447	2264.0
448	2296.0
449	1948.0
450	2160.0
451	1916.0
452	2224.0
453	2440.0
454	2188.0
455	2208.0
456	2244.0
457	2164.0
458	2366.0
459	2684.0
460	2648.0
461	2484.0
462	2360.0
463	2484.0
464	2140.0
465	2408.0
466	2412.0
467	2516.0
468	2316.0
469	2600.0
470	2400.0
471	2464.0
472	2516.0
473	2460.0
474	2584.0
475	2536.0
476	2276.0
477	2592.0
478	2532.0
479	2440.0
480	2304.0
481	2340.0
482	2472.0
483	2360.0
484	2268.0
485	1936.0
486	1972.0
487	2120.0
488	1856.0
489	1912.0
490	2288.0
491	2012.0
492	2220.0
493	2224.0
494	2548.0
495	2712.0
496	2668.0
497	2560.0
498	2592.0
499	2664.0
500	2736.0
501	2808.0
502	2568.0
503	2756.0
504	2920.0
505	2680.0
506	2852.0
507	2904.0
508	2908.0
509	2376.0
510	2708.0
511	2624.0
512	2828.0
513	2600.0
514	2896.0
515	2772.0
516	2880.0
517	2392.0
518	2608.0
519	2696.0
520	2856.0
521	2728.0
522	2956.0
523	2632.0
524	2748.0
525	2988.0
526	2904.0
527	2776.0
528	2808.0
529	2864.0
530	2524.0
531	2680.0
532	2692.0
533	3048.0
534	2756.0
535	2666.0
536	2744.0
537	2556.0
538	2712.0
539	2408.0
540	2144.0
541	2460.0
542	2140.0
543	2196.0
544	1924.0
545	2044.0
546	1726.0
547	1952.0
548	2272.0
549	2092.0
550	2112.0
551	2236.0
552	2388.0
553	2376.0
554	2692.0
555	2612.0
556	2788.0
557	2500.0
558	2820.0
559	2624.0
560	2896.0
561	2840.0
562	2732.0
563	2652.0
564	2716.0
565	2904.0
566	2888.0
567	2608.0
568	2520.0
569	2840.0
570	2992.0
571	2940.0
572	2640.0
573	2908.0
574	2928.0
575	3004.0
576	2612.0
577	2824.0
578	2736.0
579	2836.0
580	2468.0
581	2828.0
582	2832.0
583	2848.0
584	3036.0
585	2876.0
586	2744.0
587	2716.0
588	2872.0
589	2748.0
590	2856.0
591	2860.0
592	2812.0
593	2724.0
594	2912.0
595	2864.0
596	2856.0
597	2840.0
598	2732.0
599	2784.0
600	2828.0
601	2856.0
602	2844.0
603	2676.0
604	2780.0
605	2538.0
606	2932.0
607	2784.0
608	2828.0
609	2972.0
610	2792.0
611	2888.0
612	3008.0
613	3008.0
614	2892.0
615	2896.0
616	3004.0
617	2788.0
618	2976.0
619	3048.0
620	2636.0
621	2740.0
622	2720.0
623	2704.0
624	2868.0
625	3032.0
626	2896.0
627	3080.0
628	2860.0
629	2932.0
630	2800.0
631	2720.0
632	3036.0
633	2880.0
634	2936.0
635	3216.0
636	2792.0
637	2928.0
638	2864.0
639	2916.0
640	2916.0
641	2688.0
642	2948.0
643	2748.0
644	3024.0
645	2976.0
646	2800.0
647	2756.0
648	2896.0
649	2820.0
650	3160.0
651	2700.0
652	2964.0
653	2812.0
654	3208.0
655	2928.0
656	3148.0
657	3096.0
658	3008.0
659	2900.0
660	2868.0
661	3068.0
662	2852.0
663	3212.0
664	2904.0
665	2952.0
666	2868.0
667	2896.0
668	2868.0
669	2900.0
670	2904.0
671	2748.0
672	3084.0
673	2916.0
674	2752.0
675	2972.0
676	2824.0
677	2968.0
678	3044.0
679	3056.0
680	3000.0
681	2996.0
682	2912.0
683	3072.0
684	2834.0
685	2672.0
686	2924.0
687	2992.0
688	2884.0
689	2836.0
690	3224.0
691	2892.0
692	2856.0
693	2740.0
694	2824.0
695	2884.0
696	2812.0
697	2524.0
698	2620.0
699	2768.0
700	2620.0
701	2760.0
702	2804.0
703	2628.0
704	2696.0
705	2836.0
706	2696.0
707	3036.0
708	2780.0
709	3036.0
710	3036.0
711	2756.0
712	3096.0
713	2736.0
714	3152.0
715	2964.0
716	3008.0
717	2956.0
718	2716.0
719	3072.0
720	3036.0
721	2684.0
722	2852.0
723	3024.0
724	3012.0
725	3180.0
726	3072.0
727	2944.0
728	2748.0
729	3204.0
730	2796.0
731	3084.0
732	3012.0
733	2644.0
734	3212.0
735	2732.0
736	2936.0
737	2856.0
738	2828.0
739	2948.0
740	2908.0
741	2740.0
742	2852.0
743	2812.0
744	3024.0
745	2928.0
746	3120.0
747	3172.0
748	2888.0
749	2948.0
750	2908.0
751	2776.0
752	2772.0
753	2968.0
754	2904.0
755	2904.0
756	3124.0
757	2796.0
758	3056.0
759	3072.0
760	3076.0
761	2916.0
762	2736.0
763	2832.0
764	3080.0
765	2756.0
766	2976.0
767	2804.0
768	2980.0
769	2880.0
770	2956.0
771	3000.0
772	2768.0
773	2928.0
774	3456.0
775	2740.0
776	2812.0
777	3248.0
778	2952.0
779	2928.0
780	3152.0
781	3192.0
782	2924.0
783	2868.0
784	2864.0
785	3116.0
786	2824.0
787	3164.0
788	2912.0
789	2956.0
790	3016.0
791	2844.0
792	2796.0
793	2920.0
794	3128.0
795	2988.0
796	3084.0
797	2996.0
798	2848.0
799	2948.0
800	2948.0
801	2952.0
802	2756.0
803	2672.0
804	2284.0
805	2496.0
806	2460.0
807	2356.0
808	2260.0
809	2272.0
810	2392.0
811	2492.0
812	2532.0
813	2708.0
814	2828.0
815	2752.0
816	2980.0
817	2692.0
818	2936.0
819	2632.0
820	2824.0
821	3180.0
822	2888.0
823	2676.0
824	2712.0
825	2764.0
826	2672.0
827	2904.0
828	3024.0
829	2724.0
830	2640.0
831	2492.0
832	2588.0
833	2592.0
834	2756.0
835	2528.0
836	2788.0
837	3172.0
838	2992.0
839	3020.0
840	2920.0
841	2952.0
842	3064.0
843	2920.0
844	2984.0
845	3012.0
846	3028.0
847	3112.0
848	2900.0
849	2836.0
850	3076.0
851	3148.0
852	2956.0
853	3128.0
854	2756.0
855	3064.0
856	2868.0
857	2956.0
858	2788.0
859	2948.0
860	3008.0
861	3052.0
862	2804.0
863	2640.0
864	2924.0
865	2940.0
866	2728.0
867	2564.0
868	3040.0
869	2866.0
870	2864.0
871	2848.0
872	2692.0
873	3288.0
874	3016.0
875	3044.0
876	2664.0
877	2844.0
878	2844.0
879	3052.0
880	3064.0
881	2928.0
882	3072.0
883	2980.0
884	3024.0
885	3036.0
886	3352.0
887	2900.0
888	2944.0
889	3028.0
890	3076.0
891	2916.0
892	3148.0
893	2952.0
894	2960.0
895	2780.0
896	3024.0
897	2876.0
898	2752.0
899	3040.0
900	2896.0
901	3084.0
902	3104.0
903	2924.0
904	2816.0
905	2748.0
906	3164.0
907	2968.0
908	2720.0
909	2628.0
910	2912.0
911	2956.0
912	2724.0
913	2644.0
914	2744.0
915	2556.0
916	2900.0
917	2604.0
918	2472.0
919	2184.0
920	2632.0
921	2112.0
922	2420.0
923	2716.0
924	2560.0
925	2524.0
926	3008.0
927	2696.0
928	2976.0
929	2920.0
930	2780.0
931	2684.0
932	3060.0
933	2936.0
934	2608.0
935	2624.0
936	2784.0
937	2720.0
938	2800.0
939	2836.0
940	2776.0
941	2580.0
942	3028.0
943	2764.0
944	2784.0
945	3032.0
946	2564.0
947	2668.0
948	2684.0
949	2624.0
950	2352.0
951	2404.0
952	2600.0
953	2836.0
954	2504.0
955	2528.0
956	2752.0
957	2656.0
958	2760.0
959	2756.0
960	2776.0
961	2560.0
962	2868.0
963	2700.0
964	2596.0
965	2612.0
966	3084.0
967	2696.0
968	2740.0
969	2804.0
970	2824.0
971	2800.0
972	2800.0
973	2880.0
974	2928.0
975	2924.0
976	2872.0
977	2796.0
978	2708.0
979	2908.0
980	2660.0
981	2788.0
982	2660.0
983	2712.0
984	2552.0
985	2688.0
986	2564.0
987	2608.0
988	2744.0
989	3004.0
990	2660.0
991	2548.0
992	2760.0
993	2696.0
994	2780.0
995	2748.0
996	2760.0
997	2784.0
998	2748.0
999	2912.0
1000	2792.0
1001	2540.0
1002	3200.0
1003	3008.0
1004	2936.0
1005	2904.0
1006	3120.0
1007	2888.0
1008	2848.0
1009	2880.0
1010	2820.0
1011	3056.0
1012	2928.0
1013	2592.0
1014	2632.0
1015	2576.0
1016	2948.0
1017	2876.0
1018	2872.0
1019	3008.0
1020	3004.0
1021	2928.0
1022	2632.0
1023	2730.0
1024	2796.0
1025	3216.0
1026	2780.0
1027	2944.0
1028	2672.0
1029	3032.0
1030	2772.0
1031	2948.0
1032	2896.0
1033	2968.0
1034	2804.0
1035	3020.0
1036	3056.0
1037	2748.0
1038	2784.0
1039	2480.0
1040	2648.0
1041	2352.0
1042	2420.0
1043	2640.0
1044	2488.0
1045	2512.0
1046	2648.0
1047	2876.0
1048	2748.0
1049	2848.0
1050	2752.0
1051	2972.0
1052	2900.0
1053	2952.0
1054	2976.0
1055	2784.0
1056	2872.0
1057	2904.0
1058	2916.0
1059	2696.0
1060	2788.0
1061	2954.0
1062	2588.0
1063	2988.0
1064	2956.0
1065	2720.0
1066	2764.0
1067	2724.0
1068	2532.0
1069	2772.0
1070	2924.0
1071	2956.0
1072	2848.0
1073	2784.0
1074	2776.0
1075	2480.0
1076	2632.0
1077	2416.0
1078	2760.0
1079	2680.0
1080	2752.0
1081	2288.0
1082	2932.0
1083	2780.0
1084	2668.0
1085	2884.0
1086	2712.0
1087	2904.0
1088	2684.0
1089	2732.0
1090	3020.0
1091	2664.0
1092	2556.0
1093	2772.0
1094	2644.0
1095	2476.0
1096	2756.0
1097	2404.0
1098	2568.0
1099	2640.0
1100	2328.0
1101	2404.0
1102	2388.0
1103	2432.0
1104	2500.0
1105	2332.0
1106	2708.0
1107	2456.0
1108	2700.0
1109	2500.0
1110	2360.0
1111	2556.0
1112	2408.0
1113	2372.0
1114	2476.0
1115	1976.0
1116	2376.0
1117	2252.0
1118	2568.0
1119	2788.0
1120	2740.0
1121	2248.0
1122	2740.0
1123	2836.0
1124	2694.0
1125	2800.0
1126	2804.0
1127	2576.0
1128	2644.0
1129	2540.0
1130	2700.0
1131	2692.0
1132	2604.0
1133	2660.0
1134	2584.0
1135	2464.0
1136	2628.0
1137	2540.0
1138	2512.0
1139	2708.0
1140	2548.0
1141	2516.0
1142	2716.0
1143	2724.0
1144	2472.0
1145	2860.0
1146	2784.0
1147	2840.0
1148	2624.0
1149	2620.0
1150	2844.0
1151	2644.0
1152	2520.0
1153	2296.0
1154	2452.0
1155	2784.0
1156	2516.0
1157	2692.0
1158	2520.0
1159	2416.0
1160	2276.0
1161	1964.0
1162	2188.0
1163	2044.0
1164	2144.0
1165	2456.0
1166	2396.0
1167	2220.0
1168	2100.0
1169	2412.0
1170	2408.0
1171	2544.0
1172	2444.0
1173	2364.0
1174	2228.0
1175	2620.0
1176	2388.0
1177	2584.0
1178	2580.0
1179	2504.0
1180	2456.0
1181	2668.0
1182	2700.0
1183	2668.0
1184	2544.0
1185	2564.0
1186	2656.0
1187	2448.0
1188	2532.0
1189	2636.0
1190	2848.0
1191	2532.0
1192	2636.0
1193	2580.0
1194	2436.0
1195	2848.0
1196	2868.0
1197	2592.0
1198	2708.0
1199	2668.0
1200	2600.0
1201	2556.0
1202	2872.0
1203	2968.0
1204	2536.0
1205	2528.0
1206	2460.0
1207	2656.0
1208	2708.0
1209	2348.0
1210	2468.0
1211	2076.0
1212	2032.0
1213	2016.0
1214	1896.0
1215	2000.0
1216	2268.0
1217	1968.0
1218	2084.0
1219	2376.0
1220	2056.0
1221	2332.0
1222	2360.0
1223	2460.0
1224	2088.0
1225	2104.0
1226	1916.0
1227	2204.0
1228	2140.0
1229	2092.0
1230	2344.0
1231	2696.0
1232	2612.0
1233	2588.0
1234	2508.0
1235	2556.0
1236	2576.0
1237	2508.0
1238	2524.0
1239	2308.0
1240	2224.0
1241	2340.0
1242	2208.0
1243	2332.0
1244	2200.0
1245	2180.0
1246	2256.0
1247	2440.0
1248	2436.0
1249	2880.0
1250	2576.0
1251	2612.0
1252	2560.0
1253	2468.0
1254	2432.0
1255	2564.0
1256	2516.0
1257	2404.0
1258	2520.0
1259	2836.0
1260	2892.0
1261	2692.0
1262	2728.0
1263	2472.0
1264	2504.0
1265	2872.0
1266	2408.0
1267	2872.0
1268	2780.0
1269	2568.0
1270	2444.0
1271	2704.0
1272	2212.0
1273	2576.0
1274	2588.0
1275	2520.0
1276	2172.0
1277	1916.0
1278	1928.0
1279	1868.0
1280	1792.0
1281	1796.0
1282	2072.0
1283	1932.0
1284	2184.0
1285	2240.0
1286	2400.0
1287	2472.0
1288	2240.0
1289	2584.0
1290	2436.0
1291	2616.0
1292	2352.0
1293	2476.0
1294	2456.0
1295	2272.0
1296	2340.0
1297	2404.0
1298	2520.0
1299	2584.0
1300	2548.0
1301	2616.0
1302	2432.0
1303	2564.0
1304	2496.0
1305	2420.0
1306	2636.0
1307	2972.0
1308	2480.0
1309	2720.0
1310	2612.0
1311	2736.0
1312	2452.0
1313	2580.0
1314	2504.0
1315	2724.0
1316	2504.0
1317	2456.0
1318	2600.0
1319	2700.0
1320	2580.0
1321	2668.0
1322	2580.0
1323	2548.0
1324	2788.0
1325	2612.0
1326	2736.0
1327	2832.0
1328	2760.0
1329	2768.0
1330	2612.0
1331	2528.0
1332	2388.0
1333	2412.0
1334	2656.0
1335	2680.0
1336	2504.0
1337	2768.0
1338	2632.0
1339	2808.0
1340	2396.0
1341	2272.0
1342	2280.0
1343	2416.0
1344	2556.0
1345	2472.0
1346	2456.0
1347	2364.0
1348	2588.0
1349	2582.0
1350	2436.0
1351	2504.0
1352	2796.0
1353	2336.0
1354	2236.0
1355	2468.0
1356	2156.0
1357	1852.0
1358	1788.0
1359	1828.0
1360	1784.0
1361	1648.0
1362	1728.0
1363	1584.0
1364	1944.0
1365	1984.0
1366	2124.0
1367	2292.0
1368	2500.0
1369	2260.0
1370	2312.0
1371	2624.0
1372	2372.0
1373	2740.0
1374	2232.0
1375	2328.0
1376	2220.0
1377	2268.0
1378	2416.0
1379	2252.0
1380	2020.0
1381	2216.0
1382	2228.0
1383	1748.0
1384	1732.0
1385	1540.0
1386	1404.0
1387	1284.0
1388	1324.0
1389	1024.0
1390	1272.0
1391	1384.0
1392	1684.0
1393	1506.0
1394	1920.0
1395	2264.0
1396	2312.0
1397	2372.0
1398	2292.0
1399	2344.0
1400	2740.0
1401	2544.0
1402	2552.0
1403	2328.0
1404	2464.0
1405	2496.0
1406	2584.0
1407	2500.0
1408	2500.0
1409	2560.0
1410	2236.0
1411	2632.0
1412	2584.0
1413	2592.0
1414	2340.0
1415	2540.0
1416	2456.0
1417	2408.0
1418	2296.0
1419	2120.0
1420	2432.0
1421	2248.0
1422	2440.0
1423	2264.0
1424	2484.0
1425	2508.0
1426	2400.0
1427	2452.0
1428	2464.0
1429	2296.0
1430	2188.0
1431	2124.0
1432	2352.0
1433	2428.0
1434	2200.0
1435	2520.0
1436	2484.0
1437	2392.0
1438	2348.0
1439	2596.0
1440	2720.0
1441	2444.0
1442	2468.0
1443	2512.0
1444	2348.0
1445	2268.0
1446	2230.0
1447	2408.0
1448	2228.0
1449	2060.0
1450	2296.0
1451	2232.0
1452	2304.0
1453	2268.0
1454	2324.0
1455	2428.0
1456	2620.0
1457	2584.0
1458	2252.0
1459	2620.0
1460	2580.0
1461	2472.0
1462	2540.0
1463	2348.0
1464	2272.0
1465	2624.0
1466	2372.0
1467	2476.0
1468	2360.0
1469	2464.0
1470	2420.0
1471	2412.0
1472	2448.0
1473	2448.0
1474	2412.0
1475	2124.0
1476	2336.0
1477	2260.0
1478	2376.0
1479	2388.0
1480	2412.0
1481	2456.0
1482	2680.0
1483	2568.0
1484	2800.0
1485	2512.0
1486	2496.0
1487	2568.0
1488	2588.0
1489	2804.0
1490	2296.0
1491	2288.0
1492	2344.0
1493	2088.0
1494	1972.0
1495	2108.0
1496	1760.0
1497	1804.0
1498	1784.0
1499	1868.0
1500	2020.0
1501	2168.0
1502	2296.0
1503	2368.0
1504	2352.0
1505	2172.0
1506	2240.0
1507	2144.0
1508	1968.0
1509	1996.0
1510	1804.0
1511	1516.0
1512	1696.0
1513	1688.0
1514	1592.0
1515	1612.0
1516	1508.0
1517	1400.0
1518	1308.0
1519	1340.0
1520	1556.0
1521	1476.0
1522	1696.0
1523	1536.0
1524	1428.0
1525	1700.0
1526	1472.0
1527	1144.0
1528	1164.0
1529	1036.0
1530	1240.0
1531	1080.0
1532	956.0
1533	1068.0
1534	1548.0
1535	1656.0
1536	1500.0
1537	2032.0
1538	2064.0
1539	2064.0
1540	2152.0
1541	2236.0
1542	2060.0
1543	2056.0
1544	2200.0
1545	2188.0
1546	2340.0
1547	2476.0
1548	2260.0
1549	2188.0
1550	2552.0
1551	2544.0
1552	2440.0
1553	2192.0
1554	2144.0
1555	2448.0
1556	2344.0
1557	2176.0
1558	1968.0
1559	2152.0
1560	2376.0
1561	2240.0
1562	2296.0
1563	2452.0
1564	2296.0
1565	2116.0
1566	2100.0
1567	1896.0
1568	2132.0
1569	1656.0
1570	1792.0
1571	1336.0
1572	1252.0
1573	1168.0
1574	1252.0
1575	1456.0
1576	1392.0
1577	1484.0
1578	1628.0
1579	1932.0
1580	2032.0
1581	2184.0
1582	1944.0
1583	2228.0
1584	2460.0
1585	2444.0
1586	2064.0
1587	2212.0
1588	2160.0
1589	2252.0
1590	2164.0
1591	2060.0
1592	2108.0
1593	2200.0
1594	2416.0
1595	2216.0
1596	2072.0
1597	2160.0
1598	2420.0
1599	2080.0
1600	2320.0
1601	2252.0
1602	2048.0
1603	2248.0
1604	2344.0
1605	2020.0
1606	1936.0
1607	2220.0
1608	2356.0
1609	2380.0
1610	2252.0
1611	2556.0
1612	2436.0
1613	2380.0
1614	2244.0
1615	2576.0
1616	2488.0
1617	2624.0
1618	2536.0
1619	2272.0
1620	2384.0
1621	2404.0
1622	2188.0
1623	2528.0
1624	2320.0
1625	2236.0
1626	2228.0
1627	2632.0
1628	2456.0
1629	2496.0
1630	2288.0
1631	2392.0
1632	2264.0
1633	2096.0
1634	2128.0
1635	2108.0
1636	2048.0
1637	1900.0
1638	1864.0
1639	1896.0
1640	1972.0
1641	1868.0
1642	1932.0
1643	2220.0
1644	2104.0
1645	2024.0
1646	2152.0
1647	2112.0
1648	2080.0
1649	1880.0
1650	1916.0
1651	1856.0
1652	1432.0
1653	1652.0
1654	1488.0
1655	1772.0
1656	2060.0
1657	1860.0
1658	2316.0
1659	2108.0
1660	2172.0
1661	2436.0
1662	2320.0
1663	2396.0
1664	2800.0
1665	2236.0
1666	2212.0
1667	2144.0
1668	2080.0
1669	2000.0
1670	1692.0
1671	1732.0
1672	1656.0
1673	1668.0
1674	1560.0
1675	1700.0
1676	1792.0
1677	1848.0
1678	2040.0
1679	2108.0
1680	2068.0
1681	2200.0
1682	2104.0
1683	1900.0
1684	1628.0
1685	1856.0
1686	1716.0
1687	1544.0
1688	1736.0
1689	1608.0
1690	1564.0
1691	1312.0
1692	1580.0
1693	1204.0
1694	1304.0
1695	1100.0
1696	1142.0
1697	628.0
1698	1096.0
1699	1204.0
1700	864.0
1701	1088.0
1702	1212.0
1703	1372.0
1704	1640.0
1705	1972.0
1706	1980.0
1707	1992.0
1708	2168.0
1709	2028.0
1710	2100.0
1711	2296.0
1712	2192.0
1713	2168.0
1714	2260.0
1715	2138.0
1716	2156.0
1717	2200.0
1718	2084.0
1719	2264.0
1720	2256.0
1721	2564.0
1722	2468.0
1723	2142.0
1724	2172.0
1725	2304.0
1726	2124.0
1727	2152.0
1728	2180.0
1729	2228.0
1730	2480.0
1731	2172.0
1732	2408.0
1733	2272.0
1734	1988.0
1735	2272.0
1736	2120.0
1737	1988.0
1738	2156.0
1739	1704.0
1740	1704.0
1741	1580.0
1742	1552.0
1743	1348.0
1744	1512.0
1745	1420.0
1746	1540.0
1747	1708.0
1748	1668.0
1749	1876.0
1750	1944.0
1751	2092.0
1752	2128.0
1753	2404.0
1754	1944.0
1755	2100.0
1756	2048.0
1757	1816.0
1758	1904.0
1759	2032.0
1760	1968.0
1761	1864.0
1762	2230.0
1763	1884.0
1764	2164.0
1765	2292.0
1766	2072.0
1767	2260.0
1768	2268.0
1769	2480.0
1770	2348.0
1771	2428.0
1772	2172.0
1773	2336.0
1774	2532.0
1775	2192.0
1776	2132.0
1777	2236.0
1778	2396.0
1779	2448.0
1780	2200.0
1781	2320.0
1782	2420.0
1783	2540.0
1784	2472.0
1785	2528.0
1786	2372.0
1787	2416.0
1788	2468.0
1789	2316.0
1790	2380.0
1791	2536.0
1792	2428.0
1793	2280.0
1794	2084.0
1795	2216.0
1796	2288.0
1797	2092.0
1798	2156.0
1799	2048.0
1800	2096.0
1801	2240.0
1802	2392.0
1803	1968.0
1804	1964.0
1805	2292.0
1806	2216.0
1807	2036.0
1808	2108.0
1809	2076.0
1810	2280.0
1811	2044.0
1812	1924.0
1813	2012.0
1814	1872.0
1815	1764.0
1816	1632.0
1817	1748.0
1818	1852.0
1819	1900.0
1820	2204.0
1821	2220.0
1822	2160.0
1823	1984.0
1824	2420.0
1825	2048.0
1826	2048.0
1827	2136.0
1828	2408.0
1829	2452.0
1830	2320.0
1831	2384.0
1832	2332.0
1833	2376.0
1834	2324.0
1835	2300.0
1836	2200.0
1837	2324.0
1838	2412.0
1839	2424.0
1840	2268.0
1841	2280.0
1842	2108.0
1843	1968.0
1844	2292.0
1845	2152.0
1846	2452.0
1847	2364.0
1848	2244.0
1849	1952.0
1850	1964.0
1851	1652.0
1852	1848.0
1853	1536.0
1854	1548.0
1855	1252.0
1856	1016.0
1857	1008.0
1858	1236.0
1859	1304.0
1860	1272.0
1861	1468.0
1862	1366.0
1863	1744.0
1864	1720.0
1865	1868.0
1866	1816.0
1867	1704.0
1868	2150.0
1869	1880.0
1870	1892.0
1871	1812.0
1872	1416.0
1873	1452.0
1874	1400.0
1875	1032.0
1876	1052.0
1877	904.0
1878	930.0
1879	1180.0
1880	1384.0
1881	1456.0
1882	1720.0
1883	1760.0
1884	1824.0
1885	1952.0
1886	2056.0
1887	1968.0
1888	2256.0
1889	2120.0
1890	2124.0
1891	2184.0
1892	1972.0
1893	1816.0
1894	2020.0
1895	2064.0
1896	2060.0
1897	1844.0
1898	2008.0
1899	1956.0
1900	1936.0
1901	1784.0
1902	1976.0
1903	1876.0
1904	1796.0
1905	1412.0
1906	1324.0
1907	1436.0
1908	1872.0
1909	1868.0
1910	1868.0
1911	1736.0
1912	2088.0
1913	2040.0
1914	1864.0
1915	2000.0
1916	1884.0
1917	2040.0
1918	1684.0
1919	1728.0
1920	1980.0
1921	1924.0
1922	1792.0
1923	1932.0
1924	2024.0
1925	1860.0
1926	1620.0
1927	1892.0
1928	1660.0
1929	1756.0
1930	1732.0
1931	1496.0
1932	1860.0
1933	1884.0
1934	1756.0
1935	2128.0
1936	1968.0
1937	1904.0
1938	2052.0
1939	1944.0
1940	1840.0
1941	1824.0
1942	2500.0
1943	2156.0
1944	2108.0
1945	2072.0
1946	2060.0
1947	2068.0
1948	2048.0
1949	1904.0
1950	1904.0
1951	1736.0
1952	1656.0
1953	1488.0
1954	1716.0
1955	1704.0
1956	1576.0
1957	1768.0
1958	1816.0
1959	1810.0
1960	1668.0
1961	2104.0
1962	2092.0
1963	1868.0
1964	2020.0
1965	1864.0
1966	1588.0
1967	1748.0
1968	1672.0
1969	1320.0
1970	1088.0
1971	1064.0
1972	964.0
1973	1048.0
1974	1076.0
1975	1208.0
1976	1392.0
1977	1588.0
1978	1728.0
1979	1630.0
1980	1892.0
1981	2024.0
1982	2172.0
1983	2124.0
1984	2140.0
1985	2260.0
1986	2212.0
1987	2080.0
1988	2148.0
1989	2116.0
1990	2000.0
1991	2100.0
1992	2256.0
1993	2024.0
1994	2144.0
1995	1888.0
1996	1984.0
1997	1976.0
1998	2144.0
1999	2164.0
2000	2088.0
2001	2128.0
2002	2184.0
2003	2076.0
2004	2368.0
2005	2108.0
2006	2196.0
2007	2292.0
2008	2124.0
2009	2200.0
2010	2048.0
2011	1936.0
2012	2064.0
2013	2128.0
2014	2104.0
2015	2084.0
2016	1896.0
2017	2060.0
2018	2008.0
2019	2156.0
2020	1844.0
2021	2348.0
2022	2028.0
2023	2112.0
2024	1868.0
2025	2148.0
2026	1840.0
2027	1848.0
2028	1752.0
2029	1404.0
2030	1440.0
2031	1474.0
2032	1002.0
2033	1100.0
2034	764.0
2035	528.0
2036	644.0
2037	708.0
2038	744.0
2039	700.0
2040	814.0
2041	1030.0
2042	1388.0
2043	1216.0
2044	1580.0
2045	1736.0
2046	1588.0
2047	1636.0
2048	1760.0
2049	1560.0
2050	1542.0
2051	1528.0
2052	1564.0
2053	1148.0
2054	1360.0
2055	1228.0
2056	1128.0
2057	1168.0
2058	1142.0
2059	1312.0
2060	1404.0
2061	1116.0
2062	1362.0
2063	1072.0
2064	1024.0
2065	1064.0
2066	1184.0
2067	748.0
2068	984.0
2069	1060.0
2070	968.0
2071	1208.0
2072	1176.0
2073	1568.0
2074	1356.0
2075	1632.0
2076	1788.0
2077	1736.0
2078	1872.0
2079	1860.0
2080	1908.0
2081	1880.0
2082	1686.0
2083	1836.0
2084	1856.0
2085	1692.0
2086	1572.0
2087	1508.0
2088	1304.0
2089	1216.0
2090	1228.0
2091	780.0
2092	808.0
2093	898.0
2094	800.0
2095	724.0
2096	732.0
2097	792.0
2098	844.0
2099	1044.0
2100	1372.0
2101	1236.0
2102	1516.0
2103	1460.0
2104	1404.0
2105	1636.0
2106	1676.0
2107	1794.0
2108	1872.0
2109	1728.0
2110	1996.0
2111	1676.0
2112	2144.0
2113	1666.0
2114	1848.0
2115	1808.0
2116	1780.0
2117	1732.0
2118	1714.0
2119	1668.0
2120	2028.0
2121	1628.0
2122	1684.0
2123	1936.0
2124	1760.0
2125	1694.0
2126	2040.0
2127	1732.0
2128	2116.0
2129	1696.0
2130	1964.0
2131	1988.0
2132	1904.0
2133	1740.0
2134	1844.0
2135	1832.0
2136	2060.0
2137	1932.0
2138	2100.0
2139	1928.0
2140	2044.0
2141	2072.0
2142	2032.0
2143	2052.0
2144	2064.0
2145	2276.0
2146	2060.0
2147	2244.0
2148	2160.0
2149	2088.0
2150	2068.0
2151	2180.0
2152	2100.0
2153	2016.0
2154	1924.0
2155	1996.0
2156	1836.0
2157	1836.0
2158	1980.0
2159	1920.0
2160	2064.0
2161	2080.0
2162	2204.0
2163	2020.0
2164	2180.0
2165	1936.0
2166	2056.0
2167	2168.0
2168	1996.0
2169	2128.0
2170	2488.0
2171	2384.0
2172	2252.0
2173	2364.0
2174	2048.0
2175	2180.0
2176	2408.0
2177	2100.0
2178	2128.0
2179	2464.0
2180	2388.0
2181	2208.0
2182	2296.0
2183	2328.0
2184	2356.0
2185	1972.0
2186	2148.0
2187	2320.0
2188	1928.0
2189	2060.0
2190	1892.0
2191	2236.0
2192	1896.0
2193	2348.0
2194	2028.0
2195	2268.0
2196	2080.0
2197	2004.0
2198	2108.0
2199	2124.0
2200	2056.0
2201	2360.0
2202	2252.0
2203	2232.0
2204	2192.0
2205	2096.0
2206	2224.0
2207	2028.0
2208	2364.0
2209	2264.0
2210	2224.0
2211	2284.0
2212	2248.0
2213	2436.0
2214	2120.0
2215	2312.0
2216	2368.0
2217	2072.0
2218	2284.0
2219	2200.0
2220	1896.0
2221	2104.0
2222	2176.0
2223	1916.0
2224	2224.0
2225	2100.0
2226	2404.0
2227	2048.0
2228	2324.0
2229	2268.0
2230	2100.0
2231	2224.0
2232	2236.0
2233	1952.0
2234	2100.0
2235	2116.0
2236	2324.0
2237	2036.0
2238	2184.0
2239	1840.0
2240	1912.0
2241	1700.0
2242	1452.0
2243	1652.0
2244	1556.0
2245	1420.0
2246	1468.0
2247	1368.0
2248	1500.0
2249	1564.0
2250	1548.0
2251	1104.0
2252	1312.0
2253	1560.0
2254	1140.0
2255	1348.0
2256	1352.0
2257	1056.0
2258	1106.0
2259	1184.0
2260	1512.0
2261	1404.0
2262	1588.0
2263	1464.0
2264	1112.0
2265	1340.0
2266	1302.0
2267	1092.0
2268	960.0
2269	854.0
2270	724.0
2271	854.0
2272	892.0
2273	1052.0
2274	946.0
2275	1056.0
2276	1186.0
2277	1400.0
2278	1374.0
2279	1324.0
2280	1388.0
2281	1804.0
2282	1680.0
2283	1776.0
2284	1740.0
2285	1644.0
2286	2004.0
2287	1716.0
2288	1580.0
2289	1832.0
2290	1960.0
2291	1572.0
2292	1948.0
2293	1908.0
2294	1932.0
2295	1808.0
2296	1972.0
2297	2068.0
2298	2016.0
2299	2084.0
2300	2268.0
2301	2028.0
2302	2028.0
2303	1988.0
2304	2196.0
2305	1988.0
2306	2152.0
2307	2228.0
2308	1884.0
2309	2060.0
2310	2248.0
2311	2032.0
2312	1978.0
2313	2164.0
2314	1824.0
2315	1948.0
2316	1910.0
2317	2120.0
2318	1740.0
2319	2188.0
2320	1766.0
2321	1904.0
2322	1836.0
2323	2008.0
2324	1744.0
2325	1992.0
2326	1792.0
2327	1976.0
2328	1952.0
2329	1752.0
2330	1652.0
2331	1604.0
2332	1336.0
2333	1476.0
2334	1196.0
2335	1208.0
2336	828.0
2337	1048.0
2338	924.0
2339	1026.0
2340	964.0
2341	932.0
2342	820.0
2343	1216.0
2344	1172.0
2345	1208.0
2346	1292.0
2347	1172.0
2348	1512.0
2349	1388.0
2350	1588.0
2351	1532.0
2352	1152.0
2353	1168.0
2354	1262.0
2355	1192.0
2356	1080.0
2357	1120.0
2358	1036.0
2359	984.0
2360	824.0
2361	992.0
2362	972.0
2363	1044.0
2364	1340.0
2365	1274.0
2366	1436.0
2367	1424.0
2368	1624.0
2369	1844.0
2370	1716.0
2371	1960.0
2372	1984.0
2373	2136.0
2374	1916.0
2375	2016.0
2376	2004.0
2377	1928.0
2378	2096.0
2379	2176.0
2380	2064.0
2381	1960.0
2382	2056.0
2383	2004.0
2384	1940.0
2385	1964.0
2386	2320.0
2387	2052.0
2388	2032.0
2389	2084.0
2390	1932.0
2391	1852.0
2392	2168.0
2393	1840.0
2394	1940.0
2395	1940.0
2396	1940.0
2397	2068.0
2398	1816.0
2399	1890.0
2400	2064.0
2401	1856.0
2402	2104.0
2403	2102.0
2404	2156.0
2405	2036.0
2406	2118.0
2407	2132.0
2408	1960.0
2409	1952.0
2410	1902.0
2411	2116.0
2412	1768.0
2413	1776.0
2414	2000.0
2415	2048.0
2416	2156.0
2417	2076.0
2418	2048.0
2419	2112.0
2420	1936.0
2421	2120.0
2422	2484.0
2423	2032.0
2424	2008.0
2425	1836.0
2426	2068.0
2427	2228.0
2428	2332.0
2429	2464.0
2430	2332.0
2431	2288.0
2432	2180.0
2433	2392.0
2434	2312.0
2435	2376.0
2436	2288.0
2437	2344.0
2438	2568.0
2439	2164.0
2440	2412.0
2441	2236.0
2442	2096.0
2443	2536.0
2444	2272.0
2445	2412.0
2446	2312.0
2447	2368.0
2448	2332.0
2449	2052.0
2450	2496.0
2451	2208.0
2452	2184.0
2453	2448.0
2454	2268.0
2455	2640.0
2456	2204.0
2457	2136.0
2458	2364.0
2459	2492.0
2460	2516.0
2461	2212.0
2462	2444.0
2463	2428.0
2464	2476.0
2465	2116.0
2466	2724.0
2467	2512.0
2468	2456.0
2469	2856.0
2470	2464.0
2471	2292.0
2472	2116.0
2473	2316.0
2474	2132.0
2475	2032.0
2476	2272.0
2477	2036.0
2478	2094.0
2479	2018.0
2480	2432.0
2481	2132.0
2482	1964.0
2483	1780.0
2484	1804.0
2485	1472.0
2486	1120.0
2487	1480.0
2488	1420.0
2489	1580.0
2490	1816.0
2491	1662.0
2492	1844.0
2493	1940.0
2494	2096.0
2495	2116.0
2496	2076.0
2497	2280.0
2498	2440.0
2499	2496.0
2500	2332.0
2501	2292.0
2502	2368.0
2503	2292.0
2504	2432.0
2505	2232.0
2506	2512.0
2507	2200.0
2508	2272.0
2509	2104.0
2510	1928.0
2511	1848.0
2512	1744.0
2513	1540.0
2514	1656.0
2515	1284.0
2516	1328.0
2517	1188.0
2518	1544.0
2519	1444.0
2520	1292.0
2521	1524.0
2522	1444.0
2523	1856.0
2524	1756.0
2525	1840.0
2526	1924.0
2527	2080.0
2528	2084.0
2529	2028.0
2530	2212.0
2531	2056.0
2532	2144.0
2533	2068.0
2534	2088.0
2535	2244.0
2536	2000.0
2537	2092.0
2538	2236.0
2539	2228.0
2540	2076.0
2541	2312.0
2542	2116.0
2543	2272.0
2544	2212.0
2545	2220.0
2546	2292.0
2547	2104.0
2548	2020.0
2549	2588.0
2550	2424.0
2551	2344.0
2552	1884.0
2553	2516.0
2554	2452.0
2555	2620.0
2556	2364.0
2557	2436.0
2558	2396.0
2559	2440.0
2560	2600.0
2561	2528.0
2562	2556.0
2563	2408.0
2564	2216.0
2565	2528.0
2566	2404.0
2567	2552.0
2568	2520.0
2569	2140.0
2570	2448.0
2571	2440.0
2572	2012.0
2573	2012.0
2574	1716.0
2575	1668.0
2576	1432.0
2577	1684.0
2578	1084.0
2579	1280.0
2580	1352.0
2581	1452.0
2582	1508.0
2583	1520.0
2584	1896.0
2585	1836.0
2586	1824.0
2587	2044.0
2588	2100.0
2589	2188.0
2590	2312.0
2591	2088.0
2592	1740.0
2593	2444.0
2594	1960.0
2595	2260.0
2596	2228.0
2597	2288.0
2598	2216.0
2599	2176.0
2600	2424.0
2601	2592.0
2602	2232.0
2603	2356.0
2604	2004.0
2605	2504.0
2606	2092.0
2607	1960.0
2608	1952.0
2609	2128.0
2610	2160.0
2611	1812.0
2612	1562.0
2613	1692.0
2614	1848.0
2615	1708.0
2616	1580.0
2617	1540.0
2618	1192.0
2619	1442.0
2620	1378.0
2621	1120.0
2622	1164.0
2623	880.0
2624	1120.0
2625	1272.0
2626	1464.0
2627	1424.0
2628	1808.0
2629	1796.0
2630	1948.0
2631	2104.0
2632	2024.0
2633	2060.0
2634	2108.0
2635	2012.0
2636	2320.0
2637	2252.0
2638	2412.0
2639	2432.0
2640	2284.0
2641	2232.0
2642	2380.0
2643	2444.0
2644	2560.0
2645	2560.0
2646	2092.0
2647	2364.0
2648	2348.0
2649	2512.0
2650	2348.0
2651	2372.0
2652	2356.0
2653	2348.0
2654	2476.0
2655	2452.0
2656	2360.0
2657	2628.0
2658	2220.0
2659	2356.0
2660	2448.0
2661	2680.0
2662	2528.0
2663	2732.0
2664	2836.0
2665	2436.0
2666	2536.0
2667	2480.0
2668	2772.0
2669	2552.0
2670	2692.0
2671	2184.0
2672	2444.0
2673	2800.0
2674	2560.0
2675	2756.0
2676	2600.0
2677	2652.0
2678	2540.0
2679	2500.0
2680	2620.0
2681	2568.0
2682	2780.0
2683	2280.0
2684	2440.0
2685	2484.0
2686	2668.0
2687	2580.0
2688	2608.0
2689	2764.0
2690	2392.0
2691	2724.0
2692	2608.0
2693	2508.0
2694	2372.0
2695	2484.0
2696	2676.0
2697	2452.0
2698	2256.0
2699	2228.0
2700	2240.0
2701	2128.0
2702	2620.0
2703	2348.0
2704	2544.0
2705	2628.0
2706	2696.0
2707	2620.0
2708	2656.0
2709	2776.0
2710	2648.0
2711	2612.0
2712	2860.0
2713	2536.0
2714	2664.0
2715	2840.0
2716	2852.0
2717	2860.0
2718	2820.0
2719	2772.0
2720	2736.0
2721	2524.0
2722	2776.0
2723	2624.0
2724	2760.0
2725	2868.0
2726	2472.0
2727	2752.0
2728	2828.0
2729	2420.0
2730	2752.0
2731	2964.0
2732	2692.0
2733	2476.0
2734	2572.0
2735	2384.0
2736	2544.0
2737	2600.0
2738	2792.0
2739	2544.0
2740	2568.0
2741	2496.0
2742	2428.0
2743	2392.0
2744	2116.0
2745	2000.0
2746	1704.0
2747	1848.0
