0	24.0
1	38.0
2	38.0
3	0.0
4	38.0
5	38.0
6	0.0
7	38.0
8	38.0
9	38.0
10	4.0
11	28.0
12	8.0
13	28.0
14	8.0
15	24.0
16	12.0
17	38.0
18	38.0
19	38.0
20	38.0
21	38.0
22	38.0
23	38.0
24	4.0
25	0.0
26	4.0
27	38.0
28	20.0
29	8.0
30	8.0
31	38.0
32	4.0
33	38.0
34	4.0
35	38.0
36	8.0
37	8.0
38	0.0
39	38.0
40	12.0
41	38.0
42	38.0
43	38.0
44	38.0
45	32.0
46	20.0
47	38.0
48	38.0
49	38.0
50	38.0
51	38.0
52	38.0
53	38.0
54	38.0
55	38.0
56	4.0
57	38.0
58	16.0
59	12.0
60	16.0
61	38.0
62	38.0
63	38.0
64	38.0
65	32.0
66	0.0
67	38.0
68	38.0
69	28.0
70	4.0
71	38.0
72	8.0
73	38.0
74	8.0
75	38.0
76	0.0
77	38.0
78	16.0
79	38.0
80	38.0
81	38.0
82	12.0
83	38.0
84	38.0
85	38.0
86	24.0
87	38.0
88	24.0
89	38.0
90	38.0
91	38.0
92	38.0
93	38.0
94	38.0
95	38.0
96	38.0
97	38.0
98	38.0
99	16.0
100	38.0
101	4.0
102	12.0
103	38.0
104	38.0
105	38.0
106	38.0
107	38.0
108	38.0
109	8.0
110	38.0
111	12.0
112	38.0
113	16.0
114	38.0
115	20.0
116	38.0
117	4.0
118	20.0
119	38.0
120	38.0
121	38.0
122	4.0
123	38.0
124	32.0
125	38.0
126	38.0
127	4.0
128	4.0
129	38.0
130	38.0
131	20.0
132	38.0
133	4.0
134	38.0
135	38.0
136	38.0
137	38.0
138	38.0
139	38.0
140	20.0
141	38.0
142	38.0
143	12.0
144	38.0
145	38.0
146	38.0
147	38.0
148	8.0
149	16.0
150	8.0
151	38.0
152	0.0
153	38.0
154	12.0
155	20.0
156	12.0
157	28.0
158	38.0
159	38.0
160	38.0
161	38.0
162	38.0
163	20.0
164	32.0
165	38.0
166	38.0
167	38.0
168	38.0
169	16.0
170	8.0
171	38.0
172	12.0
173	38.0
174	38.0
175	38.0
176	0.0
177	12.0
178	8.0
179	38.0
180	24.0
181	16.0
182	16.0
183	38.0
184	60.0
185	38.0
186	12.0
187	38.0
188	38.0
189	4.0
190	4.0
191	16.0
192	38.0
193	44.0
194	38.0
195	36.0
196	38.0
197	12.0
198	20.0
199	38.0
200	8.0
201	38.0
202	38.0
203	38.0
204	38.0
205	38.0
206	38.0
207	8.0
208	38.0
209	0.0
210	38.0
211	20.0
212	38.0
213	38.0
214	28.0
215	12.0
216	8.0
217	40.0
218	38.0
219	38.0
220	38.0
221	38.0
222	16.0
223	8.0
224	38.0
225	38.0
226	38.0
227	38.0
228	8.0
229	38.0
230	38.0
231	24.0
232	0.0
233	44.0
234	38.0
235	38.0
236	24.0
237	4.0
238	12.0
239	38.0
240	38.0
241	38.0
242	38.0
243	38.0
244	32.0
245	38.0
246	38.0
247	12.0
248	16.0
249	16.0
250	36.0
251	38.0
252	38.0
253	8.0
254	38.0
255	38.0
256	36.0
257	38.0
258	8.0
259	38.0
260	38.0
261	38.0
262	38.0
263	38.0
264	38.0
265	38.0
266	0.0
267	38.0
268	38.0
269	38.0
270	28.0
271	38.0
272	38.0
273	4.0
274	4.0
275	38.0
276	4.0
277	38.0
278	38.0
279	4.0
280	38.0
281	12.0
282	4.0
283	38.0
284	20.0
285	4.0
286	8.0
287	38.0
288	38.0
289	16.0
290	38.0
291	38.0
292	38.0
293	24.0
294	44.0
295	38.0
296	38.0
297	38.0
298	12.0
299	8.0
300	38.0
301	38.0
302	0.0
303	0.0
304	38.0
305	38.0
306	38.0
307	38.0
308	38.0
309	38.0
310	16.0
311	38.0
312	20.0
313	38.0
314	20.0
315	0.0
316	8.0
317	38.0
318	38.0
319	4.0
320	38.0
321	38.0
322	24.0
323	4.0
324	38.0
325	38.0
326	38.0
327	38.0
328	38.0
329	12.0
330	12.0
331	38.0
332	38.0
333	38.0
334	0.0
335	38.0
336	20.0
337	38.0
338	38.0
339	20.0
340	38.0
341	38.0
342	38.0
343	38.0
344	38.0
345	12.0
346	38.0
347	44.0
348	38.0
349	38.0
350	38.0
351	38.0
352	38.0
353	38.0
354	0.0
355	0.0
356	24.0
357	4.0
358	38.0
359	38.0
360	38.0
361	4.0
362	4.0
363	16.0
364	16.0
365	38.0
366	44.0
367	38.0
368	20.0
369	38.0
370	38.0
371	20.0
372	38.0
373	38.0
374	12.0
375	38.0
376	38.0
377	38.0
378	16.0
379	38.0
380	38.0
381	38.0
382	38.0
383	36.0
384	24.0
385	4.0
386	38.0
387	12.0
388	12.0
389	12.0
390	38.0
391	38.0
392	0.0
393	28.0
394	28.0
395	38.0
396	38.0
397	38.0
398	4.0
399	8.0
400	38.0
401	0.0
402	8.0
403	28.0
404	80.0
405	8.0
406	0.0
407	38.0
408	38.0
409	38.0
410	16.0
411	38.0
412	38.0
413	8.0
414	38.0
415	0.0
416	12.0
417	40.0
418	38.0
419	12.0
420	4.0
421	38.0
422	12.0
423	38.0
424	36.0
425	38.0
426	38.0
427	38.0
428	0.0
429	38.0
430	38.0
431	38.0
432	56.0
433	38.0
434	38.0
435	38.0
436	8.0
437	38.0
438	4.0
439	38.0
440	8.0
441	36.0
442	20.0
443	24.0
444	38.0
445	38.0
446	38.0
447	4.0
448	0.0
449	38.0
450	52.0
451	0.0
452	38.0
453	38.0
454	38.0
455	38.0
456	38.0
457	38.0
458	20.0
459	0.0
460	38.0
461	44.0
462	0.0
463	38.0
464	38.0
465	36.0
466	38.0
467	32.0
468	38.0
469	38.0
470	20.0
471	38.0
472	38.0
473	20.0
474	0.0
475	20.0
476	38.0
477	4.0
478	38.0
479	28.0
480	38.0
481	38.0
482	38.0
483	16.0
484	0.0
485	16.0
486	32.0
487	8.0
488	4.0
489	38.0
490	8.0
491	38.0
492	12.0
493	16.0
494	0.0
495	38.0
496	38.0
497	12.0
498	38.0
499	28.0
500	4.0
501	38.0
502	36.0
503	38.0
504	38.0
505	0.0
506	4.0
507	38.0
508	0.0
509	38.0
510	38.0
511	38.0
512	12.0
513	8.0
514	38.0
515	20.0
516	38.0
517	40.0
518	12.0
519	38.0
520	38.0
521	38.0
522	16.0
523	8.0
524	38.0
525	32.0
526	4.0
527	38.0
528	16.0
529	32.0
530	38.0
531	20.0
532	38.0
533	8.0
534	38.0
535	24.0
536	20.0
537	24.0
538	38.0
539	38.0
540	38.0
541	38.0
542	20.0
543	38.0
544	40.0
545	12.0
546	0.0
547	8.0
548	12.0
549	0.0
550	8.0
551	48.0
552	38.0
553	38.0
554	38.0
555	16.0
556	38.0
557	38.0
558	12.0
559	38.0
560	16.0
561	38.0
562	16.0
563	12.0
564	38.0
565	38.0
566	0.0
567	38.0
568	38.0
569	8.0
570	38.0
571	38.0
572	4.0
573	38.0
574	38.0
575	16.0
576	16.0
577	38.0
578	38.0
579	38.0
580	28.0
581	32.0
582	38.0
583	38.0
584	38.0
585	38.0
586	38.0
587	0.0
588	38.0
589	38.0
590	24.0
591	32.0
592	52.0
593	38.0
594	38.0
595	38.0
596	38.0
597	16.0
598	38.0
599	12.0
600	38.0
601	38.0
602	4.0
603	16.0
604	38.0
605	38.0
606	20.0
607	0.0
608	38.0
609	0.0
610	32.0
611	16.0
612	60.0
613	38.0
614	28.0
615	28.0
616	4.0
617	38.0
618	38.0
619	38.0
620	38.0
621	38.0
622	24.0
623	20.0
624	38.0
625	8.0
626	0.0
627	36.0
628	38.0
629	38.0
630	20.0
631	38.0
632	38.0
633	38.0
634	0.0
635	38.0
636	38.0
637	4.0
638	38.0
639	0.0
640	38.0
641	38.0
642	8.0
643	38.0
644	8.0
645	38.0
646	38.0
647	0.0
648	16.0
649	38.0
650	0.0
651	16.0
652	12.0
653	38.0
654	38.0
655	32.0
656	38.0
657	36.0
658	38.0
659	4.0
660	68.0
661	38.0
662	32.0
663	0.0
664	32.0
665	38.0
666	28.0
667	38.0
668	20.0
669	4.0
670	28.0
671	20.0
672	38.0
673	38.0
674	38.0
675	0.0
676	38.0
677	24.0
678	0.0
679	24.0
680	32.0
681	40.0
682	38.0
683	0.0
684	38.0
685	48.0
686	12.0
687	16.0
688	4.0
689	36.0
690	12.0
691	60.0
692	32.0
693	32.0
694	8.0
695	32.0
696	4.0
697	52.0
698	12.0
699	12.0
700	40.0
701	16.0
702	40.0
703	16.0
704	36.0
705	0.0
706	38.0
707	38.0
708	38.0
709	8.0
710	16.0
711	32.0
712	38.0
713	4.0
714	44.0
715	28.0
716	38.0
717	56.0
718	28.0
719	28.0
720	38.0
721	12.0
722	36.0
723	38.0
724	4.0
725	44.0
726	16.0
727	38.0
728	84.0
729	88.0
730	28.0
731	40.0
732	64.0
733	68.0
734	52.0
735	36.0
736	52.0
737	60.0
738	48.0
739	80.0
740	140.0
741	108.0
742	112.0
743	292.0
744	248.0
745	400.0
746	460.0
747	696.0
748	1224.0
749	2092.0
750	3488.0
751	4652.0
752	6144.0
753	6648.0
754	6308.0
755	4628.0
756	3072.0
757	2020.0
758	1108.0
759	664.0
760	400.0
761	248.0
762	180.0
763	104.0
764	152.0
765	44.0
766	92.0
767	72.0
768	52.0
769	56.0
770	72.0
771	76.0
772	16.0
773	12.0
774	0.0
775	56.0
776	44.0
777	28.0
778	38.0
779	44.0
780	32.0
781	20.0
782	20.0
783	52.0
784	12.0
785	0.0
786	38.0
787	0.0
788	12.0
789	28.0
790	38.0
791	38.0
792	36.0
793	24.0
794	38.0
795	24.0
796	38.0
797	38.0
798	38.0
799	12.0
800	12.0
801	0.0
802	32.0
803	32.0
804	44.0
805	16.0
806	36.0
807	20.0
808	38.0
809	38.0
810	38.0
811	8.0
812	4.0
813	24.0
814	38.0
815	38.0
816	38.0
817	32.0
818	20.0
819	8.0
820	38.0
821	8.0
822	8.0
823	16.0
824	16.0
825	16.0
826	38.0
827	0.0
828	44.0
829	20.0
830	32.0
831	0.0
832	4.0
833	28.0
834	38.0
835	38.0
836	38.0
837	4.0
838	38.0
839	12.0
840	28.0
841	8.0
842	16.0
843	38.0
844	38.0
845	38.0
846	16.0
847	38.0
848	16.0
849	16.0
850	38.0
851	38.0
852	8.0
853	8.0
854	38.0
855	38.0
856	12.0
857	38.0
858	38.0
859	16.0
860	38.0
861	12.0
862	38.0
863	38.0
864	40.0
865	32.0
866	38.0
867	38.0
868	38.0
869	38.0
870	16.0
871	38.0
872	32.0
873	0.0
874	48.0
875	20.0
876	38.0
877	36.0
878	16.0
879	38.0
880	28.0
881	20.0
882	8.0
883	4.0
884	38.0
885	0.0
886	38.0
887	38.0
888	38.0
889	60.0
890	38.0
891	38.0
892	38.0
893	8.0
894	20.0
895	0.0
896	12.0
897	38.0
898	38.0
899	36.0
900	38.0
901	0.0
902	38.0
903	38.0
904	38.0
905	24.0
906	16.0
907	132.0
908	60.0
909	38.0
910	4.0
911	4.0
912	8.0
913	28.0
914	38.0
915	12.0
916	38.0
917	0.0
918	8.0
919	38.0
920	38.0
921	12.0
922	38.0
923	20.0
924	38.0
925	38.0
926	38.0
927	4.0
928	38.0
929	52.0
930	38.0
931	38.0
932	38.0
933	38.0
934	38.0
935	38.0
936	38.0
937	38.0
938	48.0
939	4.0
940	38.0
941	38.0
942	8.0
943	38.0
944	38.0
945	38.0
946	38.0
947	12.0
948	38.0
949	8.0
950	16.0
951	8.0
952	28.0
953	38.0
954	8.0
955	40.0
956	16.0
957	36.0
958	0.0
959	38.0
960	4.0
961	16.0
962	24.0
963	38.0
964	36.0
965	38.0
966	20.0
967	36.0
968	0.0
969	32.0
970	4.0
971	38.0
972	38.0
973	36.0
974	38.0
975	38.0
976	0.0
977	38.0
978	38.0
979	12.0
980	4.0
981	38.0
982	16.0
983	38.0
984	0.0
985	12.0
986	8.0
987	38.0
988	38.0
989	38.0
990	8.0
991	32.0
992	38.0
993	38.0
994	38.0
995	38.0
996	24.0
997	38.0
998	38.0
999	38.0
1000	38.0
1001	32.0
1002	38.0
1003	38.0
1004	38.0
1005	16.0
1006	36.0
1007	12.0
1008	0.0
1009	38.0
1010	38.0
1011	38.0
1012	12.0
1013	38.0
1014	38.0
1015	4.0
1016	12.0
1017	40.0
1018	0.0
1019	4.0
1020	38.0
1021	38.0
1022	38.0
1023	38.0
1024	38.0
1025	20.0
1026	28.0
1027	28.0
1028	38.0
1029	28.0
1030	38.0
1031	0.0
1032	16.0
1033	12.0
1034	38.0
1035	38.0
1036	38.0
1037	24.0
1038	8.0
1039	38.0
1040	38.0
1041	8.0
1042	38.0
1043	38.0
1044	38.0
1045	20.0
1046	38.0
1047	38.0
1048	38.0
1049	8.0
1050	4.0
1051	38.0
1052	28.0
1053	38.0
1054	20.0
1055	38.0
1056	38.0
1057	38.0
1058	8.0
1059	36.0
1060	0.0
1061	20.0
1062	38.0
1063	38.0
1064	56.0
1065	38.0
1066	38.0
1067	0.0
1068	12.0
1069	12.0
1070	20.0
1071	0.0
1072	38.0
1073	4.0
1074	20.0
1075	38.0
1076	38.0
1077	38.0
1078	38.0
1079	38.0
1080	38.0
1081	36.0
1082	32.0
1083	38.0
1084	38.0
1085	38.0
1086	38.0
1087	32.0
1088	24.0
1089	38.0
1090	4.0
1091	24.0
1092	28.0
1093	32.0
1094	38.0
1095	38.0
1096	28.0
1097	28.0
1098	38.0
1099	20.0
1100	0.0
1101	36.0
1102	12.0
1103	8.0
1104	38.0
1105	38.0
1106	38.0
1107	38.0
1108	20.0
1109	36.0
1110	38.0
1111	0.0
1112	24.0
1113	20.0
1114	38.0
1115	32.0
1116	38.0
1117	38.0
1118	38.0
1119	28.0
1120	38.0
1121	24.0
1122	44.0
1123	4.0
1124	38.0
1125	38.0
1126	4.0
1127	24.0
1128	38.0
1129	8.0
1130	38.0
1131	28.0
1132	38.0
1133	4.0
1134	38.0
1135	38.0
1136	38.0
1137	38.0
1138	40.0
1139	28.0
1140	4.0
1141	32.0
1142	20.0
1143	38.0
1144	38.0
1145	12.0
1146	38.0
1147	16.0
1148	0.0
1149	0.0
1150	38.0
1151	0.0
1152	12.0
1153	44.0
1154	38.0
1155	0.0
1156	20.0
1157	44.0
1158	0.0
1159	0.0
1160	38.0
1161	0.0
1162	32.0
1163	20.0
1164	44.0
1165	16.0
1166	40.0
1167	40.0
1168	4.0
1169	16.0
1170	38.0
1171	24.0
1172	4.0
1173	38.0
1174	16.0
1175	38.0
1176	8.0
1177	36.0
1178	38.0
1179	38.0
1180	4.0
1181	64.0
1182	40.0
1183	12.0
1184	0.0
1185	0.0
1186	56.0
1187	38.0
1188	36.0
1189	38.0
1190	24.0
1191	38.0
1192	40.0
1193	12.0
1194	38.0
1195	38.0
1196	38.0
1197	20.0
1198	20.0
1199	32.0
1200	38.0
1201	16.0
1202	8.0
1203	20.0
1204	38.0
1205	24.0
1206	16.0
1207	38.0
1208	12.0
1209	38.0
1210	12.0
1211	38.0
1212	38.0
1213	38.0
1214	12.0
1215	38.0
1216	28.0
1217	16.0
1218	4.0
1219	38.0
1220	38.0
1221	38.0
1222	16.0
1223	24.0
1224	32.0
1225	12.0
1226	16.0
1227	8.0
1228	32.0
1229	38.0
1230	28.0
1231	32.0
1232	38.0
1233	38.0
1234	28.0
1235	38.0
1236	38.0
1237	44.0
1238	24.0
1239	38.0
1240	38.0
1241	48.0
1242	38.0
1243	0.0
1244	38.0
1245	38.0
1246	38.0
1247	38.0
1248	38.0
1249	38.0
1250	38.0
1251	8.0
1252	38.0
1253	16.0
1254	38.0
1255	38.0
1256	38.0
1257	38.0
1258	0.0
1259	52.0
1260	38.0
1261	16.0
1262	38.0
1263	38.0
1264	38.0
1265	60.0
1266	38.0
1267	38.0
1268	38.0
1269	20.0
1270	12.0
1271	38.0
1272	4.0
1273	28.0
1274	38.0
1275	38.0
1276	38.0
1277	20.0
1278	0.0
1279	38.0
1280	12.0
1281	8.0
1282	32.0
1283	24.0
1284	12.0
1285	38.0
1286	38.0
1287	0.0
1288	38.0
1289	38.0
1290	38.0
1291	4.0
1292	8.0
1293	38.0
1294	8.0
1295	38.0
1296	56.0
1297	38.0
1298	38.0
1299	38.0
1300	38.0
1301	38.0
1302	16.0
1303	0.0
1304	38.0
1305	38.0
1306	20.0
1307	60.0
1308	38.0
1309	48.0
1310	28.0
1311	16.0
1312	38.0
1313	32.0
1314	16.0
1315	38.0
1316	38.0
1317	12.0
1318	38.0
1319	36.0
1320	8.0
1321	38.0
1322	38.0
1323	0.0
1324	38.0
1325	24.0
1326	8.0
1327	38.0
1328	38.0
1329	38.0
1330	38.0
1331	38.0
1332	38.0
1333	38.0
1334	38.0
1335	38.0
1336	20.0
1337	12.0
1338	38.0
1339	20.0
1340	4.0
1341	38.0
1342	38.0
1343	12.0
1344	38.0
1345	38.0
1346	38.0
1347	4.0
1348	38.0
1349	4.0
1350	0.0
1351	56.0
1352	38.0
1353	38.0
1354	8.0
1355	38.0
1356	28.0
1357	38.0
1358	8.0
1359	28.0
1360	40.0
1361	28.0
1362	0.0
1363	38.0
1364	38.0
1365	16.0
1366	40.0
1367	38.0
1368	4.0
1369	38.0
1370	38.0
1371	20.0
1372	12.0
1373	38.0
1374	0.0
1375	24.0
1376	38.0
1377	38.0
1378	38.0
1379	8.0
1380	20.0
1381	8.0
1382	24.0
1383	48.0
1384	16.0
1385	38.0
1386	24.0
1387	38.0
1388	38.0
1389	38.0
1390	38.0
1391	88.0
1392	12.0
1393	16.0
1394	24.0
1395	38.0
1396	16.0
1397	38.0
1398	48.0
1399	38.0
1400	4.0
1401	44.0
1402	38.0
1403	38.0
1404	0.0
1405	16.0
1406	38.0
1407	24.0
1408	96.0
1409	38.0
1410	16.0
1411	38.0
1412	52.0
1413	20.0
1414	32.0
1415	28.0
1416	38.0
1417	12.0
1418	36.0
1419	4.0
1420	38.0
1421	28.0
1422	38.0
1423	38.0
1424	0.0
1425	38.0
1426	16.0
1427	38.0
1428	4.0
1429	24.0
1430	16.0
1431	44.0
1432	20.0
1433	16.0
1434	4.0
1435	38.0
1436	38.0
1437	0.0
1438	38.0
1439	38.0
1440	32.0
1441	38.0
1442	38.0
1443	12.0
1444	8.0
1445	36.0
1446	38.0
1447	38.0
1448	44.0
1449	24.0
1450	38.0
1451	24.0
1452	4.0
1453	38.0
1454	12.0
1455	12.0
1456	0.0
1457	38.0
1458	32.0
1459	0.0
1460	38.0
1461	38.0
1462	28.0
1463	20.0
1464	38.0
1465	38.0
1466	12.0
1467	38.0
1468	12.0
1469	38.0
1470	16.0
1471	38.0
1472	38.0
1473	28.0
1474	38.0
1475	38.0
1476	0.0
1477	4.0
1478	38.0
1479	38.0
1480	0.0
1481	38.0
1482	12.0
1483	8.0
1484	38.0
1485	38.0
1486	38.0
1487	8.0
1488	16.0
1489	38.0
1490	38.0
1491	0.0
1492	16.0
1493	38.0
1494	8.0
1495	28.0
1496	32.0
1497	36.0
1498	4.0
1499	38.0
1500	38.0
1501	38.0
1502	4.0
1503	38.0
1504	80.0
1505	38.0
1506	38.0
1507	12.0
1508	4.0
1509	38.0
1510	8.0
1511	20.0
1512	4.0
1513	38.0
1514	0.0
1515	20.0
1516	24.0
1517	28.0
1518	20.0
1519	36.0
1520	12.0
1521	20.0
1522	36.0
1523	28.0
1524	38.0
1525	0.0
1526	38.0
1527	38.0
1528	0.0
1529	38.0
1530	8.0
1531	20.0
1532	100.0
1533	8.0
1534	38.0
1535	36.0
1536	0.0
1537	48.0
1538	38.0
1539	40.0
1540	16.0
1541	38.0
1542	38.0
1543	0.0
1544	38.0
1545	4.0
1546	16.0
1547	28.0
1548	16.0
1549	16.0
1550	0.0
1551	8.0
1552	24.0
1553	24.0
1554	38.0
1555	38.0
1556	8.0
1557	38.0
1558	38.0
1559	38.0
1560	4.0
1561	12.0
1562	4.0
1563	38.0
1564	38.0
1565	12.0
1566	0.0
1567	38.0
1568	38.0
1569	36.0
1570	0.0
1571	38.0
1572	12.0
1573	8.0
1574	38.0
1575	38.0
1576	28.0
1577	20.0
1578	4.0
1579	38.0
1580	38.0
1581	38.0
1582	38.0
1583	44.0
1584	38.0
1585	38.0
1586	28.0
1587	38.0
1588	38.0
1589	38.0
1590	28.0
1591	40.0
1592	38.0
1593	0.0
1594	12.0
1595	8.0
1596	32.0
1597	4.0
1598	38.0
1599	28.0
1600	32.0
1601	38.0
1602	38.0
1603	38.0
1604	38.0
1605	38.0
1606	52.0
1607	38.0
1608	0.0
1609	8.0
1610	38.0
1611	12.0
1612	38.0
1613	38.0
1614	38.0
1615	38.0
1616	4.0
1617	38.0
1618	38.0
1619	38.0
1620	28.0
1621	32.0
1622	38.0
1623	24.0
1624	38.0
1625	8.0
1626	16.0
1627	16.0
1628	24.0
1629	38.0
1630	38.0
1631	38.0
1632	20.0
1633	38.0
1634	36.0
1635	24.0
1636	38.0
1637	16.0
1638	38.0
1639	8.0
1640	8.0
1641	38.0
1642	38.0
1643	38.0
1644	0.0
1645	38.0
1646	24.0
1647	38.0
1648	12.0
1649	12.0
1650	38.0
1651	38.0
1652	28.0
1653	24.0
1654	38.0
1655	38.0
1656	8.0
1657	0.0
1658	38.0
1659	38.0
1660	64.0
1661	38.0
1662	28.0
1663	38.0
1664	38.0
1665	4.0
1666	38.0
1667	38.0
1668	38.0
1669	38.0
1670	28.0
1671	16.0
1672	56.0
1673	52.0
1674	0.0
1675	12.0
1676	4.0
1677	38.0
1678	32.0
1679	20.0
1680	38.0
1681	48.0
1682	12.0
1683	48.0
1684	16.0
1685	20.0
1686	38.0
1687	38.0
1688	38.0
1689	28.0
1690	12.0
1691	38.0
1692	38.0
1693	16.0
1694	38.0
1695	44.0
1696	12.0
1697	38.0
1698	28.0
1699	8.0
1700	0.0
1701	38.0
1702	20.0
1703	28.0
1704	38.0
1705	38.0
1706	38.0
1707	28.0
1708	4.0
1709	12.0
1710	38.0
1711	38.0
1712	36.0
1713	20.0
1714	38.0
1715	4.0
1716	38.0
1717	8.0
1718	36.0
1719	38.0
1720	48.0
1721	38.0
1722	16.0
1723	38.0
1724	28.0
1725	12.0
1726	38.0
1727	38.0
1728	32.0
1729	38.0
1730	38.0
1731	40.0
1732	8.0
1733	38.0
1734	0.0
1735	4.0
1736	38.0
1737	38.0
1738	4.0
1739	24.0
1740	38.0
1741	4.0
1742	38.0
1743	38.0
1744	38.0
1745	38.0
1746	38.0
1747	38.0
1748	48.0
1749	28.0
1750	16.0
1751	38.0
1752	12.0
1753	38.0
1754	36.0
1755	12.0
1756	8.0
1757	12.0
1758	24.0
1759	38.0
1760	12.0
1761	8.0
1762	0.0
1763	16.0
1764	36.0
1765	38.0
1766	0.0
1767	8.0
1768	28.0
1769	0.0
1770	0.0
1771	38.0
1772	38.0
1773	38.0
1774	56.0
1775	38.0
1776	8.0
1777	0.0
1778	38.0
1779	38.0
1780	8.0
1781	28.0
1782	0.0
1783	48.0
1784	32.0
1785	28.0
1786	32.0
1787	24.0
1788	38.0
1789	12.0
1790	38.0
1791	24.0
1792	38.0
1793	38.0
1794	38.0
1795	0.0
1796	38.0
1797	20.0
1798	12.0
1799	38.0
1800	8.0
1801	32.0
1802	38.0
1803	38.0
1804	12.0
1805	32.0
1806	16.0
1807	12.0
1808	32.0
1809	38.0
1810	20.0
1811	38.0
1812	38.0
1813	32.0
1814	16.0
1815	40.0
1816	4.0
1817	20.0
1818	8.0
1819	4.0
1820	38.0
1821	0.0
1822	40.0
1823	0.0
1824	16.0
1825	4.0
1826	0.0
1827	38.0
1828	38.0
1829	38.0
1830	4.0
1831	38.0
1832	38.0
1833	4.0
1834	38.0
1835	56.0
1836	38.0
1837	38.0
1838	24.0
1839	38.0
1840	16.0
1841	28.0
1842	8.0
1843	8.0
1844	38.0
1845	16.0
1846	38.0
1847	38.0
1848	36.0
1849	0.0
1850	38.0
1851	38.0
1852	38.0
1853	4.0
1854	38.0
1855	16.0
1856	38.0
1857	38.0
1858	38.0
1859	24.0
1860	38.0
1861	38.0
1862	38.0
1863	38.0
1864	38.0
1865	38.0
1866	38.0
1867	38.0
1868	38.0
1869	8.0
1870	38.0
1871	12.0
1872	38.0
1873	38.0
1874	38.0
1875	16.0
1876	8.0
1877	38.0
1878	44.0
1879	4.0
1880	20.0
1881	8.0
1882	36.0
1883	24.0
1884	38.0
1885	38.0
1886	38.0
1887	38.0
1888	20.0
1889	20.0
1890	0.0
1891	16.0
1892	38.0
1893	38.0
1894	38.0
1895	40.0
1896	38.0
1897	38.0
1898	38.0
1899	38.0
1900	16.0
1901	38.0
1902	48.0
1903	52.0
1904	28.0
1905	38.0
1906	38.0
1907	68.0
1908	38.0
1909	0.0
1910	20.0
1911	38.0
1912	0.0
1913	38.0
1914	38.0
1915	38.0
1916	44.0
1917	4.0
1918	0.0
1919	4.0
1920	38.0
1921	40.0
1922	32.0
1923	16.0
1924	4.0
1925	8.0
1926	38.0
1927	44.0
1928	38.0
1929	72.0
1930	38.0
1931	48.0
1932	38.0
1933	38.0
1934	4.0
1935	38.0
1936	38.0
1937	16.0
1938	38.0
1939	8.0
1940	38.0
1941	4.0
1942	0.0
1943	38.0
1944	38.0
1945	38.0
1946	32.0
1947	4.0
1948	0.0
1949	20.0
1950	8.0
1951	20.0
1952	38.0
1953	0.0
1954	38.0
1955	12.0
1956	38.0
1957	38.0
1958	12.0
1959	38.0
1960	38.0
1961	28.0
1962	12.0
1963	20.0
1964	28.0
1965	72.0
1966	12.0
1967	38.0
1968	12.0
1969	4.0
1970	12.0
1971	38.0
1972	38.0
1973	38.0
1974	38.0
1975	12.0
1976	38.0
1977	38.0
1978	12.0
1979	38.0
1980	16.0
1981	38.0
1982	12.0
1983	38.0
1984	38.0
1985	4.0
1986	38.0
1987	38.0
1988	32.0
1989	38.0
1990	8.0
1991	24.0
1992	38.0
1993	38.0
1994	38.0
1995	0.0
1996	8.0
1997	38.0
1998	38.0
1999	0.0
2000	16.0
2001	38.0
2002	12.0
2003	38.0
2004	38.0
2005	12.0
2006	38.0
2007	38.0
2008	38.0
2009	38.0
2010	40.0
2011	20.0
2012	38.0
2013	38.0
2014	8.0
2015	16.0
2016	38.0
2017	4.0
2018	38.0
2019	38.0
2020	38.0
2021	16.0
2022	38.0
2023	38.0
2024	38.0
2025	48.0
2026	12.0
2027	16.0
2028	38.0
2029	38.0
2030	38.0
2031	38.0
2032	8.0
2033	38.0
2034	4.0
2035	38.0
2036	38.0
2037	38.0
2038	24.0
2039	36.0
2040	36.0
2041	24.0
2042	38.0
2043	12.0
2044	38.0
2045	0.0
2046	0.0
2047	38.0
2048	0.0
2049	38.0
2050	38.0
2051	12.0
2052	38.0
2053	38.0
2054	8.0
2055	38.0
2056	38.0
2057	38.0
2058	12.0
2059	0.0
2060	38.0
2061	28.0
2062	38.0
2063	38.0
2064	36.0
2065	38.0
2066	38.0
2067	38.0
2068	38.0
2069	38.0
2070	4.0
2071	44.0
2072	38.0
2073	28.0
2074	28.0
2075	38.0
2076	38.0
2077	38.0
2078	38.0
2079	38.0
2080	38.0
2081	38.0
2082	38.0
2083	16.0
2084	38.0
2085	38.0
2086	16.0
2087	38.0
2088	38.0
2089	38.0
2090	38.0
2091	68.0
2092	38.0
2093	38.0
2094	12.0
2095	38.0
2096	4.0
2097	38.0
2098	38.0
2099	38.0
2100	38.0
2101	38.0
2102	38.0
2103	38.0
2104	16.0
2105	24.0
2106	38.0
2107	38.0
2108	38.0
2109	20.0
2110	38.0
2111	38.0
2112	38.0
2113	16.0
2114	38.0
2115	38.0
2116	20.0
2117	38.0
2118	38.0
2119	32.0
2120	24.0
2121	38.0
2122	40.0
2123	32.0
2124	38.0
2125	4.0
2126	4.0
2127	40.0
2128	38.0
2129	38.0
2130	20.0
2131	8.0
2132	38.0
2133	38.0
2134	38.0
2135	20.0
2136	38.0
2137	12.0
2138	44.0
2139	16.0
2140	38.0
2141	38.0
2142	38.0
2143	12.0
2144	38.0
2145	28.0
2146	8.0
2147	16.0
2148	12.0
2149	38.0
2150	38.0
2151	38.0
2152	24.0
2153	38.0
2154	38.0
2155	4.0
2156	38.0
2157	38.0
2158	38.0
2159	38.0
2160	20.0
2161	20.0
2162	38.0
2163	38.0
2164	0.0
2165	4.0
2166	38.0
2167	38.0
2168	4.0
2169	8.0
2170	36.0
2171	38.0
2172	16.0
2173	38.0
2174	38.0
2175	36.0
2176	38.0
2177	38.0
2178	0.0
2179	20.0
2180	38.0
2181	4.0
2182	20.0
2183	20.0
2184	38.0
2185	38.0
2186	20.0
2187	38.0
2188	38.0
2189	38.0
2190	38.0
2191	38.0
2192	0.0
2193	38.0
2194	38.0
2195	8.0
2196	20.0
2197	38.0
2198	38.0
2199	38.0
2200	36.0
2201	20.0
2202	4.0
2203	38.0
2204	20.0
2205	8.0
2206	32.0
2207	0.0
2208	12.0
2209	16.0
2210	8.0
2211	38.0
2212	38.0
2213	38.0
2214	38.0
2215	4.0
2216	38.0
2217	8.0
2218	16.0
2219	0.0
2220	38.0
2221	38.0
2222	38.0
2223	0.0
2224	38.0
2225	38.0
2226	0.0
2227	38.0
2228	38.0
2229	38.0
2230	38.0
2231	38.0
2232	0.0
2233	16.0
2234	38.0
2235	38.0
2236	38.0
2237	38.0
2238	38.0
2239	38.0
2240	38.0
2241	38.0
2242	38.0
2243	4.0
2244	38.0
2245	38.0
2246	38.0
2247	38.0
2248	38.0
2249	38.0
2250	38.0
2251	38.0
2252	38.0
2253	38.0
2254	38.0
2255	38.0
2256	32.0
2257	38.0
2258	20.0
2259	38.0
2260	38.0
2261	0.0
2262	38.0
2263	0.0
2264	38.0
2265	12.0
2266	16.0
2267	52.0
2268	20.0
2269	38.0
2270	38.0
2271	38.0
2272	38.0
2273	8.0
2274	24.0
2275	38.0
2276	38.0
2277	38.0
2278	38.0
2279	38.0
2280	38.0
2281	0.0
2282	38.0
2283	0.0
2284	4.0
2285	38.0
2286	0.0
2287	4.0
2288	8.0
2289	38.0
2290	38.0
2291	8.0
2292	20.0
2293	38.0
2294	38.0
2295	38.0
2296	38.0
2297	38.0
2298	38.0
2299	38.0
2300	38.0
2301	38.0
2302	38.0
2303	36.0
2304	4.0
2305	38.0
2306	38.0
2307	0.0
2308	38.0
2309	38.0
2310	38.0
2311	38.0
2312	38.0
2313	38.0
2314	4.0
2315	38.0
2316	38.0
2317	38.0
2318	38.0
2319	32.0
2320	38.0
2321	0.0
2322	16.0
2323	38.0
2324	38.0
2325	38.0
2326	38.0
2327	20.0
2328	8.0
2329	48.0
2330	38.0
2331	38.0
2332	16.0
2333	38.0
2334	0.0
2335	44.0
2336	0.0
2337	38.0
2338	38.0
2339	38.0
2340	4.0
2341	4.0
2342	52.0
2343	38.0
2344	28.0
2345	38.0
2346	8.0
2347	38.0
2348	38.0
2349	24.0
2350	4.0
2351	38.0
2352	88.0
2353	40.0
2354	38.0
2355	38.0
2356	38.0
2357	4.0
2358	38.0
2359	38.0
2360	38.0
2361	40.0
2362	4.0
2363	38.0
2364	38.0
2365	40.0
2366	38.0
2367	38.0
2368	38.0
2369	38.0
2370	16.0
2371	38.0
2372	12.0
2373	38.0
2374	0.0
2375	38.0
2376	38.0
2377	32.0
2378	38.0
2379	0.0
2380	38.0
2381	38.0
2382	28.0
2383	0.0
2384	38.0
2385	8.0
2386	38.0
2387	38.0
2388	38.0
2389	38.0
2390	0.0
2391	38.0
2392	38.0
2393	4.0
2394	38.0
2395	16.0
2396	38.0
2397	38.0
2398	38.0
2399	38.0
2400	38.0
2401	8.0
2402	38.0
2403	38.0
2404	20.0
2405	38.0
2406	32.0
2407	38.0
2408	38.0
2409	38.0
2410	38.0
2411	16.0
2412	38.0
2413	8.0
2414	38.0
2415	12.0
2416	4.0
2417	38.0
2418	38.0
2419	38.0
2420	38.0
2421	38.0
2422	36.0
2423	38.0
2424	38.0
2425	38.0
2426	16.0
2427	16.0
2428	38.0
2429	38.0
2430	38.0
2431	38.0
2432	38.0
2433	48.0
2434	28.0
2435	38.0
2436	4.0
2437	38.0
2438	38.0
2439	20.0
2440	38.0
2441	24.0
2442	38.0
2443	4.0
2444	38.0
2445	32.0
2446	12.0
2447	4.0
2448	44.0
2449	12.0
2450	4.0
2451	44.0
2452	38.0
2453	8.0
2454	38.0
2455	38.0
2456	28.0
2457	38.0
2458	38.0
2459	60.0
2460	38.0
2461	4.0
2462	38.0
2463	4.0
2464	38.0
2465	38.0
2466	38.0
2467	38.0
2468	38.0
2469	38.0
2470	38.0
2471	38.0
2472	24.0
2473	38.0
2474	24.0
2475	38.0
2476	0.0
2477	24.0
2478	38.0
2479	16.0
2480	38.0
2481	44.0
2482	38.0
2483	38.0
2484	38.0
2485	38.0
2486	38.0
2487	40.0
2488	38.0
2489	0.0
2490	52.0
2491	38.0
2492	38.0
2493	38.0
2494	4.0
2495	0.0
2496	20.0
2497	38.0
2498	24.0
2499	38.0
2500	4.0
2501	38.0
2502	0.0
2503	38.0
2504	4.0
2505	38.0
2506	38.0
2507	16.0
2508	16.0
2509	38.0
2510	38.0
2511	38.0
2512	38.0
2513	38.0
2514	38.0
2515	38.0
2516	38.0
2517	38.0
2518	20.0
2519	38.0
2520	38.0
2521	4.0
2522	38.0
2523	38.0
2524	38.0
2525	20.0
2526	38.0
2527	8.0
2528	24.0
2529	38.0
2530	38.0
2531	38.0
2532	38.0
2533	38.0
2534	38.0
2535	38.0
2536	38.0
2537	20.0
2538	38.0
2539	38.0
2540	44.0
2541	56.0
2542	38.0
2543	38.0
2544	8.0
2545	38.0
2546	8.0
2547	38.0
2548	4.0
2549	38.0
2550	38.0
2551	8.0
2552	44.0
2553	8.0
2554	38.0
2555	24.0
2556	38.0
2557	4.0
2558	38.0
2559	38.0
2560	36.0
2561	38.0
2562	38.0
2563	38.0
2564	40.0
2565	38.0
2566	28.0
2567	38.0
2568	44.0
2569	38.0
2570	38.0
2571	38.0
2572	38.0
2573	0.0
2574	4.0
2575	38.0
2576	38.0
2577	38.0
2578	0.0
2579	32.0
2580	44.0
2581	38.0
2582	38.0
2583	38.0
2584	38.0
2585	38.0
2586	72.0
2587	20.0
2588	38.0
2589	38.0
2590	38.0
2591	38.0
2592	38.0
2593	38.0
2594	38.0
2595	36.0
2596	38.0
2597	38.0
2598	38.0
2599	38.0
2600	28.0
2601	38.0
2602	38.0
2603	0.0
2604	38.0
2605	40.0
2606	38.0
2607	38.0
2608	38.0
2609	38.0
2610	38.0
2611	38.0
2612	40.0
2613	38.0
2614	38.0
2615	12.0
2616	38.0
2617	38.0
2618	38.0
2619	38.0
2620	38.0
2621	16.0
2622	38.0
2623	38.0
2624	38.0
2625	38.0
2626	38.0
2627	38.0
2628	0.0
2629	38.0
2630	38.0
2631	12.0
2632	38.0
2633	38.0
2634	38.0
2635	38.0
2636	38.0
2637	38.0
2638	38.0
2639	38.0
2640	38.0
2641	20.0
2642	20.0
2643	38.0
2644	38.0
2645	38.0
2646	38.0
2647	38.0
2648	38.0
2649	12.0
2650	16.0
2651	38.0
2652	38.0
2653	12.0
2654	38.0
2655	38.0
2656	38.0
2657	38.0
2658	38.0
2659	38.0
2660	38.0
2661	38.0
2662	52.0
2663	38.0
2664	12.0
2665	38.0
2666	0.0
2667	38.0
2668	38.0
2669	16.0
2670	38.0
2671	38.0
2672	38.0
2673	16.0
2674	44.0
2675	20.0
2676	38.0
2677	4.0
2678	38.0
2679	38.0
2680	0.0
2681	38.0
2682	38.0
2683	44.0
2684	38.0
2685	16.0
2686	38.0
2687	38.0
2688	38.0
2689	38.0
2690	8.0
2691	38.0
2692	38.0
2693	38.0
2694	38.0
2695	38.0
2696	38.0
2697	38.0
2698	8.0
2699	8.0
2700	38.0
2701	38.0
2702	32.0
2703	16.0
2704	38.0
2705	38.0
2706	38.0
2707	38.0
2708	38.0
2709	38.0
2710	24.0
2711	38.0
2712	38.0
2713	0.0
2714	38.0
2715	38.0
2716	24.0
2717	38.0
2718	38.0
2719	0.0
2720	38.0
2721	8.0
2722	38.0
2723	4.0
2724	20.0
2725	38.0
2726	38.0
2727	8.0
2728	4.0
2729	38.0
2730	38.0
2731	8.0
2732	24.0
2733	38.0
2734	38.0
2735	38.0
2736	38.0
2737	24.0
2738	38.0
2739	38.0
2740	38.0
2741	38.0
2742	38.0
2743	0.0
2744	38.0
2745	12.0
2746	38.0
2747	38.0
