0	248.0
1	176.0
2	264.0
3	252.0
4	120.0
5	216.0
6	224.0
7	212.0
8	216.0
9	236.0
10	280.0
11	224.0
12	228.0
13	196.0
14	176.0
15	220.0
16	260.0
17	216.0
18	236.0
19	232.0
20	196.0
21	224.0
22	204.0
23	232.0
24	196.0
25	188.0
26	284.0
27	228.0
28	180.0
29	208.0
30	192.0
31	236.0
32	156.0
33	232.0
34	176.0
35	288.0
36	272.0
37	256.0
38	188.0
39	188.0
40	204.0
41	236.0
42	212.0
43	252.0
44	172.0
45	200.0
46	196.0
47	224.0
48	212.0
49	240.0
50	248.0
51	208.0
52	212.0
53	292.0
54	192.0
55	200.0
56	224.0
57	248.0
58	272.0
59	224.0
60	144.0
61	212.0
62	164.0
63	248.0
64	152.0
65	264.0
66	272.0
67	228.0
68	228.0
69	212.0
70	152.0
71	208.0
72	220.0
73	220.0
74	152.0
75	236.0
76	240.0
77	220.0
78	188.0
79	232.0
80	192.0
81	232.0
82	192.0
83	156.0
84	184.0
85	136.0
86	232.0
87	164.0
88	208.0
89	160.0
90	220.0
91	228.0
92	232.0
93	196.0
94	156.0
95	224.0
96	208.0
97	172.0
98	196.0
99	172.0
100	124.0
101	188.0
102	168.0
103	228.0
104	200.0
105	188.0
106	204.0
107	168.0
108	208.0
109	212.0
110	168.0
111	220.0
112	152.0
113	216.0
114	244.0
115	264.0
116	232.0
117	216.0
118	232.0
119	200.0
120	168.0
121	264.0
122	212.0
123	216.0
124	204.0
125	232.0
126	208.0
127	252.0
128	164.0
129	228.0
130	140.0
131	228.0
132	160.0
133	172.0
134	220.0
135	156.0
136	236.0
137	156.0
138	148.0
139	208.0
140	304.0
141	140.0
142	292.0
143	200.0
144	204.0
145	268.0
146	264.0
147	216.0
148	192.0
149	244.0
150	256.0
151	152.0
152	240.0
153	152.0
154	232.0
155	160.0
156	188.0
157	180.0
158	180.0
159	236.0
160	204.0
161	208.0
162	200.0
163	172.0
164	272.0
165	216.0
166	200.0
167	148.0
168	232.0
169	204.0
170	168.0
171	248.0
172	276.0
173	248.0
174	156.0
175	204.0
176	192.0
177	148.0
178	108.0
179	200.0
180	188.0
181	160.0
182	236.0
183	168.0
184	236.0
185	160.0
186	188.0
187	204.0
188	216.0
189	216.0
190	216.0
191	192.0
192	236.0
193	152.0
194	308.0
195	160.0
196	268.0
197	224.0
198	256.0
199	188.0
200	232.0
201	268.0
202	264.0
203	260.0
204	204.0
205	248.0
206	196.0
207	264.0
208	140.0
209	200.0
210	272.0
211	180.0
212	180.0
213	188.0
214	180.0
215	204.0
216	160.0
217	188.0
218	160.0
219	220.0
220	204.0
221	164.0
222	204.0
223	268.0
224	168.0
225	212.0
226	140.0
227	188.0
228	228.0
229	244.0
230	248.0
231	224.0
232	172.0
233	184.0
234	224.0
235	120.0
236	220.0
237	120.0
238	264.0
239	140.0
240	172.0
241	184.0
242	216.0
243	276.0
244	164.0
245	228.0
246	248.0
247	180.0
248	172.0
249	180.0
250	308.0
251	308.0
252	180.0
253	168.0
254	192.0
255	232.0
256	200.0
257	192.0
258	156.0
259	200.0
260	132.0
261	148.0
262	132.0
263	124.0
264	192.0
265	164.0
266	260.0
267	188.0
268	252.0
269	172.0
270	192.0
271	172.0
272	224.0
273	176.0
274	248.0
275	156.0
276	208.0
277	264.0
278	244.0
279	196.0
280	220.0
281	152.0
282	188.0
283	240.0
284	192.0
285	144.0
286	188.0
287	232.0
288	200.0
289	168.0
290	160.0
291	180.0
292	160.0
293	188.0
294	200.0
295	208.0
296	192.0
297	184.0
298	212.0
299	180.0
300	204.0
301	228.0
302	148.0
303	228.0
304	160.0
305	196.0
306	196.0
307	228.0
308	268.0
309	204.0
310	256.0
311	220.0
312	204.0
313	188.0
314	236.0
315	200.0
316	268.0
317	176.0
318	256.0
319	216.0
320	148.0
321	212.0
322	124.0
323	260.0
324	200.0
325	216.0
326	292.0
327	216.0
328	152.0
329	152.0
330	200.0
331	200.0
332	172.0
333	216.0
334	172.0
335	244.0
336	204.0
337	192.0
338	124.0
339	300.0
340	212.0
341	184.0
342	256.0
343	200.0
344	156.0
345	216.0
346	180.0
347	184.0
348	192.0
349	252.0
350	276.0
351	168.0
352	184.0
353	228.0
354	188.0
355	236.0
356	188.0
357	244.0
358	208.0
359	212.0
360	224.0
361	228.0
362	236.0
363	236.0
364	212.0
365	188.0
366	300.0
367	256.0
368	248.0
369	176.0
370	272.0
371	216.0
372	224.0
373	264.0
374	228.0
375	204.0
376	184.0
377	176.0
378	236.0
379	204.0
380	252.0
381	156.0
382	296.0
383	200.0
384	168.0
385	216.0
386	216.0
387	256.0
388	256.0
389	244.0
390	216.0
391	232.0
392	176.0
393	196.0
394	236.0
395	208.0
396	272.0
397	200.0
398	196.0
399	188.0
400	256.0
401	256.0
402	200.0
403	240.0
404	212.0
405	196.0
406	232.0
407	268.0
408	232.0
409	252.0
410	176.0
411	248.0
412	200.0
413	172.0
414	192.0
415	248.0
416	184.0
417	168.0
418	188.0
419	216.0
420	172.0
421	212.0
422	168.0
423	220.0
424	288.0
425	244.0
426	240.0
427	228.0
428	236.0
429	220.0
430	180.0
431	304.0
432	232.0
433	164.0
434	208.0
435	120.0
436	224.0
437	256.0
438	180.0
439	140.0
440	156.0
441	148.0
442	176.0
443	172.0
444	176.0
445	112.0
446	160.0
447	208.0
448	136.0
449	168.0
450	208.0
451	224.0
452	220.0
453	208.0
454	216.0
455	256.0
456	240.0
457	216.0
458	192.0
459	224.0
460	216.0
461	256.0
462	196.0
463	244.0
464	156.0
465	160.0
466	116.0
467	192.0
468	212.0
469	168.0
470	204.0
471	160.0
472	168.0
473	112.0
474	188.0
475	164.0
476	168.0
477	132.0
478	172.0
479	168.0
480	256.0
481	208.0
482	240.0
483	244.0
484	212.0
485	220.0
486	180.0
487	144.0
488	212.0
489	176.0
490	232.0
491	284.0
492	212.0
493	208.0
494	268.0
495	200.0
496	208.0
497	300.0
498	192.0
499	148.0
500	208.0
501	228.0
502	164.0
503	208.0
504	252.0
505	200.0
506	128.0
507	216.0
508	144.0
509	228.0
510	216.0
511	276.0
512	216.0
513	316.0
514	244.0
515	236.0
516	168.0
517	228.0
518	156.0
519	228.0
520	168.0
521	184.0
522	224.0
523	228.0
524	216.0
525	184.0
526	276.0
527	168.0
528	200.0
529	228.0
530	272.0
531	268.0
532	212.0
533	176.0
534	144.0
535	248.0
536	232.0
537	236.0
538	196.0
539	188.0
540	160.0
541	216.0
542	192.0
543	196.0
544	140.0
545	204.0
546	264.0
547	212.0
548	276.0
549	216.0
550	228.0
551	168.0
552	228.0
553	220.0
554	180.0
555	256.0
556	208.0
557	276.0
558	208.0
559	136.0
560	228.0
561	244.0
562	288.0
563	232.0
564	188.0
565	204.0
566	148.0
567	180.0
568	236.0
569	204.0
570	244.0
571	240.0
572	216.0
573	204.0
574	260.0
575	168.0
576	220.0
577	196.0
578	240.0
579	160.0
580	228.0
581	200.0
582	272.0
583	168.0
584	176.0
585	212.0
586	228.0
587	212.0
588	168.0
589	160.0
590	120.0
591	120.0
592	116.0
593	116.0
594	124.0
595	196.0
596	216.0
597	160.0
598	220.0
599	240.0
600	240.0
601	148.0
602	176.0
603	212.0
604	228.0
605	184.0
606	204.0
607	200.0
608	204.0
609	268.0
610	272.0
611	184.0
612	240.0
613	244.0
614	220.0
615	172.0
616	304.0
617	208.0
618	196.0
619	216.0
620	232.0
621	220.0
622	196.0
623	288.0
624	256.0
625	248.0
626	192.0
627	204.0
628	192.0
629	196.0
630	240.0
631	192.0
632	176.0
633	188.0
634	184.0
635	212.0
636	216.0
637	164.0
638	200.0
639	188.0
640	232.0
641	220.0
642	244.0
643	228.0
644	204.0
645	200.0
646	212.0
647	184.0
648	244.0
649	196.0
650	176.0
651	192.0
652	184.0
653	212.0
654	188.0
655	156.0
656	176.0
657	120.0
658	260.0
659	196.0
660	196.0
661	192.0
662	188.0
663	200.0
664	228.0
665	172.0
666	168.0
667	180.0
668	192.0
669	192.0
670	240.0
671	216.0
672	140.0
673	180.0
674	156.0
675	244.0
676	200.0
677	160.0
678	188.0
679	208.0
680	176.0
681	204.0
682	192.0
683	240.0
684	212.0
685	264.0
686	164.0
687	212.0
688	216.0
689	212.0
690	136.0
691	192.0
692	140.0
693	156.0
694	136.0
695	148.0
696	204.0
697	136.0
698	248.0
699	180.0
700	196.0
701	240.0
702	220.0
703	208.0
704	112.0
705	208.0
706	244.0
707	236.0
708	184.0
709	192.0
710	240.0
711	180.0
712	212.0
713	204.0
714	136.0
715	144.0
716	104.0
717	240.0
718	140.0
719	228.0
720	160.0
721	296.0
722	220.0
723	188.0
724	164.0
725	244.0
726	232.0
727	260.0
728	216.0
729	244.0
730	280.0
731	248.0
732	256.0
733	204.0
734	272.0
735	196.0
736	244.0
737	236.0
738	292.0
739	164.0
740	236.0
741	196.0
742	132.0
743	192.0
744	96.0
745	200.0
746	172.0
747	252.0
748	184.0
749	216.0
750	236.0
751	236.0
752	268.0
753	192.0
754	252.0
755	172.0
756	272.0
757	172.0
758	212.0
759	228.0
760	264.0
761	176.0
762	280.0
763	156.0
764	220.0
765	180.0
766	256.0
767	196.0
768	280.0
769	188.0
770	244.0
771	220.0
772	136.0
773	224.0
774	252.0
775	200.0
776	180.0
777	204.0
778	200.0
779	276.0
780	212.0
781	192.0
782	168.0
783	148.0
784	200.0
785	156.0
786	240.0
787	276.0
788	228.0
789	192.0
790	180.0
791	252.0
792	196.0
793	224.0
794	260.0
795	204.0
796	196.0
797	196.0
798	244.0
799	308.0
800	188.0
801	212.0
802	168.0
803	172.0
804	192.0
805	228.0
806	252.0
807	192.0
808	124.0
809	120.0
810	224.0
811	236.0
812	212.0
813	240.0
814	244.0
815	108.0
816	172.0
817	212.0
818	216.0
819	116.0
820	244.0
821	240.0
822	188.0
823	204.0
824	200.0
825	228.0
826	224.0
827	192.0
828	172.0
829	280.0
830	244.0
831	264.0
832	136.0
833	236.0
834	244.0
835	140.0
836	140.0
837	152.0
838	244.0
839	128.0
840	140.0
841	220.0
842	116.0
843	124.0
844	120.0
845	96.0
846	220.0
847	192.0
848	180.0
849	228.0
850	144.0
851	168.0
852	180.0
853	244.0
854	252.0
855	216.0
856	144.0
857	192.0
858	156.0
859	196.0
860	212.0
861	192.0
862	216.0
863	184.0
864	232.0
865	216.0
866	268.0
867	264.0
868	208.0
869	224.0
870	140.0
871	252.0
872	228.0
873	184.0
874	268.0
875	136.0
876	240.0
877	224.0
878	112.0
879	216.0
880	184.0
881	156.0
882	188.0
883	200.0
884	168.0
885	152.0
886	216.0
887	224.0
888	244.0
889	200.0
890	256.0
891	200.0
892	220.0
893	156.0
894	200.0
895	220.0
896	220.0
897	168.0
898	160.0
899	184.0
900	192.0
901	216.0
902	180.0
903	204.0
904	164.0
905	200.0
906	200.0
907	132.0
908	168.0
909	176.0
910	128.0
911	112.0
912	236.0
913	248.0
914	136.0
915	140.0
916	204.0
917	228.0
918	260.0
919	196.0
920	204.0
921	228.0
922	260.0
923	196.0
924	244.0
925	240.0
926	172.0
927	108.0
928	176.0
929	140.0
930	156.0
931	160.0
932	124.0
933	180.0
934	232.0
935	148.0
936	188.0
937	152.0
938	200.0
939	120.0
940	152.0
941	236.0
942	168.0
943	228.0
944	172.0
945	188.0
946	188.0
947	268.0
948	200.0
949	196.0
950	128.0
951	176.0
952	140.0
953	228.0
954	208.0
955	168.0
956	264.0
957	168.0
958	176.0
959	312.0
960	252.0
961	204.0
962	272.0
963	232.0
964	252.0
965	148.0
966	184.0
967	188.0
968	220.0
969	212.0
970	120.0
971	172.0
972	132.0
973	148.0
974	144.0
975	164.0
976	212.0
977	128.0
978	232.0
979	216.0
980	196.0
981	52.0
982	152.0
983	228.0
984	252.0
985	184.0
986	244.0
987	224.0
988	160.0
989	156.0
990	156.0
991	276.0
992	228.0
993	248.0
994	208.0
995	180.0
996	176.0
997	216.0
998	184.0
999	184.0
1000	240.0
1001	216.0
1002	136.0
1003	180.0
1004	168.0
1005	156.0
1006	188.0
1007	184.0
1008	224.0
1009	184.0
1010	192.0
1011	212.0
1012	212.0
1013	120.0
1014	148.0
1015	204.0
1016	208.0
1017	164.0
1018	212.0
1019	132.0
1020	248.0
1021	256.0
1022	256.0
1023	220.0
1024	184.0
1025	220.0
1026	164.0
1027	248.0
1028	140.0
1029	144.0
1030	188.0
1031	204.0
1032	216.0
1033	204.0
1034	212.0
1035	232.0
1036	228.0
1037	160.0
1038	196.0
1039	232.0
1040	84.0
1041	188.0
1042	260.0
1043	68.0
1044	216.0
1045	208.0
1046	148.0
1047	200.0
1048	232.0
1049	264.0
1050	196.0
1051	224.0
1052	200.0
1053	204.0
1054	168.0
1055	152.0
1056	244.0
1057	244.0
1058	232.0
1059	180.0
1060	184.0
1061	200.0
1062	292.0
1063	180.0
1064	216.0
1065	228.0
1066	240.0
1067	224.0
1068	228.0
1069	244.0
1070	160.0
1071	184.0
1072	188.0
1073	248.0
1074	180.0
1075	188.0
1076	256.0
1077	176.0
1078	236.0
1079	252.0
1080	144.0
1081	256.0
1082	128.0
1083	172.0
1084	164.0
1085	228.0
1086	236.0
1087	216.0
1088	232.0
1089	212.0
1090	264.0
1091	204.0
1092	256.0
1093	204.0
1094	252.0
1095	180.0
1096	212.0
1097	208.0
1098	224.0
1099	180.0
1100	192.0
1101	204.0
1102	280.0
1103	180.0
1104	188.0
1105	240.0
1106	144.0
1107	172.0
1108	196.0
1109	184.0
1110	276.0
1111	180.0
1112	268.0
1113	204.0
1114	208.0
1115	216.0
1116	256.0
1117	172.0
1118	212.0
1119	240.0
1120	252.0
1121	244.0
1122	136.0
1123	180.0
1124	200.0
1125	296.0
1126	212.0
1127	204.0
1128	264.0
1129	176.0
1130	220.0
1131	176.0
1132	188.0
1133	208.0
1134	212.0
1135	176.0
1136	156.0
1137	252.0
1138	272.0
1139	236.0
1140	200.0
1141	136.0
1142	204.0
1143	220.0
1144	196.0
1145	120.0
1146	164.0
1147	200.0
1148	172.0
1149	168.0
1150	180.0
1151	264.0
1152	236.0
1153	200.0
1154	224.0
1155	216.0
1156	128.0
1157	184.0
1158	180.0
1159	248.0
1160	264.0
1161	224.0
1162	168.0
1163	208.0
1164	164.0
1165	212.0
1166	160.0
1167	168.0
1168	208.0
1169	120.0
1170	160.0
1171	284.0
1172	232.0
1173	148.0
1174	180.0
1175	192.0
1176	164.0
1177	240.0
1178	208.0
1179	176.0
1180	168.0
1181	208.0
1182	208.0
1183	268.0
1184	172.0
1185	208.0
1186	176.0
1187	212.0
1188	232.0
1189	200.0
1190	168.0
1191	116.0
1192	216.0
1193	224.0
1194	220.0
1195	176.0
1196	224.0
1197	200.0
1198	220.0
1199	216.0
1200	208.0
1201	272.0
1202	252.0
1203	224.0
1204	172.0
1205	216.0
1206	196.0
1207	224.0
1208	200.0
1209	204.0
1210	228.0
1211	236.0
1212	216.0
1213	224.0
1214	116.0
1215	152.0
1216	196.0
1217	200.0
1218	172.0
1219	228.0
1220	176.0
1221	264.0
1222	208.0
1223	296.0
1224	164.0
1225	212.0
1226	244.0
1227	192.0
1228	188.0
1229	132.0
1230	192.0
1231	204.0
1232	112.0
1233	244.0
1234	240.0
1235	140.0
1236	236.0
1237	204.0
1238	168.0
1239	200.0
1240	224.0
1241	188.0
1242	196.0
1243	244.0
1244	284.0
1245	224.0
1246	168.0
1247	248.0
1248	216.0
1249	156.0
1250	172.0
1251	244.0
1252	208.0
1253	248.0
1254	208.0
1255	172.0
1256	320.0
1257	220.0
1258	224.0
1259	240.0
1260	196.0
1261	196.0
1262	216.0
1263	176.0
1264	200.0
1265	176.0
1266	172.0
1267	152.0
1268	188.0
1269	220.0
1270	228.0
1271	248.0
1272	228.0
1273	188.0
1274	196.0
1275	212.0
1276	204.0
1277	236.0
1278	124.0
1279	228.0
1280	180.0
1281	228.0
1282	212.0
1283	188.0
1284	136.0
1285	108.0
1286	184.0
1287	160.0
1288	160.0
1289	252.0
1290	160.0
1291	164.0
1292	228.0
1293	220.0
1294	236.0
1295	136.0
1296	152.0
1297	232.0
1298	184.0
1299	224.0
1300	148.0
1301	188.0
1302	192.0
1303	212.0
1304	256.0
1305	192.0
1306	272.0
1307	288.0
1308	172.0
1309	204.0
1310	192.0
1311	208.0
1312	224.0
1313	240.0
1314	200.0
1315	184.0
1316	236.0
1317	268.0
1318	204.0
1319	248.0
1320	172.0
1321	252.0
1322	204.0
1323	208.0
1324	224.0
1325	192.0
1326	136.0
1327	208.0
1328	188.0
1329	276.0
1330	328.0
1331	268.0
1332	232.0
1333	248.0
1334	216.0
1335	144.0
1336	216.0
1337	244.0
1338	172.0
1339	228.0
1340	208.0
1341	268.0
1342	172.0
1343	192.0
1344	180.0
1345	196.0
1346	176.0
1347	148.0
1348	172.0
1349	168.0
1350	188.0
1351	160.0
1352	152.0
1353	172.0
1354	200.0
1355	232.0
1356	204.0
1357	144.0
1358	204.0
1359	196.0
1360	208.0
1361	176.0
1362	152.0
1363	188.0
1364	140.0
1365	224.0
1366	236.0
1367	276.0
1368	208.0
1369	228.0
1370	152.0
1371	188.0
1372	276.0
1373	144.0
1374	212.0
1375	152.0
1376	176.0
1377	192.0
1378	172.0
1379	220.0
1380	268.0
1381	168.0
1382	212.0
1383	216.0
1384	208.0
1385	104.0
1386	272.0
1387	196.0
1388	216.0
1389	192.0
1390	248.0
1391	232.0
1392	224.0
1393	168.0
1394	196.0
1395	188.0
1396	300.0
1397	184.0
1398	152.0
1399	212.0
1400	212.0
1401	228.0
1402	316.0
1403	160.0
1404	256.0
1405	248.0
1406	224.0
1407	192.0
1408	204.0
1409	192.0
1410	160.0
1411	280.0
1412	172.0
1413	160.0
1414	176.0
1415	156.0
1416	132.0
1417	172.0
1418	196.0
1419	220.0
1420	192.0
1421	216.0
1422	196.0
1423	196.0
1424	252.0
1425	180.0
1426	196.0
1427	276.0
1428	224.0
1429	164.0
1430	108.0
1431	156.0
1432	136.0
1433	200.0
1434	228.0
1435	152.0
1436	196.0
1437	192.0
1438	204.0
1439	112.0
1440	228.0
1441	180.0
1442	196.0
1443	212.0
1444	200.0
1445	172.0
1446	180.0
1447	200.0
1448	184.0
1449	208.0
1450	180.0
1451	220.0
1452	240.0
1453	148.0
1454	232.0
1455	148.0
1456	240.0
1457	124.0
1458	188.0
1459	296.0
1460	248.0
1461	248.0
1462	168.0
1463	220.0
1464	108.0
1465	220.0
1466	172.0
1467	196.0
1468	216.0
1469	136.0
1470	200.0
1471	228.0
1472	188.0
1473	128.0
1474	200.0
1475	156.0
1476	204.0
1477	192.0
1478	188.0
1479	192.0
1480	144.0
1481	260.0
1482	188.0
1483	144.0
1484	160.0
1485	88.0
1486	136.0
1487	184.0
1488	216.0
1489	240.0
1490	192.0
1491	180.0
1492	192.0
1493	144.0
1494	224.0
1495	124.0
1496	220.0
1497	244.0
1498	188.0
1499	252.0
1500	224.0
1501	168.0
1502	240.0
1503	208.0
1504	160.0
1505	88.0
1506	168.0
1507	140.0
1508	224.0
1509	188.0
1510	232.0
1511	128.0
1512	200.0
1513	164.0
1514	260.0
1515	268.0
1516	144.0
1517	188.0
1518	212.0
1519	152.0
1520	196.0
1521	220.0
1522	236.0
1523	168.0
1524	216.0
1525	184.0
1526	168.0
1527	240.0
1528	236.0
1529	236.0
1530	160.0
1531	208.0
1532	204.0
1533	184.0
1534	140.0
1535	268.0
1536	216.0
1537	160.0
1538	196.0
1539	256.0
1540	240.0
1541	168.0
1542	204.0
1543	204.0
1544	200.0
1545	160.0
1546	196.0
1547	204.0
1548	232.0
1549	228.0
1550	188.0
1551	180.0
1552	200.0
1553	220.0
1554	184.0
1555	252.0
1556	216.0
1557	252.0
1558	152.0
1559	248.0
1560	248.0
1561	132.0
1562	232.0
1563	228.0
1564	264.0
1565	140.0
1566	188.0
1567	152.0
1568	164.0
1569	220.0
1570	184.0
1571	184.0
1572	212.0
1573	212.0
1574	176.0
1575	196.0
1576	120.0
1577	144.0
1578	196.0
1579	172.0
1580	260.0
1581	172.0
1582	124.0
1583	256.0
1584	128.0
1585	264.0
1586	204.0
1587	216.0
1588	292.0
1589	152.0
1590	212.0
1591	192.0
1592	168.0
1593	156.0
1594	216.0
1595	104.0
1596	160.0
1597	84.0
1598	160.0
1599	172.0
1600	232.0
1601	200.0
1602	244.0
1603	208.0
1604	172.0
1605	192.0
1606	168.0
1607	140.0
1608	188.0
1609	216.0
1610	168.0
1611	180.0
1612	140.0
1613	176.0
1614	124.0
1615	244.0
1616	196.0
1617	152.0
1618	216.0
1619	216.0
1620	152.0
1621	236.0
1622	200.0
1623	208.0
1624	204.0
1625	232.0
1626	300.0
1627	168.0
1628	152.0
1629	204.0
1630	148.0
1631	148.0
1632	224.0
1633	164.0
1634	220.0
1635	212.0
1636	168.0
1637	160.0
1638	136.0
1639	156.0
1640	176.0
1641	152.0
1642	180.0
1643	148.0
1644	156.0
1645	220.0
1646	172.0
1647	160.0
1648	216.0
1649	168.0
1650	196.0
1651	192.0
1652	232.0
1653	196.0
1654	212.0
1655	204.0
1656	208.0
1657	216.0
1658	148.0
1659	272.0
1660	172.0
1661	164.0
1662	164.0
1663	220.0
1664	276.0
1665	252.0
1666	208.0
1667	148.0
1668	184.0
1669	124.0
1670	76.0
1671	100.0
1672	164.0
1673	176.0
1674	128.0
1675	216.0
1676	228.0
1677	204.0
1678	176.0
1679	180.0
1680	164.0
1681	216.0
1682	228.0
1683	204.0
1684	176.0
1685	196.0
1686	204.0
1687	216.0
1688	112.0
1689	140.0
1690	132.0
1691	144.0
1692	168.0
1693	268.0
1694	228.0
1695	156.0
1696	256.0
1697	248.0
1698	156.0
1699	244.0
1700	216.0
1701	264.0
1702	176.0
1703	192.0
1704	156.0
1705	168.0
1706	176.0
1707	168.0
1708	120.0
1709	156.0
1710	276.0
1711	136.0
1712	172.0
1713	204.0
1714	164.0
1715	212.0
1716	164.0
1717	188.0
1718	128.0
1719	192.0
1720	212.0
1721	136.0
1722	216.0
1723	220.0
1724	132.0
1725	164.0
1726	180.0
1727	184.0
1728	136.0
1729	236.0
1730	172.0
1731	212.0
1732	252.0
1733	232.0
1734	264.0
1735	132.0
1736	168.0
1737	220.0
1738	168.0
1739	176.0
1740	256.0
1741	272.0
1742	236.0
1743	176.0
1744	212.0
1745	84.0
1746	192.0
1747	156.0
1748	172.0
1749	224.0
1750	224.0
1751	244.0
1752	236.0
1753	208.0
1754	168.0
1755	268.0
1756	116.0
1757	188.0
1758	160.0
1759	164.0
1760	164.0
1761	256.0
1762	212.0
1763	136.0
1764	156.0
1765	172.0
1766	156.0
1767	216.0
1768	192.0
1769	96.0
1770	196.0
1771	208.0
1772	228.0
1773	96.0
1774	188.0
1775	204.0
1776	188.0
1777	252.0
1778	100.0
1779	200.0
1780	196.0
1781	160.0
1782	204.0
1783	152.0
1784	172.0
1785	212.0
1786	232.0
1787	164.0
1788	216.0
1789	268.0
1790	136.0
1791	264.0
1792	224.0
1793	236.0
1794	200.0
1795	116.0
1796	204.0
1797	212.0
1798	124.0
1799	232.0
1800	192.0
1801	140.0
1802	220.0
1803	248.0
1804	176.0
1805	232.0
1806	212.0
1807	180.0
1808	212.0
1809	144.0
1810	164.0
1811	200.0
1812	216.0
1813	144.0
1814	136.0
1815	152.0
1816	240.0
1817	212.0
1818	208.0
1819	184.0
1820	180.0
1821	124.0
1822	212.0
1823	220.0
1824	204.0
1825	176.0
1826	128.0
1827	156.0
1828	164.0
1829	240.0
1830	220.0
1831	172.0
1832	196.0
1833	196.0
1834	180.0
1835	200.0
1836	240.0
1837	208.0
1838	224.0
1839	228.0
1840	96.0
1841	216.0
1842	208.0
1843	136.0
1844	160.0
1845	168.0
1846	140.0
1847	148.0
1848	208.0
1849	220.0
1850	152.0
1851	172.0
1852	212.0
1853	156.0
1854	132.0
1855	148.0
1856	152.0
1857	16.0
1858	192.0
1859	84.0
1860	180.0
1861	156.0
1862	176.0
1863	136.0
1864	228.0
1865	88.0
1866	164.0
1867	248.0
1868	272.0
1869	168.0
1870	140.0
1871	148.0
1872	228.0
1873	160.0
1874	192.0
1875	140.0
1876	128.0
1877	176.0
1878	184.0
1879	128.0
1880	160.0
1881	172.0
1882	176.0
1883	172.0
1884	164.0
1885	156.0
1886	116.0
1887	144.0
1888	244.0
1889	184.0
1890	140.0
1891	184.0
1892	172.0
1893	156.0
1894	192.0
1895	148.0
1896	252.0
1897	140.0
1898	132.0
1899	204.0
1900	172.0
1901	188.0
1902	140.0
1903	180.0
1904	148.0
1905	128.0
1906	152.0
1907	100.0
1908	264.0
1909	184.0
1910	244.0
1911	216.0
1912	108.0
1913	188.0
1914	176.0
1915	144.0
1916	156.0
1917	172.0
1918	176.0
1919	180.0
1920	184.0
1921	200.0
1922	184.0
1923	180.0
1924	180.0
1925	208.0
1926	156.0
1927	176.0
1928	240.0
1929	164.0
1930	164.0
1931	204.0
1932	128.0
1933	208.0
1934	228.0
1935	148.0
1936	176.0
1937	168.0
1938	124.0
1939	232.0
1940	196.0
1941	152.0
1942	200.0
1943	200.0
1944	196.0
1945	192.0
1946	156.0
1947	240.0
1948	168.0
1949	224.0
1950	120.0
1951	112.0
1952	168.0
1953	148.0
1954	164.0
1955	148.0
1956	220.0
1957	152.0
1958	176.0
1959	164.0
1960	140.0
1961	208.0
1962	196.0
1963	96.0
1964	100.0
1965	164.0
1966	120.0
1967	124.0
1968	252.0
1969	112.0
1970	136.0
1971	160.0
1972	168.0
1973	104.0
1974	288.0
1975	260.0
1976	168.0
1977	220.0
1978	180.0
1979	208.0
1980	204.0
1981	120.0
1982	188.0
1983	184.0
1984	204.0
1985	156.0
1986	212.0
1987	236.0
1988	176.0
1989	136.0
1990	208.0
1991	200.0
1992	168.0
1993	232.0
1994	196.0
1995	128.0
1996	160.0
1997	212.0
1998	184.0
1999	136.0
2000	176.0
2001	212.0
2002	156.0
2003	168.0
2004	184.0
2005	260.0
2006	168.0
2007	160.0
2008	204.0
2009	132.0
2010	208.0
2011	208.0
2012	128.0
2013	180.0
2014	168.0
2015	200.0
2016	196.0
2017	152.0
2018	156.0
2019	164.0
2020	288.0
2021	184.0
2022	172.0
2023	236.0
2024	104.0
2025	124.0
2026	172.0
2027	192.0
2028	180.0
2029	132.0
2030	340.0
2031	172.0
2032	168.0
2033	196.0
2034	204.0
2035	168.0
2036	172.0
2037	152.0
2038	148.0
2039	196.0
2040	176.0
2041	156.0
2042	228.0
2043	176.0
2044	232.0
2045	192.0
2046	180.0
2047	200.0
2048	180.0
2049	196.0
2050	160.0
2051	248.0
2052	112.0
2053	112.0
2054	196.0
2055	116.0
2056	204.0
2057	168.0
2058	140.0
2059	148.0
2060	192.0
2061	200.0
2062	144.0
2063	128.0
2064	148.0
2065	212.0
2066	212.0
2067	112.0
2068	112.0
2069	212.0
2070	160.0
2071	132.0
2072	132.0
2073	148.0
2074	140.0
2075	128.0
2076	120.0
2077	196.0
2078	192.0
2079	196.0
2080	256.0
2081	144.0
2082	136.0
2083	128.0
2084	168.0
2085	176.0
2086	292.0
2087	148.0
2088	160.0
2089	116.0
2090	128.0
2091	212.0
2092	184.0
2093	156.0
2094	152.0
2095	164.0
2096	148.0
2097	136.0
2098	196.0
2099	152.0
2100	172.0
2101	220.0
2102	176.0
2103	192.0
2104	136.0
2105	92.0
2106	124.0
2107	200.0
2108	128.0
2109	156.0
2110	208.0
2111	180.0
2112	172.0
2113	80.0
2114	200.0
2115	176.0
2116	148.0
2117	200.0
2118	172.0
2119	184.0
2120	188.0
2121	140.0
2122	168.0
2123	140.0
2124	156.0
2125	236.0
2126	72.0
2127	124.0
2128	208.0
2129	128.0
2130	192.0
2131	204.0
2132	188.0
2133	184.0
2134	176.0
2135	232.0
2136	176.0
2137	180.0
2138	188.0
2139	216.0
2140	164.0
2141	212.0
2142	200.0
2143	164.0
2144	200.0
2145	224.0
2146	160.0
2147	128.0
2148	156.0
2149	196.0
2150	144.0
2151	204.0
2152	176.0
2153	168.0
2154	164.0
2155	188.0
2156	196.0
2157	228.0
2158	136.0
2159	140.0
2160	196.0
2161	168.0
2162	148.0
2163	216.0
2164	132.0
2165	148.0
2166	232.0
2167	216.0
2168	132.0
2169	192.0
2170	212.0
2171	156.0
2172	160.0
2173	112.0
2174	204.0
2175	164.0
2176	204.0
2177	172.0
2178	156.0
2179	188.0
2180	188.0
2181	192.0
2182	164.0
2183	164.0
2184	164.0
2185	160.0
2186	140.0
2187	88.0
2188	188.0
2189	220.0
2190	200.0
2191	208.0
2192	228.0
2193	124.0
2194	180.0
2195	236.0
2196	188.0
2197	236.0
2198	160.0
2199	148.0
2200	192.0
2201	196.0
2202	188.0
2203	144.0
2204	148.0
2205	264.0
2206	168.0
2207	204.0
2208	148.0
2209	168.0
2210	216.0
2211	140.0
2212	136.0
2213	188.0
2214	148.0
2215	184.0
2216	144.0
2217	216.0
2218	168.0
2219	160.0
2220	240.0
2221	104.0
2222	236.0
2223	168.0
2224	188.0
2225	188.0
2226	128.0
2227	220.0
2228	152.0
2229	132.0
2230	200.0
2231	164.0
2232	132.0
2233	156.0
2234	228.0
2235	244.0
2236	148.0
2237	200.0
2238	232.0
2239	244.0
2240	172.0
2241	212.0
2242	124.0
2243	136.0
2244	100.0
2245	244.0
2246	264.0
2247	196.0
2248	192.0
2249	168.0
2250	84.0
2251	152.0
2252	104.0
2253	260.0
2254	168.0
2255	204.0
2256	208.0
2257	244.0
2258	196.0
2259	244.0
2260	184.0
2261	232.0
2262	156.0
2263	176.0
2264	200.0
2265	152.0
2266	200.0
2267	232.0
2268	252.0
2269	164.0
2270	136.0
2271	140.0
2272	224.0
2273	200.0
2274	216.0
2275	220.0
2276	236.0
2277	184.0
2278	204.0
2279	180.0
2280	148.0
2281	100.0
2282	124.0
2283	192.0
2284	256.0
2285	232.0
2286	236.0
2287	224.0
2288	200.0
2289	280.0
2290	172.0
2291	220.0
2292	172.0
2293	204.0
2294	232.0
2295	192.0
2296	200.0
2297	192.0
2298	196.0
2299	292.0
2300	220.0
2301	148.0
2302	164.0
2303	200.0
2304	128.0
2305	224.0
2306	184.0
2307	148.0
2308	168.0
2309	204.0
2310	204.0
2311	232.0
2312	140.0
2313	180.0
2314	220.0
2315	184.0
2316	204.0
2317	144.0
2318	196.0
2319	208.0
2320	172.0
2321	152.0
2322	172.0
2323	204.0
2324	100.0
2325	120.0
2326	140.0
2327	228.0
2328	152.0
2329	192.0
2330	208.0
2331	272.0
2332	192.0
2333	200.0
2334	172.0
2335	128.0
2336	152.0
2337	224.0
2338	324.0
2339	220.0
2340	212.0
2341	188.0
2342	180.0
2343	172.0
2344	228.0
2345	148.0
2346	76.0
2347	136.0
2348	236.0
2349	200.0
2350	156.0
2351	128.0
2352	232.0
2353	128.0
2354	180.0
2355	176.0
2356	168.0
2357	196.0
2358	212.0
2359	116.0
2360	240.0
2361	176.0
2362	172.0
2363	148.0
2364	120.0
2365	164.0
2366	192.0
2367	136.0
2368	216.0
2369	212.0
2370	204.0
2371	200.0
2372	240.0
2373	180.0
2374	224.0
2375	180.0
2376	140.0
2377	232.0
2378	200.0
2379	188.0
2380	192.0
2381	212.0
2382	196.0
2383	196.0
2384	272.0
2385	168.0
2386	120.0
2387	148.0
2388	144.0
2389	212.0
2390	116.0
2391	192.0
2392	152.0
2393	124.0
2394	236.0
2395	176.0
2396	160.0
2397	264.0
2398	176.0
2399	188.0
2400	160.0
2401	168.0
2402	164.0
2403	208.0
2404	84.0
2405	184.0
2406	168.0
2407	204.0
2408	104.0
2409	180.0
2410	224.0
2411	152.0
2412	156.0
2413	196.0
2414	160.0
2415	156.0
2416	188.0
2417	200.0
2418	152.0
2419	252.0
2420	200.0
2421	164.0
2422	192.0
2423	176.0
2424	264.0
2425	204.0
2426	164.0
2427	172.0
2428	180.0
2429	152.0
2430	196.0
2431	140.0
2432	180.0
2433	200.0
2434	244.0
2435	200.0
2436	144.0
2437	288.0
2438	232.0
2439	188.0
2440	2260.0
2441	104.0
2442	192.0
2443	236.0
2444	168.0
2445	164.0
2446	196.0
2447	256.0
2448	248.0
2449	132.0
2450	68.0
2451	300.0
2452	184.0
2453	128.0
2454	184.0
2455	196.0
2456	192.0
2457	224.0
2458	236.0
2459	260.0
2460	136.0
2461	240.0
2462	160.0
2463	136.0
2464	200.0
2465	188.0
2466	176.0
2467	196.0
2468	172.0
2469	104.0
2470	252.0
2471	176.0
2472	160.0
2473	108.0
2474	184.0
2475	224.0
2476	208.0
2477	200.0
2478	132.0
2479	212.0
2480	196.0
2481	176.0
2482	136.0
2483	200.0
2484	124.0
2485	240.0
2486	208.0
2487	140.0
2488	160.0
2489	164.0
2490	148.0
2491	168.0
2492	292.0
2493	224.0
2494	160.0
2495	256.0
2496	256.0
2497	228.0
2498	236.0
2499	132.0
2500	128.0
2501	188.0
2502	200.0
2503	252.0
2504	200.0
2505	240.0
2506	224.0
2507	252.0
2508	220.0
2509	232.0
2510	244.0
2511	140.0
2512	200.0
2513	196.0
2514	152.0
2515	184.0
2516	124.0
2517	176.0
2518	160.0
2519	148.0
2520	148.0
2521	176.0
2522	168.0
2523	196.0
2524	104.0
2525	220.0
2526	204.0
2527	128.0
2528	200.0
2529	236.0
2530	144.0
2531	240.0
2532	148.0
2533	160.0
2534	244.0
2535	68.0
2536	244.0
2537	24.0
2538	144.0
2539	164.0
2540	212.0
2541	160.0
2542	180.0
2543	232.0
2544	156.0
2545	192.0
2546	296.0
2547	152.0
2548	208.0
2549	168.0
2550	196.0
2551	192.0
2552	140.0
2553	236.0
2554	184.0
2555	216.0
2556	200.0
2557	136.0
2558	172.0
2559	100.0
2560	112.0
2561	256.0
2562	196.0
2563	160.0
2564	184.0
2565	212.0
2566	192.0
2567	336.0
2568	200.0
2569	236.0
2570	180.0
2571	232.0
2572	176.0
2573	208.0
2574	280.0
2575	220.0
2576	232.0
2577	132.0
2578	160.0
2579	196.0
2580	256.0
2581	236.0
2582	152.0
2583	148.0
2584	204.0
2585	192.0
2586	184.0
2587	240.0
2588	236.0
2589	196.0
2590	176.0
2591	256.0
2592	208.0
2593	228.0
2594	240.0
2595	200.0
2596	220.0
2597	228.0
2598	240.0
2599	152.0
2600	220.0
2601	232.0
2602	184.0
2603	224.0
2604	256.0
2605	148.0
2606	168.0
2607	248.0
2608	236.0
2609	248.0
2610	144.0
2611	164.0
2612	252.0
2613	172.0
2614	176.0
2615	176.0
2616	212.0
2617	228.0
2618	148.0
2619	232.0
2620	200.0
2621	200.0
2622	144.0
2623	296.0
2624	180.0
2625	248.0
2626	180.0
2627	204.0
2628	212.0
2629	160.0
2630	196.0
2631	156.0
2632	144.0
2633	244.0
2634	212.0
2635	216.0
2636	232.0
2637	244.0
2638	136.0
2639	188.0
2640	240.0
2641	204.0
2642	228.0
2643	268.0
2644	208.0
2645	140.0
2646	216.0
2647	232.0
2648	220.0
2649	308.0
2650	280.0
2651	160.0
2652	316.0
2653	156.0
2654	180.0
2655	260.0
2656	220.0
2657	272.0
2658	224.0
2659	356.0
2660	232.0
2661	152.0
2662	184.0
2663	124.0
2664	80.0
2665	192.0
2666	204.0
2667	152.0
2668	192.0
2669	228.0
2670	224.0
2671	252.0
2672	240.0
2673	240.0
2674	200.0
2675	228.0
2676	252.0
2677	188.0
2678	180.0
2679	332.0
2680	328.0
2681	196.0
2682	228.0
2683	252.0
2684	144.0
2685	264.0
2686	248.0
2687	144.0
2688	216.0
2689	140.0
2690	244.0
2691	212.0
2692	252.0
2693	164.0
2694	188.0
2695	196.0
2696	208.0
2697	328.0
2698	236.0
2699	312.0
2700	252.0
2701	248.0
2702	192.0
2703	260.0
2704	220.0
2705	276.0
2706	112.0
2707	340.0
2708	200.0
2709	184.0
2710	256.0
2711	252.0
2712	160.0
2713	156.0
2714	248.0
2715	264.0
2716	272.0
2717	224.0
2718	164.0
2719	240.0
2720	276.0
2721	148.0
2722	244.0
2723	200.0
2724	384.0
2725	220.0
2726	280.0
2727	108.0
2728	148.0
2729	216.0
2730	264.0
2731	112.0
2732	196.0
2733	276.0
2734	216.0
2735	316.0
2736	228.0
2737	200.0
2738	256.0
2739	148.0
2740	196.0
2741	228.0
2742	260.0
2743	292.0
2744	244.0
2745	264.0
2746	280.0
2747	300.0
