 0.917221 1676.0 
 0.917227 1548.0 
 0.917232 1464.0 
 0.917238 1546.0 
 0.917243 1550.0 
 0.917249 1536.0 
 0.917254 1564.0 
 0.917260 1548.0 
 0.917266 1784.0 
 0.917271 1726.0 
 0.917277 1584.0 
 0.917282 1572.0 
 0.917288 1684.0 
 0.917293 1804.0 
 0.917299 1580.0 
 0.917304 1616.0 
 0.917310 1848.0 
 0.917315 1576.0 
 0.917321 1656.0 
 0.917326 1636.0 
 0.917332 1596.0 
 0.917337 1576.0 
 0.917343 1472.0 
 0.917348 1778.0 
 0.917354 1660.0 
 0.917359 1512.0 
 0.917365 1632.0 
 0.917370 1676.0 
 0.917376 1480.0 
 0.917381 1300.0 
 0.917387 1644.0 
 0.917392 1484.0 
 0.917398 1624.0 
 0.917403 1616.0 
 0.917409 1464.0 
 0.917414 1616.0 
 0.917420 1676.0 
 0.917425 1602.0 
 0.917431 1488.0 
 0.917436 1648.0 
 0.917442 1904.0 
 0.917448 1904.0 
 0.917453 1564.0 
 0.917459 1664.0 
 0.917464 1764.0 
 0.917470 1776.0 
 0.917475 1724.0 
 0.917481 1752.0 
 0.917486 1804.0 
 0.917492 1838.0 
 0.917497 1704.0 
 0.917503 1728.0 
 0.917508 1820.0 
 0.917514 1520.0 
 0.917519 1728.0 
 0.917525 1684.0 
 0.917530 1592.0 
 0.917536 1572.0 
 0.917541 1568.0 
 0.917547 1752.0 
 0.917552 1436.0 
 0.917558 1836.0 
 0.917563 1728.0 
 0.917569 1612.0 
 0.917574 1624.0 
 0.917580 1632.0 
 0.917585 1740.0 
 0.917591 1824.0 
 0.917596 1768.0 
 0.917602 1736.0 
 0.917607 1704.0 
 0.917613 1852.0 
 0.917618 1652.0 
 0.917624 1896.0 
 0.917630 1712.0 
 0.917635 1472.0 
 0.917641 1672.0 
 0.917646 1852.0 
 0.917652 1640.0 
 0.917657 1712.0 
 0.917663 1852.0 
 0.917668 1708.0 
 0.917674 1804.0 
 0.917679 1808.0 
 0.917685 1746.0 
 0.917690 1796.0 
 0.917696 1768.0 
 0.917701 1736.0 
 0.917707 1868.0 
 0.917712 2216.0 
 0.917718 1800.0 
 0.917723 1908.0 
 0.917729 1756.0 
 0.917734 2020.0 
 0.917740 1868.0 
 0.917745 1920.0 
 0.917751 2056.0 
 0.917756 1692.0 
 0.917762 1984.0 
 0.917767 1976.0 
 0.917773 1720.0 
 0.917778 1868.0 
 0.917784 1908.0 
 0.917789 1876.0 
 0.917795 2104.0 
 0.917800 1724.0 
 0.917806 1936.0 
 0.917812 1776.0 
 0.917817 2004.0 
 0.917823 1956.0 
 0.917828 1848.0 
 0.917834 2052.0 
 0.917839 2176.0 
 0.917845 1800.0 
 0.917850 2060.0 
 0.917856 1848.0 
 0.917861 1884.0 
 0.917867 1820.0 
 0.917872 1888.0 
 0.917878 1804.0 
 0.917883 1952.0 
 0.917889 1932.0 
 0.917894 2180.0 
 0.917900 1724.0 
 0.917905 1924.0 
 0.917911 2116.0 
 0.917916 2224.0 
 0.917922 1972.0 
 0.917927 2164.0 
 0.917933 2012.0 
 0.917938 2084.0 
 0.917944 1828.0 
 0.917949 1984.0 
 0.917955 1816.0 
 0.917960 2252.0 
 0.917966 1820.0 
 0.917971 1852.0 
 0.917977 1772.0 
 0.917982 2260.0 
 0.917988 2124.0 
 0.917993 2068.0 
 0.917999 1852.0 
 0.918005 1796.0 
 0.918010 1728.0 
 0.918016 1980.0 
 0.918021 1704.0 
 0.918027 1596.0 
 0.918032 1780.0 
 0.918038 1780.0 
 0.918043 1640.0 
 0.918049 1588.0 
 0.918054 1728.0 
 0.918060 1658.0 
 0.918065 1832.0 
 0.918071 1498.0 
 0.918076 1674.0 
 0.918082 1940.0 
 0.918087 1636.0 
 0.918093 2116.0 
 0.918098 1948.0 
 0.918104 2000.0 
 0.918109 2072.0 
 0.918115 1988.0 
 0.918120 1836.0 
 0.918126 1896.0 
 0.918131 1828.0 
 0.918137 2064.0 
 0.918142 1952.0 
 0.918148 2112.0 
 0.918153 2060.0 
 0.918159 1832.0 
 0.918164 2136.0 
 0.918170 1972.0 
 0.918175 1736.0 
 0.918181 1992.0 
 0.918187 1936.0 
 0.918192 2140.0 
 0.918198 1928.0 
 0.918203 2008.0 
 0.918209 1852.0 
 0.918214 2012.0 
 0.918220 1612.0 
 0.918225 2024.0 
 0.918231 2092.0 
 0.918236 1912.0 
 0.918242 2036.0 
 0.918247 2220.0 
 0.918253 2156.0 
 0.918258 2200.0 
 0.918264 2020.0 
 0.918269 2216.0 
 0.918275 2308.0 
 0.918280 2128.0 
 0.918286 2284.0 
 0.918291 2000.0 
 0.918297 2288.0 
 0.918302 2052.0 
 0.918308 2108.0 
 0.918313 2212.0 
 0.918319 1764.0 
 0.918324 1832.0 
 0.918330 2048.0 
 0.918335 1768.0 
 0.918341 1928.0 
 0.918346 2268.0 
 0.918352 1992.0 
 0.918357 2164.0 
 0.918363 2012.0 
 0.918369 2000.0 
 0.918374 1864.0 
 0.918380 2044.0 
 0.918385 2216.0 
 0.918391 1800.0 
 0.918396 2072.0 
 0.918402 2276.0 
 0.918407 1920.0 
 0.918413 2388.0 
 0.918418 2152.0 
 0.918424 2092.0 
 0.918429 2196.0 
 0.918435 2252.0 
 0.918440 2252.0 
 0.918446 1968.0 
 0.918451 2332.0 
 0.918457 2196.0 
 0.918462 2280.0 
 0.918468 2240.0 
 0.918473 2292.0 
 0.918479 2224.0 
 0.918484 2248.0 
 0.918490 2236.0 
 0.918495 2032.0 
 0.918501 2160.0 
 0.918506 2160.0 
 0.918512 2212.0 
 0.918517 2084.0 
 0.918523 2400.0 
 0.918528 2072.0 
 0.918534 2040.0 
 0.918539 2176.0 
 0.918545 2184.0 
 0.918551 2292.0 
 0.918556 2516.0 
 0.918562 2240.0 
 0.918567 2180.0 
 0.918573 2032.0 
 0.918578 2324.0 
 0.918584 2108.0 
 0.918589 2296.0 
 0.918595 2452.0 
 0.918600 2220.0 
 0.918606 2216.0 
 0.918611 2444.0 
 0.918617 2520.0 
 0.918622 2052.0 
 0.918628 2304.0 
 0.918633 2448.0 
 0.918639 2228.0 
 0.918644 2288.0 
 0.918650 2184.0 
 0.918655 2236.0 
 0.918661 2264.0 
 0.918666 2312.0 
 0.918672 2328.0 
 0.918677 2080.0 
 0.918683 2424.0 
 0.918688 2268.0 
 0.918694 2272.0 
 0.918699 2020.0 
 0.918705 2244.0 
 0.918710 2364.0 
 0.918716 2160.0 
 0.918721 2472.0 
 0.918727 2216.0 
 0.918733 2528.0 
 0.918738 2432.0 
 0.918744 2184.0 
 0.918749 2264.0 
 0.918755 2316.0 
 0.918760 2180.0 
 0.918766 2356.0 
 0.918771 2428.0 
 0.918777 2428.0 
 0.918782 2448.0 
 0.918788 2564.0 
 0.918793 2184.0 
 0.918799 2236.0 
 0.918804 2360.0 
 0.918810 2292.0 
 0.918815 2304.0 
 0.918821 2368.0 
 0.918826 2288.0 
 0.918832 2040.0 
 0.918837 2232.0 
 0.918843 2124.0 
 0.918848 2168.0 
 0.918854 2192.0 
 0.918859 2144.0 
 0.918865 2416.0 
 0.918870 2300.0 
 0.918876 2336.0 
 0.918881 2540.0 
 0.918887 2136.0 
 0.918892 2536.0 
 0.918898 2344.0 
 0.918903 2548.0 
 0.918909 2520.0 
 0.918915 2424.0 
 0.918920 2360.0 
 0.918926 2296.0 
 0.918931 2190.0 
 0.918937 2188.0 
 0.918942 2612.0 
 0.918948 2368.0 
 0.918953 2156.0 
 0.918959 2264.0 
 0.918964 2436.0 
 0.918970 2524.0 
 0.918975 2600.0 
 0.918981 2388.0 
 0.918986 2340.0 
 0.918992 2384.0 
 0.918997 2384.0 
 0.919003 2428.0 
 0.919008 2184.0 
 0.919014 2344.0 
 0.919019 2600.0 
 0.919025 2504.0 
 0.919030 2284.0 
 0.919036 2616.0 
 0.919041 2180.0 
 0.919047 2384.0 
 0.919052 2520.0 
 0.919058 2580.0 
 0.919063 2188.0 
 0.919069 2848.0 
 0.919074 2552.0 
 0.919080 2330.0 
 0.919085 2392.0 
 0.919091 2380.0 
 0.919097 2824.0 
 0.919102 2512.0 
 0.919108 2548.0 
 0.919113 2516.0 
 0.919119 2668.0 
 0.919124 2280.0 
 0.919130 2660.0 
 0.919135 2264.0 
 0.919141 2676.0 
 0.919146 2424.0 
 0.919152 2460.0 
 0.919157 2256.0 
 0.919163 2464.0 
 0.919168 2436.0 
 0.919174 2152.0 
 0.919179 2408.0 
 0.919185 2304.0 
 0.919190 2556.0 
 0.919196 2400.0 
 0.919201 2544.0 
 0.919207 2404.0 
 0.919212 2102.0 
 0.919218 2436.0 
 0.919223 2368.0 
 0.919229 2452.0 
 0.919234 2628.0 
 0.919240 2600.0 
 0.919245 2444.0 
 0.919251 2480.0 
 0.919256 2372.0 
 0.919262 2280.0 
 0.919267 2420.0 
 0.919273 2512.0 
 0.919279 2696.0 
 0.919284 2668.0 
 0.919290 2432.0 
 0.919295 2412.0 
 0.919301 2628.0 
 0.919306 2388.0 
 0.919312 2616.0 
 0.919317 2592.0 
 0.919323 2612.0 
 0.919328 2628.0 
 0.919334 2432.0 
 0.919339 2590.0 
 0.919345 2472.0 
 0.919350 2524.0 
 0.919356 2476.0 
 0.919361 2396.0 
 0.919367 2380.0 
 0.919372 2392.0 
 0.919378 2636.0 
 0.919383 2668.0 
 0.919389 2420.0 
 0.919394 2464.0 
 0.919400 2696.0 
 0.919405 2600.0 
 0.919411 2732.0 
 0.919416 2928.0 
 0.919422 2720.0 
 0.919427 2464.0 
 0.919433 2428.0 
 0.919438 2276.0 
 0.919444 2620.0 
 0.919449 2352.0 
 0.919455 2288.0 
 0.919461 2404.0 
 0.919466 2648.0 
 0.919472 2756.0 
 0.919477 2684.0 
 0.919483 2476.0 
 0.919488 2652.0 
 0.919494 2420.0 
 0.919499 2480.0 
 0.919505 2752.0 
 0.919510 2500.0 
 0.919516 2720.0 
 0.919521 2516.0 
 0.919527 2436.0 
 0.919532 2460.0 
 0.919538 2696.0 
 0.919543 2496.0 
 0.919549 2624.0 
 0.919554 2652.0 
 0.919560 2780.0 
 0.919565 2940.0 
 0.919571 2736.0 
 0.919576 2796.0 
 0.919582 2648.0 
 0.919587 2580.0 
 0.919593 2656.0 
 0.919598 2568.0 
 0.919604 2688.0 
 0.919609 2684.0 
 0.919615 2656.0 
 0.919620 2808.0 
 0.919626 2544.0 
 0.919631 2648.0 
 0.919637 2624.0 
 0.919643 2524.0 
 0.919648 2580.0 
 0.919654 2776.0 
 0.919659 2340.0 
 0.919665 2612.0 
 0.919670 2456.0 
 0.919676 2372.0 
 0.919681 2508.0 
 0.919687 2264.0 
 0.919692 2296.0 
 0.919698 1948.0 
 0.919703 2160.0 
 0.919709 1916.0 
 0.919714 2224.0 
 0.919720 2440.0 
 0.919725 2188.0 
 0.919731 2208.0 
 0.919736 2244.0 
 0.919742 2164.0 
 0.919747 2366.0 
 0.919753 2684.0 
 0.919758 2648.0 
 0.919764 2484.0 
 0.919769 2360.0 
 0.919775 2484.0 
 0.919780 2140.0 
 0.919786 2408.0 
 0.919791 2412.0 
 0.919797 2516.0 
 0.919802 2316.0 
 0.919808 2600.0 
 0.919813 2400.0 
 0.919819 2464.0 
 0.919825 2516.0 
 0.919830 2460.0 
 0.919836 2584.0 
 0.919841 2536.0 
 0.919847 2276.0 
 0.919852 2592.0 
 0.919858 2532.0 
 0.919863 2440.0 
 0.919869 2304.0 
 0.919874 2340.0 
 0.919880 2472.0 
 0.919885 2360.0 
 0.919891 2268.0 
 0.919896 1936.0 
 0.919902 1972.0 
 0.919907 2120.0 
 0.919913 1856.0 
 0.919918 1912.0 
 0.919924 2288.0 
 0.919929 2012.0 
 0.919935 2220.0 
 0.919940 2224.0 
 0.919946 2548.0 
 0.919951 2712.0 
 0.919957 2668.0 
 0.919962 2560.0 
 0.919968 2592.0 
 0.919973 2664.0 
 0.919979 2736.0 
 0.919984 2808.0 
 0.919990 2568.0 
 0.919995 2756.0 
 0.920001 2920.0 
 0.920007 2680.0 
 0.920012 2852.0 
 0.920018 2904.0 
 0.920023 2908.0 
 0.920029 2376.0 
 0.920034 2708.0 
 0.920040 2624.0 
 0.920045 2828.0 
 0.920051 2600.0 
 0.920056 2896.0 
 0.920062 2772.0 
 0.920067 2880.0 
 0.920073 2392.0 
 0.920078 2608.0 
 0.920084 2696.0 
 0.920089 2856.0 
 0.920095 2728.0 
 0.920100 2956.0 
 0.920106 2632.0 
 0.920111 2748.0 
 0.920117 2988.0 
 0.920122 2904.0 
 0.920128 2776.0 
 0.920133 2808.0 
 0.920139 2864.0 
 0.920144 2524.0 
 0.920150 2680.0 
 0.920155 2692.0 
 0.920161 3048.0 
 0.920166 2756.0 
 0.920172 2666.0 
 0.920177 2744.0 
 0.920183 2556.0 
 0.920189 2712.0 
 0.920194 2408.0 
 0.920200 2144.0 
 0.920205 2460.0 
 0.920211 2140.0 
 0.920216 2196.0 
 0.920222 1924.0 
 0.920227 2044.0 
 0.920233 1726.0 
 0.920238 1952.0 
 0.920244 2272.0 
 0.920249 2092.0 
 0.920255 2112.0 
 0.920260 2236.0 
 0.920266 2388.0 
 0.920271 2376.0 
 0.920277 2692.0 
 0.920282 2612.0 
 0.920288 2788.0 
 0.920293 2500.0 
 0.920299 2820.0 
 0.920304 2624.0 
 0.920310 2896.0 
 0.920315 2840.0 
 0.920321 2732.0 
 0.920326 2652.0 
 0.920332 2716.0 
 0.920337 2904.0 
 0.920343 2888.0 
 0.920348 2608.0 
 0.920354 2520.0 
 0.920359 2840.0 
 0.920365 2992.0 
 0.920371 2940.0 
 0.920376 2640.0 
 0.920382 2908.0 
 0.920387 2928.0 
 0.920393 3004.0 
 0.920398 2612.0 
 0.920404 2824.0 
 0.920409 2736.0 
 0.920415 2836.0 
 0.920420 2468.0 
 0.920426 2828.0 
 0.920431 2832.0 
 0.920437 2848.0 
 0.920442 3036.0 
 0.920448 2876.0 
 0.920453 2744.0 
 0.920459 2716.0 
 0.920464 2872.0 
 0.920470 2748.0 
 0.920475 2856.0 
 0.920481 2860.0 
 0.920486 2812.0 
 0.920492 2724.0 
 0.920497 2912.0 
 0.920503 2864.0 
 0.920508 2856.0 
 0.920514 2840.0 
 0.920519 2732.0 
 0.920525 2784.0 
 0.920530 2828.0 
 0.920536 2856.0 
 0.920541 2844.0 
 0.920547 2676.0 
 0.920553 2780.0 
 0.920558 2538.0 
 0.920564 2932.0 
 0.920569 2784.0 
 0.920575 2828.0 
 0.920580 2972.0 
 0.920586 2792.0 
 0.920591 2888.0 
 0.920597 3008.0 
 0.920602 3008.0 
 0.920608 2892.0 
 0.920613 2896.0 
 0.920619 3004.0 
 0.920624 2788.0 
 0.920630 2976.0 
 0.920635 3048.0 
 0.920641 2636.0 
 0.920646 2740.0 
 0.920652 2720.0 
 0.920657 2704.0 
 0.920663 2868.0 
 0.920668 3032.0 
 0.920674 2896.0 
 0.920679 3080.0 
 0.920685 2860.0 
 0.920690 2932.0 
 0.920696 2800.0 
 0.920701 2720.0 
 0.920707 3036.0 
 0.920712 2880.0 
 0.920718 2936.0 
 0.920723 3216.0 
 0.920729 2792.0 
 0.920735 2928.0 
 0.920740 2864.0 
 0.920746 2916.0 
 0.920751 2916.0 
 0.920757 2688.0 
 0.920762 2948.0 
 0.920768 2748.0 
 0.920773 3024.0 
 0.920779 2976.0 
 0.920784 2800.0 
 0.920790 2756.0 
 0.920795 2896.0 
 0.920801 2820.0 
 0.920806 3160.0 
 0.920812 2700.0 
 0.920817 2964.0 
 0.920823 2812.0 
 0.920828 3208.0 
 0.920834 2928.0 
 0.920839 3148.0 
 0.920845 3096.0 
 0.920850 3008.0 
 0.920856 2900.0 
 0.920861 2868.0 
 0.920867 3068.0 
 0.920872 2852.0 
 0.920878 3212.0 
 0.920883 2904.0 
 0.920889 2952.0 
 0.920894 2868.0 
 0.920900 2896.0 
 0.920905 2868.0 
 0.920911 2900.0 
 0.920917 2904.0 
 0.920922 2748.0 
 0.920928 3084.0 
 0.920933 2916.0 
 0.920939 2752.0 
 0.920944 2972.0 
 0.920950 2824.0 
 0.920955 2968.0 
 0.920961 3044.0 
 0.920966 3056.0 
 0.920972 3000.0 
 0.920977 2996.0 
 0.920983 2912.0 
 0.920988 3072.0 
 0.920994 2834.0 
 0.920999 2672.0 
 0.921005 2924.0 
 0.921010 2992.0 
 0.921016 2884.0 
 0.921021 2836.0 
 0.921027 3224.0 
 0.921032 2892.0 
 0.921038 2856.0 
 0.921043 2740.0 
 0.921049 2824.0 
 0.921054 2884.0 
 0.921060 2812.0 
 0.921065 2524.0 
 0.921071 2620.0 
 0.921076 2768.0 
 0.921082 2620.0 
 0.921087 2760.0 
 0.921093 2804.0 
 0.921099 2628.0 
 0.921104 2696.0 
 0.921110 2836.0 
 0.921115 2696.0 
 0.921121 3036.0 
 0.921126 2780.0 
 0.921132 3036.0 
 0.921137 3036.0 
 0.921143 2756.0 
 0.921148 3096.0 
 0.921154 2736.0 
 0.921159 3152.0 
 0.921165 2964.0 
 0.921170 3008.0 
 0.921176 2956.0 
 0.921181 2716.0 
 0.921187 3072.0 
 0.921192 3036.0 
 0.921198 2684.0 
 0.921203 2852.0 
 0.921209 3024.0 
 0.921214 3012.0 
 0.921220 3180.0 
 0.921225 3072.0 
 0.921231 2944.0 
 0.921236 2748.0 
 0.921242 3204.0 
 0.921247 2796.0 
 0.921253 3084.0 
 0.921258 3012.0 
 0.921264 2644.0 
 0.921269 3212.0 
 0.921275 2732.0 
 0.921281 2936.0 
 0.921286 2856.0 
 0.921292 2828.0 
 0.921297 2948.0 
 0.921303 2908.0 
 0.921308 2740.0 
 0.921314 2852.0 
 0.921319 2812.0 
 0.921325 3024.0 
 0.921330 2928.0 
 0.921336 3120.0 
 0.921341 3172.0 
 0.921347 2888.0 
 0.921352 2948.0 
 0.921358 2908.0 
 0.921363 2776.0 
 0.921369 2772.0 
 0.921374 2968.0 
 0.921380 2904.0 
 0.921385 2904.0 
 0.921391 3124.0 
 0.921396 2796.0 
 0.921402 3056.0 
 0.921407 3072.0 
 0.921413 3076.0 
 0.921418 2916.0 
 0.921424 2736.0 
 0.921429 2832.0 
 0.921435 3080.0 
 0.921440 2756.0 
 0.921446 2976.0 
 0.921451 2804.0 
 0.921457 2980.0 
 0.921463 2880.0 
 0.921468 2956.0 
 0.921474 3000.0 
 0.921479 2768.0 
 0.921485 2928.0 
 0.921490 3456.0 
 0.921496 2740.0 
 0.921501 2812.0 
 0.921507 3248.0 
 0.921512 2952.0 
 0.921518 2928.0 
 0.921523 3152.0 
 0.921529 3192.0 
 0.921534 2924.0 
 0.921540 2868.0 
 0.921545 2864.0 
 0.921551 3116.0 
 0.921556 2824.0 
 0.921562 3164.0 
 0.921567 2912.0 
 0.921573 2956.0 
 0.921578 3016.0 
 0.921584 2844.0 
 0.921589 2796.0 
 0.921595 2920.0 
 0.921600 3128.0 
 0.921606 2988.0 
 0.921611 3084.0 
 0.921617 2996.0 
 0.921622 2848.0 
 0.921628 2948.0 
 0.921633 2948.0 
 0.921639 2952.0 
 0.921645 2756.0 
 0.921650 2672.0 
 0.921656 2284.0 
 0.921661 2496.0 
 0.921667 2460.0 
 0.921672 2356.0 
 0.921678 2260.0 
 0.921683 2272.0 
 0.921689 2392.0 
 0.921694 2492.0 
 0.921700 2532.0 
 0.921705 2708.0 
 0.921711 2828.0 
 0.921716 2752.0 
 0.921722 2980.0 
 0.921727 2692.0 
 0.921733 2936.0 
 0.921738 2632.0 
 0.921744 2824.0 
 0.921749 3180.0 
 0.921755 2888.0 
 0.921760 2676.0 
 0.921766 2712.0 
 0.921771 2764.0 
 0.921777 2672.0 
 0.921782 2904.0 
 0.921788 3024.0 
 0.921793 2724.0 
 0.921799 2640.0 
 0.921804 2492.0 
 0.921810 2588.0 
 0.921815 2592.0 
 0.921821 2756.0 
 0.921827 2528.0 
 0.921832 2788.0 
 0.921838 3172.0 
 0.921843 2992.0 
 0.921849 3020.0 
 0.921854 2920.0 
 0.921860 2952.0 
 0.921865 3064.0 
 0.921871 2920.0 
 0.921876 2984.0 
 0.921882 3012.0 
 0.921887 3028.0 
 0.921893 3112.0 
 0.921898 2900.0 
 0.921904 2836.0 
 0.921909 3076.0 
 0.921915 3148.0 
 0.921920 2956.0 
 0.921926 3128.0 
 0.921931 2756.0 
 0.921937 3064.0 
 0.921942 2868.0 
 0.921948 2956.0 
 0.921953 2788.0 
 0.921959 2948.0 
 0.921964 3008.0 
 0.921970 3052.0 
 0.921975 2804.0 
 0.921981 2640.0 
 0.921986 2924.0 
 0.921992 2940.0 
 0.921997 2728.0 
 0.922003 2564.0 
 0.922009 3040.0 
 0.922014 2866.0 
 0.922020 2864.0 
 0.922025 2848.0 
 0.922031 2692.0 
 0.922036 3288.0 
 0.922042 3016.0 
 0.922047 3044.0 
 0.922053 2664.0 
 0.922058 2844.0 
 0.922064 2844.0 
 0.922069 3052.0 
 0.922075 3064.0 
 0.922080 2928.0 
 0.922086 3072.0 
 0.922091 2980.0 
 0.922097 3024.0 
 0.922102 3036.0 
 0.922108 3352.0 
 0.922113 2900.0 
 0.922119 2944.0 
 0.922124 3028.0 
 0.922130 3076.0 
 0.922135 2916.0 
 0.922141 3148.0 
 0.922146 2952.0 
 0.922152 2960.0 
 0.922157 2780.0 
 0.922163 3024.0 
 0.922168 2876.0 
 0.922174 2752.0 
 0.922179 3040.0 
 0.922185 2896.0 
 0.922191 3084.0 
 0.922196 3104.0 
 0.922202 2924.0 
 0.922207 2816.0 
 0.922213 2748.0 
 0.922218 3164.0 
 0.922224 2968.0 
 0.922229 2720.0 
 0.922235 2628.0 
 0.922240 2912.0 
 0.922246 2956.0 
 0.922251 2724.0 
 0.922257 2644.0 
 0.922262 2744.0 
 0.922268 2556.0 
 0.922273 2900.0 
 0.922279 2604.0 
 0.922284 2472.0 
 0.922290 2184.0 
 0.922295 2632.0 
 0.922301 2112.0 
 0.922306 2420.0 
 0.922312 2716.0 
 0.922317 2560.0 
 0.922323 2524.0 
 0.922328 3008.0 
 0.922334 2696.0 
 0.922339 2976.0 
 0.922345 2920.0 
 0.922350 2780.0 
 0.922356 2684.0 
 0.922361 3060.0 
 0.922367 2936.0 
 0.922373 2608.0 
 0.922378 2624.0 
 0.922384 2784.0 
 0.922389 2720.0 
 0.922395 2800.0 
 0.922400 2836.0 
 0.922406 2776.0 
 0.922411 2580.0 
 0.922417 3028.0 
 0.922422 2764.0 
 0.922428 2784.0 
 0.922433 3032.0 
 0.922439 2564.0 
 0.922444 2668.0 
 0.922450 2684.0 
 0.922455 2624.0 
 0.922461 2352.0 
 0.922466 2404.0 
 0.922472 2600.0 
 0.922477 2836.0 
 0.922483 2504.0 
 0.922488 2528.0 
 0.922494 2752.0 
 0.922499 2656.0 
 0.922505 2760.0 
 0.922510 2756.0 
 0.922516 2776.0 
 0.922521 2560.0 
 0.922527 2868.0 
 0.922532 2700.0 
 0.922538 2596.0 
 0.922543 2612.0 
 0.922549 3084.0 
 0.922555 2696.0 
 0.922560 2740.0 
 0.922566 2804.0 
 0.922571 2824.0 
 0.922577 2800.0 
 0.922582 2800.0 
 0.922588 2880.0 
 0.922593 2928.0 
 0.922599 2924.0 
 0.922604 2872.0 
 0.922610 2796.0 
 0.922615 2708.0 
 0.922621 2908.0 
 0.922626 2660.0 
 0.922632 2788.0 
 0.922637 2660.0 
 0.922643 2712.0 
 0.922648 2552.0 
 0.922654 2688.0 
 0.922659 2564.0 
 0.922665 2608.0 
 0.922670 2744.0 
 0.922676 3004.0 
 0.922681 2660.0 
 0.922687 2548.0 
 0.922692 2760.0 
 0.922698 2696.0 
 0.922703 2780.0 
 0.922709 2748.0 
 0.922714 2760.0 
 0.922720 2784.0 
 0.922725 2748.0 
 0.922731 2912.0 
 0.922737 2792.0 
 0.922742 2540.0 
 0.922748 3200.0 
 0.922753 3008.0 
 0.922759 2936.0 
 0.922764 2904.0 
 0.922770 3120.0 
 0.922775 2888.0 
 0.922781 2848.0 
 0.922786 2880.0 
 0.922792 2820.0 
 0.922797 3056.0 
 0.922803 2928.0 
 0.922808 2592.0 
 0.922814 2632.0 
 0.922819 2576.0 
 0.922825 2948.0 
 0.922830 2876.0 
 0.922836 2872.0 
 0.922841 3008.0 
 0.922847 3004.0 
 0.922852 2928.0 
 0.922858 2632.0 
 0.922863 2730.0 
 0.922869 2796.0 
 0.922874 3216.0 
 0.922880 2780.0 
 0.922885 2944.0 
 0.922891 2672.0 
 0.922896 3032.0 
 0.922902 2772.0 
 0.922907 2948.0 
 0.922913 2896.0 
 0.922919 2968.0 
 0.922924 2804.0 
 0.922930 3020.0 
 0.922935 3056.0 
 0.922941 2748.0 
 0.922946 2784.0 
 0.922952 2480.0 
 0.922957 2648.0 
 0.922963 2352.0 
 0.922968 2420.0 
 0.922974 2640.0 
 0.922979 2488.0 
 0.922985 2512.0 
 0.922990 2648.0 
 0.922996 2876.0 
 0.923001 2748.0 
 0.923007 2848.0 
 0.923012 2752.0 
 0.923018 2972.0 
 0.923023 2900.0 
 0.923029 2952.0 
 0.923034 2976.0 
 0.923040 2784.0 
 0.923045 2872.0 
 0.923051 2904.0 
 0.923056 2916.0 
 0.923062 2696.0 
 0.923067 2788.0 
 0.923073 2954.0 
 0.923078 2588.0 
 0.923084 2988.0 
 0.923089 2956.0 
 0.923095 2720.0 
 0.923101 2764.0 
 0.923106 2724.0 
 0.923112 2532.0 
 0.923117 2772.0 
 0.923123 2924.0 
 0.923128 2956.0 
 0.923134 2848.0 
 0.923139 2784.0 
 0.923145 2776.0 
 0.923150 2480.0 
 0.923156 2632.0 
 0.923161 2416.0 
 0.923167 2760.0 
 0.923172 2680.0 
 0.923178 2752.0 
 0.923183 2288.0 
 0.923189 2932.0 
 0.923194 2780.0 
 0.923200 2668.0 
 0.923205 2884.0 
 0.923211 2712.0 
 0.923216 2904.0 
 0.923222 2684.0 
 0.923227 2732.0 
 0.923233 3020.0 
 0.923238 2664.0 
 0.923244 2556.0 
 0.923249 2772.0 
 0.923255 2644.0 
 0.923260 2476.0 
 0.923266 2756.0 
 0.923271 2404.0 
 0.923277 2568.0 
 0.923283 2640.0 
 0.923288 2328.0 
 0.923294 2404.0 
 0.923299 2388.0 
 0.923305 2432.0 
 0.923310 2500.0 
 0.923316 2332.0 
 0.923321 2708.0 
 0.923327 2456.0 
 0.923332 2700.0 
 0.923338 2500.0 
 0.923343 2360.0 
 0.923349 2556.0 
 0.923354 2408.0 
 0.923360 2372.0 
 0.923365 2476.0 
 0.923371 1976.0 
 0.923376 2376.0 
 0.923382 2252.0 
 0.923387 2568.0 
 0.923393 2788.0 
 0.923398 2740.0 
 0.923404 2248.0 
 0.923409 2740.0 
 0.923415 2836.0 
 0.923420 2694.0 
 0.923426 2800.0 
 0.923431 2804.0 
 0.923437 2576.0 
 0.923442 2644.0 
 0.923448 2540.0 
 0.923453 2700.0 
 0.923459 2692.0 
 0.923465 2604.0 
 0.923470 2660.0 
 0.923476 2584.0 
 0.923481 2464.0 
 0.923487 2628.0 
 0.923492 2540.0 
 0.923498 2512.0 
 0.923503 2708.0 
 0.923509 2548.0 
 0.923514 2516.0 
 0.923520 2716.0 
 0.923525 2724.0 
 0.923531 2472.0 
 0.923536 2860.0 
 0.923542 2784.0 
 0.923547 2840.0 
 0.923553 2624.0 
 0.923558 2620.0 
 0.923564 2844.0 
 0.923569 2644.0 
 0.923575 2520.0 
 0.923580 2296.0 
 0.923586 2452.0 
 0.923591 2784.0 
 0.923597 2516.0 
 0.923602 2692.0 
 0.923608 2520.0 
 0.923613 2416.0 
 0.923619 2276.0 
 0.923624 1964.0 
 0.923630 2188.0 
 0.923635 2044.0 
 0.923641 2144.0 
 0.923647 2456.0 
 0.923652 2396.0 
 0.923658 2220.0 
 0.923663 2100.0 
 0.923669 2412.0 
 0.923674 2408.0 
 0.923680 2544.0 
 0.923685 2444.0 
 0.923691 2364.0 
 0.923696 2228.0 
 0.923702 2620.0 
 0.923707 2388.0 
 0.923713 2584.0 
 0.923718 2580.0 
 0.923724 2504.0 
 0.923729 2456.0 
 0.923735 2668.0 
 0.923740 2700.0 
 0.923746 2668.0 
 0.923751 2544.0 
 0.923757 2564.0 
 0.923762 2656.0 
 0.923768 2448.0 
 0.923773 2532.0 
 0.923779 2636.0 
 0.923784 2848.0 
 0.923790 2532.0 
 0.923795 2636.0 
 0.923801 2580.0 
 0.923806 2436.0 
 0.923812 2848.0 
 0.923817 2868.0 
 0.923823 2592.0 
 0.923829 2708.0 
 0.923834 2668.0 
 0.923840 2600.0 
 0.923845 2556.0 
 0.923851 2872.0 
 0.923856 2968.0 
 0.923862 2536.0 
 0.923867 2528.0 
 0.923873 2460.0 
 0.923878 2656.0 
 0.923884 2708.0 
 0.923889 2348.0 
 0.923895 2468.0 
 0.923900 2076.0 
 0.923906 2032.0 
 0.923911 2016.0 
 0.923917 1896.0 
 0.923922 2000.0 
 0.923928 2268.0 
 0.923933 1968.0 
 0.923939 2084.0 
 0.923944 2376.0 
 0.923950 2056.0 
 0.923955 2332.0 
 0.923961 2360.0 
 0.923966 2460.0 
 0.923972 2088.0 
 0.923977 2104.0 
 0.923983 1916.0 
 0.923988 2204.0 
 0.923994 2140.0 
 0.923999 2092.0 
 0.924005 2344.0 
 0.924011 2696.0 
 0.924016 2612.0 
 0.924022 2588.0 
 0.924027 2508.0 
 0.924033 2556.0 
 0.924038 2576.0 
 0.924044 2508.0 
 0.924049 2524.0 
 0.924055 2308.0 
 0.924060 2224.0 
 0.924066 2340.0 
 0.924071 2208.0 
 0.924077 2332.0 
 0.924082 2200.0 
 0.924088 2180.0 
 0.924093 2256.0 
 0.924099 2440.0 
 0.924104 2436.0 
 0.924110 2880.0 
 0.924115 2576.0 
 0.924121 2612.0 
 0.924126 2560.0 
 0.924132 2468.0 
 0.924137 2432.0 
 0.924143 2564.0 
 0.924148 2516.0 
 0.924154 2404.0 
 0.924159 2520.0 
 0.924165 2836.0 
 0.924170 2892.0 
 0.924176 2692.0 
 0.924181 2728.0 
 0.924187 2472.0 
 0.924193 2504.0 
 0.924198 2872.0 
 0.924204 2408.0 
 0.924209 2872.0 
 0.924215 2780.0 
 0.924220 2568.0 
 0.924226 2444.0 
 0.924231 2704.0 
 0.924237 2212.0 
 0.924242 2576.0 
 0.924248 2588.0 
 0.924253 2520.0 
 0.924259 2172.0 
 0.924264 1916.0 
 0.924270 1928.0 
 0.924275 1868.0 
 0.924281 1792.0 
 0.924286 1796.0 
 0.924292 2072.0 
 0.924297 1932.0 
 0.924303 2184.0 
 0.924308 2240.0 
 0.924314 2400.0 
 0.924319 2472.0 
 0.924325 2240.0 
 0.924330 2584.0 
 0.924336 2436.0 
 0.924341 2616.0 
 0.924347 2352.0 
 0.924352 2476.0 
 0.924358 2456.0 
 0.924363 2272.0 
 0.924369 2340.0 
 0.924375 2404.0 
 0.924380 2520.0 
 0.924386 2584.0 
 0.924391 2548.0 
 0.924397 2616.0 
 0.924402 2432.0 
 0.924408 2564.0 
 0.924413 2496.0 
 0.924419 2420.0 
 0.924424 2636.0 
 0.924430 2972.0 
 0.924435 2480.0 
 0.924441 2720.0 
 0.924446 2612.0 
 0.924452 2736.0 
 0.924457 2452.0 
 0.924463 2580.0 
 0.924468 2504.0 
 0.924474 2724.0 
 0.924479 2504.0 
 0.924485 2456.0 
 0.924490 2600.0 
 0.924496 2700.0 
 0.924501 2580.0 
 0.924507 2668.0 
 0.924512 2580.0 
 0.924518 2548.0 
 0.924523 2788.0 
 0.924529 2612.0 
 0.924534 2736.0 
 0.924540 2832.0 
 0.924545 2760.0 
 0.924551 2768.0 
 0.924557 2612.0 
 0.924562 2528.0 
 0.924568 2388.0 
 0.924573 2412.0 
 0.924579 2656.0 
 0.924584 2680.0 
 0.924590 2504.0 
 0.924595 2768.0 
 0.924601 2632.0 
 0.924606 2808.0 
 0.924612 2396.0 
 0.924617 2272.0 
 0.924623 2280.0 
 0.924628 2416.0 
 0.924634 2556.0 
 0.924639 2472.0 
 0.924645 2456.0 
 0.924650 2364.0 
 0.924656 2588.0 
 0.924661 2582.0 
 0.924667 2436.0 
 0.924672 2504.0 
 0.924678 2796.0 
 0.924683 2336.0 
 0.924689 2236.0 
 0.924694 2468.0 
 0.924700 2156.0 
 0.924705 1852.0 
 0.924711 1788.0 
 0.924716 1828.0 
 0.924722 1784.0 
 0.924727 1648.0 
 0.924733 1728.0 
 0.924739 1584.0 
 0.924744 1944.0 
 0.924750 1984.0 
 0.924755 2124.0 
 0.924761 2292.0 
 0.924766 2500.0 
 0.924772 2260.0 
 0.924777 2312.0 
 0.924783 2624.0 
 0.924788 2372.0 
 0.924794 2740.0 
 0.924799 2232.0 
 0.924805 2328.0 
 0.924810 2220.0 
 0.924816 2268.0 
 0.924821 2416.0 
 0.924827 2252.0 
 0.924832 2020.0 
 0.924838 2216.0 
 0.924843 2228.0 
 0.924849 1748.0 
 0.924854 1732.0 
 0.924860 1540.0 
 0.924865 1404.0 
 0.924871 1284.0 
 0.924876 1324.0 
 0.924882 1024.0 
 0.924887 1272.0 
 0.924893 1384.0 
 0.924898 1684.0 
 0.924904 1506.0 
 0.924909 1920.0 
 0.924915 2264.0 
 0.924921 2312.0 
 0.924926 2372.0 
 0.924932 2292.0 
 0.924937 2344.0 
 0.924943 2740.0 
 0.924948 2544.0 
 0.924954 2552.0 
 0.924959 2328.0 
 0.924965 2464.0 
 0.924970 2496.0 
 0.924976 2584.0 
 0.924981 2500.0 
 0.924987 2500.0 
 0.924992 2560.0 
 0.924998 2236.0 
 0.925003 2632.0 
 0.925009 2584.0 
 0.925014 2592.0 
 0.925020 2340.0 
 0.925025 2540.0 
 0.925031 2456.0 
 0.925036 2408.0 
 0.925042 2296.0 
 0.925047 2120.0 
 0.925053 2432.0 
 0.925058 2248.0 
 0.925064 2440.0 
 0.925069 2264.0 
 0.925075 2484.0 
 0.925080 2508.0 
 0.925086 2400.0 
 0.925091 2452.0 
 0.925097 2464.0 
 0.925103 2296.0 
 0.925108 2188.0 
 0.925114 2124.0 
 0.925119 2352.0 
 0.925125 2428.0 
 0.925130 2200.0 
 0.925136 2520.0 
 0.925141 2484.0 
 0.925147 2392.0 
 0.925152 2348.0 
 0.925158 2596.0 
 0.925163 2720.0 
 0.925169 2444.0 
 0.925174 2468.0 
 0.925180 2512.0 
 0.925185 2348.0 
 0.925191 2268.0 
 0.925196 2230.0 
 0.925202 2408.0 
 0.925207 2228.0 
 0.925213 2060.0 
 0.925218 2296.0 
 0.925224 2232.0 
 0.925229 2304.0 
 0.925235 2268.0 
 0.925240 2324.0 
 0.925246 2428.0 
 0.925251 2620.0 
 0.925257 2584.0 
 0.925262 2252.0 
 0.925268 2620.0 
 0.925273 2580.0 
 0.925279 2472.0 
 0.925285 2540.0 
 0.925290 2348.0 
 0.925296 2272.0 
 0.925301 2624.0 
 0.925307 2372.0 
 0.925312 2476.0 
 0.925318 2360.0 
 0.925323 2464.0 
 0.925329 2420.0 
 0.925334 2412.0 
 0.925340 2448.0 
 0.925345 2448.0 
 0.925351 2412.0 
 0.925356 2124.0 
 0.925362 2336.0 
 0.925367 2260.0 
 0.925373 2376.0 
 0.925378 2388.0 
 0.925384 2412.0 
 0.925389 2456.0 
 0.925395 2680.0 
 0.925400 2568.0 
 0.925406 2800.0 
 0.925411 2512.0 
 0.925417 2496.0 
 0.925422 2568.0 
 0.925428 2588.0 
 0.925433 2804.0 
 0.925439 2296.0 
 0.925444 2288.0 
 0.925450 2344.0 
 0.925455 2088.0 
 0.925461 1972.0 
 0.925467 2108.0 
 0.925472 1760.0 
 0.925478 1804.0 
 0.925483 1784.0 
 0.925489 1868.0 
 0.925494 2020.0 
 0.925500 2168.0 
 0.925505 2296.0 
 0.925511 2368.0 
 0.925516 2352.0 
 0.925522 2172.0 
 0.925527 2240.0 
 0.925533 2144.0 
 0.925538 1968.0 
 0.925544 1996.0 
 0.925549 1804.0 
 0.925555 1516.0 
 0.925560 1696.0 
 0.925566 1688.0 
 0.925571 1592.0 
 0.925577 1612.0 
 0.925582 1508.0 
 0.925588 1400.0 
 0.925593 1308.0 
 0.925599 1340.0 
 0.925604 1556.0 
 0.925610 1476.0 
 0.925615 1696.0 
 0.925621 1536.0 
 0.925626 1428.0 
 0.925632 1700.0 
 0.925637 1472.0 
 0.925643 1144.0 
 0.925648 1164.0 
 0.925654 1036.0 
 0.925660 1240.0 
 0.925665 1080.0 
 0.925671 956.0 
 0.925676 1068.0 
 0.925682 1548.0 
 0.925687 1656.0 
 0.925693 1500.0 
 0.925698 2032.0 
 0.925704 2064.0 
 0.925709 2064.0 
 0.925715 2152.0 
 0.925720 2236.0 
 0.925726 2060.0 
 0.925731 2056.0 
 0.925737 2200.0 
 0.925742 2188.0 
 0.925748 2340.0 
 0.925753 2476.0 
 0.925759 2260.0 
 0.925764 2188.0 
 0.925770 2552.0 
 0.925775 2544.0 
 0.925781 2440.0 
 0.925786 2192.0 
 0.925792 2144.0 
 0.925797 2448.0 
 0.925803 2344.0 
 0.925808 2176.0 
 0.925814 1968.0 
 0.925819 2152.0 
 0.925825 2376.0 
 0.925830 2240.0 
 0.925836 2296.0 
 0.925842 2452.0 
 0.925847 2296.0 
 0.925853 2116.0 
 0.925858 2100.0 
 0.925864 1896.0 
 0.925869 2132.0 
 0.925875 1656.0 
 0.925880 1792.0 
 0.925886 1336.0 
 0.925891 1252.0 
 0.925897 1168.0 
 0.925902 1252.0 
 0.925908 1456.0 
 0.925913 1392.0 
 0.925919 1484.0 
 0.925924 1628.0 
 0.925930 1932.0 
 0.925935 2032.0 
 0.925941 2184.0 
 0.925946 1944.0 
 0.925952 2228.0 
 0.925957 2460.0 
 0.925963 2444.0 
 0.925968 2064.0 
 0.925974 2212.0 
 0.925979 2160.0 
 0.925985 2252.0 
 0.925990 2164.0 
 0.925996 2060.0 
 0.926001 2108.0 
 0.926007 2200.0 
 0.926012 2416.0 
 0.926018 2216.0 
 0.926024 2072.0 
 0.926029 2160.0 
 0.926035 2420.0 
 0.926040 2080.0 
 0.926046 2320.0 
 0.926051 2252.0 
 0.926057 2048.0 
 0.926062 2248.0 
 0.926068 2344.0 
 0.926073 2020.0 
 0.926079 1936.0 
 0.926084 2220.0 
 0.926090 2356.0 
 0.926095 2380.0 
 0.926101 2252.0 
 0.926106 2556.0 
 0.926112 2436.0 
 0.926117 2380.0 
 0.926123 2244.0 
 0.926128 2576.0 
 0.926134 2488.0 
 0.926139 2624.0 
 0.926145 2536.0 
 0.926150 2272.0 
 0.926156 2384.0 
 0.926161 2404.0 
 0.926167 2188.0 
 0.926172 2528.0 
 0.926178 2320.0 
 0.926183 2236.0 
 0.926189 2228.0 
 0.926194 2632.0 
 0.926200 2456.0 
 0.926206 2496.0 
 0.926211 2288.0 
 0.926217 2392.0 
 0.926222 2264.0 
 0.926228 2096.0 
 0.926233 2128.0 
 0.926239 2108.0 
 0.926244 2048.0 
 0.926250 1900.0 
 0.926255 1864.0 
 0.926261 1896.0 
 0.926266 1972.0 
 0.926272 1868.0 
 0.926277 1932.0 
 0.926283 2220.0 
 0.926288 2104.0 
 0.926294 2024.0 
 0.926299 2152.0 
 0.926305 2112.0 
 0.926310 2080.0 
 0.926316 1880.0 
 0.926321 1916.0 
 0.926327 1856.0 
 0.926332 1432.0 
 0.926338 1652.0 
 0.926343 1488.0 
 0.926349 1772.0 
 0.926354 2060.0 
 0.926360 1860.0 
 0.926365 2316.0 
 0.926371 2108.0 
 0.926376 2172.0 
 0.926382 2436.0 
 0.926388 2320.0 
 0.926393 2396.0 
 0.926399 2800.0 
 0.926404 2236.0 
 0.926410 2212.0 
 0.926415 2144.0 
 0.926421 2080.0 
 0.926426 2000.0 
 0.926432 1692.0 
 0.926437 1732.0 
 0.926443 1656.0 
 0.926448 1668.0 
 0.926454 1560.0 
 0.926459 1700.0 
 0.926465 1792.0 
 0.926470 1848.0 
 0.926476 2040.0 
 0.926481 2108.0 
 0.926487 2068.0 
 0.926492 2200.0 
 0.926498 2104.0 
 0.926503 1900.0 
 0.926509 1628.0 
 0.926514 1856.0 
 0.926520 1716.0 
 0.926525 1544.0 
 0.926531 1736.0 
 0.926536 1608.0 
 0.926542 1564.0 
 0.926547 1312.0 
 0.926553 1580.0 
 0.926558 1204.0 
 0.926564 1304.0 
 0.926570 1100.0 
 0.926575 1142.0 
 0.926581 628.0 
 0.926586 1096.0 
 0.926592 1204.0 
 0.926597 864.0 
 0.926603 1088.0 
 0.926608 1212.0 
 0.926614 1372.0 
 0.926619 1640.0 
 0.926625 1972.0 
 0.926630 1980.0 
 0.926636 1992.0 
 0.926641 2168.0 
 0.926647 2028.0 
 0.926652 2100.0 
 0.926658 2296.0 
 0.926663 2192.0 
 0.926669 2168.0 
 0.926674 2260.0 
 0.926680 2138.0 
 0.926685 2156.0 
 0.926691 2200.0 
 0.926696 2084.0 
 0.926702 2264.0 
 0.926707 2256.0 
 0.926713 2564.0 
 0.926718 2468.0 
 0.926724 2142.0 
 0.926729 2172.0 
 0.926735 2304.0 
 0.926740 2124.0 
 0.926746 2152.0 
 0.926752 2180.0 
 0.926757 2228.0 
 0.926763 2480.0 
 0.926768 2172.0 
 0.926774 2408.0 
 0.926779 2272.0 
 0.926785 1988.0 
 0.926790 2272.0 
 0.926796 2120.0 
 0.926801 1988.0 
 0.926807 2156.0 
 0.926812 1704.0 
 0.926818 1704.0 
 0.926823 1580.0 
 0.926829 1552.0 
 0.926834 1348.0 
 0.926840 1512.0 
 0.926845 1420.0 
 0.926851 1540.0 
 0.926856 1708.0 
 0.926862 1668.0 
 0.926867 1876.0 
 0.926873 1944.0 
 0.926878 2092.0 
 0.926884 2128.0 
 0.926889 2404.0 
 0.926895 1944.0 
 0.926900 2100.0 
 0.926906 2048.0 
 0.926911 1816.0 
 0.926917 1904.0 
 0.926922 2032.0 
 0.926928 1968.0 
 0.926934 1864.0 
 0.926939 2230.0 
 0.926945 1884.0 
 0.926950 2164.0 
 0.926956 2292.0 
 0.926961 2072.0 
 0.926967 2260.0 
 0.926972 2268.0 
 0.926978 2480.0 
 0.926983 2348.0 
 0.926989 2428.0 
 0.926994 2172.0 
 0.927000 2336.0 
 0.927005 2532.0 
 0.927011 2192.0 
 0.927016 2132.0 
 0.927022 2236.0 
 0.927027 2396.0 
 0.927033 2448.0 
 0.927038 2200.0 
 0.927044 2320.0 
 0.927049 2420.0 
 0.927055 2540.0 
 0.927060 2472.0 
 0.927066 2528.0 
 0.927071 2372.0 
 0.927077 2416.0 
 0.927082 2468.0 
 0.927088 2316.0 
 0.927093 2380.0 
 0.927099 2536.0 
 0.927104 2428.0 
 0.927110 2280.0 
 0.927116 2084.0 
 0.927121 2216.0 
 0.927127 2288.0 
 0.927132 2092.0 
 0.927138 2156.0 
 0.927143 2048.0 
 0.927149 2096.0 
 0.927154 2240.0 
 0.927160 2392.0 
 0.927165 1968.0 
 0.927171 1964.0 
 0.927176 2292.0 
 0.927182 2216.0 
 0.927187 2036.0 
 0.927193 2108.0 
 0.927198 2076.0 
 0.927204 2280.0 
 0.927209 2044.0 
 0.927215 1924.0 
 0.927220 2012.0 
 0.927226 1872.0 
 0.927231 1764.0 
 0.927237 1632.0 
 0.927242 1748.0 
 0.927248 1852.0 
 0.927253 1900.0 
 0.927259 2204.0 
 0.927264 2220.0 
 0.927270 2160.0 
 0.927275 1984.0 
 0.927281 2420.0 
 0.927286 2048.0 
 0.927292 2048.0 
 0.927298 2136.0 
 0.927303 2408.0 
 0.927309 2452.0 
 0.927314 2320.0 
 0.927320 2384.0 
 0.927325 2332.0 
 0.927331 2376.0 
 0.927336 2324.0 
 0.927342 2300.0 
 0.927347 2200.0 
 0.927353 2324.0 
 0.927358 2412.0 
 0.927364 2424.0 
 0.927369 2268.0 
 0.927375 2280.0 
 0.927380 2108.0 
 0.927386 1968.0 
 0.927391 2292.0 
 0.927397 2152.0 
 0.927402 2452.0 
 0.927408 2364.0 
 0.927413 2244.0 
 0.927419 1952.0 
 0.927424 1964.0 
 0.927430 1652.0 
 0.927435 1848.0 
 0.927441 1536.0 
 0.927446 1548.0 
 0.927452 1252.0 
 0.927457 1016.0 
 0.927463 1008.0 
 0.927468 1236.0 
 0.927474 1304.0 
 0.927480 1272.0 
 0.927485 1468.0 
 0.927491 1366.0 
 0.927496 1744.0 
 0.927502 1720.0 
 0.927507 1868.0 
 0.927513 1816.0 
 0.927518 1704.0 
 0.927524 2150.0 
 0.927529 1880.0 
 0.927535 1892.0 
 0.927540 1812.0 
 0.927546 1416.0 
 0.927551 1452.0 
 0.927557 1400.0 
 0.927562 1032.0 
 0.927568 1052.0 
 0.927573 904.0 
 0.927579 930.0 
 0.927584 1180.0 
 0.927590 1384.0 
 0.927595 1456.0 
 0.927601 1720.0 
 0.927606 1760.0 
 0.927612 1824.0 
 0.927617 1952.0 
 0.927623 2056.0 
 0.927628 1968.0 
 0.927634 2256.0 
 0.927639 2120.0 
 0.927645 2124.0 
 0.927650 2184.0 
 0.927656 1972.0 
 0.927662 1816.0 
 0.927667 2020.0 
 0.927673 2064.0 
 0.927678 2060.0 
 0.927684 1844.0 
 0.927689 2008.0 
 0.927695 1956.0 
 0.927700 1936.0 
 0.927706 1784.0 
 0.927711 1976.0 
 0.927717 1876.0 
 0.927722 1796.0 
 0.927728 1412.0 
 0.927733 1324.0 
 0.927739 1436.0 
 0.927744 1872.0 
 0.927750 1868.0 
 0.927755 1868.0 
 0.927761 1736.0 
 0.927766 2088.0 
 0.927772 2040.0 
 0.927777 1864.0 
 0.927783 2000.0 
 0.927788 1884.0 
 0.927794 2040.0 
 0.927799 1684.0 
 0.927805 1728.0 
 0.927810 1980.0 
 0.927816 1924.0 
 0.927821 1792.0 
 0.927827 1932.0 
 0.927832 2024.0 
 0.927838 1860.0 
 0.927844 1620.0 
 0.927849 1892.0 
 0.927855 1660.0 
 0.927860 1756.0 
 0.927866 1732.0 
 0.927871 1496.0 
 0.927877 1860.0 
 0.927882 1884.0 
 0.927888 1756.0 
 0.927893 2128.0 
 0.927899 1968.0 
 0.927904 1904.0 
 0.927910 2052.0 
 0.927915 1944.0 
 0.927921 1840.0 
 0.927926 1824.0 
 0.927932 2500.0 
 0.927937 2156.0 
 0.927943 2108.0 
 0.927948 2072.0 
 0.927954 2060.0 
 0.927959 2068.0 
 0.927965 2048.0 
 0.927970 1904.0 
 0.927976 1904.0 
 0.927981 1736.0 
 0.927987 1656.0 
 0.927992 1488.0 
 0.927998 1716.0 
 0.928003 1704.0 
 0.928009 1576.0 
 0.928014 1768.0 
 0.928020 1816.0 
 0.928026 1810.0 
 0.928031 1668.0 
 0.928037 2104.0 
 0.928042 2092.0 
 0.928048 1868.0 
 0.928053 2020.0 
 0.928059 1864.0 
 0.928064 1588.0 
 0.928070 1748.0 
 0.928075 1672.0 
 0.928081 1320.0 
 0.928086 1088.0 
 0.928092 1064.0 
 0.928097 964.0 
 0.928103 1048.0 
 0.928108 1076.0 
 0.928114 1208.0 
 0.928119 1392.0 
 0.928125 1588.0 
 0.928130 1728.0 
 0.928136 1630.0 
 0.928141 1892.0 
 0.928147 2024.0 
 0.928152 2172.0 
 0.928158 2124.0 
 0.928163 2140.0 
 0.928169 2260.0 
 0.928174 2212.0 
 0.928180 2080.0 
 0.928185 2148.0 
 0.928191 2116.0 
 0.928196 2000.0 
 0.928202 2100.0 
 0.928208 2256.0 
 0.928213 2024.0 
 0.928219 2144.0 
 0.928224 1888.0 
 0.928230 1984.0 
 0.928235 1976.0 
 0.928241 2144.0 
 0.928246 2164.0 
 0.928252 2088.0 
 0.928257 2128.0 
 0.928263 2184.0 
 0.928268 2076.0 
 0.928274 2368.0 
 0.928279 2108.0 
 0.928285 2196.0 
 0.928290 2292.0 
 0.928296 2124.0 
 0.928301 2200.0 
 0.928307 2048.0 
 0.928312 1936.0 
 0.928318 2064.0 
 0.928323 2128.0 
 0.928329 2104.0 
 0.928334 2084.0 
 0.928340 1896.0 
 0.928345 2060.0 
 0.928351 2008.0 
 0.928356 2156.0 
 0.928362 1844.0 
 0.928367 2348.0 
 0.928373 2028.0 
 0.928378 2112.0 
 0.928384 1868.0 
 0.928390 2148.0 
 0.928395 1840.0 
 0.928401 1848.0 
 0.928406 1752.0 
 0.928412 1404.0 
 0.928417 1440.0 
 0.928423 1474.0 
 0.928428 1002.0 
 0.928434 1100.0 
 0.928439 764.0 
 0.928445 528.0 
 0.928450 644.0 
 0.928456 708.0 
 0.928461 744.0 
 0.928467 700.0 
 0.928472 814.0 
 0.928478 1030.0 
 0.928483 1388.0 
 0.928489 1216.0 
 0.928494 1580.0 
 0.928500 1736.0 
 0.928505 1588.0 
 0.928511 1636.0 
 0.928516 1760.0 
 0.928522 1560.0 
 0.928527 1542.0 
 0.928533 1528.0 
 0.928538 1564.0 
 0.928544 1148.0 
 0.928549 1360.0 
 0.928555 1228.0 
 0.928560 1128.0 
 0.928566 1168.0 
 0.928572 1142.0 
 0.928577 1312.0 
 0.928583 1404.0 
 0.928588 1116.0 
 0.928594 1362.0 
 0.928599 1072.0 
 0.928605 1024.0 
 0.928610 1064.0 
 0.928616 1184.0 
 0.928621 748.0 
 0.928627 984.0 
 0.928632 1060.0 
 0.928638 968.0 
 0.928643 1208.0 
 0.928649 1176.0 
 0.928654 1568.0 
 0.928660 1356.0 
 0.928665 1632.0 
 0.928671 1788.0 
 0.928676 1736.0 
 0.928682 1872.0 
 0.928687 1860.0 
 0.928693 1908.0 
 0.928698 1880.0 
 0.928704 1686.0 
 0.928709 1836.0 
 0.928715 1856.0 
 0.928720 1692.0 
 0.928726 1572.0 
 0.928731 1508.0 
 0.928737 1304.0 
 0.928742 1216.0 
 0.928748 1228.0 
 0.928754 780.0 
 0.928759 808.0 
 0.928765 898.0 
 0.928770 800.0 
 0.928776 724.0 
 0.928781 732.0 
 0.928787 792.0 
 0.928792 844.0 
 0.928798 1044.0 
 0.928803 1372.0 
 0.928809 1236.0 
 0.928814 1516.0 
 0.928820 1460.0 
 0.928825 1404.0 
 0.928831 1636.0 
 0.928836 1676.0 
 0.928842 1794.0 
 0.928847 1872.0 
 0.928853 1728.0 
 0.928858 1996.0 
 0.928864 1676.0 
 0.928869 2144.0 
 0.928875 1666.0 
 0.928880 1848.0 
 0.928886 1808.0 
 0.928891 1780.0 
 0.928897 1732.0 
 0.928902 1714.0 
 0.928908 1668.0 
 0.928913 2028.0 
 0.928919 1628.0 
 0.928924 1684.0 
 0.928930 1936.0 
 0.928936 1760.0 
 0.928941 1694.0 
 0.928947 2040.0 
 0.928952 1732.0 
 0.928958 2116.0 
 0.928963 1696.0 
 0.928969 1964.0 
 0.928974 1988.0 
 0.928980 1904.0 
 0.928985 1740.0 
 0.928991 1844.0 
 0.928996 1832.0 
 0.929002 2060.0 
 0.929007 1932.0 
 0.929013 2100.0 
 0.929018 1928.0 
 0.929024 2044.0 
 0.929029 2072.0 
 0.929035 2032.0 
 0.929040 2052.0 
 0.929046 2064.0 
 0.929051 2276.0 
 0.929057 2060.0 
 0.929062 2244.0 
 0.929068 2160.0 
 0.929073 2088.0 
 0.929079 2068.0 
 0.929084 2180.0 
 0.929090 2100.0 
 0.929095 2016.0 
 0.929101 1924.0 
 0.929106 1996.0 
 0.929112 1836.0 
 0.929118 1836.0 
 0.929123 1980.0 
 0.929129 1920.0 
 0.929134 2064.0 
 0.929140 2080.0 
 0.929145 2204.0 
 0.929151 2020.0 
 0.929156 2180.0 
 0.929162 1936.0 
 0.929167 2056.0 
 0.929173 2168.0 
 0.929178 1996.0 
 0.929184 2128.0 
 0.929189 2488.0 
 0.929195 2384.0 
 0.929200 2252.0 
 0.929206 2364.0 
 0.929211 2048.0 
 0.929217 2180.0 
 0.929222 2408.0 
 0.929228 2100.0 
 0.929233 2128.0 
 0.929239 2464.0 
 0.929244 2388.0 
 0.929250 2208.0 
 0.929255 2296.0 
 0.929261 2328.0 
 0.929266 2356.0 
 0.929272 1972.0 
 0.929277 2148.0 
 0.929283 2320.0 
 0.929288 1928.0 
 0.929294 2060.0 
 0.929300 1892.0 
 0.929305 2236.0 
 0.929311 1896.0 
 0.929316 2348.0 
 0.929322 2028.0 
 0.929327 2268.0 
 0.929333 2080.0 
 0.929338 2004.0 
 0.929344 2108.0 
 0.929349 2124.0 
 0.929355 2056.0 
 0.929360 2360.0 
 0.929366 2252.0 
 0.929371 2232.0 
 0.929377 2192.0 
 0.929382 2096.0 
 0.929388 2224.0 
 0.929393 2028.0 
 0.929399 2364.0 
 0.929404 2264.0 
 0.929410 2224.0 
 0.929415 2284.0 
 0.929421 2248.0 
 0.929426 2436.0 
 0.929432 2120.0 
 0.929437 2312.0 
 0.929443 2368.0 
 0.929448 2072.0 
 0.929454 2284.0 
 0.929459 2200.0 
 0.929465 1896.0 
 0.929470 2104.0 
 0.929476 2176.0 
 0.929482 1916.0 
 0.929487 2224.0 
 0.929493 2100.0 
 0.929498 2404.0 
 0.929504 2048.0 
 0.929509 2324.0 
 0.929515 2268.0 
 0.929520 2100.0 
 0.929526 2224.0 
 0.929531 2236.0 
 0.929537 1952.0 
 0.929542 2100.0 
 0.929548 2116.0 
 0.929553 2324.0 
 0.929559 2036.0 
 0.929564 2184.0 
 0.929570 1840.0 
 0.929575 1912.0 
 0.929581 1700.0 
 0.929586 1452.0 
 0.929592 1652.0 
 0.929597 1556.0 
 0.929603 1420.0 
 0.929608 1468.0 
 0.929614 1368.0 
 0.929619 1500.0 
 0.929625 1564.0 
 0.929630 1548.0 
 0.929636 1104.0 
 0.929641 1312.0 
 0.929647 1560.0 
 0.929652 1140.0 
 0.929658 1348.0 
 0.929664 1352.0 
 0.929669 1056.0 
 0.929675 1106.0 
 0.929680 1184.0 
 0.929686 1512.0 
 0.929691 1404.0 
 0.929697 1588.0 
 0.929702 1464.0 
 0.929708 1112.0 
 0.929713 1340.0 
 0.929719 1302.0 
 0.929724 1092.0 
 0.929730 960.0 
 0.929735 854.0 
 0.929741 724.0 
 0.929746 854.0 
 0.929752 892.0 
 0.929757 1052.0 
 0.929763 946.0 
 0.929768 1056.0 
 0.929774 1186.0 
 0.929779 1400.0 
 0.929785 1374.0 
 0.929790 1324.0 
 0.929796 1388.0 
 0.929801 1804.0 
 0.929807 1680.0 
 0.929812 1776.0 
 0.929818 1740.0 
 0.929823 1644.0 
 0.929829 2004.0 
 0.929834 1716.0 
 0.929840 1580.0 
 0.929846 1832.0 
 0.929851 1960.0 
 0.929857 1572.0 
 0.929862 1948.0 
 0.929868 1908.0 
 0.929873 1932.0 
 0.929879 1808.0 
 0.929884 1972.0 
 0.929890 2068.0 
 0.929895 2016.0 
 0.929901 2084.0 
 0.929906 2268.0 
 0.929912 2028.0 
 0.929917 2028.0 
 0.929923 1988.0 
 0.929928 2196.0 
 0.929934 1988.0 
 0.929939 2152.0 
 0.929945 2228.0 
 0.929950 1884.0 
 0.929956 2060.0 
 0.929961 2248.0 
 0.929967 2032.0 
 0.929972 1978.0 
 0.929978 2164.0 
 0.929983 1824.0 
 0.929989 1948.0 
 0.929994 1910.0 
 0.930000 2120.0 
 0.930005 1740.0 
 0.930011 2188.0 
 0.930016 1766.0 
 0.930022 1904.0 
 0.930028 1836.0 
 0.930033 2008.0 
 0.930039 1744.0 
 0.930044 1992.0 
 0.930050 1792.0 
 0.930055 1976.0 
 0.930061 1952.0 
 0.930066 1752.0 
 0.930072 1652.0 
 0.930077 1604.0 
 0.930083 1336.0 
 0.930088 1476.0 
 0.930094 1196.0 
 0.930099 1208.0 
 0.930105 828.0 
 0.930110 1048.0 
 0.930116 924.0 
 0.930121 1026.0 
 0.930127 964.0 
 0.930132 932.0 
 0.930138 820.0 
 0.930143 1216.0 
 0.930149 1172.0 
 0.930154 1208.0 
 0.930160 1292.0 
 0.930165 1172.0 
 0.930171 1512.0 
 0.930176 1388.0 
 0.930182 1588.0 
 0.930187 1532.0 
 0.930193 1152.0 
 0.930198 1168.0 
 0.930204 1262.0 
 0.930210 1192.0 
 0.930215 1080.0 
 0.930221 1120.0 
 0.930226 1036.0 
 0.930232 984.0 
 0.930237 824.0 
 0.930243 992.0 
 0.930248 972.0 
 0.930254 1044.0 
 0.930259 1340.0 
 0.930265 1274.0 
 0.930270 1436.0 
 0.930276 1424.0 
 0.930281 1624.0 
 0.930287 1844.0 
 0.930292 1716.0 
 0.930298 1960.0 
 0.930303 1984.0 
 0.930309 2136.0 
 0.930314 1916.0 
 0.930320 2016.0 
 0.930325 2004.0 
 0.930331 1928.0 
 0.930336 2096.0 
 0.930342 2176.0 
 0.930347 2064.0 
 0.930353 1960.0 
 0.930358 2056.0 
 0.930364 2004.0 
 0.930369 1940.0 
 0.930375 1964.0 
 0.930380 2320.0 
 0.930386 2052.0 
 0.930392 2032.0 
 0.930397 2084.0 
 0.930403 1932.0 
 0.930408 1852.0 
 0.930414 2168.0 
 0.930419 1840.0 
 0.930425 1940.0 
 0.930430 1940.0 
 0.930436 1940.0 
 0.930441 2068.0 
 0.930447 1816.0 
 0.930452 1890.0 
 0.930458 2064.0 
 0.930463 1856.0 
 0.930469 2104.0 
 0.930474 2102.0 
 0.930480 2156.0 
 0.930485 2036.0 
 0.930491 2118.0 
 0.930496 2132.0 
 0.930502 1960.0 
 0.930507 1952.0 
 0.930513 1902.0 
 0.930518 2116.0 
 0.930524 1768.0 
 0.930529 1776.0 
 0.930535 2000.0 
 0.930540 2048.0 
 0.930546 2156.0 
 0.930551 2076.0 
 0.930557 2048.0 
 0.930562 2112.0 
 0.930568 1936.0 
 0.930574 2120.0 
 0.930579 2484.0 
 0.930585 2032.0 
 0.930590 2008.0 
 0.930596 1836.0 
 0.930601 2068.0 
 0.930607 2228.0 
 0.930612 2332.0 
 0.930618 2464.0 
 0.930623 2332.0 
 0.930629 2288.0 
 0.930634 2180.0 
 0.930640 2392.0 
 0.930645 2312.0 
 0.930651 2376.0 
 0.930656 2288.0 
 0.930662 2344.0 
 0.930667 2568.0 
 0.930673 2164.0 
 0.930678 2412.0 
 0.930684 2236.0 
 0.930689 2096.0 
 0.930695 2536.0 
 0.930700 2272.0 
 0.930706 2412.0 
 0.930711 2312.0 
 0.930717 2368.0 
 0.930722 2332.0 
 0.930728 2052.0 
 0.930733 2496.0 
 0.930739 2208.0 
 0.930744 2184.0 
 0.930750 2448.0 
 0.930756 2268.0 
 0.930761 2640.0 
 0.930767 2204.0 
 0.930772 2136.0 
 0.930778 2364.0 
 0.930783 2492.0 
 0.930789 2516.0 
 0.930794 2212.0 
 0.930800 2444.0 
 0.930805 2428.0 
 0.930811 2476.0 
 0.930816 2116.0 
 0.930822 2724.0 
 0.930827 2512.0 
 0.930833 2456.0 
 0.930838 2856.0 
 0.930844 2464.0 
 0.930849 2292.0 
 0.930855 2116.0 
 0.930860 2316.0 
 0.930866 2132.0 
 0.930871 2032.0 
 0.930877 2272.0 
 0.930882 2036.0 
 0.930888 2094.0 
 0.930893 2018.0 
 0.930899 2432.0 
 0.930904 2132.0 
 0.930910 1964.0 
 0.930915 1780.0 
 0.930921 1804.0 
 0.930926 1472.0 
 0.930932 1120.0 
 0.930938 1480.0 
 0.930943 1420.0 
 0.930949 1580.0 
 0.930954 1816.0 
 0.930960 1662.0 
 0.930965 1844.0 
 0.930971 1940.0 
 0.930976 2096.0 
 0.930982 2116.0 
 0.930987 2076.0 
 0.930993 2280.0 
 0.930998 2440.0 
 0.931004 2496.0 
 0.931009 2332.0 
 0.931015 2292.0 
 0.931020 2368.0 
 0.931026 2292.0 
 0.931031 2432.0 
 0.931037 2232.0 
 0.931042 2512.0 
 0.931048 2200.0 
 0.931053 2272.0 
 0.931059 2104.0 
 0.931064 1928.0 
 0.931070 1848.0 
 0.931075 1744.0 
 0.931081 1540.0 
 0.931086 1656.0 
 0.931092 1284.0 
 0.931097 1328.0 
 0.931103 1188.0 
 0.931108 1544.0 
 0.931114 1444.0 
 0.931120 1292.0 
 0.931125 1524.0 
 0.931131 1444.0 
 0.931136 1856.0 
 0.931142 1756.0 
 0.931147 1840.0 
 0.931153 1924.0 
 0.931158 2080.0 
 0.931164 2084.0 
 0.931169 2028.0 
 0.931175 2212.0 
 0.931180 2056.0 
 0.931186 2144.0 
 0.931191 2068.0 
 0.931197 2088.0 
 0.931202 2244.0 
 0.931208 2000.0 
 0.931213 2092.0 
 0.931219 2236.0 
 0.931224 2228.0 
 0.931230 2076.0 
 0.931235 2312.0 
 0.931241 2116.0 
 0.931246 2272.0 
 0.931252 2212.0 
 0.931257 2220.0 
 0.931263 2292.0 
 0.931268 2104.0 
 0.931274 2020.0 
 0.931279 2588.0 
 0.931285 2424.0 
 0.931290 2344.0 
 0.931296 1884.0 
 0.931302 2516.0 
 0.931307 2452.0 
 0.931313 2620.0 
 0.931318 2364.0 
 0.931324 2436.0 
 0.931329 2396.0 
 0.931335 2440.0 
 0.931340 2600.0 
 0.931346 2528.0 
 0.931351 2556.0 
 0.931357 2408.0 
 0.931362 2216.0 
 0.931368 2528.0 
 0.931373 2404.0 
 0.931379 2552.0 
 0.931384 2520.0 
 0.931390 2140.0 
 0.931395 2448.0 
 0.931401 2440.0 
 0.931406 2012.0 
 0.931412 2012.0 
 0.931417 1716.0 
 0.931423 1668.0 
 0.931428 1432.0 
 0.931434 1684.0 
 0.931439 1084.0 
 0.931445 1280.0 
 0.931450 1352.0 
 0.931456 1452.0 
 0.931461 1508.0 
 0.931467 1520.0 
 0.931472 1896.0 
 0.931478 1836.0 
 0.931484 1824.0 
 0.931489 2044.0 
 0.931495 2100.0 
 0.931500 2188.0 
 0.931506 2312.0 
 0.931511 2088.0 
 0.931517 1740.0 
 0.931522 2444.0 
 0.931528 1960.0 
 0.931533 2260.0 
 0.931539 2228.0 
 0.931544 2288.0 
 0.931550 2216.0 
 0.931555 2176.0 
 0.931561 2424.0 
 0.931566 2592.0 
 0.931572 2232.0 
 0.931577 2356.0 
 0.931583 2004.0 
 0.931588 2504.0 
 0.931594 2092.0 
 0.931599 1960.0 
 0.931605 1952.0 
 0.931610 2128.0 
 0.931616 2160.0 
 0.931621 1812.0 
 0.931627 1562.0 
 0.931632 1692.0 
 0.931638 1848.0 
 0.931643 1708.0 
 0.931649 1580.0 
 0.931654 1540.0 
 0.931660 1192.0 
 0.931666 1442.0 
 0.931671 1378.0 
 0.931677 1120.0 
 0.931682 1164.0 
 0.931688 880.0 
 0.931693 1120.0 
 0.931699 1272.0 
 0.931704 1464.0 
 0.931710 1424.0 
 0.931715 1808.0 
 0.931721 1796.0 
 0.931726 1948.0 
 0.931732 2104.0 
 0.931737 2024.0 
 0.931743 2060.0 
 0.931748 2108.0 
 0.931754 2012.0 
 0.931759 2320.0 
 0.931765 2252.0 
 0.931770 2412.0 
 0.931776 2432.0 
 0.931781 2284.0 
 0.931787 2232.0 
 0.931792 2380.0 
 0.931798 2444.0 
 0.931803 2560.0 
 0.931809 2560.0 
 0.931814 2092.0 
 0.931820 2364.0 
 0.931825 2348.0 
 0.931831 2512.0 
 0.931836 2348.0 
 0.931842 2372.0 
 0.931848 2356.0 
 0.931853 2348.0 
 0.931859 2476.0 
 0.931864 2452.0 
 0.931870 2360.0 
 0.931875 2628.0 
 0.931881 2220.0 
 0.931886 2356.0 
 0.931892 2448.0 
 0.931897 2680.0 
 0.931903 2528.0 
 0.931908 2732.0 
 0.931914 2836.0 
 0.931919 2436.0 
 0.931925 2536.0 
 0.931930 2480.0 
 0.931936 2772.0 
 0.931941 2552.0 
 0.931947 2692.0 
 0.931952 2184.0 
 0.931958 2444.0 
 0.931963 2800.0 
 0.931969 2560.0 
 0.931974 2756.0 
 0.931980 2600.0 
 0.931985 2652.0 
 0.931991 2540.0 
 0.931996 2500.0 
 0.932002 2620.0 
 0.932007 2568.0 
 0.932013 2780.0 
 0.932018 2280.0 
 0.932024 2440.0 
 0.932030 2484.0 
 0.932035 2668.0 
 0.932041 2580.0 
 0.932046 2608.0 
 0.932052 2764.0 
 0.932057 2392.0 
 0.932063 2724.0 
 0.932068 2608.0 
 0.932074 2508.0 
 0.932079 2372.0 
 0.932085 2484.0 
 0.932090 2676.0 
 0.932096 2452.0 
 0.932101 2256.0 
 0.932107 2228.0 
 0.932112 2240.0 
 0.932118 2128.0 
 0.932123 2620.0 
 0.932129 2348.0 
 0.932134 2544.0 
 0.932140 2628.0 
 0.932145 2696.0 
 0.932151 2620.0 
 0.932156 2656.0 
 0.932162 2776.0 
 0.932167 2648.0 
 0.932173 2612.0 
 0.932178 2860.0 
 0.932184 2536.0 
 0.932189 2664.0 
 0.932195 2840.0 
 0.932200 2852.0 
 0.932206 2860.0 
 0.932212 2820.0 
 0.932217 2772.0 
 0.932223 2736.0 
 0.932228 2524.0 
 0.932234 2776.0 
 0.932239 2624.0 
 0.932245 2760.0 
 0.932250 2868.0 
 0.932256 2472.0 
 0.932261 2752.0 
 0.932267 2828.0 
 0.932272 2420.0 
 0.932278 2752.0 
 0.932283 2964.0 
 0.932289 2692.0 
 0.932294 2476.0 
 0.932300 2572.0 
 0.932305 2384.0 
 0.932311 2544.0 
 0.932316 2600.0 
 0.932322 2792.0 
 0.932327 2544.0 
 0.932333 2568.0 
 0.932338 2496.0 
 0.932344 2428.0 
 0.932349 2392.0 
 0.932355 2116.0 
 0.932360 2000.0 
 0.932366 1704.0 
 0.932371 1848.0 
