 0.917077 1724.0 
 0.917083 1720.0 
 0.917088 1480.0 
 0.917094 1506.0 
 0.917099 1416.0 
 0.917105 1560.0 
 0.917110 1292.0 
 0.917116 1540.0 
 0.917122 1362.0 
 0.917127 1560.0 
 0.917133 1548.0 
 0.917138 1480.0 
 0.917144 1448.0 
 0.917149 1728.0 
 0.917155 1544.0 
 0.917160 1556.0 
 0.917166 1698.0 
 0.917171 1488.0 
 0.917177 1724.0 
 0.917182 1464.0 
 0.917188 1668.0 
 0.917193 1412.0 
 0.917199 1652.0 
 0.917204 1432.0 
 0.917210 1568.0 
 0.917215 1408.0 
 0.917221 1604.0 
 0.917226 1536.0 
 0.917232 1472.0 
 0.917237 1540.0 
 0.917243 1532.0 
 0.917248 1554.0 
 0.917254 1544.0 
 0.917259 1544.0 
 0.917265 1472.0 
 0.917270 1616.0 
 0.917276 1780.0 
 0.917281 1564.0 
 0.917287 1516.0 
 0.917292 1616.0 
 0.917298 1612.0 
 0.917304 1444.0 
 0.917309 1532.0 
 0.917315 1596.0 
 0.917320 1412.0 
 0.917326 1380.0 
 0.917331 1664.0 
 0.917337 1452.0 
 0.917342 1548.0 
 0.917348 1680.0 
 0.917353 1388.0 
 0.917359 1504.0 
 0.917364 1536.0 
 0.917370 1704.0 
 0.917375 1824.0 
 0.917381 1676.0 
 0.917386 1500.0 
 0.917392 1852.0 
 0.917397 1884.0 
 0.917403 1694.0 
 0.917408 1572.0 
 0.917414 1832.0 
 0.917419 1736.0 
 0.917425 1696.0 
 0.917430 1672.0 
 0.917436 1872.0 
 0.917441 1852.0 
 0.917447 1924.0 
 0.917452 1692.0 
 0.917458 1712.0 
 0.917463 1960.0 
 0.917469 1750.0 
 0.917474 1824.0 
 0.917480 1840.0 
 0.917486 1840.0 
 0.917491 1780.0 
 0.917497 1884.0 
 0.917502 1756.0 
 0.917508 1728.0 
 0.917513 1612.0 
 0.917519 1884.0 
 0.917524 1754.0 
 0.917530 1708.0 
 0.917535 1828.0 
 0.917541 1404.0 
 0.917546 1388.0 
 0.917552 1270.0 
 0.917557 1584.0 
 0.917563 1448.0 
 0.917568 1600.0 
 0.917574 1596.0 
 0.917579 1584.0 
 0.917585 1760.0 
 0.917590 1564.0 
 0.917596 1532.0 
 0.917601 1612.0 
 0.917607 1640.0 
 0.917612 1476.0 
 0.917618 1580.0 
 0.917623 1520.0 
 0.917629 1538.0 
 0.917634 1764.0 
 0.917640 1736.0 
 0.917645 1512.0 
 0.917651 1496.0 
 0.917656 1584.0 
 0.917662 1664.0 
 0.917668 1616.0 
 0.917673 1660.0 
 0.917679 1752.0 
 0.917684 1860.0 
 0.917690 1688.0 
 0.917695 1794.0 
 0.917701 1692.0 
 0.917706 1900.0 
 0.917712 1684.0 
 0.917717 1754.0 
 0.917723 1780.0 
 0.917728 1892.0 
 0.917734 1632.0 
 0.917739 1772.0 
 0.917745 1672.0 
 0.917750 1716.0 
 0.917756 1704.0 
 0.917761 1820.0 
 0.917767 1780.0 
 0.917772 1536.0 
 0.917778 1594.0 
 0.917783 1672.0 
 0.917789 1760.0 
 0.917794 1880.0 
 0.917800 1708.0 
 0.917805 1848.0 
 0.917811 1764.0 
 0.917816 1780.0 
 0.917822 1700.0 
 0.917827 1900.0 
 0.917833 1916.0 
 0.917838 1858.0 
 0.917844 1912.0 
 0.917849 2004.0 
 0.917855 1916.0 
 0.917861 1972.0 
 0.917866 2124.0 
 0.917872 1900.0 
 0.917877 1832.0 
 0.917883 1888.0 
 0.917888 1880.0 
 0.917894 1920.0 
 0.917899 2018.0 
 0.917905 1960.0 
 0.917910 1836.0 
 0.917916 1944.0 
 0.917921 1768.0 
 0.917927 1860.0 
 0.917932 1688.0 
 0.917938 2060.0 
 0.917943 2096.0 
 0.917949 1772.0 
 0.917954 1708.0 
 0.917960 1824.0 
 0.917965 2104.0 
 0.917971 1944.0 
 0.917976 2028.0 
 0.917982 1900.0 
 0.917987 2012.0 
 0.917993 1876.0 
 0.917998 1608.0 
 0.918004 1848.0 
 0.918009 1848.0 
 0.918015 1696.0 
 0.918020 1704.0 
 0.918026 1952.0 
 0.918031 1560.0 
 0.918037 1752.0 
 0.918043 1720.0 
 0.918048 1788.0 
 0.918054 1904.0 
 0.918059 1892.0 
 0.918065 1952.0 
 0.918070 2016.0 
 0.918076 2324.0 
 0.918081 1952.0 
 0.918087 2112.0 
 0.918092 1804.0 
 0.918098 2060.0 
 0.918103 1968.0 
 0.918109 1936.0 
 0.918114 2176.0 
 0.918120 2240.0 
 0.918125 2064.0 
 0.918131 2120.0 
 0.918136 2024.0 
 0.918142 2100.0 
 0.918147 2128.0 
 0.918153 2016.0 
 0.918158 1996.0 
 0.918164 1920.0 
 0.918169 1920.0 
 0.918175 1964.0 
 0.918180 2132.0 
 0.918186 2020.0 
 0.918191 1896.0 
 0.918197 1616.0 
 0.918202 1920.0 
 0.918208 1692.0 
 0.918213 1760.0 
 0.918219 1696.0 
 0.918225 1920.0 
 0.918230 2028.0 
 0.918236 1904.0 
 0.918241 1788.0 
 0.918247 2144.0 
 0.918252 2260.0 
 0.918258 1672.0 
 0.918263 2076.0 
 0.918269 1980.0 
 0.918274 1848.0 
 0.918280 2004.0 
 0.918285 1788.0 
 0.918291 1876.0 
 0.918296 2140.0 
 0.918302 2052.0 
 0.918307 2212.0 
 0.918313 1940.0 
 0.918318 2048.0 
 0.918324 2212.0 
 0.918329 1768.0 
 0.918335 1888.0 
 0.918340 1760.0 
 0.918346 1944.0 
 0.918351 1672.0 
 0.918357 2000.0 
 0.918362 1940.0 
 0.918368 1912.0 
 0.918373 2052.0 
 0.918379 2276.0 
 0.918384 2024.0 
 0.918390 2072.0 
 0.918395 2168.0 
 0.918401 2140.0 
 0.918407 2084.0 
 0.918412 2040.0 
 0.918418 2000.0 
 0.918423 1840.0 
 0.918429 2388.0 
 0.918434 1916.0 
 0.918440 1904.0 
 0.918445 2156.0 
 0.918451 1872.0 
 0.918456 2136.0 
 0.918462 2112.0 
 0.918467 2072.0 
 0.918473 1924.0 
 0.918478 1820.0 
 0.918484 2204.0 
 0.918489 2004.0 
 0.918495 2080.0 
 0.918500 2284.0 
 0.918506 2112.0 
 0.918511 1956.0 
 0.918517 1992.0 
 0.918522 2124.0 
 0.918528 1848.0 
 0.918533 2124.0 
 0.918539 2164.0 
 0.918544 2240.0 
 0.918550 2092.0 
 0.918555 1984.0 
 0.918561 2048.0 
 0.918566 2196.0 
 0.918572 1948.0 
 0.918577 2276.0 
 0.918583 2092.0 
 0.918589 2272.0 
 0.918594 2240.0 
 0.918600 2348.0 
 0.918605 2324.0 
 0.918611 2028.0 
 0.918616 2172.0 
 0.918622 2196.0 
 0.918627 2280.0 
 0.918633 2212.0 
 0.918638 2264.0 
 0.918644 2176.0 
 0.918649 2396.0 
 0.918655 2376.0 
 0.918660 2336.0 
 0.918666 1992.0 
 0.918671 2172.0 
 0.918677 2444.0 
 0.918682 2036.0 
 0.918688 2192.0 
 0.918693 2180.0 
 0.918699 2536.0 
 0.918704 2344.0 
 0.918710 2392.0 
 0.918715 2500.0 
 0.918721 2240.0 
 0.918726 2396.0 
 0.918732 2456.0 
 0.918737 2344.0 
 0.918743 2660.0 
 0.918748 2360.0 
 0.918754 2388.0 
 0.918759 2348.0 
 0.918765 2412.0 
 0.918771 2392.0 
 0.918776 2420.0 
 0.918782 2368.0 
 0.918787 2216.0 
 0.918793 2180.0 
 0.918798 2436.0 
 0.918804 2472.0 
 0.918809 2376.0 
 0.918815 2480.0 
 0.918820 2132.0 
 0.918826 2232.0 
 0.918831 2128.0 
 0.918837 2224.0 
 0.918842 2548.0 
 0.918848 2552.0 
 0.918853 2588.0 
 0.918859 2460.0 
 0.918864 2428.0 
 0.918870 2440.0 
 0.918875 2448.0 
 0.918881 2452.0 
 0.918886 2520.0 
 0.918892 2440.0 
 0.918897 2484.0 
 0.918903 2752.0 
 0.918908 2524.0 
 0.918914 2576.0 
 0.918919 2592.0 
 0.918925 1980.0 
 0.918930 2076.0 
 0.918936 2052.0 
 0.918941 2004.0 
 0.918947 1996.0 
 0.918953 2292.0 
 0.918958 2004.0 
 0.918964 2344.0 
 0.918969 2228.0 
 0.918975 2020.0 
 0.918980 2264.0 
 0.918986 2304.0 
 0.918991 2188.0 
 0.918997 2144.0 
 0.919002 2492.0 
 0.919008 2656.0 
 0.919013 2584.0 
 0.919019 2752.0 
 0.919024 2636.0 
 0.919030 2088.0 
 0.919035 2108.0 
 0.919041 2540.0 
 0.919046 2332.0 
 0.919052 2332.0 
 0.919057 2312.0 
 0.919063 2060.0 
 0.919068 2368.0 
 0.919074 2332.0 
 0.919079 2256.0 
 0.919085 2088.0 
 0.919090 2256.0 
 0.919096 2192.0 
 0.919101 2360.0 
 0.919107 2260.0 
 0.919112 2328.0 
 0.919118 2348.0 
 0.919123 2300.0 
 0.919129 2420.0 
 0.919135 2244.0 
 0.919140 2528.0 
 0.919146 2412.0 
 0.919151 2372.0 
 0.919157 2496.0 
 0.919162 2344.0 
 0.919168 2396.0 
 0.919173 2360.0 
 0.919179 2240.0 
 0.919184 2336.0 
 0.919190 2312.0 
 0.919195 2172.0 
 0.919201 2544.0 
 0.919206 2456.0 
 0.919212 2192.0 
 0.919217 2264.0 
 0.919223 2384.0 
 0.919228 2632.0 
 0.919234 2428.0 
 0.919239 2424.0 
 0.919245 2402.0 
 0.919250 2536.0 
 0.919256 2680.0 
 0.919261 2644.0 
 0.919267 2444.0 
 0.919272 2496.0 
 0.919278 2568.0 
 0.919283 2460.0 
 0.919289 2356.0 
 0.919294 2700.0 
 0.919300 2612.0 
 0.919305 2616.0 
 0.919311 2340.0 
 0.919317 2592.0 
 0.919322 2534.0 
 0.919328 2600.0 
 0.919333 2380.0 
 0.919339 2596.0 
 0.919344 2540.0 
 0.919350 2264.0 
 0.919355 2800.0 
 0.919361 2828.0 
 0.919366 2552.0 
 0.919372 2544.0 
 0.919377 2772.0 
 0.919383 2728.0 
 0.919388 2904.0 
 0.919394 2552.0 
 0.919399 3112.0 
 0.919405 2644.0 
 0.919410 2692.0 
 0.919416 2548.0 
 0.919421 2524.0 
 0.919427 2664.0 
 0.919432 2636.0 
 0.919438 2608.0 
 0.919443 3016.0 
 0.919449 2616.0 
 0.919454 2628.0 
 0.919460 2740.0 
 0.919465 2448.0 
 0.919471 2944.0 
 0.919476 3000.0 
 0.919482 2508.0 
 0.919487 2684.0 
 0.919493 2656.0 
 0.919499 2640.0 
 0.919504 3036.0 
 0.919510 2712.0 
 0.919515 2380.0 
 0.919521 2696.0 
 0.919526 2684.0 
 0.919532 2848.0 
 0.919537 2812.0 
 0.919543 2860.0 
 0.919548 2704.0 
 0.919554 2680.0 
 0.919559 2544.0 
 0.919565 2804.0 
 0.919570 2660.0 
 0.919576 2844.0 
 0.919581 2616.0 
 0.919587 3112.0 
 0.919592 2220.0 
 0.919598 2232.0 
 0.919603 2384.0 
 0.919609 2676.0 
 0.919614 2580.0 
 0.919620 2800.0 
 0.919625 2780.0 
 0.919631 2896.0 
 0.919636 2860.0 
 0.919642 2400.0 
 0.919647 2172.0 
 0.919653 2088.0 
 0.919658 2104.0 
 0.919664 2040.0 
 0.919669 2072.0 
 0.919675 2168.0 
 0.919681 1880.0 
 0.919686 2084.0 
 0.919692 2124.0 
 0.919697 2012.0 
 0.919703 1676.0 
 0.919708 2272.0 
 0.919714 2384.0 
 0.919719 2200.0 
 0.919725 2524.0 
 0.919730 2476.0 
 0.919736 2828.0 
 0.919741 2812.0 
 0.919747 2524.0 
 0.919752 2524.0 
 0.919758 2208.0 
 0.919763 2004.0 
 0.919769 2176.0 
 0.919774 2416.0 
 0.919780 2348.0 
 0.919785 2224.0 
 0.919791 2312.0 
 0.919796 2340.0 
 0.919802 2352.0 
 0.919807 2104.0 
 0.919813 2372.0 
 0.919818 2312.0 
 0.919824 2128.0 
 0.919829 2284.0 
 0.919835 2180.0 
 0.919840 2180.0 
 0.919846 2056.0 
 0.919851 2032.0 
 0.919857 2180.0 
 0.919863 2136.0 
 0.919868 1952.0 
 0.919874 2096.0 
 0.919879 1924.0 
 0.919885 2108.0 
 0.919890 1980.0 
 0.919896 1912.0 
 0.919901 1996.0 
 0.919907 2148.0 
 0.919912 2032.0 
 0.919918 2556.0 
 0.919923 2540.0 
 0.919929 2480.0 
 0.919934 2164.0 
 0.919940 2572.0 
 0.919945 2540.0 
 0.919951 2676.0 
 0.919956 2640.0 
 0.919962 2356.0 
 0.919967 2392.0 
 0.919973 2368.0 
 0.919978 2536.0 
 0.919984 2196.0 
 0.919989 2256.0 
 0.919995 2524.0 
 0.920000 2552.0 
 0.920006 2276.0 
 0.920011 2232.0 
 0.920017 2612.0 
 0.920022 2540.0 
 0.920028 2408.0 
 0.920033 2680.0 
 0.920039 2516.0 
 0.920045 2632.0 
 0.920050 2388.0 
 0.920056 2708.0 
 0.920061 2676.0 
 0.920067 2560.0 
 0.920072 2684.0 
 0.920078 2604.0 
 0.920083 2676.0 
 0.920089 2692.0 
 0.920094 2492.0 
 0.920100 2768.0 
 0.920105 2640.0 
 0.920111 2852.0 
 0.920116 2732.0 
 0.920122 2728.0 
 0.920127 2812.0 
 0.920133 2636.0 
 0.920138 2692.0 
 0.920144 2712.0 
 0.920149 2920.0 
 0.920155 2832.0 
 0.920160 2836.0 
 0.920166 2608.0 
 0.920171 2576.0 
 0.920177 2704.0 
 0.920182 2644.0 
 0.920188 2468.0 
 0.920193 2364.0 
 0.920199 2136.0 
 0.920204 2104.0 
 0.920210 2120.0 
 0.920215 2104.0 
 0.920221 2336.0 
 0.920227 2648.0 
 0.920232 2416.0 
 0.920238 2522.0 
 0.920243 2240.0 
 0.920249 2460.0 
 0.920254 2568.0 
 0.920260 2792.0 
 0.920265 2766.0 
 0.920271 2944.0 
 0.920276 3028.0 
 0.920282 2912.0 
 0.920287 2996.0 
 0.920293 2624.0 
 0.920298 2816.0 
 0.920304 2808.0 
 0.920309 2620.0 
 0.920315 2408.0 
 0.920320 2560.0 
 0.920326 2576.0 
 0.920331 2664.0 
 0.920337 2664.0 
 0.920342 2832.0 
 0.920348 2576.0 
 0.920353 2580.0 
 0.920359 2580.0 
 0.920364 2664.0 
 0.920370 2336.0 
 0.920375 2936.0 
 0.920381 3080.0 
 0.920386 2948.0 
 0.920392 3086.0 
 0.920397 3076.0 
 0.920403 2872.0 
 0.920409 2884.0 
 0.920414 3068.0 
 0.920420 3176.0 
 0.920425 2940.0 
 0.920431 3100.0 
 0.920436 3180.0 
 0.920442 2880.0 
 0.920447 3100.0 
 0.920453 3072.0 
 0.920458 2828.0 
 0.920464 2772.0 
 0.920469 2852.0 
 0.920475 2700.0 
 0.920480 2560.0 
 0.920486 3044.0 
 0.920491 3064.0 
 0.920497 2964.0 
 0.920502 2944.0 
 0.920508 3020.0 
 0.920513 3112.0 
 0.920519 2564.0 
 0.920524 2452.0 
 0.920530 2576.0 
 0.920535 2796.0 
 0.920541 2564.0 
 0.920546 2680.0 
 0.920552 2700.0 
 0.920557 2564.0 
 0.920563 2752.0 
 0.920568 2640.0 
 0.920574 2416.0 
 0.920579 3098.0 
 0.920585 2848.0 
 0.920591 2556.0 
 0.920596 2604.0 
 0.920602 2592.0 
 0.920607 2572.0 
 0.920613 2756.0 
 0.920618 2760.0 
 0.920624 2684.0 
 0.920629 2808.0 
 0.920635 2572.0 
 0.920640 2288.0 
 0.920646 2512.0 
 0.920651 2480.0 
 0.920657 2404.0 
 0.920662 2768.0 
 0.920668 2664.0 
 0.920673 2652.0 
 0.920679 2532.0 
 0.920684 2712.0 
 0.920690 2628.0 
 0.920695 2680.0 
 0.920701 2852.0 
 0.920706 2676.0 
 0.920712 3004.0 
 0.920717 2816.0 
 0.920723 2636.0 
 0.920728 2508.0 
 0.920734 2564.0 
 0.920739 2820.0 
 0.920745 2708.0 
 0.920750 2708.0 
 0.920756 2672.0 
 0.920761 2588.0 
 0.920767 2660.0 
 0.920773 2604.0 
 0.920778 2628.0 
 0.920784 2688.0 
 0.920789 2704.0 
 0.920795 2880.0 
 0.920800 2900.0 
 0.920806 2632.0 
 0.920811 2756.0 
 0.920817 2816.0 
 0.920822 2912.0 
 0.920828 2408.0 
 0.920833 2620.0 
 0.920839 2880.0 
 0.920844 2668.0 
 0.920850 2644.0 
 0.920855 2740.0 
 0.920861 2604.0 
 0.920866 2844.0 
 0.920872 2524.0 
 0.920877 2808.0 
 0.920883 3000.0 
 0.920888 2924.0 
 0.920894 2568.0 
 0.920899 2744.0 
 0.920905 2696.0 
 0.920910 2668.0 
 0.920916 2680.0 
 0.920921 2824.0 
 0.920927 2992.0 
 0.920932 2836.0 
 0.920938 2992.0 
 0.920943 2936.0 
 0.920949 2944.0 
 0.920955 2932.0 
 0.920960 2716.0 
 0.920966 2712.0 
 0.920971 2608.0 
 0.920977 2604.0 
 0.920982 3008.0 
 0.920988 2856.0 
 0.920993 2852.0 
 0.920999 2836.0 
 0.921004 2888.0 
 0.921010 2728.0 
 0.921015 2540.0 
 0.921021 2612.0 
 0.921026 3084.0 
 0.921032 2832.0 
 0.921037 2672.0 
 0.921043 2580.0 
 0.921048 2308.0 
 0.921054 2700.0 
 0.921059 2448.0 
 0.921065 2844.0 
 0.921070 2736.0 
 0.921076 2776.0 
 0.921081 2428.0 
 0.921087 2988.0 
 0.921092 2876.0 
 0.921098 3028.0 
 0.921103 2900.0 
 0.921109 2964.0 
 0.921114 2776.0 
 0.921120 2788.0 
 0.921125 2864.0 
 0.921131 3232.0 
 0.921137 2764.0 
 0.921142 3020.0 
 0.921148 3012.0 
 0.921153 2928.0 
 0.921159 2968.0 
 0.921164 2884.0 
 0.921170 2684.0 
 0.921175 2684.0 
 0.921181 2616.0 
 0.921186 2856.0 
 0.921192 2660.0 
 0.921197 2892.0 
 0.921203 2932.0 
 0.921208 2828.0 
 0.921214 3040.0 
 0.921219 2868.0 
 0.921225 3044.0 
 0.921230 2900.0 
 0.921236 3084.0 
 0.921241 2868.0 
 0.921247 3308.0 
 0.921252 3008.0 
 0.921258 2872.0 
 0.921263 3024.0 
 0.921269 2792.0 
 0.921274 2792.0 
 0.921280 3000.0 
 0.921285 2904.0 
 0.921291 2984.0 
 0.921296 2956.0 
 0.921302 2940.0 
 0.921307 2880.0 
 0.921313 2804.0 
 0.921319 2844.0 
 0.921324 2968.0 
 0.921330 3192.0 
 0.921335 2788.0 
 0.921341 2852.0 
 0.921346 2668.0 
 0.921352 2712.0 
 0.921357 2484.0 
 0.921363 2828.0 
 0.921368 2524.0 
 0.921374 2412.0 
 0.921379 2548.0 
 0.921385 2568.0 
 0.921390 3280.0 
 0.921396 3062.0 
 0.921401 2996.0 
 0.921407 3100.0 
 0.921412 3104.0 
 0.921418 2896.0 
 0.921423 2488.0 
 0.921429 3248.0 
 0.921434 3000.0 
 0.921440 3020.0 
 0.921445 3044.0 
 0.921451 2964.0 
 0.921456 3148.0 
 0.921462 3048.0 
 0.921467 3276.0 
 0.921473 2916.0 
 0.921478 3196.0 
 0.921484 3152.0 
 0.921489 3092.0 
 0.921495 3164.0 
 0.921501 3076.0 
 0.921506 3040.0 
 0.921512 2920.0 
 0.921517 2924.0 
 0.921523 2920.0 
 0.921528 3120.0 
 0.921534 3412.0 
 0.921539 2604.0 
 0.921545 2456.0 
 0.921550 2576.0 
 0.921556 2524.0 
 0.921561 2576.0 
 0.921567 2432.0 
 0.921572 2436.0 
 0.921578 2588.0 
 0.921583 2396.0 
 0.921589 2688.0 
 0.921594 2608.0 
 0.921600 3168.0 
 0.921605 3344.0 
 0.921611 3008.0 
 0.921616 3152.0 
 0.921622 3332.0 
 0.921627 2388.0 
 0.921633 2208.0 
 0.921638 2172.0 
 0.921644 2176.0 
 0.921649 2028.0 
 0.921655 2000.0 
 0.921660 2264.0 
 0.921666 2380.0 
 0.921671 2428.0 
 0.921677 2436.0 
 0.921683 2844.0 
 0.921688 2656.0 
 0.921694 2708.0 
 0.921699 2736.0 
 0.921705 2640.0 
 0.921710 2760.0 
 0.921716 2684.0 
 0.921721 2700.0 
 0.921727 2562.0 
 0.921732 2384.0 
 0.921738 2552.0 
 0.921743 2444.0 
 0.921749 2584.0 
 0.921754 2404.0 
 0.921760 2468.0 
 0.921765 2356.0 
 0.921771 2344.0 
 0.921776 2000.0 
 0.921782 2524.0 
 0.921787 2376.0 
 0.921793 2612.0 
 0.921798 2372.0 
 0.921804 2288.0 
 0.921809 2404.0 
 0.921815 2548.0 
 0.921820 2864.0 
 0.921826 2744.0 
 0.921831 2648.0 
 0.921837 2856.0 
 0.921842 2604.0 
 0.921848 2772.0 
 0.921853 2676.0 
 0.921859 2460.0 
 0.921865 2628.0 
 0.921870 2592.0 
 0.921876 2980.0 
 0.921881 2864.0 
 0.921887 2736.0 
 0.921892 2608.0 
 0.921898 2848.0 
 0.921903 2680.0 
 0.921909 2564.0 
 0.921914 2592.0 
 0.921920 2576.0 
 0.921925 2492.0 
 0.921931 2580.0 
 0.921936 2764.0 
 0.921942 2704.0 
 0.921947 2652.0 
 0.921953 2676.0 
 0.921958 2532.0 
 0.921964 2720.0 
 0.921969 2688.0 
 0.921975 2468.0 
 0.921980 2692.0 
 0.921986 2792.0 
 0.921991 2868.0 
 0.921997 2852.0 
 0.922002 2812.0 
 0.922008 2636.0 
 0.922013 2724.0 
 0.922019 2952.0 
 0.922024 2984.0 
 0.922030 2856.0 
 0.922035 2932.0 
 0.922041 2764.0 
 0.922047 2868.0 
 0.922052 2532.0 
 0.922058 2784.0 
 0.922063 2868.0 
 0.922069 2780.0 
 0.922074 2760.0 
 0.922080 3044.0 
 0.922085 2800.0 
 0.922091 2648.0 
 0.922096 2848.0 
 0.922102 2832.0 
 0.922107 2620.0 
 0.922113 2836.0 
 0.922118 2732.0 
 0.922124 2976.0 
 0.922129 2936.0 
 0.922135 2716.0 
 0.922140 2724.0 
 0.922146 2840.0 
 0.922151 3076.0 
 0.922157 2792.0 
 0.922162 3064.0 
 0.922168 2724.0 
 0.922173 2808.0 
 0.922179 2896.0 
 0.922184 2676.0 
 0.922190 2736.0 
 0.922195 2780.0 
 0.922201 2520.0 
 0.922206 2816.0 
 0.922212 2952.0 
 0.922217 3024.0 
 0.922223 2816.0 
 0.922229 3056.0 
 0.922234 2716.0 
 0.922240 2988.0 
 0.922245 3060.0 
 0.922251 2784.0 
 0.922256 3132.0 
 0.922262 2520.0 
 0.922267 2664.0 
 0.922273 2596.0 
 0.922278 2604.0 
 0.922284 2560.0 
 0.922289 2780.0 
 0.922295 2580.0 
 0.922300 2788.0 
 0.922306 2852.0 
 0.922311 2776.0 
 0.922317 2780.0 
 0.922322 3172.0 
 0.922328 2676.0 
 0.922333 2960.0 
 0.922339 2872.0 
 0.922344 2788.0 
 0.922350 2944.0 
 0.922355 2796.0 
 0.922361 2968.0 
 0.922366 2776.0 
 0.922372 3044.0 
 0.922377 2744.0 
 0.922383 2692.0 
 0.922388 2860.0 
 0.922394 2828.0 
 0.922399 2584.0 
 0.922405 2796.0 
 0.922411 2676.0 
 0.922416 2872.0 
 0.922422 2788.0 
 0.922427 2592.0 
 0.922433 2552.0 
 0.922438 2592.0 
 0.922444 2620.0 
 0.922449 2528.0 
 0.922455 2492.0 
 0.922460 2692.0 
 0.922466 2864.0 
 0.922471 2972.0 
 0.922477 2908.0 
 0.922482 2804.0 
 0.922488 2800.0 
 0.922493 2832.0 
 0.922499 3216.0 
 0.922504 2780.0 
 0.922510 2716.0 
 0.922515 3100.0 
 0.922521 2964.0 
 0.922526 2936.0 
 0.922532 2740.0 
 0.922537 2872.0 
 0.922543 2796.0 
 0.922548 3124.0 
 0.922554 2800.0 
 0.922559 2284.0 
 0.922565 2312.0 
 0.922570 2436.0 
 0.922576 2840.0 
 0.922581 2292.0 
 0.922587 3044.0 
 0.922593 2960.0 
 0.922598 2596.0 
 0.922604 2796.0 
 0.922609 2992.0 
 0.922615 2740.0 
 0.922620 2712.0 
 0.922626 2988.0 
 0.922631 2832.0 
 0.922637 2972.0 
 0.922642 2864.0 
 0.922648 2784.0 
 0.922653 2844.0 
 0.922659 2780.0 
 0.922664 2952.0 
 0.922670 3128.0 
 0.922675 2988.0 
 0.922681 3144.0 
 0.922686 2744.0 
 0.922692 3004.0 
 0.922697 3168.0 
 0.922703 2600.0 
 0.922708 3024.0 
 0.922714 2804.0 
 0.922719 2888.0 
 0.922725 3084.0 
 0.922730 2936.0 
 0.922736 3084.0 
 0.922741 2432.0 
 0.922747 2520.0 
 0.922752 2736.0 
 0.922758 2360.0 
 0.922763 2504.0 
 0.922769 2308.0 
 0.922775 2316.0 
 0.922780 2676.0 
 0.922786 2524.0 
 0.922791 2400.0 
 0.922797 2432.0 
 0.922802 2748.0 
 0.922808 2508.0 
 0.922813 2680.0 
 0.922819 2516.0 
 0.922824 2516.0 
 0.922830 2628.0 
 0.922835 2632.0 
 0.922841 2408.0 
 0.922846 2480.0 
 0.922852 2436.0 
 0.922857 2496.0 
 0.922863 2712.0 
 0.922868 2600.0 
 0.922874 2692.0 
 0.922879 2468.0 
 0.922885 2576.0 
 0.922890 2172.0 
 0.922896 2512.0 
 0.922901 2636.0 
 0.922907 2796.0 
 0.922912 2816.0 
 0.922918 2208.0 
 0.922923 2596.0 
 0.922929 2384.0 
 0.922934 2396.0 
 0.922940 2684.0 
 0.922945 2412.0 
 0.922951 2668.0 
 0.922957 2300.0 
 0.922962 2536.0 
 0.922968 2472.0 
 0.922973 2312.0 
 0.922979 2376.0 
 0.922984 2680.0 
 0.922990 2240.0 
 0.922995 2620.0 
 0.923001 2560.0 
 0.923006 2760.0 
 0.923012 2488.0 
 0.923017 2708.0 
 0.923023 2548.0 
 0.923028 2460.0 
 0.923034 2368.0 
 0.923039 2364.0 
 0.923045 2792.0 
 0.923050 2716.0 
 0.923056 2480.0 
 0.923061 2688.0 
 0.923067 2340.0 
 0.923072 2640.0 
 0.923078 2532.0 
 0.923083 2396.0 
 0.923089 2400.0 
 0.923094 2368.0 
 0.923100 2308.0 
 0.923105 2480.0 
 0.923111 2488.0 
 0.923116 2560.0 
 0.923122 2548.0 
 0.923127 2508.0 
 0.923133 2328.0 
 0.923139 2360.0 
 0.923144 2496.0 
 0.923150 2500.0 
 0.923155 2152.0 
 0.923161 2416.0 
 0.923166 2348.0 
 0.923172 2504.0 
 0.923177 2664.0 
 0.923183 2566.0 
 0.923188 2636.0 
 0.923194 2424.0 
 0.923199 2480.0 
 0.923205 2728.0 
 0.923210 2816.0 
 0.923216 2728.0 
 0.923221 2712.0 
 0.923227 2540.0 
 0.923232 2496.0 
 0.923238 2496.0 
 0.923243 2692.0 
 0.923249 2436.0 
 0.923254 2752.0 
 0.923260 2508.0 
 0.923265 2240.0 
 0.923271 2100.0 
 0.923276 2432.0 
 0.923282 2228.0 
 0.923287 2472.0 
 0.923293 2528.0 
 0.923298 2484.0 
 0.923304 2708.0 
 0.923309 2464.0 
 0.923315 2588.0 
 0.923321 2508.0 
 0.923326 2260.0 
 0.923332 2004.0 
 0.923337 2496.0 
 0.923343 2228.0 
 0.923348 2204.0 
 0.923354 2160.0 
 0.923359 2024.0 
 0.923365 2476.0 
 0.923370 2512.0 
 0.923376 2564.0 
 0.923381 2500.0 
 0.923387 2484.0 
 0.923392 2516.0 
 0.923398 2460.0 
 0.923403 2392.0 
 0.923409 2568.0 
 0.923414 2372.0 
 0.923420 2452.0 
 0.923425 2468.0 
 0.923431 2296.0 
 0.923436 2596.0 
 0.923442 2728.0 
 0.923447 2444.0 
 0.923453 2868.0 
 0.923458 2856.0 
 0.923464 2244.0 
 0.923469 2524.0 
 0.923475 2380.0 
 0.923480 2564.0 
 0.923486 2544.0 
 0.923491 2608.0 
 0.923497 2416.0 
 0.923503 2584.0 
 0.923508 2672.0 
 0.923514 2504.0 
 0.923519 2708.0 
 0.923525 2768.0 
 0.923530 2500.0 
 0.923536 2824.0 
 0.923541 2712.0 
 0.923547 2568.0 
 0.923552 2640.0 
 0.923558 2544.0 
 0.923563 2500.0 
 0.923569 2556.0 
 0.923574 2652.0 
 0.923580 2572.0 
 0.923585 2608.0 
 0.923591 2596.0 
 0.923596 2560.0 
 0.923602 2408.0 
 0.923607 2392.0 
 0.923613 2272.0 
 0.923618 2356.0 
 0.923624 2132.0 
 0.923629 2328.0 
 0.923635 2404.0 
 0.923640 2372.0 
 0.923646 2572.0 
 0.923651 2588.0 
 0.923657 2392.0 
 0.923662 2680.0 
 0.923668 2512.0 
 0.923673 2512.0 
 0.923679 2228.0 
 0.923685 2232.0 
 0.923690 2348.0 
 0.923696 2676.0 
 0.923701 2308.0 
 0.923707 2512.0 
 0.923712 2624.0 
 0.923718 2864.0 
 0.923723 2748.0 
 0.923729 2524.0 
 0.923734 2856.0 
 0.923740 2512.0 
 0.923745 2472.0 
 0.923751 2636.0 
 0.923756 2524.0 
 0.923762 2424.0 
 0.923767 2572.0 
 0.923773 2672.0 
 0.923778 2448.0 
 0.923784 2684.0 
 0.923789 2804.0 
 0.923795 2404.0 
 0.923800 2536.0 
 0.923806 2540.0 
 0.923811 2600.0 
 0.923817 2632.0 
 0.923822 2704.0 
 0.923828 2912.0 
 0.923833 2880.0 
 0.923839 2368.0 
 0.923844 2488.0 
 0.923850 2648.0 
 0.923855 2844.0 
 0.923861 2432.0 
 0.923867 2700.0 
 0.923872 2524.0 
 0.923878 2604.0 
 0.923883 2528.0 
 0.923889 2084.0 
 0.923894 2168.0 
 0.923900 1988.0 
 0.923905 2048.0 
 0.923911 2118.0 
 0.923916 2036.0 
 0.923922 2216.0 
 0.923927 2428.0 
 0.923933 2260.0 
 0.923938 2356.0 
 0.923944 2440.0 
 0.923949 2488.0 
 0.923955 2104.0 
 0.923960 2392.0 
 0.923966 2204.0 
 0.923971 2284.0 
 0.923977 2480.0 
 0.923982 2568.0 
 0.923988 2408.0 
 0.923993 2728.0 
 0.923999 2772.0 
 0.924004 2632.0 
 0.924010 2688.0 
 0.924015 2696.0 
 0.924021 2608.0 
 0.924026 2328.0 
 0.924032 2436.0 
 0.924037 2520.0 
 0.924043 2704.0 
 0.924049 2188.0 
 0.924054 2384.0 
 0.924060 2272.0 
 0.924065 2212.0 
 0.924071 2628.0 
 0.924076 2436.0 
 0.924082 2460.0 
 0.924087 2384.0 
 0.924093 2580.0 
 0.924098 2568.0 
 0.924104 2536.0 
 0.924109 2564.0 
 0.924115 2460.0 
 0.924120 2656.0 
 0.924126 2488.0 
 0.924131 2816.0 
 0.924137 2864.0 
 0.924142 2580.0 
 0.924148 2600.0 
 0.924153 2592.0 
 0.924159 2544.0 
 0.924164 2920.0 
 0.924170 2796.0 
 0.924175 2808.0 
 0.924181 2498.0 
 0.924186 2476.0 
 0.924192 2548.0 
 0.924197 2652.0 
 0.924203 2740.0 
 0.924208 2676.0 
 0.924214 2608.0 
 0.924219 2668.0 
 0.924225 2916.0 
 0.924231 2776.0 
 0.924236 2304.0 
 0.924242 2520.0 
 0.924247 2376.0 
 0.924253 2408.0 
 0.924258 2240.0 
 0.924264 2060.0 
 0.924269 2092.0 
 0.924275 2144.0 
 0.924280 2232.0 
 0.924286 2676.0 
 0.924291 2332.0 
 0.924297 2684.0 
 0.924302 2874.0 
 0.924308 2652.0 
 0.924313 2604.0 
 0.924319 2612.0 
 0.924324 2688.0 
 0.924330 2460.0 
 0.924335 2596.0 
 0.924341 2484.0 
 0.924346 2344.0 
 0.924352 2432.0 
 0.924357 2460.0 
 0.924363 2520.0 
 0.924368 2540.0 
 0.924374 2712.0 
 0.924379 2576.0 
 0.924385 2788.0 
 0.924390 2552.0 
 0.924396 2420.0 
 0.924401 2428.0 
 0.924407 2584.0 
 0.924413 2736.0 
 0.924418 2512.0 
 0.924424 2524.0 
 0.924429 2536.0 
 0.924435 2556.0 
 0.924440 2832.0 
 0.924446 2772.0 
 0.924451 2616.0 
 0.924457 2896.0 
 0.924462 2776.0 
 0.924468 2616.0 
 0.924473 2596.0 
 0.924479 2576.0 
 0.924484 2764.0 
 0.924490 2588.0 
 0.924495 2600.0 
 0.924501 2728.0 
 0.924506 2628.0 
 0.924512 2956.0 
 0.924517 3140.0 
 0.924523 2708.0 
 0.924528 2636.0 
 0.924534 2700.0 
 0.924539 2744.0 
 0.924545 2700.0 
 0.924550 2928.0 
 0.924556 2608.0 
 0.924561 2672.0 
 0.924567 2596.0 
 0.924572 2644.0 
 0.924578 2760.0 
 0.924583 2784.0 
 0.924589 3000.0 
 0.924595 2788.0 
 0.924600 2778.0 
 0.924606 2492.0 
 0.924611 2676.0 
 0.924617 2544.0 
 0.924622 2608.0 
 0.924628 2532.0 
 0.924633 2308.0 
 0.924639 2568.0 
 0.924644 2860.0 
 0.924650 2756.0 
 0.924655 2896.0 
 0.924661 2716.0 
 0.924666 2780.0 
 0.924672 2776.0 
 0.924677 2392.0 
 0.924683 2368.0 
 0.924688 1948.0 
 0.924694 2400.0 
 0.924699 1920.0 
 0.924705 1912.0 
 0.924710 1612.0 
 0.924716 1808.0 
 0.924721 1848.0 
 0.924727 2032.0 
 0.924732 2320.0 
 0.924738 2608.0 
 0.924743 2336.0 
 0.924749 2420.0 
 0.924754 2536.0 
 0.924760 2536.0 
 0.924765 2456.0 
 0.924771 2320.0 
 0.924777 2708.0 
 0.924782 2628.0 
 0.924788 2560.0 
 0.924793 2788.0 
 0.924799 2296.0 
 0.924804 2504.0 
 0.924810 2448.0 
 0.924815 2276.0 
 0.924821 2176.0 
 0.924826 2196.0 
 0.924832 2088.0 
 0.924837 1872.0 
 0.924843 1536.0 
 0.924848 1268.0 
 0.924854 1176.0 
 0.924859 1092.0 
 0.924865 1244.0 
 0.924870 1456.0 
 0.924876 1364.0 
 0.924881 1290.0 
 0.924887 1908.0 
 0.924892 1916.0 
 0.924898 2152.0 
 0.924903 2360.0 
 0.924909 2372.0 
 0.924914 2540.0 
 0.924920 2546.0 
 0.924925 2788.0 
 0.924931 2680.0 
 0.924936 2524.0 
 0.924942 2708.0 
 0.924947 2696.0 
 0.924953 2508.0 
 0.924959 2724.0 
 0.924964 2656.0 
 0.924970 2476.0 
 0.924975 2584.0 
 0.924981 2068.0 
 0.924986 2444.0 
 0.924992 2176.0 
 0.924997 2220.0 
 0.925003 2388.0 
 0.925008 2268.0 
 0.925014 2384.0 
 0.925019 2252.0 
 0.925025 2484.0 
 0.925030 2388.0 
 0.925036 2912.0 
 0.925041 2660.0 
 0.925047 2752.0 
 0.925052 2512.0 
 0.925058 2712.0 
 0.925063 2688.0 
 0.925069 2728.0 
 0.925074 2752.0 
 0.925080 2624.0 
 0.925085 2892.0 
 0.925091 2508.0 
 0.925096 2136.0 
 0.925102 2232.0 
 0.925107 2148.0 
 0.925113 2460.0 
 0.925118 2728.0 
 0.925124 2772.0 
 0.925129 2648.0 
 0.925135 2688.0 
 0.925141 2668.0 
 0.925146 2816.0 
 0.925152 2564.0 
 0.925157 2572.0 
 0.925163 2632.0 
 0.925168 2780.0 
 0.925174 2716.0 
 0.925179 2656.0 
 0.925185 2520.0 
 0.925190 2912.0 
 0.925196 2548.0 
 0.925201 2758.0 
 0.925207 2792.0 
 0.925212 2864.0 
 0.925218 2860.0 
 0.925223 2628.0 
 0.925229 2720.0 
 0.925234 2612.0 
 0.925240 2676.0 
 0.925245 2752.0 
 0.925251 2600.0 
 0.925256 2772.0 
 0.925262 2516.0 
 0.925267 2728.0 
 0.925273 2588.0 
 0.925278 2892.0 
 0.925284 2620.0 
 0.925289 2720.0 
 0.925295 2884.0 
 0.925300 2720.0 
 0.925306 2650.0 
 0.925311 2572.0 
 0.925317 2756.0 
 0.925323 2592.0 
 0.925328 2924.0 
 0.925334 2624.0 
 0.925339 2604.0 
 0.925345 2364.0 
 0.925350 2596.0 
 0.925356 2632.0 
 0.925361 2748.0 
 0.925367 2832.0 
 0.925372 2728.0 
 0.925378 2736.0 
 0.925383 2572.0 
 0.925389 2956.0 
 0.925394 2732.0 
 0.925400 2660.0 
 0.925405 2660.0 
 0.925411 2626.0 
 0.925416 2680.0 
 0.925422 2572.0 
 0.925427 2712.0 
 0.925433 2712.0 
 0.925438 2560.0 
 0.925444 2596.0 
 0.925449 2452.0 
 0.925455 2052.0 
 0.925460 2084.0 
 0.925466 1868.0 
 0.925471 1972.0 
 0.925477 1952.0 
 0.925482 2220.0 
 0.925488 1820.0 
 0.925493 2468.0 
 0.925499 2464.0 
 0.925504 2312.0 
 0.925510 2432.0 
 0.925516 2260.0 
 0.925521 2452.0 
 0.925527 2536.0 
 0.925532 2264.0 
 0.925538 2124.0 
 0.925543 1976.0 
 0.925549 1928.0 
 0.925554 1980.0 
 0.925560 1776.0 
 0.925565 1824.0 
 0.925571 1732.0 
 0.925576 1716.0 
 0.925582 1636.0 
 0.925587 1552.0 
 0.925593 1608.0 
 0.925598 1520.0 
 0.925604 1868.0 
 0.925609 1684.0 
 0.925615 1756.0 
 0.925620 1528.0 
 0.925626 1312.0 
 0.925631 1308.0 
 0.925637 1092.0 
 0.925642 1158.0 
 0.925648 1376.0 
 0.925653 1172.0 
 0.925659 1208.0 
 0.925664 1526.0 
 0.925670 1628.0 
 0.925675 1642.0 
 0.925681 1634.0 
 0.925686 2012.0 
 0.925692 2076.0 
 0.925698 1932.0 
 0.925703 2104.0 
 0.925709 2396.0 
 0.925714 1960.0 
 0.925720 2228.0 
 0.925725 2156.0 
 0.925731 2300.0 
 0.925736 2256.0 
 0.925742 2312.0 
 0.925747 2604.0 
 0.925753 2140.0 
 0.925758 2328.0 
 0.925764 2304.0 
 0.925769 2308.0 
 0.925775 2268.0 
 0.925780 2264.0 
 0.925786 2192.0 
 0.925791 2032.0 
 0.925797 2252.0 
 0.925802 2236.0 
 0.925808 2544.0 
 0.925813 2728.0 
 0.925819 2588.0 
 0.925824 2476.0 
 0.925830 2720.0 
 0.925835 2380.0 
 0.925841 2412.0 
 0.925846 2340.0 
 0.925852 2392.0 
 0.925857 2160.0 
 0.925863 2024.0 
 0.925868 1832.0 
 0.925874 1848.0 
 0.925880 1504.0 
 0.925885 1708.0 
 0.925891 1544.0 
 0.925896 1756.0 
 0.925902 2036.0 
 0.925907 1828.0 
 0.925913 2100.0 
 0.925918 2308.0 
 0.925924 2556.0 
 0.925929 2488.0 
 0.925935 2604.0 
 0.925940 2672.0 
 0.925946 2696.0 
 0.925951 2800.0 
 0.925957 2772.0 
 0.925962 2488.0 
 0.925968 2636.0 
 0.925973 2612.0 
 0.925979 2260.0 
 0.925984 2748.0 
 0.925990 2308.0 
 0.925995 2668.0 
 0.926001 2568.0 
 0.926006 2520.0 
 0.926012 2120.0 
 0.926017 2456.0 
 0.926023 2320.0 
 0.926028 2292.0 
 0.926034 3400.0 
 0.926039 2334.0 
 0.926045 2700.0 
 0.926050 2556.0 
 0.926056 2344.0 
 0.926062 2500.0 
 0.926067 2376.0 
 0.926073 2200.0 
 0.926078 2368.0 
 0.926084 2304.0 
 0.926089 2400.0 
 0.926095 2664.0 
 0.926100 2596.0 
 0.926106 2764.0 
 0.926111 2856.0 
 0.926117 2744.0 
 0.926122 2752.0 
 0.926128 2828.0 
 0.926133 2676.0 
 0.926139 2560.0 
 0.926144 2500.0 
 0.926150 2724.0 
 0.926155 2564.0 
 0.926161 2720.0 
 0.926166 2596.0 
 0.926172 2616.0 
 0.926177 2616.0 
 0.926183 2588.0 
 0.926188 2612.0 
 0.926194 2724.0 
 0.926199 2820.0 
 0.926205 2588.0 
 0.926210 2532.0 
 0.926216 2620.0 
 0.926221 2828.0 
 0.926227 2448.0 
 0.926232 2580.0 
 0.926238 2320.0 
 0.926244 2188.0 
 0.926249 2436.0 
 0.926255 2056.0 
 0.926260 2080.0 
 0.926266 2168.0 
 0.926271 2316.0 
 0.926277 2248.0 
 0.926282 2492.0 
 0.926288 2672.0 
 0.926293 2644.0 
 0.926299 2136.0 
 0.926304 2112.0 
 0.926310 1888.0 
 0.926315 1976.0 
 0.926321 1676.0 
 0.926326 1752.0 
 0.926332 1828.0 
 0.926337 2308.0 
 0.926343 2160.0 
 0.926348 2162.0 
 0.926354 2364.0 
 0.926359 2496.0 
 0.926365 2516.0 
 0.926370 2372.0 
 0.926376 2480.0 
 0.926381 2680.0 
 0.926387 2516.0 
 0.926392 2596.0 
 0.926398 2428.0 
 0.926403 2352.0 
 0.926409 2228.0 
 0.926414 2100.0 
 0.926420 2052.0 
 0.926426 1896.0 
 0.926431 1932.0 
 0.926437 1472.0 
 0.926442 1672.0 
 0.926448 1784.0 
 0.926453 1880.0 
 0.926459 1932.0 
 0.926464 1912.0 
 0.926470 2196.0 
 0.926475 2312.0 
 0.926481 2136.0 
 0.926486 2328.0 
 0.926492 2220.0 
 0.926497 1840.0 
 0.926503 1856.0 
 0.926508 1726.0 
 0.926514 1876.0 
 0.926519 1928.0 
 0.926525 1928.0 
 0.926530 1750.0 
 0.926536 1692.0 
 0.926541 1684.0 
 0.926547 1672.0 
 0.926552 1576.0 
 0.926558 1272.0 
 0.926563 1126.0 
 0.926569 1234.0 
 0.926574 988.0 
 0.926580 1000.0 
 0.926585 1216.0 
 0.926591 1376.0 
 0.926596 1392.0 
 0.926602 1792.0 
 0.926608 1932.0 
 0.926613 1996.0 
 0.926619 2208.0 
 0.926624 2500.0 
 0.926630 2308.0 
 0.926635 2124.0 
 0.926641 2160.0 
 0.926646 2320.0 
 0.926652 2344.0 
 0.926657 2290.0 
 0.926663 2240.0 
 0.926668 2424.0 
 0.926674 2342.0 
 0.926679 2200.0 
 0.926685 2196.0 
 0.926690 2392.0 
 0.926696 2274.0 
 0.926701 2124.0 
 0.926707 2276.0 
 0.926712 2240.0 
 0.926718 2214.0 
 0.926723 2112.0 
 0.926729 2188.0 
 0.926734 2520.0 
 0.926740 2520.0 
 0.926745 2328.0 
 0.926751 2904.0 
 0.926756 2808.0 
 0.926762 2536.0 
 0.926767 2328.0 
 0.926773 2316.0 
 0.926778 2584.0 
 0.926784 2804.0 
 0.926790 2392.0 
 0.926795 2228.0 
 0.926801 2140.0 
 0.926806 1970.0 
 0.926812 1704.0 
 0.926817 1560.0 
 0.926823 1520.0 
 0.926828 1720.0 
 0.926834 1708.0 
 0.926839 1760.0 
 0.926845 2336.0 
 0.926850 2216.0 
 0.926856 2336.0 
 0.926861 2528.0 
 0.926867 2316.0 
 0.926872 2572.0 
 0.926878 2348.0 
 0.926883 2480.0 
 0.926889 2620.0 
 0.926894 2400.0 
 0.926900 2636.0 
 0.926905 2240.0 
 0.926911 2628.0 
 0.926916 2412.0 
 0.926922 2456.0 
 0.926927 2172.0 
 0.926933 2260.0 
 0.926938 2400.0 
 0.926944 2356.0 
 0.926949 2220.0 
 0.926955 2256.0 
 0.926960 2072.0 
 0.926966 2264.0 
 0.926972 2556.0 
 0.926977 2284.0 
 0.926983 2296.0 
 0.926988 2584.0 
 0.926994 2636.0 
 0.926999 2564.0 
 0.927005 2700.0 
 0.927010 2560.0 
 0.927016 2772.0 
 0.927021 2840.0 
 0.927027 2528.0 
 0.927032 2580.0 
 0.927038 2624.0 
 0.927043 2604.0 
 0.927049 2516.0 
 0.927054 2600.0 
 0.927060 2360.0 
 0.927065 2640.0 
 0.927071 2660.0 
 0.927076 2632.0 
 0.927082 2472.0 
 0.927087 2756.0 
 0.927093 2428.0 
 0.927098 2640.0 
 0.927104 2328.0 
 0.927109 2424.0 
 0.927115 2452.0 
 0.927120 2460.0 
 0.927126 2508.0 
 0.927131 2476.0 
 0.927137 2684.0 
 0.927142 2648.0 
 0.927148 2724.0 
 0.927154 2304.0 
 0.927159 2396.0 
 0.927165 2356.0 
 0.927170 2600.0 
 0.927176 2440.0 
 0.927181 2828.0 
 0.927187 2408.0 
 0.927192 2156.0 
 0.927198 2432.0 
 0.927203 2484.0 
 0.927209 2240.0 
 0.927214 1996.0 
 0.927220 1732.0 
 0.927225 1686.0 
 0.927231 1728.0 
 0.927236 2108.0 
 0.927242 2256.0 
 0.927247 2076.0 
 0.927253 2124.0 
 0.927258 2216.0 
 0.927264 2308.0 
 0.927269 2456.0 
 0.927275 2408.0 
 0.927280 2480.0 
 0.927286 2448.0 
 0.927291 2236.0 
 0.927297 2524.0 
 0.927302 2476.0 
 0.927308 2368.0 
 0.927313 2400.0 
 0.927319 2332.0 
 0.927324 2432.0 
 0.927330 2536.0 
 0.927336 2572.0 
 0.927341 2504.0 
 0.927347 2512.0 
 0.927352 2128.0 
 0.927358 2340.0 
 0.927363 2248.0 
 0.927369 2200.0 
 0.927374 2288.0 
 0.927380 2252.0 
 0.927385 2336.0 
 0.927391 2400.0 
 0.927396 2228.0 
 0.927402 2228.0 
 0.927407 1956.0 
 0.927413 2156.0 
 0.927418 1998.0 
 0.927424 1948.0 
 0.927429 1776.0 
 0.927435 1660.0 
 0.927440 1408.0 
 0.927446 1196.0 
 0.927451 1338.0 
 0.927457 1324.0 
 0.927462 1128.0 
 0.927468 1408.0 
 0.927473 1656.0 
 0.927479 1700.0 
 0.927484 2020.0 
 0.927490 1908.0 
 0.927495 2220.0 
 0.927501 2036.0 
 0.927506 2068.0 
 0.927512 2232.0 
 0.927518 2228.0 
 0.927523 2052.0 
 0.927529 1968.0 
 0.927534 1808.0 
 0.927540 1676.0 
 0.927545 1696.0 
 0.927551 1202.0 
 0.927556 1156.0 
 0.927562 1156.0 
 0.927567 1124.0 
 0.927573 1448.0 
 0.927578 1146.0 
 0.927584 1712.0 
 0.927589 1556.0 
 0.927595 2038.0 
 0.927600 1976.0 
 0.927606 1852.0 
 0.927611 2008.0 
 0.927617 2296.0 
 0.927622 2156.0 
 0.927628 2184.0 
 0.927633 2216.0 
 0.927639 2148.0 
 0.927644 2180.0 
 0.927650 2048.0 
 0.927655 1952.0 
 0.927661 2156.0 
 0.927666 1884.0 
 0.927672 1928.0 
 0.927677 1710.0 
 0.927683 1908.0 
 0.927688 2112.0 
 0.927694 1700.0 
 0.927700 1992.0 
 0.927705 1936.0 
 0.927711 1964.0 
 0.927716 1808.0 
 0.927722 1596.0 
 0.927727 1956.0 
 0.927733 1724.0 
 0.927738 1812.0 
 0.927744 2180.0 
 0.927749 2068.0 
 0.927755 2344.0 
 0.927760 2184.0 
 0.927766 2476.0 
 0.927771 2428.0 
 0.927777 2236.0 
 0.927782 2300.0 
 0.927788 2396.0 
 0.927793 2342.0 
 0.927799 2304.0 
 0.927804 2224.0 
 0.927810 2192.0 
 0.927815 2364.0 
 0.927821 2508.0 
 0.927826 2164.0 
 0.927832 2016.0 
 0.927837 1872.0 
 0.927843 1980.0 
 0.927848 1468.0 
 0.927854 1956.0 
 0.927859 1868.0 
 0.927865 2068.0 
 0.927870 2256.0 
 0.927876 2092.0 
 0.927882 2256.0 
 0.927887 2404.0 
 0.927893 2308.0 
 0.927898 2332.0 
 0.927904 2380.0 
 0.927909 2140.0 
 0.927915 2148.0 
 0.927920 2068.0 
 0.927926 2600.0 
 0.927931 2244.0 
 0.927937 2520.0 
 0.927942 2260.0 
 0.927948 2604.0 
 0.927953 2216.0 
 0.927959 2288.0 
 0.927964 2248.0 
 0.927970 2124.0 
 0.927975 1812.0 
 0.927981 1484.0 
 0.927986 1820.0 
 0.927992 1696.0 
 0.927997 1656.0 
 0.928003 1936.0 
 0.928008 2264.0 
 0.928014 2200.0 
 0.928019 2284.0 
 0.928025 2308.0 
 0.928030 2368.0 
 0.928036 2324.0 
 0.928041 2320.0 
 0.928047 2004.0 
 0.928052 2020.0 
 0.928058 1660.0 
 0.928064 1758.0 
 0.928069 1596.0 
 0.928075 1428.0 
 0.928080 1588.0 
 0.928086 1376.0 
 0.928091 1276.0 
 0.928097 1460.0 
 0.928102 1248.0 
 0.928108 1508.0 
 0.928113 1488.0 
 0.928119 1776.0 
 0.928124 1852.0 
 0.928130 1856.0 
 0.928135 2112.0 
 0.928141 1916.0 
 0.928146 2036.0 
 0.928152 2136.0 
 0.928157 2480.0 
 0.928163 2256.0 
 0.928168 2328.0 
 0.928174 2412.0 
 0.928179 2184.0 
 0.928185 2136.0 
 0.928190 2444.0 
 0.928196 2344.0 
 0.928201 1940.0 
 0.928207 2072.0 
 0.928212 2184.0 
 0.928218 2212.0 
 0.928223 2158.0 
 0.928229 1920.0 
 0.928234 1864.0 
 0.928240 2292.0 
 0.928246 2132.0 
 0.928251 2004.0 
 0.928257 2132.0 
 0.928262 2108.0 
 0.928268 2132.0 
 0.928273 2200.0 
 0.928279 2168.0 
 0.928284 2052.0 
 0.928290 2380.0 
 0.928295 2254.0 
 0.928301 2316.0 
 0.928306 2432.0 
 0.928312 2348.0 
 0.928317 2448.0 
 0.928323 2408.0 
 0.928328 2336.0 
 0.928334 2208.0 
 0.928339 2428.0 
 0.928345 2376.0 
 0.928350 2216.0 
 0.928356 2012.0 
 0.928361 1960.0 
 0.928367 2044.0 
 0.928372 2284.0 
 0.928378 2176.0 
 0.928383 2196.0 
 0.928389 2004.0 
 0.928394 1724.0 
 0.928400 1956.0 
 0.928405 1720.0 
 0.928411 1456.0 
 0.928416 1504.0 
 0.928422 1556.0 
 0.928428 1092.0 
 0.928433 1276.0 
 0.928439 1206.0 
 0.928444 1020.0 
 0.928450 1232.0 
 0.928455 1044.0 
 0.928461 1120.0 
 0.928466 1176.0 
 0.928472 1360.0 
 0.928477 1372.0 
 0.928483 1528.0 
 0.928488 1748.0 
 0.928494 1752.0 
 0.928499 1610.0 
 0.928505 1784.0 
 0.928510 1808.0 
 0.928516 1640.0 
 0.928521 1642.0 
 0.928527 1592.0 
 0.928532 1340.0 
 0.928538 1204.0 
 0.928543 1212.0 
 0.928549 874.0 
 0.928554 950.0 
 0.928560 1132.0 
 0.928565 1134.0 
 0.928571 1292.0 
 0.928576 1250.0 
 0.928582 1106.0 
 0.928587 1040.0 
 0.928593 1148.0 
 0.928598 1140.0 
 0.928604 1056.0 
 0.928610 836.0 
 0.928615 880.0 
 0.928621 904.0 
 0.928626 1268.0 
 0.928632 940.0 
 0.928637 1436.0 
 0.928643 1394.0 
 0.928648 1636.0 
 0.928654 1756.0 
 0.928659 1700.0 
 0.928665 1844.0 
 0.928670 1948.0 
 0.928676 1788.0 
 0.928681 1800.0 
 0.928687 1412.0 
 0.928692 1740.0 
 0.928698 1528.0 
 0.928703 1796.0 
 0.928709 1532.0 
 0.928714 1728.0 
 0.928720 1450.0 
 0.928725 1500.0 
 0.928731 1304.0 
 0.928736 1076.0 
 0.928742 1152.0 
 0.928747 1052.0 
 0.928753 636.0 
 0.928758 706.0 
 0.928764 756.0 
 0.928769 868.0 
 0.928775 878.0 
 0.928780 994.0 
 0.928786 1112.0 
 0.928792 1348.0 
 0.928797 1396.0 
 0.928803 1612.0 
 0.928808 1812.0 
 0.928814 1804.0 
 0.928819 1772.0 
 0.928825 2012.0 
 0.928830 1920.0 
 0.928836 2140.0 
 0.928841 1908.0 
 0.928847 1868.0 
 0.928852 2020.0 
 0.928858 2056.0 
 0.928863 1880.0 
 0.928869 1800.0 
 0.928874 2064.0 
 0.928880 1840.0 
 0.928885 1728.0 
 0.928891 1760.0 
 0.928896 2052.0 
 0.928902 1892.0 
 0.928907 1746.0 
 0.928913 1722.0 
 0.928918 1472.0 
 0.928924 1760.0 
 0.928929 1876.0 
 0.928935 2092.0 
 0.928940 2168.0 
 0.928946 1952.0 
 0.928951 1882.0 
 0.928957 2268.0 
 0.928962 2128.0 
 0.928968 2012.0 
 0.928974 2336.0 
 0.928979 2496.0 
 0.928985 1968.0 
 0.928990 2272.0 
 0.928996 1944.0 
 0.929001 2268.0 
 0.929007 2380.0 
 0.929012 2308.0 
 0.929018 2220.0 
 0.929023 2188.0 
 0.929029 2080.0 
 0.929034 2220.0 
 0.929040 2330.0 
 0.929045 2572.0 
 0.929051 2336.0 
 0.929056 2336.0 
 0.929062 2260.0 
 0.929067 2088.0 
 0.929073 2304.0 
 0.929078 2040.0 
 0.929084 2160.0 
 0.929089 2248.0 
 0.929095 2300.0 
 0.929100 2176.0 
 0.929106 2456.0 
 0.929111 2152.0 
 0.929117 2384.0 
 0.929122 2332.0 
 0.929128 2480.0 
 0.929133 2288.0 
 0.929139 2372.0 
 0.929144 2194.0 
 0.929150 2060.0 
 0.929156 2440.0 
 0.929161 2484.0 
 0.929167 2364.0 
 0.929172 2176.0 
 0.929178 2376.0 
 0.929183 2104.0 
 0.929189 2176.0 
 0.929194 2292.0 
 0.929200 2144.0 
 0.929205 2404.0 
 0.929211 2388.0 
 0.929216 2548.0 
 0.929222 2420.0 
 0.929227 2188.0 
 0.929233 2304.0 
 0.929238 2386.0 
 0.929244 2388.0 
 0.929249 2384.0 
 0.929255 2244.0 
 0.929260 2092.0 
 0.929266 2460.0 
 0.929271 2448.0 
 0.929277 2220.0 
 0.929282 2152.0 
 0.929288 2520.0 
 0.929293 2232.0 
 0.929299 2404.0 
 0.929304 2100.0 
 0.929310 2040.0 
 0.929315 1996.0 
 0.929321 2184.0 
 0.929326 2200.0 
 0.929332 2216.0 
 0.929338 2212.0 
 0.929343 2220.0 
 0.929349 2284.0 
 0.929354 2096.0 
 0.929360 2380.0 
 0.929365 1928.0 
 0.929371 2356.0 
 0.929376 2200.0 
 0.929382 1980.0 
 0.929387 2308.0 
 0.929393 2212.0 
 0.929398 2408.0 
 0.929404 2088.0 
 0.929409 2196.0 
 0.929415 2284.0 
 0.929420 1996.0 
 0.929426 2268.0 
 0.929431 2172.0 
 0.929437 2012.0 
 0.929442 2200.0 
 0.929448 2116.0 
 0.929453 2088.0 
 0.929459 2108.0 
 0.929464 2204.0 
 0.929470 1988.0 
 0.929475 1980.0 
 0.929481 2152.0 
 0.929486 1768.0 
 0.929492 2188.0 
 0.929497 2120.0 
 0.929503 2220.0 
 0.929508 2224.0 
 0.929514 2344.0 
 0.929520 2144.0 
 0.929525 2260.0 
 0.929531 1952.0 
 0.929536 2172.0 
 0.929542 2156.0 
 0.929547 1948.0 
 0.929553 2208.0 
 0.929558 2244.0 
 0.929564 2000.0 
 0.929569 2000.0 
 0.929575 1582.0 
 0.929580 1516.0 
 0.929586 1592.0 
 0.929591 1428.0 
 0.929597 1440.0 
 0.929602 1568.0 
 0.929608 1396.0 
 0.929613 1456.0 
 0.929619 1728.0 
 0.929624 1678.0 
 0.929630 1504.0 
 0.929635 1504.0 
 0.929641 1516.0 
 0.929646 1332.0 
 0.929652 1292.0 
 0.929657 1372.0 
 0.929663 1440.0 
 0.929668 1524.0 
 0.929674 1744.0 
 0.929679 1564.0 
 0.929685 1696.0 
 0.929690 1480.0 
 0.929696 1708.0 
 0.929702 1416.0 
 0.929707 1374.0 
 0.929713 1110.0 
 0.929718 1064.0 
 0.929724 870.0 
 0.929729 1206.0 
 0.929735 826.0 
 0.929740 852.0 
 0.929746 1048.0 
 0.929751 968.0 
 0.929757 1138.0 
 0.929762 1208.0 
 0.929768 1230.0 
 0.929773 1420.0 
 0.929779 1328.0 
 0.929784 1380.0 
 0.929790 1488.0 
 0.929795 1616.0 
 0.929801 1688.0 
 0.929806 1636.0 
 0.929812 1684.0 
 0.929817 1776.0 
 0.929823 1528.0 
 0.929828 1728.0 
 0.929834 1900.0 
 0.929839 1652.0 
 0.929845 1704.0 
 0.929850 1636.0 
 0.929856 1656.0 
 0.929861 1548.0 
 0.929867 1600.0 
 0.929872 1796.0 
 0.929878 1930.0 
 0.929884 1988.0 
 0.929889 1788.0 
 0.929895 1596.0 
 0.929900 2028.0 
 0.929906 1532.0 
 0.929911 1904.0 
 0.929917 1964.0 
 0.929922 2124.0 
 0.929928 1776.0 
 0.929933 1748.0 
 0.929939 2036.0 
 0.929944 2112.0 
 0.929950 2040.0 
 0.929955 2204.0 
 0.929961 1912.0 
 0.929966 2008.0 
 0.929972 1828.0 
 0.929977 1868.0 
 0.929983 1944.0 
 0.929988 1812.0 
 0.929994 2216.0 
 0.929999 1612.0 
 0.930005 1956.0 
 0.930010 1768.0 
 0.930016 2116.0 
 0.930021 2024.0 
 0.930027 1884.0 
 0.930032 1848.0 
 0.930038 2076.0 
 0.930043 1940.0 
 0.930049 1932.0 
 0.930054 2048.0 
 0.930060 1916.0 
 0.930066 1824.0 
 0.930071 1832.0 
 0.930077 1548.0 
 0.930082 1542.0 
 0.930088 1212.0 
 0.930093 1184.0 
 0.930099 1476.0 
 0.930104 1212.0 
 0.930110 1212.0 
 0.930115 1288.0 
 0.930121 1172.0 
 0.930126 1292.0 
 0.930132 1388.0 
 0.930137 1176.0 
 0.930143 1604.0 
 0.930148 1596.0 
 0.930154 1896.0 
 0.930159 1772.0 
 0.930165 1624.0 
 0.930170 1456.0 
 0.930176 1572.0 
 0.930181 1868.0 
 0.930187 1392.0 
 0.930192 1556.0 
 0.930198 1456.0 
 0.930203 1280.0 
 0.930209 1064.0 
 0.930214 1200.0 
 0.930220 1112.0 
 0.930225 796.0 
 0.930231 884.0 
 0.930236 832.0 
 0.930242 982.0 
 0.930248 992.0 
 0.930253 956.0 
 0.930259 1332.0 
 0.930264 1186.0 
 0.930270 1496.0 
 0.930275 1152.0 
 0.930281 1548.0 
 0.930286 1364.0 
 0.930292 1600.0 
 0.930297 1764.0 
 0.930303 1776.0 
 0.930308 1740.0 
 0.930314 1764.0 
 0.930319 1928.0 
 0.930325 1656.0 
 0.930330 1876.0 
 0.930336 1768.0 
 0.930341 1840.0 
 0.930347 1784.0 
 0.930352 1824.0 
 0.930358 1952.0 
 0.930363 2064.0 
 0.930369 1844.0 
 0.930374 1580.0 
 0.930380 1652.0 
 0.930385 1772.0 
 0.930391 1848.0 
 0.930396 2000.0 
 0.930402 1678.0 
 0.930407 2106.0 
 0.930413 1872.0 
 0.930418 1964.0 
 0.930424 2140.0 
 0.930430 2020.0 
 0.930435 2020.0 
 0.930441 2040.0 
 0.930446 2132.0 
 0.930452 1956.0 
 0.930457 2100.0 
 0.930463 2064.0 
 0.930468 2144.0 
 0.930474 2224.0 
 0.930479 2392.0 
 0.930485 2276.0 
 0.930490 2072.0 
 0.930496 1932.0 
 0.930501 2228.0 
 0.930507 2064.0 
 0.930512 1976.0 
 0.930518 2124.0 
 0.930523 2012.0 
 0.930529 2260.0 
 0.930534 2016.0 
 0.930540 2064.0 
 0.930545 2660.0 
 0.930551 2148.0 
 0.930556 2208.0 
 0.930562 2292.0 
 0.930567 2192.0 
 0.930573 1996.0 
 0.930578 2128.0 
 0.930584 2148.0 
 0.930589 2368.0 
 0.930595 2206.0 
 0.930600 2222.0 
 0.930606 2220.0 
 0.930612 2260.0 
 0.930617 2100.0 
 0.930623 2332.0 
 0.930628 2052.0 
 0.930634 2480.0 
 0.930639 2044.0 
 0.930645 2200.0 
 0.930650 2368.0 
 0.930656 2128.0 
 0.930661 2160.0 
 0.930667 2208.0 
 0.930672 2068.0 
 0.930678 2128.0 
 0.930683 2276.0 
 0.930689 2516.0 
 0.930694 2168.0 
 0.930700 2252.0 
 0.930705 2360.0 
 0.930711 2212.0 
 0.930716 2328.0 
 0.930722 2204.0 
 0.930727 2020.0 
 0.930733 2188.0 
 0.930738 2076.0 
 0.930744 2096.0 
 0.930749 2044.0 
 0.930755 2152.0 
 0.930760 2104.0 
 0.930766 1972.0 
 0.930771 2228.0 
 0.930777 2332.0 
 0.930782 2072.0 
 0.930788 2260.0 
 0.930794 2376.0 
 0.930799 1898.0 
 0.930805 2276.0 
 0.930810 2204.0 
 0.930816 2224.0 
 0.930821 2388.0 
 0.930827 2280.0 
 0.930832 2096.0 
 0.930838 2496.0 
 0.930843 2464.0 
 0.930849 1984.0 
 0.930854 2356.0 
 0.930860 2068.0 
 0.930865 2004.0 
 0.930871 1924.0 
 0.930876 1860.0 
 0.930882 2076.0 
 0.930887 1984.0 
 0.930893 2080.0 
 0.930898 1860.0 
 0.930904 1868.0 
 0.930909 1784.0 
 0.930915 1696.0 
 0.930920 1404.0 
 0.930926 1304.0 
 0.930931 1688.0 
 0.930937 1716.0 
 0.930942 1640.0 
 0.930948 1728.0 
 0.930953 1992.0 
 0.930959 1762.0 
 0.930964 1960.0 
 0.930970 2148.0 
 0.930976 1880.0 
 0.930981 2144.0 
 0.930987 2128.0 
 0.930992 2192.0 
 0.930998 2096.0 
 0.931003 2244.0 
 0.931009 2212.0 
 0.931014 2200.0 
 0.931020 1864.0 
 0.931025 2040.0 
 0.931031 2168.0 
 0.931036 1920.0 
 0.931042 1780.0 
 0.931047 1680.0 
 0.931053 1812.0 
 0.931058 1864.0 
 0.931064 1630.0 
 0.931069 1344.0 
 0.931075 1596.0 
 0.931080 1168.0 
 0.931086 1166.0 
 0.931091 1160.0 
 0.931097 874.0 
 0.931102 1180.0 
 0.931108 1256.0 
 0.931113 1536.0 
 0.931119 1880.0 
 0.931124 1732.0 
 0.931130 1636.0 
 0.931135 1844.0 
 0.931141 1864.0 
 0.931146 2552.0 
 0.931152 1996.0 
 0.931158 2432.0 
 0.931163 2104.0 
 0.931169 1964.0 
 0.931174 1780.0 
 0.931180 2028.0 
 0.931185 2100.0 
 0.931191 2240.0 
 0.931196 1948.0 
 0.931202 2312.0 
 0.931207 1708.0 
 0.931213 2076.0 
 0.931218 1868.0 
 0.931224 2100.0 
 0.931229 1734.0 
 0.931235 1788.0 
 0.931240 1784.0 
 0.931246 1920.0 
 0.931251 1696.0 
 0.931257 1914.0 
 0.931262 1870.0 
 0.931268 1864.0 
 0.931273 2164.0 
 0.931279 1920.0 
 0.931284 2132.0 
 0.931290 2088.0 
 0.931295 2232.0 
 0.931301 2184.0 
 0.931306 2416.0 
 0.931312 2324.0 
 0.931317 1852.0 
 0.931323 1944.0 
 0.931328 2236.0 
 0.931334 2080.0 
 0.931340 2020.0 
 0.931345 2220.0 
 0.931351 2128.0 
 0.931356 2132.0 
 0.931362 2244.0 
 0.931367 1836.0 
 0.931373 2184.0 
 0.931378 1822.0 
 0.931384 2304.0 
 0.931389 2104.0 
 0.931395 1928.0 
 0.931400 2108.0 
 0.931406 1780.0 
 0.931411 2036.0 
 0.931417 1860.0 
 0.931422 1728.0 
 0.931428 1624.0 
 0.931433 1628.0 
 0.931439 1468.0 
 0.931444 1492.0 
 0.931450 1348.0 
 0.931455 1676.0 
 0.931461 1544.0 
 0.931466 1580.0 
 0.931472 1804.0 
 0.931477 1924.0 
 0.931483 1688.0 
 0.931488 1728.0 
 0.931494 2156.0 
 0.931499 2024.0 
 0.931505 1596.0 
 0.931510 1724.0 
 0.931516 1832.0 
 0.931522 2116.0 
 0.931527 1856.0 
 0.931533 2032.0 
 0.931538 2020.0 
 0.931544 2098.0 
 0.931549 1956.0 
 0.931555 1896.0 
 0.931560 1772.0 
 0.931566 2528.0 
 0.931571 2040.0 
 0.931577 1680.0 
 0.931582 1640.0 
 0.931588 1720.0 
 0.931593 1612.0 
 0.931599 1624.0 
 0.931604 1704.0 
 0.931610 1564.0 
 0.931615 1488.0 
 0.931621 1356.0 
 0.931626 1268.0 
 0.931632 1216.0 
 0.931637 1552.0 
 0.931643 1304.0 
 0.931648 1376.0 
 0.931654 1472.0 
 0.931659 1488.0 
 0.931665 1418.0 
 0.931670 1536.0 
 0.931676 1258.0 
 0.931681 1452.0 
 0.931687 1308.0 
 0.931692 1232.0 
 0.931698 1428.0 
 0.931704 1784.0 
 0.931709 1896.0 
 0.931715 1700.0 
 0.931720 2044.0 
 0.931726 2256.0 
 0.931731 1856.0 
 0.931737 2180.0 
 0.931742 2248.0 
 0.931748 2324.0 
 0.931753 1996.0 
 0.931759 2140.0 
 0.931764 2112.0 
 0.931770 2184.0 
 0.931775 2268.0 
 0.931781 2096.0 
 0.931786 2192.0 
 0.931792 2112.0 
 0.931797 2120.0 
 0.931803 1952.0 
 0.931808 2072.0 
 0.931814 1934.0 
 0.931819 1814.0 
 0.931825 1862.0 
 0.931830 1892.0 
 0.931836 2112.0 
 0.931841 2052.0 
 0.931847 2148.0 
 0.931852 2092.0 
 0.931858 2248.0 
 0.931863 2120.0 
 0.931869 2264.0 
 0.931874 2260.0 
 0.931880 2112.0 
 0.931886 2432.0 
 0.931891 2472.0 
 0.931897 2384.0 
 0.931902 2448.0 
 0.931908 2492.0 
 0.931913 2180.0 
 0.931919 2208.0 
 0.931924 2564.0 
 0.931930 2476.0 
 0.931935 2720.0 
 0.931941 2720.0 
 0.931946 2584.0 
 0.931952 2572.0 
 0.931957 2412.0 
 0.931963 2880.0 
 0.931968 2532.0 
 0.931974 2448.0 
 0.931979 2812.0 
 0.931985 2764.0 
 0.931990 2808.0 
 0.931996 2308.0 
 0.932001 2216.0 
 0.932007 2464.0 
 0.932012 2488.0 
 0.932018 2556.0 
 0.932023 2648.0 
 0.932029 2292.0 
 0.932034 2704.0 
 0.932040 2420.0 
 0.932045 2484.0 
 0.932051 2536.0 
 0.932056 2372.0 
 0.932062 2420.0 
 0.932068 2504.0 
 0.932073 2472.0 
 0.932079 2696.0 
 0.932084 2484.0 
 0.932090 2436.0 
 0.932095 2512.0 
 0.932101 2244.0 
 0.932106 2128.0 
 0.932112 2364.0 
 0.932117 2244.0 
 0.932123 2564.0 
 0.932128 2372.0 
 0.932134 2652.0 
 0.932139 2544.0 
 0.932145 2588.0 
 0.932150 2220.0 
 0.932156 2308.0 
 0.932161 2306.0 
 0.932167 2672.0 
 0.932172 2732.0 
 0.932178 2460.0 
 0.932183 2212.0 
 0.932189 2648.0 
 0.932194 2556.0 
 0.932200 2520.0 
 0.932205 2472.0 
 0.932211 2308.0 
 0.932216 2472.0 
 0.932222 2444.0 
 0.932227 2888.0 
