 0.917171 1544.0 
 0.917177 1660.0 
 0.917182 1258.0 
 0.917188 1352.0 
 0.917193 1304.0 
 0.917199 1468.0 
 0.917204 1168.0 
 0.917210 1296.0 
 0.917216 1228.0 
 0.917221 1262.0 
 0.917227 1412.0 
 0.917232 1184.0 
 0.917238 1196.0 
 0.917243 1296.0 
 0.917249 1078.0 
 0.917254 1140.0 
 0.917260 1304.0 
 0.917265 1424.0 
 0.917271 1216.0 
 0.917276 1212.0 
 0.917282 1528.0 
 0.917287 1284.0 
 0.917293 1508.0 
 0.917298 1452.0 
 0.917304 1400.0 
 0.917309 1292.0 
 0.917315 1454.0 
 0.917320 1388.0 
 0.917326 1440.0 
 0.917331 1444.0 
 0.917337 1444.0 
 0.917342 1282.0 
 0.917348 1312.0 
 0.917353 1532.0 
 0.917359 1322.0 
 0.917364 1456.0 
 0.917370 1220.0 
 0.917375 1340.0 
 0.917381 1300.0 
 0.917386 1232.0 
 0.917392 1452.0 
 0.917398 1392.0 
 0.917403 1332.0 
 0.917409 1352.0 
 0.917414 1396.0 
 0.917420 1412.0 
 0.917425 1432.0 
 0.917431 1508.0 
 0.917436 1536.0 
 0.917442 1246.0 
 0.917447 1392.0 
 0.917453 1492.0 
 0.917458 1680.0 
 0.917464 1240.0 
 0.917469 1384.0 
 0.917475 1288.0 
 0.917480 1760.0 
 0.917486 1392.0 
 0.917491 1612.0 
 0.917497 1440.0 
 0.917502 1400.0 
 0.917508 1492.0 
 0.917513 1280.0 
 0.917519 1436.0 
 0.917524 1580.0 
 0.917530 1636.0 
 0.917535 1364.0 
 0.917541 1460.0 
 0.917546 1568.0 
 0.917552 1512.0 
 0.917557 1432.0 
 0.917563 1348.0 
 0.917568 1518.0 
 0.917574 1588.0 
 0.917580 1764.0 
 0.917585 1668.0 
 0.917591 1320.0 
 0.917596 1632.0 
 0.917602 1876.0 
 0.917607 1484.0 
 0.917613 1468.0 
 0.917618 1392.0 
 0.917624 1692.0 
 0.917629 1524.0 
 0.917635 1344.0 
 0.917640 1368.0 
 0.917646 1440.0 
 0.917651 1384.0 
 0.917657 1756.0 
 0.917662 1510.0 
 0.917668 1284.0 
 0.917673 1532.0 
 0.917679 1512.0 
 0.917684 1436.0 
 0.917690 1664.0 
 0.917695 1312.0 
 0.917701 1204.0 
 0.917706 1398.0 
 0.917712 1212.0 
 0.917717 1452.0 
 0.917723 1396.0 
 0.917728 1356.0 
 0.917734 1620.0 
 0.917739 1316.0 
 0.917745 1672.0 
 0.917750 1404.0 
 0.917756 1290.0 
 0.917762 1482.0 
 0.917767 1816.0 
 0.917773 1400.0 
 0.917778 1516.0 
 0.917784 1508.0 
 0.917789 1392.0 
 0.917795 1348.0 
 0.917800 1416.0 
 0.917806 1504.0 
 0.917811 1664.0 
 0.917817 1560.0 
 0.917822 1440.0 
 0.917828 1628.0 
 0.917833 1532.0 
 0.917839 1476.0 
 0.917844 1452.0 
 0.917850 1620.0 
 0.917855 1556.0 
 0.917861 1712.0 
 0.917866 1488.0 
 0.917872 1292.0 
 0.917877 1540.0 
 0.917883 1400.0 
 0.917888 1228.0 
 0.917894 1436.0 
 0.917899 1500.0 
 0.917905 1468.0 
 0.917910 1468.0 
 0.917916 1520.0 
 0.917921 1564.0 
 0.917927 1244.0 
 0.917932 1364.0 
 0.917938 1436.0 
 0.917943 1596.0 
 0.917949 1396.0 
 0.917955 1508.0 
 0.917960 1368.0 
 0.917966 1436.0 
 0.917971 1644.0 
 0.917977 1468.0 
 0.917982 1612.0 
 0.917988 1656.0 
 0.917993 1440.0 
 0.917999 1424.0 
 0.918004 1448.0 
 0.918010 1508.0 
 0.918015 1496.0 
 0.918021 1580.0 
 0.918026 1526.0 
 0.918032 1368.0 
 0.918037 1560.0 
 0.918043 1530.0 
 0.918048 1504.0 
 0.918054 1788.0 
 0.918059 1536.0 
 0.918065 1456.0 
 0.918070 1384.0 
 0.918076 1376.0 
 0.918081 1508.0 
 0.918087 1372.0 
 0.918092 1620.0 
 0.918098 1608.0 
 0.918103 1776.0 
 0.918109 1746.0 
 0.918114 1708.0 
 0.918120 1460.0 
 0.918125 1708.0 
 0.918131 1548.0 
 0.918137 1580.0 
 0.918142 1576.0 
 0.918148 1756.0 
 0.918153 1956.0 
 0.918159 1680.0 
 0.918164 1664.0 
 0.918170 1660.0 
 0.918175 1652.0 
 0.918181 1608.0 
 0.918186 1576.0 
 0.918192 1820.0 
 0.918197 1792.0 
 0.918203 1820.0 
 0.918208 1704.0 
 0.918214 1900.0 
 0.918219 1688.0 
 0.918225 1796.0 
 0.918230 1712.0 
 0.918236 1680.0 
 0.918241 1478.0 
 0.918247 1632.0 
 0.918252 1712.0 
 0.918258 1744.0 
 0.918263 1632.0 
 0.918269 1772.0 
 0.918274 1796.0 
 0.918280 1972.0 
 0.918285 1784.0 
 0.918291 1572.0 
 0.918296 1652.0 
 0.918302 1580.0 
 0.918307 1622.0 
 0.918313 1708.0 
 0.918319 1636.0 
 0.918324 1832.0 
 0.918330 1768.0 
 0.918335 1628.0 
 0.918341 1668.0 
 0.918346 1888.0 
 0.918352 1828.0 
 0.918357 1716.0 
 0.918363 1356.0 
 0.918368 1636.0 
 0.918374 1524.0 
 0.918379 1368.0 
 0.918385 1644.0 
 0.918390 1464.0 
 0.918396 1804.0 
 0.918401 1796.0 
 0.918407 1840.0 
 0.918412 1652.0 
 0.918418 1796.0 
 0.918423 1860.0 
 0.918429 1724.0 
 0.918434 1716.0 
 0.918440 1704.0 
 0.918445 1608.0 
 0.918451 1836.0 
 0.918456 1972.0 
 0.918462 1764.0 
 0.918467 1704.0 
 0.918473 1660.0 
 0.918478 1788.0 
 0.918484 1864.0 
 0.918489 1648.0 
 0.918495 1940.0 
 0.918501 1764.0 
 0.918506 1780.0 
 0.918512 1952.0 
 0.918517 1536.0 
 0.918523 1996.0 
 0.918528 1772.0 
 0.918534 1736.0 
 0.918539 1880.0 
 0.918545 1656.0 
 0.918550 1732.0 
 0.918556 2068.0 
 0.918561 1756.0 
 0.918567 2040.0 
 0.918572 1772.0 
 0.918578 1884.0 
 0.918583 1960.0 
 0.918589 2004.0 
 0.918594 1884.0 
 0.918600 1784.0 
 0.918605 1644.0 
 0.918611 1900.0 
 0.918616 1944.0 
 0.918622 1864.0 
 0.918627 1716.0 
 0.918633 1932.0 
 0.918638 1872.0 
 0.918644 1888.0 
 0.918649 1784.0 
 0.918655 1676.0 
 0.918660 1808.0 
 0.918666 2000.0 
 0.918671 1694.0 
 0.918677 2016.0 
 0.918683 2076.0 
 0.918688 1596.0 
 0.918694 1896.0 
 0.918699 1816.0 
 0.918705 1960.0 
 0.918710 1804.0 
 0.918716 1740.0 
 0.918721 1760.0 
 0.918727 1688.0 
 0.918732 1772.0 
 0.918738 1888.0 
 0.918743 1760.0 
 0.918749 1748.0 
 0.918754 1868.0 
 0.918760 1932.0 
 0.918765 2168.0 
 0.918771 1816.0 
 0.918776 2168.0 
 0.918782 1816.0 
 0.918787 1708.0 
 0.918793 1980.0 
 0.918798 2044.0 
 0.918804 2148.0 
 0.918809 1976.0 
 0.918815 1998.0 
 0.918820 2108.0 
 0.918826 2104.0 
 0.918831 1996.0 
 0.918837 1808.0 
 0.918842 1840.0 
 0.918848 1736.0 
 0.918853 1860.0 
 0.918859 2008.0 
 0.918865 1960.0 
 0.918870 1828.0 
 0.918876 2104.0 
 0.918881 2036.0 
 0.918887 2164.0 
 0.918892 2072.0 
 0.918898 2072.0 
 0.918903 1960.0 
 0.918909 2256.0 
 0.918914 2140.0 
 0.918920 2100.0 
 0.918925 2052.0 
 0.918931 2092.0 
 0.918936 2280.0 
 0.918942 2180.0 
 0.918947 1876.0 
 0.918953 2228.0 
 0.918958 2296.0 
 0.918964 1912.0 
 0.918969 2200.0 
 0.918975 2156.0 
 0.918980 2196.0 
 0.918986 2424.0 
 0.918991 1980.0 
 0.918997 2080.0 
 0.919002 1996.0 
 0.919008 2220.0 
 0.919013 2208.0 
 0.919019 1756.0 
 0.919024 1960.0 
 0.919030 1764.0 
 0.919035 1712.0 
 0.919041 1808.0 
 0.919047 1672.0 
 0.919052 1668.0 
 0.919058 1660.0 
 0.919063 1924.0 
 0.919069 1572.0 
 0.919074 2000.0 
 0.919080 1740.0 
 0.919085 1732.0 
 0.919091 1752.0 
 0.919096 2170.0 
 0.919102 2024.0 
 0.919107 2040.0 
 0.919113 1936.0 
 0.919118 2296.0 
 0.919124 1768.0 
 0.919129 2104.0 
 0.919135 1932.0 
 0.919140 1884.0 
 0.919146 2088.0 
 0.919151 1792.0 
 0.919157 1724.0 
 0.919162 1908.0 
 0.919168 1900.0 
 0.919173 1540.0 
 0.919179 1760.0 
 0.919184 1872.0 
 0.919190 2020.0 
 0.919195 1996.0 
 0.919201 2128.0 
 0.919206 1900.0 
 0.919212 1904.0 
 0.919217 2092.0 
 0.919223 1906.0 
 0.919229 2024.0 
 0.919234 2004.0 
 0.919240 1836.0 
 0.919245 1852.0 
 0.919251 1876.0 
 0.919256 1856.0 
 0.919262 2076.0 
 0.919267 1968.0 
 0.919273 2148.0 
 0.919278 1764.0 
 0.919284 2252.0 
 0.919289 2160.0 
 0.919295 1972.0 
 0.919300 2028.0 
 0.919306 2200.0 
 0.919311 2052.0 
 0.919317 2028.0 
 0.919322 1952.0 
 0.919328 2380.0 
 0.919333 2078.0 
 0.919339 2228.0 
 0.919344 2244.0 
 0.919350 2176.0 
 0.919355 1880.0 
 0.919361 2120.0 
 0.919366 2040.0 
 0.919372 2264.0 
 0.919377 2108.0 
 0.919383 2144.0 
 0.919388 1972.0 
 0.919394 1960.0 
 0.919399 2076.0 
 0.919405 2160.0 
 0.919411 2300.0 
 0.919416 2352.0 
 0.919422 2180.0 
 0.919427 2376.0 
 0.919433 1910.0 
 0.919438 2064.0 
 0.919444 2160.0 
 0.919449 1884.0 
 0.919455 2104.0 
 0.919460 2208.0 
 0.919466 2052.0 
 0.919471 2040.0 
 0.919477 2216.0 
 0.919482 2056.0 
 0.919488 2132.0 
 0.919493 2308.0 
 0.919499 2096.0 
 0.919504 2148.0 
 0.919510 1940.0 
 0.919515 2208.0 
 0.919521 2116.0 
 0.919526 2232.0 
 0.919532 2172.0 
 0.919537 2332.0 
 0.919543 2036.0 
 0.919548 2276.0 
 0.919554 2268.0 
 0.919559 2172.0 
 0.919565 2008.0 
 0.919570 1852.0 
 0.919576 2144.0 
 0.919581 1852.0 
 0.919587 2086.0 
 0.919593 1968.0 
 0.919598 2064.0 
 0.919604 2044.0 
 0.919609 2160.0 
 0.919615 2124.0 
 0.919620 2204.0 
 0.919626 1800.0 
 0.919631 2140.0 
 0.919637 2172.0 
 0.919642 2120.0 
 0.919648 2212.0 
 0.919653 2096.0 
 0.919659 2088.0 
 0.919664 2084.0 
 0.919670 2172.0 
 0.919675 1912.0 
 0.919681 2084.0 
 0.919686 1688.0 
 0.919692 1924.0 
 0.919697 1748.0 
 0.919703 2028.0 
 0.919708 2004.0 
 0.919714 2160.0 
 0.919719 2112.0 
 0.919725 1872.0 
 0.919730 1828.0 
 0.919736 2172.0 
 0.919741 1912.0 
 0.919747 1788.0 
 0.919752 1704.0 
 0.919758 1524.0 
 0.919763 1720.0 
 0.919769 1896.0 
 0.919775 1688.0 
 0.919780 1780.0 
 0.919786 1860.0 
 0.919791 1700.0 
 0.919797 1848.0 
 0.919802 2020.0 
 0.919808 2100.0 
 0.919813 1888.0 
 0.919819 2160.0 
 0.919824 2412.0 
 0.919830 2252.0 
 0.919835 2396.0 
 0.919841 2264.0 
 0.919846 2324.0 
 0.919852 2100.0 
 0.919857 2108.0 
 0.919863 1824.0 
 0.919868 1588.0 
 0.919874 1816.0 
 0.919879 1988.0 
 0.919885 1620.0 
 0.919890 1936.0 
 0.919896 1592.0 
 0.919901 1840.0 
 0.919907 1796.0 
 0.919912 1688.0 
 0.919918 1672.0 
 0.919923 1768.0 
 0.919929 1744.0 
 0.919934 1838.0 
 0.919940 1834.0 
 0.919945 2260.0 
 0.919951 1860.0 
 0.919957 1996.0 
 0.919962 2126.0 
 0.919968 1936.0 
 0.919973 2060.0 
 0.919979 1836.0 
 0.919984 1960.0 
 0.919990 1920.0 
 0.919995 2124.0 
 0.920001 2012.0 
 0.920006 2120.0 
 0.920012 2280.0 
 0.920017 2240.0 
 0.920023 2376.0 
 0.920028 2216.0 
 0.920034 2240.0 
 0.920039 2112.0 
 0.920045 2148.0 
 0.920050 2172.0 
 0.920056 2032.0 
 0.920061 2310.0 
 0.920067 1932.0 
 0.920072 2056.0 
 0.920078 2244.0 
 0.920083 2008.0 
 0.920089 2064.0 
 0.920094 2032.0 
 0.920100 1972.0 
 0.920105 2108.0 
 0.920111 2128.0 
 0.920116 1916.0 
 0.920122 2136.0 
 0.920127 2088.0 
 0.920133 2096.0 
 0.920139 2048.0 
 0.920144 1924.0 
 0.920150 2384.0 
 0.920155 2180.0 
 0.920161 2420.0 
 0.920166 2008.0 
 0.920172 1996.0 
 0.920177 2096.0 
 0.920183 2088.0 
 0.920188 1946.0 
 0.920194 2092.0 
 0.920199 2044.0 
 0.920205 2076.0 
 0.920210 2052.0 
 0.920216 2164.0 
 0.920221 2012.0 
 0.920227 2044.0 
 0.920232 1772.0 
 0.920238 1764.0 
 0.920243 1892.0 
 0.920249 1832.0 
 0.920254 2012.0 
 0.920260 2152.0 
 0.920265 2044.0 
 0.920271 2264.0 
 0.920276 2120.0 
 0.920282 2452.0 
 0.920287 2176.0 
 0.920293 2384.0 
 0.920298 2280.0 
 0.920304 2272.0 
 0.920309 2180.0 
 0.920315 2356.0 
 0.920321 2340.0 
 0.920326 2384.0 
 0.920332 2468.0 
 0.920337 2452.0 
 0.920343 2496.0 
 0.920348 2188.0 
 0.920354 1936.0 
 0.920359 2572.0 
 0.920365 2312.0 
 0.920370 2468.0 
 0.920376 2428.0 
 0.920381 2604.0 
 0.920387 2248.0 
 0.920392 2092.0 
 0.920398 2456.0 
 0.920403 2208.0 
 0.920409 2552.0 
 0.920414 2580.0 
 0.920420 2340.0 
 0.920425 2508.0 
 0.920431 2252.0 
 0.920436 2404.0 
 0.920442 2232.0 
 0.920447 2404.0 
 0.920453 2396.0 
 0.920458 2716.0 
 0.920464 2524.0 
 0.920469 2564.0 
 0.920475 2336.0 
 0.920480 2388.0 
 0.920486 2588.0 
 0.920491 2184.0 
 0.920497 2520.0 
 0.920503 2420.0 
 0.920508 2432.0 
 0.920514 2492.0 
 0.920519 2612.0 
 0.920525 2372.0 
 0.920530 2664.0 
 0.920536 2688.0 
 0.920541 2608.0 
 0.920547 2404.0 
 0.920552 2372.0 
 0.920558 2484.0 
 0.920563 2664.0 
 0.920569 2288.0 
 0.920574 2360.0 
 0.920580 2580.0 
 0.920585 2800.0 
 0.920591 2512.0 
 0.920596 2456.0 
 0.920602 2608.0 
 0.920607 2452.0 
 0.920613 2200.0 
 0.920618 1932.0 
 0.920624 2204.0 
 0.920629 2068.0 
 0.920635 2220.0 
 0.920640 2192.0 
 0.920646 1816.0 
 0.920651 2056.0 
 0.920657 2176.0 
 0.920662 2428.0 
 0.920668 2088.0 
 0.920673 2440.0 
 0.920679 2220.0 
 0.920685 2052.0 
 0.920690 2116.0 
 0.920696 2216.0 
 0.920701 2060.0 
 0.920707 2244.0 
 0.920712 2252.0 
 0.920718 2328.0 
 0.920723 2404.0 
 0.920729 2308.0 
 0.920734 2232.0 
 0.920740 2404.0 
 0.920745 2108.0 
 0.920751 2292.0 
 0.920756 2244.0 
 0.920762 2232.0 
 0.920767 2256.0 
 0.920773 2136.0 
 0.920778 2048.0 
 0.920784 2236.0 
 0.920789 2072.0 
 0.920795 2404.0 
 0.920800 2184.0 
 0.920806 2280.0 
 0.920811 2220.0 
 0.920817 2200.0 
 0.920822 2192.0 
 0.920828 2400.0 
 0.920833 2248.0 
 0.920839 2256.0 
 0.920844 2124.0 
 0.920850 2460.0 
 0.920855 2276.0 
 0.920861 2032.0 
 0.920867 2248.0 
 0.920872 2148.0 
 0.920878 2208.0 
 0.920883 2416.0 
 0.920889 1928.0 
 0.920894 2260.0 
 0.920900 2284.0 
 0.920905 2460.0 
 0.920911 2472.0 
 0.920916 2476.0 
 0.920922 2440.0 
 0.920927 2340.0 
 0.920933 2048.0 
 0.920938 2580.0 
 0.920944 2396.0 
 0.920949 2380.0 
 0.920955 2036.0 
 0.920960 2420.0 
 0.920966 2260.0 
 0.920971 2560.0 
 0.920977 2284.0 
 0.920982 2244.0 
 0.920988 2432.0 
 0.920993 2280.0 
 0.920999 2184.0 
 0.921004 2372.0 
 0.921010 2276.0 
 0.921015 2332.0 
 0.921021 2672.0 
 0.921026 2492.0 
 0.921032 2352.0 
 0.921037 2324.0 
 0.921043 2196.0 
 0.921049 2428.0 
 0.921054 2320.0 
 0.921060 2004.0 
 0.921065 2460.0 
 0.921071 2128.0 
 0.921076 2376.0 
 0.921082 2120.0 
 0.921087 2168.0 
 0.921093 2532.0 
 0.921098 2180.0 
 0.921104 2276.0 
 0.921109 2072.0 
 0.921115 2652.0 
 0.921120 2512.0 
 0.921126 2484.0 
 0.921131 2224.0 
 0.921137 2212.0 
 0.921142 2280.0 
 0.921148 2340.0 
 0.921153 2524.0 
 0.921159 2108.0 
 0.921164 2640.0 
 0.921170 2168.0 
 0.921175 2636.0 
 0.921181 2332.0 
 0.921186 2428.0 
 0.921192 2592.0 
 0.921197 2452.0 
 0.921203 2436.0 
 0.921208 2452.0 
 0.921214 2384.0 
 0.921219 2644.0 
 0.921225 2380.0 
 0.921231 2684.0 
 0.921236 2532.0 
 0.921242 2388.0 
 0.921247 2452.0 
 0.921253 2516.0 
 0.921258 2440.0 
 0.921264 2460.0 
 0.921269 2552.0 
 0.921275 2112.0 
 0.921280 2504.0 
 0.921286 2556.0 
 0.921291 2452.0 
 0.921297 2324.0 
 0.921302 2512.0 
 0.921308 2164.0 
 0.921313 2200.0 
 0.921319 2260.0 
 0.921324 2320.0 
 0.921330 2200.0 
 0.921335 2448.0 
 0.921341 2640.0 
 0.921346 2276.0 
 0.921352 2312.0 
 0.921357 2488.0 
 0.921363 2316.0 
 0.921368 2648.0 
 0.921374 2268.0 
 0.921379 2572.0 
 0.921385 2092.0 
 0.921390 2324.0 
 0.921396 2592.0 
 0.921401 2364.0 
 0.921407 2160.0 
 0.921413 2350.0 
 0.921418 2376.0 
 0.921424 2356.0 
 0.921429 2668.0 
 0.921435 2308.0 
 0.921440 2072.0 
 0.921446 2064.0 
 0.921451 2084.0 
 0.921457 1992.0 
 0.921462 2100.0 
 0.921468 2112.0 
 0.921473 1924.0 
 0.921479 1760.0 
 0.921484 2404.0 
 0.921490 2356.0 
 0.921495 2412.0 
 0.921501 2340.0 
 0.921506 2436.0 
 0.921512 1856.0 
 0.921517 2228.0 
 0.921523 2024.0 
 0.921528 2144.0 
 0.921534 2388.0 
 0.921539 2228.0 
 0.921545 2044.0 
 0.921550 2144.0 
 0.921556 2116.0 
 0.921561 2084.0 
 0.921567 2292.0 
 0.921572 2556.0 
 0.921578 2556.0 
 0.921583 2444.0 
 0.921589 2596.0 
 0.921595 2480.0 
 0.921600 2388.0 
 0.921606 2476.0 
 0.921611 2680.0 
 0.921617 2428.0 
 0.921622 2792.0 
 0.921628 2380.0 
 0.921633 2156.0 
 0.921639 2124.0 
 0.921644 1972.0 
 0.921650 2104.0 
 0.921655 1756.0 
 0.921661 1912.0 
 0.921666 1656.0 
 0.921672 1732.0 
 0.921677 1518.0 
 0.921683 1708.0 
 0.921688 1724.0 
 0.921694 2016.0 
 0.921699 2072.0 
 0.921705 2056.0 
 0.921710 2236.0 
 0.921716 2548.0 
 0.921721 2188.0 
 0.921727 2176.0 
 0.921732 1960.0 
 0.921738 2378.0 
 0.921743 2216.0 
 0.921749 2192.0 
 0.921754 2036.0 
 0.921760 2232.0 
 0.921765 2312.0 
 0.921771 2068.0 
 0.921777 2180.0 
 0.921782 1984.0 
 0.921788 2096.0 
 0.921793 2108.0 
 0.921799 1956.0 
 0.921804 2288.0 
 0.921810 2144.0 
 0.921815 2076.0 
 0.921821 2008.0 
 0.921826 1952.0 
 0.921832 2144.0 
 0.921837 2040.0 
 0.921843 2156.0 
 0.921848 1980.0 
 0.921854 2236.0 
 0.921859 2192.0 
 0.921865 2348.0 
 0.921870 2304.0 
 0.921876 2208.0 
 0.921881 1980.0 
 0.921887 1948.0 
 0.921892 2404.0 
 0.921898 2384.0 
 0.921903 2208.0 
 0.921909 2200.0 
 0.921914 2348.0 
 0.921920 2296.0 
 0.921925 2364.0 
 0.921931 2460.0 
 0.921936 2300.0 
 0.921942 2272.0 
 0.921947 2408.0 
 0.921953 2272.0 
 0.921959 2148.0 
 0.921964 2512.0 
 0.921970 2180.0 
 0.921975 2320.0 
 0.921981 2448.0 
 0.921986 2496.0 
 0.921992 2176.0 
 0.921997 2360.0 
 0.922003 2544.0 
 0.922008 2320.0 
 0.922014 2288.0 
 0.922019 2140.0 
 0.922025 2204.0 
 0.922030 2364.0 
 0.922036 2440.0 
 0.922041 2532.0 
 0.922047 2364.0 
 0.922052 2180.0 
 0.922058 2268.0 
 0.922063 2212.0 
 0.922069 2256.0 
 0.922074 2500.0 
 0.922080 2400.0 
 0.922085 2380.0 
 0.922091 2292.0 
 0.922096 1976.0 
 0.922102 2516.0 
 0.922107 2560.0 
 0.922113 2148.0 
 0.922118 2220.0 
 0.922124 2328.0 
 0.922129 2132.0 
 0.922135 2024.0 
 0.922141 2260.0 
 0.922146 2064.0 
 0.922152 2416.0 
 0.922157 2084.0 
 0.922163 2180.0 
 0.922168 2548.0 
 0.922174 2104.0 
 0.922179 2180.0 
 0.922185 2060.0 
 0.922190 2446.0 
 0.922196 1996.0 
 0.922201 2360.0 
 0.922207 2276.0 
 0.922212 2080.0 
 0.922218 2148.0 
 0.922223 2480.0 
 0.922229 2284.0 
 0.922234 2276.0 
 0.922240 2172.0 
 0.922245 2284.0 
 0.922251 2386.0 
 0.922256 2176.0 
 0.922262 2416.0 
 0.922267 2560.0 
 0.922273 2224.0 
 0.922278 2236.0 
 0.922284 2148.0 
 0.922289 2140.0 
 0.922295 2092.0 
 0.922300 1832.0 
 0.922306 1904.0 
 0.922311 1888.0 
 0.922317 2088.0 
 0.922323 2140.0 
 0.922328 2248.0 
 0.922334 2120.0 
 0.922339 2324.0 
 0.922345 2320.0 
 0.922350 2224.0 
 0.922356 2296.0 
 0.922361 2500.0 
 0.922367 2200.0 
 0.922372 2316.0 
 0.922378 2312.0 
 0.922383 2340.0 
 0.922389 2340.0 
 0.922394 2276.0 
 0.922400 2448.0 
 0.922405 2332.0 
 0.922411 2096.0 
 0.922416 2520.0 
 0.922422 2544.0 
 0.922427 2372.0 
 0.922433 2496.0 
 0.922438 2184.0 
 0.922444 2416.0 
 0.922449 2368.0 
 0.922455 2380.0 
 0.922460 2236.0 
 0.922466 2240.0 
 0.922471 2272.0 
 0.922477 2260.0 
 0.922482 2276.0 
 0.922488 2272.0 
 0.922493 2428.0 
 0.922499 2232.0 
 0.922505 2588.0 
 0.922510 2364.0 
 0.922516 2316.0 
 0.922521 1996.0 
 0.922527 2376.0 
 0.922532 2348.0 
 0.922538 2492.0 
 0.922543 2164.0 
 0.922549 2508.0 
 0.922554 2524.0 
 0.922560 2228.0 
 0.922565 2308.0 
 0.922571 2460.0 
 0.922576 2520.0 
 0.922582 2432.0 
 0.922587 2504.0 
 0.922593 2428.0 
 0.922598 2392.0 
 0.922604 2604.0 
 0.922609 2484.0 
 0.922615 2404.0 
 0.922620 2480.0 
 0.922626 2152.0 
 0.922631 2692.0 
 0.922637 2480.0 
 0.922642 2300.0 
 0.922648 2448.0 
 0.922653 2124.0 
 0.922659 2204.0 
 0.922664 2244.0 
 0.922670 2444.0 
 0.922675 2256.0 
 0.922681 2532.0 
 0.922687 2360.0 
 0.922692 2388.0 
 0.922698 2508.0 
 0.922703 2340.0 
 0.922709 2532.0 
 0.922714 2412.0 
 0.922720 2540.0 
 0.922725 2676.0 
 0.922731 2384.0 
 0.922736 2260.0 
 0.922742 2412.0 
 0.922747 2404.0 
 0.922753 2564.0 
 0.922758 2768.0 
 0.922764 2276.0 
 0.922769 2312.0 
 0.922775 2416.0 
 0.922780 2416.0 
 0.922786 2456.0 
 0.922791 2356.0 
 0.922797 2352.0 
 0.922802 2348.0 
 0.922808 2440.0 
 0.922813 2412.0 
 0.922819 2572.0 
 0.922824 2420.0 
 0.922830 2480.0 
 0.922835 1896.0 
 0.922841 1964.0 
 0.922846 2040.0 
 0.922852 1920.0 
 0.922857 1932.0 
 0.922863 2156.0 
 0.922869 2018.0 
 0.922874 2344.0 
 0.922880 2040.0 
 0.922885 2144.0 
 0.922891 2396.0 
 0.922896 2196.0 
 0.922902 2224.0 
 0.922907 2356.0 
 0.922913 2304.0 
 0.922918 2096.0 
 0.922924 2292.0 
 0.922929 2180.0 
 0.922935 2312.0 
 0.922940 2208.0 
 0.922946 2220.0 
 0.922951 2144.0 
 0.922957 2264.0 
 0.922962 2048.0 
 0.922968 1906.0 
 0.922973 2212.0 
 0.922979 2116.0 
 0.922984 2096.0 
 0.922990 2088.0 
 0.922995 1924.0 
 0.923001 2016.0 
 0.923006 1944.0 
 0.923012 2312.0 
 0.923017 2096.0 
 0.923023 2036.0 
 0.923028 2132.0 
 0.923034 2204.0 
 0.923039 1904.0 
 0.923045 2032.0 
 0.923051 2300.0 
 0.923056 2200.0 
 0.923062 2240.0 
 0.923067 2036.0 
 0.923073 2044.0 
 0.923078 2084.0 
 0.923084 2180.0 
 0.923089 2056.0 
 0.923095 2176.0 
 0.923100 2212.0 
 0.923106 1980.0 
 0.923111 2084.0 
 0.923117 2328.0 
 0.923122 2188.0 
 0.923128 1880.0 
 0.923133 1992.0 
 0.923139 2180.0 
 0.923144 2308.0 
 0.923150 2008.0 
 0.923155 1892.0 
 0.923161 1732.0 
 0.923166 1920.0 
 0.923172 1872.0 
 0.923177 2164.0 
 0.923183 2084.0 
 0.923188 2216.0 
 0.923194 1848.0 
 0.923199 2180.0 
 0.923205 1828.0 
 0.923210 2240.0 
 0.923216 2012.0 
 0.923221 2156.0 
 0.923227 2044.0 
 0.923233 2016.0 
 0.923238 1964.0 
 0.923244 1828.0 
 0.923249 1872.0 
 0.923255 2040.0 
 0.923260 2120.0 
 0.923266 2276.0 
 0.923271 1988.0 
 0.923277 2396.0 
 0.923282 2148.0 
 0.923288 2000.0 
 0.923293 2140.0 
 0.923299 1908.0 
 0.923304 1924.0 
 0.923310 2156.0 
 0.923315 2016.0 
 0.923321 2024.0 
 0.923326 1972.0 
 0.923332 2176.0 
 0.923337 2144.0 
 0.923343 1940.0 
 0.923348 2140.0 
 0.923354 1996.0 
 0.923359 1800.0 
 0.923365 1904.0 
 0.923370 1808.0 
 0.923376 1956.0 
 0.923381 1852.0 
 0.923387 2088.0 
 0.923392 2112.0 
 0.923398 1864.0 
 0.923403 2264.0 
 0.923409 2024.0 
 0.923415 2200.0 
 0.923420 2420.0 
 0.923426 2140.0 
 0.923431 2172.0 
 0.923437 2020.0 
 0.923442 2432.0 
 0.923448 2160.0 
 0.923453 2216.0 
 0.923459 2068.0 
 0.923464 1876.0 
 0.923470 1916.0 
 0.923475 1804.0 
 0.923481 2100.0 
 0.923486 2108.0 
 0.923492 1880.0 
 0.923497 1900.0 
 0.923503 1968.0 
 0.923508 2024.0 
 0.923514 1932.0 
 0.923519 1924.0 
 0.923525 1824.0 
 0.923530 1976.0 
 0.923536 2036.0 
 0.923541 1952.0 
 0.923547 2196.0 
 0.923552 2012.0 
 0.923558 2160.0 
 0.923563 2184.0 
 0.923569 2320.0 
 0.923574 2092.0 
 0.923580 2260.0 
 0.923585 2080.0 
 0.923591 2104.0 
 0.923597 2160.0 
 0.923602 2168.0 
 0.923608 1986.0 
 0.923613 2056.0 
 0.923619 2036.0 
 0.923624 2048.0 
 0.923630 1840.0 
 0.923635 2048.0 
 0.923641 1804.0 
 0.923646 1844.0 
 0.923652 1924.0 
 0.923657 1948.0 
 0.923663 1996.0 
 0.923668 2216.0 
 0.923674 1932.0 
 0.923679 1956.0 
 0.923685 2120.0 
 0.923690 2212.0 
 0.923696 2056.0 
 0.923701 1994.0 
 0.923707 2040.0 
 0.923712 2072.0 
 0.923718 2084.0 
 0.923723 2320.0 
 0.923729 2312.0 
 0.923734 1972.0 
 0.923740 2312.0 
 0.923745 2328.0 
 0.923751 2092.0 
 0.923756 2116.0 
 0.923762 2132.0 
 0.923767 2108.0 
 0.923773 2144.0 
 0.923779 2024.0 
 0.923784 1956.0 
 0.923790 2144.0 
 0.923795 2008.0 
 0.923801 2180.0 
 0.923806 2056.0 
 0.923812 2108.0 
 0.923817 2080.0 
 0.923823 2056.0 
 0.923828 2160.0 
 0.923834 2096.0 
 0.923839 2044.0 
 0.923845 2040.0 
 0.923850 2080.0 
 0.923856 2200.0 
 0.923861 2120.0 
 0.923867 2032.0 
 0.923872 2240.0 
 0.923878 2096.0 
 0.923883 1968.0 
 0.923889 2096.0 
 0.923894 2024.0 
 0.923900 2108.0 
 0.923905 1912.0 
 0.923911 1796.0 
 0.923916 1916.0 
 0.923922 1780.0 
 0.923927 1992.0 
 0.923933 1804.0 
 0.923938 1928.0 
 0.923944 1904.0 
 0.923949 1816.0 
 0.923955 1868.0 
 0.923961 1928.0 
 0.923966 2132.0 
 0.923972 1812.0 
 0.923977 1728.0 
 0.923983 1848.0 
 0.923988 1864.0 
 0.923994 1860.0 
 0.923999 1912.0 
 0.924005 2088.0 
 0.924010 2108.0 
 0.924016 2020.0 
 0.924021 2444.0 
 0.924027 2136.0 
 0.924032 2284.0 
 0.924038 2192.0 
 0.924043 2360.0 
 0.924049 2100.0 
 0.924054 1964.0 
 0.924060 2164.0 
 0.924065 2340.0 
 0.924071 2068.0 
 0.924076 2196.0 
 0.924082 2048.0 
 0.924087 1988.0 
 0.924093 2212.0 
 0.924098 2012.0 
 0.924104 1984.0 
 0.924109 2064.0 
 0.924115 2428.0 
 0.924120 2016.0 
 0.924126 2176.0 
 0.924131 2340.0 
 0.924137 2308.0 
 0.924143 1912.0 
 0.924148 1856.0 
 0.924154 1748.0 
 0.924159 2016.0 
 0.924165 1816.0 
 0.924170 2156.0 
 0.924176 2440.0 
 0.924181 2100.0 
 0.924187 2248.0 
 0.924192 2280.0 
 0.924198 2280.0 
 0.924203 2122.0 
 0.924209 2168.0 
 0.924214 2152.0 
 0.924220 2352.0 
 0.924225 1952.0 
 0.924231 2136.0 
 0.924236 2260.0 
 0.924242 2208.0 
 0.924247 2104.0 
 0.924253 2012.0 
 0.924258 2216.0 
 0.924264 2052.0 
 0.924269 1876.0 
 0.924275 1856.0 
 0.924280 1712.0 
 0.924286 1904.0 
 0.924291 1800.0 
 0.924297 1932.0 
 0.924302 2196.0 
 0.924308 1984.0 
 0.924313 2044.0 
 0.924319 2228.0 
 0.924325 2192.0 
 0.924330 2076.0 
 0.924336 2108.0 
 0.924341 2344.0 
 0.924347 2292.0 
 0.924352 2116.0 
 0.924358 2260.0 
 0.924363 2120.0 
 0.924369 1928.0 
 0.924374 2076.0 
 0.924380 2364.0 
 0.924385 2156.0 
 0.924391 2352.0 
 0.924396 2324.0 
 0.924402 2260.0 
 0.924407 2296.0 
 0.924413 2384.0 
 0.924418 2236.0 
 0.924424 2496.0 
 0.924429 2264.0 
 0.924435 2296.0 
 0.924440 2208.0 
 0.924446 2216.0 
 0.924451 2366.0 
 0.924457 2116.0 
 0.924462 2036.0 
 0.924468 2348.0 
 0.924473 2228.0 
 0.924479 2076.0 
 0.924484 2268.0 
 0.924490 2184.0 
 0.924495 2268.0 
 0.924501 2256.0 
 0.924507 2012.0 
 0.924512 2280.0 
 0.924518 2024.0 
 0.924523 2304.0 
 0.924529 2176.0 
 0.924534 2172.0 
 0.924540 2272.0 
 0.924545 2228.0 
 0.924551 2420.0 
 0.924556 2128.0 
 0.924562 2096.0 
 0.924567 2140.0 
 0.924573 2028.0 
 0.924578 1904.0 
 0.924584 2076.0 
 0.924589 1992.0 
 0.924595 1940.0 
 0.924600 1828.0 
 0.924606 1852.0 
 0.924611 1744.0 
 0.924617 1744.0 
 0.924622 2148.0 
 0.924628 2120.0 
 0.924633 2104.0 
 0.924639 2088.0 
 0.924644 2132.0 
 0.924650 2024.0 
 0.924655 2208.0 
 0.924661 2400.0 
 0.924666 2168.0 
 0.924672 2132.0 
 0.924677 2148.0 
 0.924683 1990.0 
 0.924689 1888.0 
 0.924694 2100.0 
 0.924700 1912.0 
 0.924705 1876.0 
 0.924711 1632.0 
 0.924716 1688.0 
 0.924722 1352.0 
 0.924727 1372.0 
 0.924733 1332.0 
 0.924738 1252.0 
 0.924744 956.0 
 0.924749 956.0 
 0.924755 1328.0 
 0.924760 1368.0 
 0.924766 1416.0 
 0.924771 1600.0 
 0.924777 1668.0 
 0.924782 1684.0 
 0.924788 2080.0 
 0.924793 1928.0 
 0.924799 2220.0 
 0.924804 2148.0 
 0.924810 2212.0 
 0.924815 2140.0 
 0.924821 2308.0 
 0.924826 2312.0 
 0.924832 2092.0 
 0.924837 2184.0 
 0.924843 2152.0 
 0.924848 2216.0 
 0.924854 1876.0 
 0.924859 2028.0 
 0.924865 1920.0 
 0.924871 1576.0 
 0.924876 1548.0 
 0.924882 1468.0 
 0.924887 1304.0 
 0.924893 1484.0 
 0.924898 1736.0 
 0.924904 1604.0 
 0.924909 1808.0 
 0.924915 1768.0 
 0.924920 1928.0 
 0.924926 2200.0 
 0.924931 2132.0 
 0.924937 1900.0 
 0.924942 2248.0 
 0.924948 2184.0 
 0.924953 2256.0 
 0.924959 2204.0 
 0.924964 2196.0 
 0.924970 2068.0 
 0.924975 2160.0 
 0.924981 2152.0 
 0.924986 2140.0 
 0.924992 1936.0 
 0.924997 2248.0 
 0.925003 2200.0 
 0.925008 2280.0 
 0.925014 2188.0 
 0.925019 2244.0 
 0.925025 2292.0 
 0.925030 2116.0 
 0.925036 2180.0 
 0.925041 2148.0 
 0.925047 2340.0 
 0.925053 2100.0 
 0.925058 2360.0 
 0.925064 2204.0 
 0.925069 2432.0 
 0.925075 2128.0 
 0.925080 2244.0 
 0.925086 2216.0 
 0.925091 2260.0 
 0.925097 1976.0 
 0.925102 1996.0 
 0.925108 2216.0 
 0.925113 1980.0 
 0.925119 2124.0 
 0.925124 2172.0 
 0.925130 2184.0 
 0.925135 2452.0 
 0.925141 2580.0 
 0.925146 2256.0 
 0.925152 2042.0 
 0.925157 2400.0 
 0.925163 2344.0 
 0.925168 2552.0 
 0.925174 2324.0 
 0.925179 2036.0 
 0.925185 2260.0 
 0.925190 2452.0 
 0.925196 2260.0 
 0.925201 2444.0 
 0.925207 2552.0 
 0.925212 2248.0 
 0.925218 2256.0 
 0.925223 2038.0 
 0.925229 2548.0 
 0.925235 2336.0 
 0.925240 2208.0 
 0.925246 2444.0 
 0.925251 2180.0 
 0.925257 2108.0 
 0.925262 2328.0 
 0.925268 2276.0 
 0.925273 2236.0 
 0.925279 2324.0 
 0.925284 2412.0 
 0.925290 2212.0 
 0.925295 2372.0 
 0.925301 2308.0 
 0.925306 2404.0 
 0.925312 2256.0 
 0.925317 2268.0 
 0.925323 2460.0 
 0.925328 2084.0 
 0.925334 1980.0 
 0.925339 2028.0 
 0.925345 2124.0 
 0.925350 1764.0 
 0.925356 1870.0 
 0.925361 1816.0 
 0.925367 1964.0 
 0.925372 2032.0 
 0.925378 2168.0 
 0.925383 2120.0 
 0.925389 2208.0 
 0.925394 2252.0 
 0.925400 2232.0 
 0.925405 2364.0 
 0.925411 2260.0 
 0.925417 1964.0 
 0.925422 1880.0 
 0.925428 1732.0 
 0.925433 1736.0 
 0.925439 1932.0 
 0.925444 1792.0 
 0.925450 1916.0 
 0.925455 1672.0 
 0.925461 1800.0 
 0.925466 1656.0 
 0.925472 1376.0 
 0.925477 1460.0 
 0.925483 1368.0 
 0.925488 1440.0 
 0.925494 1420.0 
 0.925499 1436.0 
 0.925505 1504.0 
 0.925510 1376.0 
 0.925516 1484.0 
 0.925521 1512.0 
 0.925527 1326.0 
 0.925532 1640.0 
 0.925538 1482.0 
 0.925543 1336.0 
 0.925549 1516.0 
 0.925554 1572.0 
 0.925560 1380.0 
 0.925565 1568.0 
 0.925571 1720.0 
 0.925576 1780.0 
 0.925582 1812.0 
 0.925587 1600.0 
 0.925593 1716.0 
 0.925598 1664.0 
 0.925604 1624.0 
 0.925610 1640.0 
 0.925615 1808.0 
 0.925621 1676.0 
 0.925626 1788.0 
 0.925632 1696.0 
 0.925637 1756.0 
 0.925643 1556.0 
 0.925648 1888.0 
 0.925654 1616.0 
 0.925659 1664.0 
 0.925665 1492.0 
 0.925670 1500.0 
 0.925676 1596.0 
 0.925681 1420.0 
 0.925687 1700.0 
 0.925692 1856.0 
 0.925698 1800.0 
 0.925703 1828.0 
 0.925709 2032.0 
 0.925714 1972.0 
 0.925720 2180.0 
 0.925725 2140.0 
 0.925731 2344.0 
 0.925736 1852.0 
 0.925742 1932.0 
 0.925747 1804.0 
 0.925753 1744.0 
 0.925758 1834.0 
 0.925764 1696.0 
 0.925769 1608.0 
 0.925775 1696.0 
 0.925780 1624.0 
 0.925786 1728.0 
 0.925792 1820.0 
 0.925797 1928.0 
 0.925803 2244.0 
 0.925808 2036.0 
 0.925814 2352.0 
 0.925819 2176.0 
 0.925825 2064.0 
 0.925830 2240.0 
 0.925836 2280.0 
 0.925841 2032.0 
 0.925847 2304.0 
 0.925852 2272.0 
 0.925858 2320.0 
 0.925863 2260.0 
 0.925869 1864.0 
 0.925874 2016.0 
 0.925880 1928.0 
 0.925885 1696.0 
 0.925891 1612.0 
 0.925896 1660.0 
 0.925902 1556.0 
 0.925907 1656.0 
 0.925913 1616.0 
 0.925918 1628.0 
 0.925924 1832.0 
 0.925929 2152.0 
 0.925935 1912.0 
 0.925940 2088.0 
 0.925946 2156.0 
 0.925951 2168.0 
 0.925957 2000.0 
 0.925962 2188.0 
 0.925968 2036.0 
 0.925974 2100.0 
 0.925979 2164.0 
 0.925985 2116.0 
 0.925990 2324.0 
 0.925996 2332.0 
 0.926001 2368.0 
 0.926007 2264.0 
 0.926012 2328.0 
 0.926018 2116.0 
 0.926023 2020.0 
 0.926029 2112.0 
 0.926034 2016.0 
 0.926040 2156.0 
 0.926045 2344.0 
 0.926051 2240.0 
 0.926056 2260.0 
 0.926062 2308.0 
 0.926067 2216.0 
 0.926073 2068.0 
 0.926078 2220.0 
 0.926084 2148.0 
 0.926089 2072.0 
 0.926095 1952.0 
 0.926100 1876.0 
 0.926106 1988.0 
 0.926111 2076.0 
 0.926117 2168.0 
 0.926122 2044.0 
 0.926128 1812.0 
 0.926133 1856.0 
 0.926139 2084.0 
 0.926144 1700.0 
 0.926150 1732.0 
 0.926156 2132.0 
 0.926161 2012.0 
 0.926167 1980.0 
 0.926172 1984.0 
 0.926178 2108.0 
 0.926183 2020.0 
 0.926189 1840.0 
 0.926194 1852.0 
 0.926200 1932.0 
 0.926205 1908.0 
 0.926211 1628.0 
 0.926216 1768.0 
 0.926222 1720.0 
 0.926227 1848.0 
 0.926233 1912.0 
 0.926238 1980.0 
 0.926244 1944.0 
 0.926249 2028.0 
 0.926255 2088.0 
 0.926260 2104.0 
 0.926266 1976.0 
 0.926271 2132.0 
 0.926277 1876.0 
 0.926282 2200.0 
 0.926288 1952.0 
 0.926293 2028.0 
 0.926299 1744.0 
 0.926304 2048.0 
 0.926310 1904.0 
 0.926315 1768.0 
 0.926321 1656.0 
 0.926326 1536.0 
 0.926332 1576.0 
 0.926338 1332.0 
 0.926343 1480.0 
 0.926349 1628.0 
 0.926354 1780.0 
 0.926360 1860.0 
 0.926365 1952.0 
 0.926371 1968.0 
 0.926376 1740.0 
 0.926382 1824.0 
 0.926387 1872.0 
 0.926393 1672.0 
 0.926398 1592.0 
 0.926404 1852.0 
 0.926409 1644.0 
 0.926415 1708.0 
 0.926420 1800.0 
 0.926426 1486.0 
 0.926431 1620.0 
 0.926437 1356.0 
 0.926442 1204.0 
 0.926448 1240.0 
 0.926453 1126.0 
 0.926459 1098.0 
 0.926464 1208.0 
 0.926470 1312.0 
 0.926475 1234.0 
 0.926481 1548.0 
 0.926486 1640.0 
 0.926492 1680.0 
 0.926497 1944.0 
 0.926503 1924.0 
 0.926508 2120.0 
 0.926514 1992.0 
 0.926520 1912.0 
 0.926525 1520.0 
 0.926531 1600.0 
 0.926536 1888.0 
 0.926542 1812.0 
 0.926547 1716.0 
 0.926553 1792.0 
 0.926558 1756.0 
 0.926564 1654.0 
 0.926569 1520.0 
 0.926575 1380.0 
 0.926580 1578.0 
 0.926586 1556.0 
 0.926591 1588.0 
 0.926597 1668.0 
 0.926602 1852.0 
 0.926608 1516.0 
 0.926613 1768.0 
 0.926619 1700.0 
 0.926624 1892.0 
 0.926630 1748.0 
 0.926635 2016.0 
 0.926641 1996.0 
 0.926646 1960.0 
 0.926652 2068.0 
 0.926657 2132.0 
 0.926663 2488.0 
 0.926668 2020.0 
 0.926674 2024.0 
 0.926679 2112.0 
 0.926685 1812.0 
 0.926690 2060.0 
 0.926696 1844.0 
 0.926702 1920.0 
 0.926707 1664.0 
 0.926713 1672.0 
 0.926718 1472.0 
 0.926724 1632.0 
 0.926729 1892.0 
 0.926735 2116.0 
 0.926740 2188.0 
 0.926746 2056.0 
 0.926751 2150.0 
 0.926757 2300.0 
 0.926762 1968.0 
 0.926768 2184.0 
 0.926773 2276.0 
 0.926779 2300.0 
 0.926784 2020.0 
 0.926790 2248.0 
 0.926795 2132.0 
 0.926801 1716.0 
 0.926806 1940.0 
 0.926812 2092.0 
 0.926817 2088.0 
 0.926823 1892.0 
 0.926828 1868.0 
 0.926834 2008.0 
 0.926839 1788.0 
 0.926845 1846.0 
 0.926850 1636.0 
 0.926856 1624.0 
 0.926861 1872.0 
 0.926867 1916.0 
 0.926872 1980.0 
 0.926878 1884.0 
 0.926884 2024.0 
 0.926889 2060.0 
 0.926895 2104.0 
 0.926900 2012.0 
 0.926906 2120.0 
 0.926911 2156.0 
 0.926917 2064.0 
 0.926922 2308.0 
 0.926928 2180.0 
 0.926933 2020.0 
 0.926939 2060.0 
 0.926944 2204.0 
 0.926950 2308.0 
 0.926955 2128.0 
 0.926961 2196.0 
 0.926966 2296.0 
 0.926972 2356.0 
 0.926977 2180.0 
 0.926983 2184.0 
 0.926988 2284.0 
 0.926994 2168.0 
 0.926999 2024.0 
 0.927005 2052.0 
 0.927010 2172.0 
 0.927016 2028.0 
 0.927021 2288.0 
 0.927027 2216.0 
 0.927032 2308.0 
 0.927038 2612.0 
 0.927043 1888.0 
 0.927049 2416.0 
 0.927054 2180.0 
 0.927060 2084.0 
 0.927066 2296.0 
 0.927071 2080.0 
 0.927077 2176.0 
 0.927082 2456.0 
 0.927088 2008.0 
 0.927093 2012.0 
 0.927099 1868.0 
 0.927104 1840.0 
 0.927110 1640.0 
 0.927115 2004.0 
 0.927121 1876.0 
 0.927126 1648.0 
 0.927132 1820.0 
 0.927137 2076.0 
 0.927143 1956.0 
 0.927148 2044.0 
 0.927154 2356.0 
 0.927159 2028.0 
 0.927165 2020.0 
 0.927170 2180.0 
 0.927176 2140.0 
 0.927181 1988.0 
 0.927187 2224.0 
 0.927192 1976.0 
 0.927198 2240.0 
 0.927203 2132.0 
 0.927209 1876.0 
 0.927214 1932.0 
 0.927220 2208.0 
 0.927225 2040.0 
 0.927231 2016.0 
 0.927236 1832.0 
 0.927242 1634.0 
 0.927248 1736.0 
 0.927253 1696.0 
 0.927259 1948.0 
 0.927264 1916.0 
 0.927270 1776.0 
 0.927275 1868.0 
 0.927281 1968.0 
 0.927286 1664.0 
 0.927292 1892.0 
 0.927297 1976.0 
 0.927303 1724.0 
 0.927308 1752.0 
 0.927314 1756.0 
 0.927319 1600.0 
 0.927325 1248.0 
 0.927330 1568.0 
 0.927336 1280.0 
 0.927341 1580.0 
 0.927347 1552.0 
 0.927352 1608.0 
 0.927358 1576.0 
 0.927363 1940.0 
 0.927369 1928.0 
 0.927374 1636.0 
 0.927380 2076.0 
 0.927385 2004.0 
 0.927391 1872.0 
 0.927396 1988.0 
 0.927402 1848.0 
 0.927407 1780.0 
 0.927413 1936.0 
 0.927418 1700.0 
 0.927424 1572.0 
 0.927430 1416.0 
 0.927435 1412.0 
 0.927441 1098.0 
 0.927446 1144.0 
 0.927452 920.0 
 0.927457 1008.0 
 0.927463 1112.0 
 0.927468 1268.0 
 0.927474 1360.0 
 0.927479 1290.0 
 0.927485 1544.0 
 0.927490 1668.0 
 0.927496 1732.0 
 0.927501 1618.0 
 0.927507 1768.0 
 0.927512 1732.0 
 0.927518 1880.0 
 0.927523 1744.0 
 0.927529 1836.0 
 0.927534 1732.0 
 0.927540 1856.0 
 0.927545 1752.0 
 0.927551 1624.0 
 0.927556 1500.0 
 0.927562 1476.0 
 0.927567 1494.0 
 0.927573 1336.0 
 0.927578 1516.0 
 0.927584 1316.0 
 0.927589 1276.0 
 0.927595 1384.0 
 0.927600 1196.0 
 0.927606 1612.0 
 0.927612 1324.0 
 0.927617 1816.0 
 0.927623 1784.0 
 0.927628 1780.0 
 0.927634 2072.0 
 0.927639 2108.0 
 0.927645 1784.0 
 0.927650 2088.0 
 0.927656 2196.0 
 0.927661 1788.0 
 0.927667 1928.0 
 0.927672 2172.0 
 0.927678 1880.0 
 0.927683 1788.0 
 0.927689 1988.0 
 0.927694 1812.0 
 0.927700 1646.0 
 0.927705 1956.0 
 0.927711 1832.0 
 0.927716 1996.0 
 0.927722 1788.0 
 0.927727 1484.0 
 0.927733 1696.0 
 0.927738 1652.0 
 0.927744 1688.0 
 0.927749 1732.0 
 0.927755 1828.0 
 0.927760 1884.0 
 0.927766 1720.0 
 0.927771 1884.0 
 0.927777 2012.0 
 0.927782 1820.0 
 0.927788 1748.0 
 0.927794 2020.0 
 0.927799 2028.0 
 0.927805 2068.0 
 0.927810 2236.0 
 0.927816 1698.0 
 0.927821 2064.0 
 0.927827 1980.0 
 0.927832 2148.0 
 0.927838 1976.0 
 0.927843 1996.0 
 0.927849 1760.0 
 0.927854 1696.0 
 0.927860 1500.0 
 0.927865 1544.0 
 0.927871 1440.0 
 0.927876 1492.0 
 0.927882 1648.0 
 0.927887 1800.0 
 0.927893 2140.0 
 0.927898 1908.0 
 0.927904 2004.0 
 0.927909 1932.0 
 0.927915 2048.0 
 0.927920 1900.0 
 0.927926 1896.0 
 0.927931 2036.0 
 0.927937 1932.0 
 0.927942 2104.0 
 0.927948 1800.0 
 0.927953 1680.0 
 0.927959 1496.0 
 0.927964 1284.0 
 0.927970 1200.0 
 0.927976 1344.0 
 0.927981 1568.0 
 0.927987 1340.0 
 0.927992 1420.0 
 0.927998 1400.0 
 0.928003 1512.0 
 0.928009 1536.0 
 0.928014 1620.0 
 0.928020 1680.0 
 0.928025 1700.0 
 0.928031 1868.0 
 0.928036 1764.0 
 0.928042 1824.0 
 0.928047 1872.0 
 0.928053 1768.0 
 0.928058 2072.0 
 0.928064 1992.0 
 0.928069 1964.0 
 0.928075 2008.0 
 0.928080 1836.0 
 0.928086 1456.0 
 0.928091 1876.0 
 0.928097 1554.0 
 0.928102 1530.0 
 0.928108 1496.0 
 0.928113 1532.0 
 0.928119 1420.0 
 0.928124 1612.0 
 0.928130 1784.0 
 0.928135 1708.0 
 0.928141 1812.0 
 0.928146 1752.0 
 0.928152 2096.0 
 0.928158 2344.0 
 0.928163 1964.0 
 0.928169 1816.0 
 0.928174 2244.0 
 0.928180 2144.0 
 0.928185 2176.0 
 0.928191 2212.0 
 0.928196 2192.0 
 0.928202 2100.0 
 0.928207 2100.0 
 0.928213 1888.0 
 0.928218 2072.0 
 0.928224 2008.0 
 0.928229 2172.0 
 0.928235 2176.0 
 0.928240 2256.0 
 0.928246 2040.0 
 0.928251 2036.0 
 0.928257 2028.0 
 0.928262 1700.0 
 0.928268 1836.0 
 0.928273 1774.0 
 0.928279 1908.0 
 0.928284 1676.0 
 0.928290 1800.0 
 0.928295 1718.0 
 0.928301 1460.0 
 0.928306 1352.0 
 0.928312 1324.0 
 0.928317 1264.0 
 0.928323 1424.0 
 0.928328 1280.0 
 0.928334 1136.0 
 0.928340 1364.0 
 0.928345 1554.0 
 0.928351 1584.0 
 0.928356 1716.0 
 0.928362 1456.0 
 0.928367 1640.0 
 0.928373 1634.0 
 0.928378 1812.0 
 0.928384 1792.0 
 0.928389 1512.0 
 0.928395 1844.0 
 0.928400 1488.0 
 0.928406 1572.0 
 0.928411 1336.0 
 0.928417 1372.0 
 0.928422 1148.0 
 0.928428 924.0 
 0.928433 880.0 
 0.928439 1026.0 
 0.928444 1040.0 
 0.928450 1022.0 
 0.928455 1032.0 
 0.928461 766.0 
 0.928466 800.0 
 0.928472 796.0 
 0.928477 712.0 
 0.928483 844.0 
 0.928488 852.0 
 0.928494 840.0 
 0.928499 910.0 
 0.928505 928.0 
 0.928510 1344.0 
 0.928516 1160.0 
 0.928522 1324.0 
 0.928527 1500.0 
 0.928533 1496.0 
 0.928538 1508.0 
 0.928544 1456.0 
 0.928549 1356.0 
 0.928555 1452.0 
 0.928560 1280.0 
 0.928566 1448.0 
 0.928571 1206.0 
 0.928577 1220.0 
 0.928582 1160.0 
 0.928588 1280.0 
 0.928593 1446.0 
 0.928599 1048.0 
 0.928604 1248.0 
 0.928610 1240.0 
 0.928615 1140.0 
 0.928621 1132.0 
 0.928626 944.0 
 0.928632 668.0 
 0.928637 578.0 
 0.928643 496.0 
 0.928648 854.0 
 0.928654 1024.0 
 0.928659 1040.0 
 0.928665 972.0 
 0.928670 1256.0 
 0.928676 1540.0 
 0.928681 1264.0 
 0.928687 1536.0 
 0.928692 1698.0 
 0.928698 1538.0 
 0.928704 1820.0 
 0.928709 1472.0 
 0.928715 1812.0 
 0.928720 1992.0 
 0.928726 1924.0 
 0.928731 1732.0 
 0.928737 1784.0 
 0.928742 1580.0 
 0.928748 1564.0 
 0.928753 1678.0 
 0.928759 1392.0 
 0.928764 1650.0 
 0.928770 1412.0 
 0.928775 1240.0 
 0.928781 1244.0 
 0.928786 1520.0 
 0.928792 1300.0 
 0.928797 1296.0 
 0.928803 1432.0 
 0.928808 1400.0 
 0.928814 1392.0 
 0.928819 1656.0 
 0.928825 1604.0 
 0.928830 1744.0 
 0.928836 1460.0 
 0.928841 1672.0 
 0.928847 1754.0 
 0.928852 1772.0 
 0.928858 1976.0 
 0.928863 1736.0 
 0.928869 1912.0 
 0.928874 2020.0 
 0.928880 2020.0 
 0.928886 1928.0 
 0.928891 1944.0 
 0.928897 1916.0 
 0.928902 2008.0 
 0.928908 1900.0 
 0.928913 1920.0 
 0.928919 1840.0 
 0.928924 2084.0 
 0.928930 1912.0 
 0.928935 1980.0 
 0.928941 1932.0 
 0.928946 1884.0 
 0.928952 2084.0 
 0.928957 1844.0 
 0.928963 1908.0 
 0.928968 2064.0 
 0.928974 1912.0 
 0.928979 1880.0 
 0.928985 1808.0 
 0.928990 1828.0 
 0.928996 1980.0 
 0.929001 2300.0 
 0.929007 2004.0 
 0.929012 1968.0 
 0.929018 1832.0 
 0.929023 2176.0 
 0.929029 1768.0 
 0.929034 1960.0 
 0.929040 2256.0 
 0.929045 1812.0 
 0.929051 2092.0 
 0.929056 2200.0 
 0.929062 2108.0 
 0.929068 1976.0 
 0.929073 2008.0 
 0.929079 2052.0 
 0.929084 2136.0 
 0.929090 1976.0 
 0.929095 2012.0 
 0.929101 2000.0 
 0.929106 1876.0 
 0.929112 1992.0 
 0.929117 1996.0 
 0.929123 2180.0 
 0.929128 2020.0 
 0.929134 2088.0 
 0.929139 1908.0 
 0.929145 1964.0 
 0.929150 1944.0 
 0.929156 1964.0 
 0.929161 2104.0 
 0.929167 2260.0 
 0.929172 1828.0 
 0.929178 1548.0 
 0.929183 1680.0 
 0.929189 1776.0 
 0.929194 1736.0 
 0.929200 1756.0 
 0.929205 2072.0 
 0.929211 1852.0 
 0.929216 1826.0 
 0.929222 1864.0 
 0.929227 1976.0 
 0.929233 1948.0 
 0.929238 2104.0 
 0.929244 2144.0 
 0.929250 1972.0 
 0.929255 2060.0 
 0.929261 1996.0 
 0.929266 2100.0 
 0.929272 1972.0 
 0.929277 2336.0 
 0.929283 2176.0 
 0.929288 1928.0 
 0.929294 1792.0 
 0.929299 2124.0 
 0.929305 1952.0 
 0.929310 1672.0 
 0.929316 2140.0 
 0.929321 1988.0 
 0.929327 1636.0 
 0.929332 1784.0 
 0.929338 1932.0 
 0.929343 1780.0 
 0.929349 1736.0 
 0.929354 2018.0 
 0.929360 1916.0 
 0.929365 1848.0 
 0.929371 2144.0 
 0.929376 2064.0 
 0.929382 1908.0 
 0.929387 1872.0 
 0.929393 2264.0 
 0.929398 2356.0 
 0.929404 1724.0 
 0.929409 2060.0 
 0.929415 1668.0 
 0.929420 1864.0 
 0.929426 1728.0 
 0.929432 1896.0 
 0.929437 1908.0 
 0.929443 2020.0 
 0.929448 1752.0 
 0.929454 1876.0 
 0.929459 1676.0 
 0.929465 1732.0 
 0.929470 1640.0 
 0.929476 1660.0 
 0.929481 1664.0 
 0.929487 1592.0 
 0.929492 1612.0 
 0.929498 1712.0 
 0.929503 1524.0 
 0.929509 1640.0 
 0.929514 1496.0 
 0.929520 1536.0 
 0.929525 1372.0 
 0.929531 1408.0 
 0.929536 1400.0 
 0.929542 1508.0 
 0.929547 1224.0 
 0.929553 1648.0 
 0.929558 1704.0 
 0.929564 1588.0 
 0.929569 1592.0 
 0.929575 1376.0 
 0.929580 1516.0 
 0.929586 1434.0 
 0.929591 1408.0 
 0.929597 1124.0 
 0.929602 912.0 
 0.929608 1122.0 
 0.929614 688.0 
 0.929619 956.0 
 0.929625 1008.0 
 0.929630 972.0 
 0.929636 992.0 
 0.929641 1048.0 
 0.929647 1124.0 
 0.929652 1276.0 
 0.929658 1240.0 
 0.929663 1132.0 
 0.929669 1256.0 
 0.929674 1424.0 
 0.929680 1388.0 
 0.929685 1094.0 
 0.929691 1216.0 
 0.929696 1372.0 
 0.929702 1424.0 
 0.929707 1392.0 
 0.929713 1304.0 
 0.929718 1404.0 
 0.929724 1520.0 
 0.929729 1248.0 
 0.929735 1320.0 
 0.929740 1008.0 
 0.929746 1124.0 
 0.929751 1228.0 
 0.929757 1448.0 
 0.929762 1200.0 
 0.929768 1234.0 
 0.929773 1400.0 
 0.929779 1274.0 
 0.929784 1464.0 
 0.929790 1544.0 
 0.929796 1504.0 
 0.929801 1624.0 
 0.929807 1540.0 
 0.929812 1612.0 
 0.929818 1396.0 
 0.929823 1764.0 
 0.929829 1652.0 
 0.929834 1660.0 
 0.929840 1764.0 
 0.929845 1740.0 
 0.929851 1700.0 
 0.929856 1684.0 
 0.929862 1794.0 
 0.929867 1644.0 
 0.929873 1752.0 
 0.929878 1776.0 
 0.929884 1916.0 
 0.929889 1684.0 
 0.929895 1698.0 
 0.929900 1696.0 
 0.929906 1768.0 
 0.929911 1800.0 
 0.929917 1762.0 
 0.929922 1740.0 
 0.929928 1572.0 
 0.929933 1716.0 
 0.929939 1708.0 
 0.929944 1656.0 
 0.929950 1400.0 
 0.929955 1576.0 
 0.929961 1564.0 
 0.929966 1432.0 
 0.929972 1464.0 
 0.929978 1360.0 
 0.929983 1160.0 
 0.929989 1422.0 
 0.929994 1340.0 
 0.930000 1392.0 
 0.930005 1284.0 
 0.930011 1444.0 
 0.930016 1260.0 
 0.930022 1152.0 
 0.930027 1244.0 
 0.930033 1456.0 
 0.930038 1502.0 
 0.930044 1440.0 
 0.930049 1732.0 
 0.930055 1400.0 
 0.930060 1348.0 
 0.930066 1632.0 
 0.930071 1532.0 
 0.930077 1260.0 
 0.930082 1180.0 
 0.930088 1188.0 
 0.930093 996.0 
 0.930099 1072.0 
 0.930104 902.0 
 0.930110 832.0 
 0.930115 714.0 
 0.930121 892.0 
 0.930126 1096.0 
 0.930132 948.0 
 0.930137 1024.0 
 0.930143 1160.0 
 0.930148 1084.0 
 0.930154 1152.0 
 0.930160 1076.0 
 0.930165 1056.0 
 0.930171 1150.0 
 0.930176 1408.0 
 0.930182 1432.0 
 0.930187 1532.0 
 0.930193 1352.0 
 0.930198 1566.0 
 0.930204 1432.0 
 0.930209 1336.0 
 0.930215 1388.0 
 0.930220 1496.0 
 0.930226 1400.0 
 0.930231 1310.0 
 0.930237 1368.0 
 0.930242 1252.0 
 0.930248 1328.0 
 0.930253 1268.0 
 0.930259 1350.0 
 0.930264 1326.0 
 0.930270 1464.0 
 0.930275 1416.0 
 0.930281 1424.0 
 0.930286 1608.0 
 0.930292 1704.0 
 0.930297 1764.0 
 0.930303 1776.0 
 0.930308 1664.0 
 0.930314 1760.0 
 0.930319 1790.0 
 0.930325 1728.0 
 0.930330 2124.0 
 0.930336 1884.0 
 0.930342 1724.0 
 0.930347 1724.0 
 0.930353 1884.0 
 0.930358 1736.0 
 0.930364 1720.0 
 0.930369 1720.0 
 0.930375 1828.0 
 0.930380 1756.0 
 0.930386 1864.0 
 0.930391 1944.0 
 0.930397 1792.0 
 0.930402 1832.0 
 0.930408 1744.0 
 0.930413 1912.0 
 0.930419 1752.0 
 0.930424 1868.0 
 0.930430 1808.0 
 0.930435 1604.0 
 0.930441 1980.0 
 0.930446 1898.0 
 0.930452 1844.0 
 0.930457 2008.0 
 0.930463 1668.0 
 0.930468 1904.0 
 0.930474 1920.0 
 0.930479 1916.0 
 0.930485 1724.0 
 0.930490 1876.0 
 0.930496 1892.0 
 0.930501 2072.0 
 0.930507 1908.0 
 0.930512 1656.0 
 0.930518 1840.0 
 0.930524 1644.0 
 0.930529 1732.0 
 0.930535 1702.0 
 0.930540 1848.0 
 0.930546 1702.0 
 0.930551 1876.0 
 0.930557 1952.0 
 0.930562 1988.0 
 0.930568 1804.0 
 0.930573 1992.0 
 0.930579 1700.0 
 0.930584 1856.0 
 0.930590 1672.0 
 0.930595 2040.0 
 0.930601 1772.0 
 0.930606 1940.0 
 0.930612 1660.0 
 0.930617 1924.0 
 0.930623 1970.0 
 0.930628 1784.0 
 0.930634 1964.0 
 0.930639 1932.0 
 0.930645 1736.0 
 0.930650 1900.0 
 0.930656 1884.0 
 0.930661 1944.0 
 0.930667 1892.0 
 0.930672 1760.0 
 0.930678 1916.0 
 0.930683 1712.0 
 0.930689 1884.0 
 0.930694 1608.0 
 0.930700 1920.0 
 0.930706 2104.0 
 0.930711 1856.0 
 0.930717 1836.0 
 0.930722 1840.0 
 0.930728 1908.0 
 0.930733 2192.0 
 0.930739 1736.0 
 0.930744 1960.0 
 0.930750 2036.0 
 0.930755 1864.0 
 0.930761 1756.0 
 0.930766 1696.0 
 0.930772 1612.0 
 0.930777 1490.0 
 0.930783 1868.0 
 0.930788 1402.0 
 0.930794 1468.0 
 0.930799 1596.0 
 0.930805 1604.0 
 0.930810 1588.0 
 0.930816 1616.0 
 0.930821 1888.0 
 0.930827 1708.0 
 0.930832 1768.0 
 0.930838 2144.0 
 0.930843 1872.0 
 0.930849 1800.0 
 0.930854 1680.0 
 0.930860 1952.0 
 0.930865 1904.0 
 0.930871 1804.0 
 0.930876 1824.0 
 0.930882 1548.0 
 0.930888 1740.0 
 0.930893 1748.0 
 0.930899 1692.0 
 0.930904 2064.0 
 0.930910 1604.0 
 0.930915 1320.0 
 0.930921 1616.0 
 0.930926 1488.0 
 0.930932 1504.0 
 0.930937 1228.0 
 0.930943 1378.0 
 0.930948 1220.0 
 0.930954 1178.0 
 0.930959 840.0 
 0.930965 1126.0 
 0.930970 1108.0 
 0.930976 1258.0 
 0.930981 1244.0 
 0.930987 1332.0 
 0.930992 1548.0 
 0.930998 1312.0 
 0.931003 1544.0 
 0.931009 1436.0 
 0.931014 1740.0 
 0.931020 1800.0 
 0.931025 1888.0 
 0.931031 1936.0 
 0.931036 1800.0 
 0.931042 1890.0 
 0.931047 2000.0 
 0.931053 1820.0 
 0.931058 2128.0 
 0.931064 1972.0 
 0.931070 1488.0 
 0.931075 1664.0 
 0.931081 1920.0 
 0.931086 1740.0 
 0.931092 1652.0 
 0.931097 1364.0 
 0.931103 1504.0 
 0.931108 1328.0 
 0.931114 1104.0 
 0.931119 1212.0 
 0.931125 1312.0 
 0.931130 1280.0 
 0.931136 1252.0 
 0.931141 1444.0 
 0.931147 1780.0 
 0.931152 1554.0 
 0.931158 1712.0 
 0.931163 1644.0 
 0.931169 1860.0 
 0.931174 1600.0 
 0.931180 1772.0 
 0.931185 1868.0 
 0.931191 2004.0 
 0.931196 1952.0 
 0.931202 1868.0 
 0.931207 1852.0 
 0.931213 1836.0 
 0.931218 1528.0 
 0.931224 1908.0 
 0.931229 1812.0 
 0.931235 1708.0 
 0.931240 1852.0 
 0.931246 2012.0 
 0.931252 1832.0 
 0.931257 2000.0 
 0.931263 1778.0 
 0.931268 1976.0 
 0.931274 1676.0 
 0.931279 1792.0 
 0.931285 1792.0 
 0.931290 1468.0 
 0.931296 1760.0 
 0.931301 1508.0 
 0.931307 1548.0 
 0.931312 1520.0 
 0.931318 1488.0 
 0.931323 1476.0 
 0.931329 1478.0 
 0.931334 1592.0 
 0.931340 1396.0 
 0.931345 1540.0 
 0.931351 1904.0 
 0.931356 1892.0 
 0.931362 1728.0 
 0.931367 1972.0 
 0.931373 1772.0 
 0.931378 1592.0 
 0.931384 1564.0 
 0.931389 1872.0 
 0.931395 1848.0 
 0.931400 1824.0 
 0.931406 1656.0 
 0.931411 1928.0 
 0.931417 1572.0 
 0.931422 1780.0 
 0.931428 1596.0 
 0.931434 1388.0 
 0.931439 1448.0 
 0.931445 1384.0 
 0.931450 1244.0 
 0.931456 1308.0 
 0.931461 1116.0 
 0.931467 1338.0 
 0.931472 1218.0 
 0.931478 1420.0 
 0.931483 1140.0 
 0.931489 1516.0 
 0.931494 1440.0 
 0.931500 1236.0 
 0.931505 1240.0 
 0.931511 1458.0 
 0.931516 1506.0 
 0.931522 1372.0 
 0.931527 1372.0 
 0.931533 1380.0 
 0.931538 1300.0 
 0.931544 1464.0 
 0.931549 1206.0 
 0.931555 1614.0 
 0.931560 1424.0 
 0.931566 1476.0 
 0.931571 1480.0 
 0.931577 1648.0 
 0.931582 1600.0 
 0.931588 1780.0 
 0.931593 1764.0 
 0.931599 1720.0 
 0.931604 1640.0 
 0.931610 1704.0 
 0.931616 1772.0 
 0.931621 1516.0 
 0.931627 1460.0 
 0.931632 1568.0 
 0.931638 1376.0 
 0.931643 1350.0 
 0.931649 1484.0 
 0.931654 1336.0 
 0.931660 1544.0 
 0.931665 1268.0 
 0.931671 1100.0 
 0.931676 1144.0 
 0.931682 1172.0 
 0.931687 1220.0 
 0.931693 1076.0 
 0.931698 1134.0 
 0.931704 1046.0 
 0.931709 1018.0 
 0.931715 1232.0 
 0.931720 1256.0 
 0.931726 1112.0 
 0.931731 1460.0 
 0.931737 1356.0 
 0.931742 1338.0 
 0.931748 1992.0 
 0.931753 1504.0 
 0.931759 1572.0 
 0.931764 1944.0 
 0.931770 1908.0 
 0.931775 1740.0 
 0.931781 2220.0 
 0.931786 2380.0 
 0.931792 2072.0 
 0.931798 2000.0 
 0.931803 1984.0 
 0.931809 2232.0 
 0.931814 2252.0 
 0.931820 2116.0 
 0.931825 1932.0 
 0.931831 2136.0 
 0.931836 1844.0 
 0.931842 2256.0 
 0.931847 2148.0 
 0.931853 2128.0 
 0.931858 1872.0 
 0.931864 2316.0 
 0.931869 1904.0 
 0.931875 2336.0 
 0.931880 1960.0 
 0.931886 2064.0 
 0.931891 1932.0 
 0.931897 2324.0 
 0.931902 2076.0 
 0.931908 2216.0 
 0.931913 1968.0 
 0.931919 2360.0 
 0.931924 2232.0 
 0.931930 2304.0 
 0.931935 2172.0 
 0.931941 2254.0 
 0.931946 1834.0 
 0.931952 2168.0 
 0.931957 2108.0 
 0.931963 1988.0 
 0.931968 1744.0 
 0.931974 1912.0 
 0.931980 2124.0 
 0.931985 2012.0 
 0.931991 1988.0 
 0.931996 1928.0 
 0.932002 2088.0 
 0.932007 1940.0 
 0.932013 2108.0 
 0.932018 2212.0 
 0.932024 2024.0 
 0.932029 2168.0 
 0.932035 1952.0 
 0.932040 2284.0 
 0.932046 2152.0 
 0.932051 2036.0 
 0.932057 1896.0 
 0.932062 1876.0 
 0.932068 2004.0 
 0.932073 1896.0 
 0.932079 2244.0 
 0.932084 2332.0 
 0.932090 1968.0 
 0.932095 2460.0 
 0.932101 2112.0 
 0.932106 1964.0 
 0.932112 1820.0 
 0.932117 2064.0 
 0.932123 2172.0 
 0.932128 2144.0 
 0.932134 1792.0 
 0.932139 2120.0 
 0.932145 1980.0 
 0.932150 1976.0 
 0.932156 2032.0 
 0.932162 2208.0 
 0.932167 2208.0 
 0.932173 1960.0 
 0.932178 2152.0 
 0.932184 1712.0 
 0.932189 1760.0 
 0.932195 2024.0 
 0.932200 2292.0 
 0.932206 2112.0 
 0.932211 1948.0 
 0.932217 2020.0 
 0.932222 1828.0 
 0.932228 1690.0 
 0.932233 1604.0 
 0.932239 1608.0 
 0.932244 1688.0 
 0.932250 1536.0 
 0.932255 1524.0 
 0.932261 1752.0 
 0.932266 1816.0 
 0.932272 1456.0 
 0.932277 1784.0 
 0.932283 1556.0 
 0.932288 1740.0 
 0.932294 1872.0 
 0.932299 1856.0 
 0.932305 2028.0 
 0.932310 1992.0 
 0.932316 2276.0 
 0.932321 1976.0 
