 0.932254 1432.0 
 0.932260 1356.0 
 0.932265 1780.0 
 0.932271 2168.0 
 0.932277 2436.0 
 0.932282 2920.0 
 0.932288 2888.0 
 0.932294 3388.0 
 0.932299 3424.0 
 0.932305 3748.0 
 0.932311 3316.0 
 0.932317 3668.0 
 0.932322 3284.0 
 0.932328 3230.0 
 0.932334 3196.0 
 0.932339 2948.0 
 0.932345 3232.0 
 0.932351 3252.0 
 0.932356 3488.0 
 0.932362 3548.0 
 0.932368 3604.0 
 0.932374 3896.0 
 0.932379 3772.0 
 0.932385 3600.0 
 0.932391 3652.0 
 0.932396 3748.0 
 0.932402 3892.0 
 0.932408 3876.0 
 0.932413 3836.0 
 0.932419 3712.0 
 0.932425 4156.0 
 0.932431 4108.0 
 0.932436 3820.0 
 0.932442 3876.0 
 0.932448 3924.0 
 0.932453 3992.0 
 0.932459 3800.0 
 0.932465 4040.0 
 0.932470 4140.0 
 0.932476 3868.0 
 0.932482 4160.0 
 0.932488 3860.0 
 0.932493 3848.0 
 0.932499 3824.0 
 0.932505 3832.0 
 0.932510 4124.0 
 0.932516 4348.0 
 0.932522 4052.0 
 0.932527 4148.0 
 0.932533 3872.0 
 0.932539 3812.0 
 0.932545 3704.0 
 0.932550 3916.0 
 0.932556 3916.0 
 0.932562 3948.0 
 0.932567 3660.0 
 0.932573 3780.0 
 0.932579 3900.0 
 0.932584 4060.0 
 0.932590 3840.0 
 0.932596 3988.0 
 0.932602 4288.0 
 0.932607 3840.0 
 0.932613 3836.0 
 0.932619 3644.0 
 0.932624 3912.0 
 0.932630 3648.0 
 0.932636 3568.0 
 0.932641 3712.0 
 0.932647 3968.0 
 0.932653 3808.0 
 0.932659 3888.0 
 0.932664 3876.0 
 0.932670 3964.0 
 0.932676 3856.0 
 0.932681 3760.0 
 0.932687 3800.0 
 0.932693 3608.0 
 0.932698 3604.0 
 0.932704 3312.0 
 0.932710 3372.0 
 0.932716 3340.0 
 0.932721 3100.0 
 0.932727 2980.0 
 0.932733 3052.0 
 0.932738 3024.0 
 0.932744 2752.0 
 0.932750 3156.0 
 0.932755 3244.0 
 0.932761 3348.0 
 0.932767 3300.0 
 0.932773 3692.0 
 0.932778 3676.0 
 0.932784 3744.0 
 0.932790 3820.0 
 0.932795 3756.0 
 0.932801 4016.0 
 0.932807 3952.0 
 0.932813 3644.0 
 0.932818 3708.0 
 0.932824 3916.0 
 0.932830 3908.0 
 0.932835 3940.0 
 0.932841 3960.0 
 0.932847 3844.0 
 0.932852 4204.0 
 0.932858 4244.0 
 0.932864 3808.0 
 0.932870 3800.0 
 0.932875 3856.0 
 0.932881 3768.0 
 0.932887 3936.0 
 0.932892 3724.0 
 0.932898 3948.0 
 0.932904 3804.0 
 0.932909 3652.0 
 0.932915 3696.0 
 0.932921 4216.0 
 0.932927 3856.0 
 0.932932 3940.0 
 0.932938 3756.0 
 0.932944 4040.0 
 0.932949 3792.0 
 0.932955 3576.0 
 0.932961 3780.0 
 0.932966 3848.0 
 0.932972 3724.0 
 0.932978 3540.0 
 0.932984 3332.0 
 0.932989 3474.0 
 0.932995 3428.0 
 0.933001 3144.0 
 0.933006 3180.0 
 0.933012 3216.0 
 0.933018 3636.0 
 0.933023 3160.0 
 0.933029 3424.0 
 0.933035 3696.0 
 0.933041 3640.0 
 0.933046 3716.0 
 0.933052 3804.0 
 0.933058 3692.0 
 0.933063 3492.0 
 0.933069 3372.0 
 0.933075 3780.0 
 0.933080 3552.0 
 0.933086 3916.0 
 0.933092 3956.0 
 0.933098 3524.0 
 0.933103 3780.0 
 0.933109 3664.0 
 0.933115 3636.0 
 0.933120 3912.0 
 0.933126 3624.0 
 0.933132 3812.0 
 0.933137 3748.0 
 0.933143 3888.0 
 0.933149 3648.0 
 0.933155 3736.0 
 0.933160 3308.0 
 0.933166 3896.0 
 0.933172 3716.0 
 0.933177 3580.0 
 0.933183 3768.0 
 0.933189 3316.0 
 0.933194 3316.0 
 0.933200 3184.0 
 0.933206 3324.0 
 0.933212 3916.0 
 0.933217 3392.0 
 0.933223 3568.0 
 0.933229 3552.0 
 0.933234 3932.0 
 0.933240 3636.0 
 0.933246 3716.0 
 0.933251 3628.0 
 0.933257 3580.0 
 0.933263 3680.0 
 0.933269 3592.0 
 0.933274 3608.0 
 0.933280 3832.0 
 0.933286 3628.0 
 0.933291 3448.0 
 0.933297 3940.0 
 0.933303 3776.0 
 0.933308 3940.0 
 0.933314 3636.0 
 0.933320 3628.0 
 0.933326 3628.0 
 0.933331 3460.0 
 0.933337 3536.0 
 0.933343 3392.0 
 0.933348 3468.0 
 0.933354 3732.0 
 0.933360 3748.0 
 0.933365 3516.0 
 0.933371 3672.0 
 0.933377 3416.0 
 0.933383 3728.0 
 0.933388 3308.0 
 0.933394 3564.0 
 0.933400 3600.0 
 0.933405 3480.0 
 0.933411 3288.0 
 0.933417 3320.0 
 0.933422 3692.0 
 0.933428 3356.0 
 0.933434 3500.0 
 0.933440 3352.0 
 0.933445 3576.0 
 0.933451 2948.0 
 0.933457 2564.0 
 0.933462 2460.0 
 0.933468 2232.0 
 0.933474 1796.0 
 0.933479 1858.0 
 0.933485 2088.0 
 0.933491 2244.0 
 0.933497 2638.0 
 0.933502 2996.0 
 0.933508 3132.0 
 0.933514 3080.0 
 0.933519 3400.0 
 0.933525 3488.0 
 0.933531 3156.0 
 0.933536 3328.0 
 0.933542 3544.0 
 0.933548 3692.0 
 0.933554 3256.0 
 0.933559 3364.0 
 0.933565 3224.0 
 0.933571 3244.0 
 0.933576 2800.0 
 0.933582 2564.0 
 0.933588 2672.0 
 0.933593 2704.0 
 0.933599 2856.0 
 0.933605 3084.0 
 0.933611 3112.0 
 0.933616 3680.0 
 0.933622 3448.0 
 0.933628 3272.0 
 0.933633 3452.0 
 0.933639 3532.0 
 0.933645 3556.0 
 0.933650 3732.0 
 0.933656 3628.0 
 0.933662 3916.0 
 0.933668 3564.0 
 0.933673 3560.0 
 0.933679 3600.0 
 0.933685 3368.0 
 0.933690 3612.0 
 0.933696 3224.0 
 0.933702 3660.0 
 0.933707 3628.0 
 0.933713 3524.0 
 0.933719 3124.0 
 0.933725 3392.0 
 0.933730 2656.0 
 0.933736 2624.0 
 0.933742 2596.0 
 0.933747 2708.0 
 0.933753 2852.0 
 0.933759 2744.0 
 0.933764 2796.0 
 0.933770 3028.0 
 0.933776 3424.0 
 0.933782 3272.0 
 0.933787 3388.0 
 0.933793 3456.0 
 0.933799 3196.0 
 0.933804 3384.0 
 0.933810 3180.0 
 0.933816 3432.0 
 0.933821 3284.0 
 0.933827 3380.0 
 0.933833 3160.0 
 0.933839 3272.0 
 0.933844 2820.0 
 0.933850 3088.0 
 0.933856 3180.0 
 0.933861 3200.0 
 0.933867 3308.0 
 0.933873 3092.0 
 0.933878 3452.0 
 0.933884 3234.0 
 0.933890 3492.0 
 0.933896 3488.0 
 0.933901 3308.0 
 0.933907 3116.0 
 0.933913 3042.0 
 0.933918 3252.0 
 0.933924 3208.0 
 0.933930 3112.0 
 0.933936 3200.0 
 0.933941 3344.0 
 0.933947 3152.0 
 0.933953 2856.0 
 0.933958 3056.0 
 0.933964 2996.0 
 0.933970 2944.0 
 0.933975 2976.0 
 0.933981 3380.0 
 0.933987 3144.0 
 0.933993 3228.0 
 0.933998 3416.0 
 0.934004 2924.0 
 0.934010 3076.0 
 0.934015 2624.0 
 0.934021 2840.0 
 0.934027 2552.0 
 0.934032 2668.0 
 0.934038 2524.0 
 0.934044 2352.0 
 0.934050 2484.0 
 0.934055 2828.0 
 0.934061 2748.0 
 0.934067 2944.0 
 0.934072 2964.0 
 0.934078 2988.0 
 0.934084 3304.0 
 0.934089 3012.0 
 0.934095 3184.0 
 0.934101 3484.0 
 0.934107 3304.0 
 0.934112 3516.0 
 0.934118 3152.0 
 0.934124 3316.0 
 0.934129 3228.0 
 0.934135 3116.0 
 0.934141 3324.0 
 0.934146 3252.0 
 0.934152 3024.0 
 0.934158 3216.0 
 0.934164 3256.0 
 0.934169 3384.0 
 0.934175 2916.0 
 0.934181 3520.0 
 0.934186 3096.0 
 0.934192 3688.0 
 0.934198 3016.0 
 0.934203 3588.0 
 0.934209 3128.0 
 0.934215 3244.0 
 0.934221 3416.0 
 0.934226 3504.0 
 0.934232 3216.0 
 0.934238 3584.0 
 0.934243 3324.0 
 0.934249 3120.0 
 0.934255 3388.0 
 0.934260 3128.0 
 0.934266 3148.0 
 0.934272 3000.0 
 0.934278 2724.0 
 0.934283 2476.0 
 0.934289 2712.0 
 0.934295 2764.0 
 0.934300 3128.0 
 0.934306 3092.0 
 0.934312 3528.0 
 0.934317 3128.0 
 0.934323 3532.0 
 0.934329 3428.0 
 0.934335 3460.0 
 0.934340 3160.0 
 0.934346 3656.0 
 0.934352 3408.0 
 0.934357 3404.0 
 0.934363 3316.0 
 0.934369 3216.0 
 0.934374 3168.0 
 0.934380 3156.0 
 0.934386 3196.0 
 0.934392 3084.0 
 0.934397 3588.0 
 0.934403 3256.0 
 0.934409 3372.0 
 0.934414 3180.0 
 0.934420 3356.0 
 0.934426 3196.0 
 0.934431 3258.0 
 0.934437 3420.0 
 0.934443 3564.0 
 0.934449 3092.0 
 0.934454 3232.0 
 0.934460 3208.0 
 0.934466 3052.0 
 0.934471 3040.0 
 0.934477 3100.0 
 0.934483 2840.0 
 0.934488 2744.0 
 0.934494 2456.0 
 0.934500 2448.0 
 0.934506 2504.0 
 0.934511 2528.0 
 0.934517 2480.0 
 0.934523 2596.0 
 0.934528 2848.0 
 0.934534 2908.0 
 0.934540 3032.0 
 0.934545 3196.0 
 0.934551 2956.0 
 0.934557 3180.0 
 0.934563 3124.0 
 0.934568 3164.0 
 0.934574 3156.0 
 0.934580 3008.0 
 0.934585 3224.0 
 0.934591 2876.0 
 0.934597 2668.0 
 0.934602 2728.0 
 0.934608 2408.0 
 0.934614 2416.0 
 0.934620 1984.0 
 0.934625 1952.0 
 0.934631 2016.0 
 0.934637 1548.0 
 0.934642 1300.0 
 0.934648 1392.0 
 0.934654 1440.0 
 0.934659 1644.0 
 0.934665 1900.0 
 0.934671 2412.0 
 0.934677 2644.0 
 0.934682 2912.0 
 0.934688 2708.0 
 0.934694 2576.0 
 0.934699 3052.0 
 0.934705 2928.0 
 0.934711 3104.0 
 0.934716 2908.0 
 0.934722 2980.0 
 0.934728 2848.0 
 0.934734 2644.0 
 0.934739 3012.0 
 0.934745 2628.0 
 0.934751 2912.0 
 0.934756 3216.0 
 0.934762 2988.0 
 0.934768 3158.0 
 0.934773 3024.0 
 0.934779 3384.0 
 0.934785 3036.0 
 0.934791 3196.0 
 0.934796 3052.0 
 0.934802 2960.0 
 0.934808 3116.0 
 0.934813 3088.0 
 0.934819 3060.0 
 0.934825 3004.0 
 0.934830 3096.0 
 0.934836 2956.0 
 0.934842 3100.0 
 0.934848 3120.0 
 0.934853 2700.0 
 0.934859 3008.0 
 0.934865 2964.0 
 0.934870 3216.0 
 0.934876 2996.0 
 0.934882 3136.0 
 0.934887 3328.0 
 0.934893 2976.0 
 0.934899 3268.0 
 0.934905 3040.0 
 0.934910 3308.0 
 0.934916 3344.0 
 0.934922 3436.0 
 0.934927 3364.0 
 0.934933 3232.0 
 0.934939 3336.0 
 0.934944 3100.0 
 0.934950 3092.0 
 0.934956 2904.0 
 0.934962 2892.0 
 0.934967 2968.0 
 0.934973 3444.0 
 0.934979 2896.0 
 0.934984 2904.0 
 0.934990 2972.0 
 0.934996 2952.0 
 0.935001 2808.0 
 0.935007 2892.0 
 0.935013 3148.0 
 0.935019 2904.0 
 0.935024 2764.0 
 0.935030 2848.0 
 0.935036 3340.0 
 0.935041 3312.0 
 0.935047 3052.0 
 0.935053 3248.0 
 0.935058 3620.0 
 0.935064 3332.0 
 0.935070 3384.0 
 0.935076 3208.0 
 0.935081 3564.0 
 0.935087 3300.0 
 0.935093 3376.0 
 0.935098 3672.0 
 0.935104 3080.0 
 0.935110 3640.0 
 0.935116 3276.0 
 0.935121 3432.0 
 0.935127 3548.0 
 0.935133 3364.0 
 0.935138 3404.0 
 0.935144 3228.0 
 0.935150 3408.0 
 0.935155 3596.0 
 0.935161 3164.0 
 0.935167 3276.0 
 0.935173 3156.0 
 0.935178 3200.0 
 0.935184 3080.0 
 0.935190 3412.0 
 0.935195 3296.0 
 0.935201 3140.0 
 0.935207 3278.0 
 0.935212 3272.0 
 0.935218 3128.0 
 0.935224 3396.0 
 0.935230 2892.0 
 0.935235 3016.0 
 0.935241 2836.0 
 0.935247 3032.0 
 0.935252 3160.0 
 0.935258 2828.0 
 0.935264 3212.0 
 0.935269 3120.0 
 0.935275 3256.0 
 0.935281 2972.0 
 0.935287 3052.0 
 0.935292 3316.0 
 0.935298 3116.0 
 0.935304 3128.0 
 0.935309 3140.0 
 0.935315 2796.0 
 0.935321 3056.0 
 0.935326 3000.0 
 0.935332 3100.0 
 0.935338 3056.0 
 0.935344 2864.0 
 0.935349 2764.0 
 0.935355 2824.0 
 0.935361 2704.0 
 0.935366 2512.0 
 0.935372 1996.0 
 0.935378 2036.0 
 0.935383 1560.0 
 0.935389 1236.0 
 0.935395 1300.0 
 0.935401 1356.0 
 0.935406 1488.0 
 0.935412 2144.0 
 0.935418 2184.0 
 0.935423 2432.0 
 0.935429 2492.0 
 0.935435 2792.0 
 0.935440 3012.0 
 0.935446 3104.0 
 0.935452 2996.0 
 0.935458 3112.0 
 0.935463 3168.0 
 0.935469 3168.0 
 0.935475 3248.0 
 0.935480 3208.0 
 0.935486 3244.0 
 0.935492 3400.0 
 0.935497 3580.0 
 0.935503 3348.0 
 0.935509 3352.0 
 0.935515 3300.0 
 0.935520 3104.0 
 0.935526 3048.0 
 0.935532 3260.0 
 0.935537 3092.0 
 0.935543 3292.0 
 0.935549 3232.0 
 0.935554 3092.0 
 0.935560 3228.0 
 0.935566 3512.0 
 0.935572 3292.0 
 0.935577 3088.0 
 0.935583 2976.0 
 0.935589 3388.0 
 0.935594 3240.0 
 0.935600 3612.0 
 0.935606 3556.0 
 0.935611 3440.0 
 0.935617 3576.0 
 0.935623 3240.0 
 0.935629 3424.0 
 0.935634 3396.0 
 0.935640 3328.0 
 0.935646 3240.0 
 0.935651 3180.0 
 0.935657 3084.0 
 0.935663 3352.0 
 0.935668 3100.0 
 0.935674 3076.0 
 0.935680 3240.0 
 0.935686 2948.0 
 0.935691 3004.0 
 0.935697 3172.0 
 0.935703 2956.0 
 0.935708 2788.0 
 0.935714 2644.0 
 0.935720 3000.0 
 0.935725 2948.0 
 0.935731 3152.0 
 0.935737 3336.0 
 0.935743 3180.0 
 0.935748 3200.0 
 0.935754 3424.0 
 0.935760 3428.0 
 0.935765 3272.0 
 0.935771 3384.0 
 0.935777 3348.0 
 0.935782 2908.0 
 0.935788 3196.0 
 0.935794 2792.0 
 0.935800 2872.0 
 0.935805 2524.0 
 0.935811 2232.0 
 0.935817 2112.0 
 0.935822 1904.0 
 0.935828 1948.0 
 0.935834 2100.0 
 0.935839 2072.0 
 0.935845 2568.0 
 0.935851 2764.0 
 0.935857 3108.0 
 0.935862 3016.0 
 0.935868 3032.0 
 0.935874 3276.0 
 0.935879 3016.0 
 0.935885 3108.0 
 0.935891 3212.0 
 0.935896 3252.0 
 0.935902 3392.0 
 0.935908 3256.0 
 0.935914 3624.0 
 0.935919 3396.0 
 0.935925 3512.0 
 0.935931 3360.0 
 0.935936 3524.0 
 0.935942 3068.0 
 0.935948 3328.0 
 0.935953 3188.0 
 0.935959 3420.0 
 0.935965 3404.0 
 0.935971 3612.0 
 0.935976 3200.0 
 0.935982 3424.0 
 0.935988 3352.0 
 0.935993 3184.0 
 0.935999 3240.0 
 0.936005 3528.0 
 0.936010 3256.0 
 0.936016 3232.0 
 0.936022 3392.0 
 0.936028 3656.0 
 0.936033 3316.0 
 0.936039 3500.0 
 0.936045 3368.0 
 0.936050 3544.0 
 0.936056 3428.0 
 0.936062 3448.0 
 0.936067 3304.0 
 0.936073 3384.0 
 0.936079 3464.0 
 0.936085 3520.0 
 0.936090 3400.0 
 0.936096 3464.0 
 0.936102 3296.0 
 0.936107 3232.0 
 0.936113 3280.0 
 0.936119 3208.0 
 0.936124 3600.0 
 0.936130 3392.0 
 0.936136 3492.0 
 0.936142 3208.0 
 0.936147 3656.0 
 0.936153 3180.0 
 0.936159 3176.0 
 0.936164 3160.0 
 0.936170 3304.0 
 0.936176 3080.0 
 0.936181 2932.0 
 0.936187 2968.0 
 0.936193 2796.0 
 0.936199 2980.0 
 0.936204 3204.0 
 0.936210 3044.0 
 0.936216 2936.0 
 0.936221 3244.0 
 0.936227 2864.0 
 0.936233 2824.0 
 0.936239 3164.0 
 0.936244 3160.0 
 0.936250 3196.0 
 0.936256 3032.0 
 0.936261 3188.0 
 0.936267 2932.0 
 0.936273 2932.0 
 0.936278 2752.0 
 0.936284 2948.0 
 0.936290 2678.0 
 0.936296 2800.0 
 0.936301 2496.0 
 0.936307 2124.0 
 0.936313 2136.0 
 0.936318 1744.0 
 0.936324 1588.0 
 0.936330 1332.0 
 0.936335 1228.0 
 0.936341 740.0 
 0.936347 688.0 
 0.936353 664.0 
 0.936358 792.0 
 0.936364 802.0 
 0.936370 1096.0 
 0.936375 1364.0 
 0.936381 1428.0 
 0.936387 1720.0 
 0.936392 2268.0 
 0.936398 2212.0 
 0.936404 2252.0 
 0.936410 2668.0 
 0.936415 2580.0 
 0.936421 2492.0 
 0.936427 2544.0 
 0.936432 2680.0 
 0.936438 2464.0 
 0.936444 2244.0 
 0.936449 2348.0 
 0.936455 1988.0 
 0.936461 1772.0 
 0.936467 1568.0 
 0.936472 1486.0 
 0.936478 1528.0 
 0.936484 1188.0 
 0.936489 820.0 
 0.936495 962.0 
 0.936501 848.0 
 0.936506 1148.0 
 0.936512 1260.0 
 0.936518 1788.0 
 0.936524 1812.0 
 0.936529 1968.0 
 0.936535 2088.0 
 0.936541 2620.0 
 0.936546 2612.0 
 0.936552 2712.0 
 0.936558 2560.0 
 0.936563 3184.0 
 0.936569 2812.0 
 0.936575 3184.0 
 0.936581 2792.0 
 0.936586 3084.0 
 0.936592 2780.0 
 0.936598 2856.0 
 0.936603 2652.0 
 0.936609 2908.0 
 0.936615 2800.0 
 0.936620 3292.0 
 0.936626 3272.0 
 0.936632 2908.0 
 0.936638 3356.0 
 0.936643 3216.0 
 0.936649 3236.0 
 0.936655 3152.0 
 0.936660 3204.0 
 0.936666 3020.0 
 0.936672 3084.0 
 0.936677 3094.0 
 0.936683 3056.0 
 0.936689 2844.0 
 0.936695 3060.0 
 0.936700 3108.0 
 0.936706 2460.0 
 0.936712 2460.0 
 0.936717 2304.0 
 0.936723 2132.0 
 0.936729 1808.0 
 0.936734 1668.0 
 0.936740 1420.0 
 0.936746 1508.0 
 0.936752 1572.0 
 0.936757 2184.0 
 0.936763 2004.0 
 0.936769 2380.0 
 0.936774 2392.0 
 0.936780 3072.0 
 0.936786 3096.0 
 0.936791 2988.0 
 0.936797 3120.0 
 0.936803 3256.0 
 0.936809 3164.0 
 0.936814 3516.0 
 0.936820 3216.0 
 0.936826 3288.0 
 0.936831 3044.0 
 0.936837 3236.0 
 0.936843 3220.0 
 0.936848 3444.0 
 0.936854 3052.0 
 0.936860 3284.0 
 0.936866 3160.0 
 0.936871 3258.0 
 0.936877 3520.0 
 0.936883 3392.0 
 0.936888 3448.0 
 0.936894 3616.0 
 0.936900 3268.0 
 0.936905 3344.0 
 0.936911 3348.0 
 0.936917 3308.0 
 0.936923 3348.0 
 0.936928 3492.0 
 0.936934 3492.0 
 0.936940 3352.0 
 0.936945 3292.0 
 0.936951 3504.0 
 0.936957 3328.0 
 0.936962 3252.0 
 0.936968 3456.0 
 0.936974 3476.0 
 0.936980 3156.0 
 0.936985 3492.0 
 0.936991 3360.0 
 0.936997 3436.0 
 0.937002 3372.0 
 0.937008 3464.0 
 0.937014 3248.0 
 0.937019 3404.0 
 0.937025 3320.0 
 0.937031 2924.0 
 0.937037 3352.0 
 0.937042 3260.0 
 0.937048 3280.0 
 0.937054 3328.0 
 0.937059 3612.0 
 0.937065 3424.0 
 0.937071 3536.0 
 0.937076 3388.0 
 0.937082 3392.0 
 0.937088 3348.0 
 0.937094 3184.0 
 0.937099 3384.0 
 0.937105 3628.0 
 0.937111 3720.0 
 0.937116 3280.0 
 0.937122 3336.0 
 0.937128 3460.0 
 0.937133 3340.0 
 0.937139 3480.0 
 0.937145 3544.0 
 0.937151 3576.0 
 0.937156 3556.0 
 0.937162 3424.0 
 0.937168 3380.0 
 0.937173 3316.0 
 0.937179 3136.0 
 0.937185 3392.0 
 0.937190 3220.0 
 0.937196 3356.0 
 0.937202 3316.0 
 0.937208 3244.0 
 0.937213 3436.0 
 0.937219 3520.0 
 0.937225 3444.0 
 0.937230 3340.0 
 0.937236 3248.0 
 0.937242 3184.0 
 0.937247 3156.0 
 0.937253 3436.0 
 0.937259 3244.0 
 0.937265 3224.0 
 0.937270 3176.0 
 0.937276 3184.0 
 0.937282 3332.0 
 0.937287 3216.0 
 0.937293 3288.0 
 0.937299 3128.0 
 0.937304 3128.0 
 0.937310 3424.0 
 0.937316 3148.0 
 0.937322 3260.0 
 0.937327 2732.0 
 0.937333 3108.0 
 0.937339 2960.0 
 0.937344 3384.0 
 0.937350 3156.0 
 0.937356 3212.0 
 0.937362 3192.0 
 0.937367 3136.0 
 0.937373 3024.0 
 0.937379 3020.0 
 0.937384 2632.0 
 0.937390 2908.0 
 0.937396 2976.0 
 0.937401 3088.0 
 0.937407 3300.0 
 0.937413 3284.0 
 0.937419 2952.0 
 0.937424 2964.0 
 0.937430 3308.0 
 0.937436 3036.0 
 0.937441 2740.0 
 0.937447 2724.0 
 0.937453 2692.0 
 0.937458 2320.0 
 0.937464 2336.0 
 0.937470 1824.0 
 0.937476 1508.0 
 0.937481 1448.0 
 0.937487 1404.0 
 0.937493 1388.0 
 0.937498 1308.0 
 0.937504 1500.0 
 0.937510 1360.0 
 0.937515 1764.0 
 0.937521 1578.0 
 0.937527 1768.0 
 0.937533 2144.0 
 0.937538 2296.0 
 0.937544 2616.0 
 0.937550 2712.0 
 0.937555 2696.0 
 0.937561 3060.0 
 0.937567 2820.0 
 0.937572 3024.0 
 0.937578 3124.0 
 0.937584 3296.0 
 0.937590 3240.0 
 0.937595 3120.0 
 0.937601 3232.0 
 0.937607 3304.0 
 0.937612 3320.0 
 0.937618 3168.0 
 0.937624 3276.0 
 0.937629 3116.0 
 0.937635 3020.0 
 0.937641 3316.0 
 0.937647 2924.0 
 0.937652 3300.0 
 0.937658 3054.0 
 0.937664 3196.0 
 0.937669 2856.0 
 0.937675 2964.0 
 0.937681 2896.0 
 0.937686 3064.0 
 0.937692 3136.0 
 0.937698 3004.0 
 0.937704 2972.0 
 0.937709 2716.0 
 0.937715 3016.0 
 0.937721 2704.0 
 0.937726 2800.0 
 0.937732 2752.0 
 0.937738 2660.0 
 0.937743 2536.0 
 0.937749 2472.0 
 0.937755 2192.0 
 0.937761 2100.0 
 0.937766 1952.0 
 0.937772 1876.0 
 0.937778 1424.0 
 0.937783 1444.0 
 0.937789 964.0 
 0.937795 1188.0 
 0.937800 976.0 
 0.937806 840.0 
 0.937812 668.0 
 0.937818 828.0 
 0.937823 844.0 
 0.937829 860.0 
 0.937835 850.0 
 0.937840 976.0 
 0.937846 1004.0 
 0.937852 1148.0 
 0.937857 1344.0 
 0.937863 1552.0 
 0.937869 1768.0 
 0.937875 2152.0 
 0.937880 2404.0 
 0.937886 2564.0 
 0.937892 2720.0 
 0.937897 2712.0 
 0.937903 2936.0 
 0.937909 2784.0 
 0.937914 2964.0 
 0.937920 2956.0 
 0.937926 2968.0 
 0.937932 2940.0 
 0.937937 2928.0 
 0.937943 3184.0 
 0.937949 2740.0 
 0.937954 3072.0 
 0.937960 2928.0 
 0.937966 2812.0 
 0.937971 2800.0 
 0.937977 2616.0 
 0.937983 2792.0 
 0.937989 2588.0 
 0.937994 2556.0 
 0.938000 2840.0 
 0.938006 3048.0 
 0.938011 2964.0 
 0.938017 3268.0 
 0.938023 3116.0 
 0.938028 2956.0 
 0.938034 3160.0 
 0.938040 3000.0 
 0.938046 2728.0 
 0.938051 2624.0 
 0.938057 2564.0 
 0.938063 1716.0 
 0.938068 1716.0 
 0.938074 1688.0 
 0.938080 1648.0 
 0.938085 1776.0 
 0.938091 1908.0 
 0.938097 1984.0 
 0.938103 2288.0 
 0.938108 2660.0 
 0.938114 2852.0 
 0.938120 2916.0 
 0.938125 3044.0 
 0.938131 3616.0 
 0.938137 3428.0 
 0.938142 3204.0 
 0.938148 3488.0 
 0.938154 3330.0 
 0.938160 3428.0 
 0.938165 3172.0 
 0.938171 3208.0 
 0.938177 2972.0 
 0.938182 2984.0 
 0.938188 2936.0 
 0.938194 2988.0 
 0.938199 2504.0 
 0.938205 2924.0 
 0.938211 2996.0 
 0.938217 3192.0 
 0.938222 3216.0 
 0.938228 3316.0 
 0.938234 3488.0 
 0.938239 3720.0 
 0.938245 3532.0 
 0.938251 3376.0 
 0.938256 3324.0 
 0.938262 3448.0 
 0.938268 3584.0 
 0.938274 3536.0 
 0.938279 3496.0 
 0.938285 3228.0 
 0.938291 3208.0 
 0.938296 3580.0 
 0.938302 3448.0 
 0.938308 3444.0 
 0.938313 3300.0 
 0.938319 3036.0 
 0.938325 3024.0 
 0.938331 3256.0 
 0.938336 3268.0 
 0.938342 3012.0 
 0.938348 2692.0 
 0.938353 2660.0 
 0.938359 2280.0 
 0.938365 2576.0 
 0.938370 2576.0 
 0.938376 2628.0 
 0.938382 2816.0 
 0.938388 3204.0 
 0.938393 3300.0 
 0.938399 3692.0 
 0.938405 3240.0 
 0.938410 3352.0 
 0.938416 3200.0 
 0.938422 3572.0 
 0.938427 3544.0 
 0.938433 3612.0 
 0.938439 3656.0 
 0.938445 3516.0 
 0.938450 3704.0 
 0.938456 3632.0 
 0.938462 3620.0 
 0.938467 3496.0 
 0.938473 3548.0 
 0.938479 3516.0 
 0.938484 3876.0 
 0.938490 3520.0 
 0.938496 3800.0 
 0.938502 3684.0 
 0.938507 3676.0 
 0.938513 3712.0 
 0.938519 3788.0 
 0.938524 3564.0 
 0.938530 3808.0 
 0.938536 3796.0 
 0.938542 3768.0 
 0.938547 3668.0 
 0.938553 3596.0 
 0.938559 3704.0 
 0.938564 3596.0 
 0.938570 3232.0 
 0.938576 3564.0 
 0.938581 3576.0 
 0.938587 3760.0 
 0.938593 3612.0 
 0.938599 3724.0 
 0.938604 3824.0 
 0.938610 3552.0 
 0.938616 3844.0 
 0.938621 3872.0 
 0.938627 3632.0 
 0.938633 3832.0 
 0.938638 3688.0 
 0.938644 3720.0 
 0.938650 3584.0 
 0.938656 3776.0 
 0.938661 3512.0 
 0.938667 3548.0 
 0.938673 3360.0 
 0.938678 3380.0 
 0.938684 3056.0 
 0.938690 3344.0 
 0.938695 3200.0 
 0.938701 2932.0 
 0.938707 3024.0 
 0.938713 3188.0 
 0.938718 3186.0 
 0.938724 3190.0 
 0.938730 3776.0 
 0.938735 3344.0 
 0.938741 3660.0 
 0.938747 3480.0 
 0.938752 3664.0 
 0.938758 3500.0 
 0.938764 3760.0 
 0.938770 3720.0 
 0.938775 3468.0 
 0.938781 3456.0 
 0.938787 3500.0 
 0.938792 3200.0 
 0.938798 3148.0 
 0.938804 2908.0 
 0.938809 2972.0 
 0.938815 2660.0 
 0.938821 2592.0 
 0.938827 2332.0 
 0.938832 3372.0 
 0.938838 3164.0 
 0.938844 3364.0 
 0.938849 3460.0 
 0.938855 3624.0 
 0.938861 3868.0 
 0.938866 3788.0 
 0.938872 3624.0 
 0.938878 3684.0 
 0.938884 3848.0 
 0.938889 3792.0 
 0.938895 3732.0 
 0.938901 3692.0 
 0.938906 3880.0 
 0.938912 3764.0 
 0.938918 3648.0 
 0.938923 3880.0 
 0.938929 3624.0 
 0.938935 4000.0 
 0.938941 3632.0 
 0.938946 3584.0 
 0.938952 3472.0 
 0.938958 3976.0 
 0.938963 4084.0 
 0.938969 3908.0 
 0.938975 3616.0 
 0.938980 3676.0 
 0.938986 3900.0 
 0.938992 3848.0 
 0.938998 3696.0 
 0.939003 3916.0 
 0.939009 4032.0 
 0.939015 3584.0 
 0.939020 3444.0 
 0.939026 4132.0 
 0.939032 3296.0 
 0.939037 3652.0 
 0.939043 3700.0 
 0.939049 3384.0 
 0.939055 3568.0 
 0.939060 3828.0 
 0.939066 3488.0 
 0.939072 3476.0 
 0.939077 3564.0 
 0.939083 3460.0 
 0.939089 3732.0 
 0.939094 3504.0 
 0.939100 3680.0 
 0.939106 3408.0 
 0.939112 3420.0 
 0.939117 3548.0 
 0.939123 3596.0 
 0.939129 3336.0 
 0.939134 3280.0 
 0.939140 3420.0 
 0.939146 3260.0 
 0.939151 3448.0 
 0.939157 3168.0 
 0.939163 3424.0 
 0.939169 3512.0 
 0.939174 3216.0 
 0.939180 3328.0 
 0.939186 3440.0 
 0.939191 3084.0 
 0.939197 3180.0 
 0.939203 2608.0 
 0.939208 2784.0 
 0.939214 2532.0 
 0.939220 2380.0 
 0.939226 2304.0 
 0.939231 2532.0 
 0.939237 2340.0 
 0.939243 2704.0 
 0.939248 2644.0 
 0.939254 2764.0 
 0.939260 2948.0 
 0.939265 2576.0 
 0.939271 2364.0 
 0.939277 2256.0 
 0.939283 2004.0 
 0.939288 1812.0 
 0.939294 1908.0 
 0.939300 2108.0 
 0.939305 2196.0 
 0.939311 2116.0 
 0.939317 2800.0 
 0.939322 2764.0 
 0.939328 2884.0 
 0.939334 3380.0 
 0.939340 3524.0 
 0.939345 3416.0 
 0.939351 3632.0 
 0.939357 3804.0 
 0.939362 3616.0 
 0.939368 3644.0 
 0.939374 3556.0 
 0.939379 3320.0 
 0.939385 3444.0 
 0.939391 3174.0 
 0.939397 3040.0 
 0.939402 3360.0 
 0.939408 2964.0 
 0.939414 2864.0 
 0.939419 2500.0 
 0.939425 2240.0 
 0.939431 2048.0 
 0.939436 1740.0 
 0.939442 1862.0 
 0.939448 1612.0 
 0.939454 1660.0 
 0.939459 1732.0 
 0.939465 1916.0 
 0.939471 2284.0 
 0.939476 2840.0 
 0.939482 2856.0 
 0.939488 2988.0 
 0.939493 3288.0 
 0.939499 3112.0 
 0.939505 3692.0 
 0.939511 3560.0 
 0.939516 3456.0 
 0.939522 3796.0 
 0.939528 3588.0 
 0.939533 3512.0 
 0.939539 3108.0 
 0.939545 3468.0 
 0.939550 3392.0 
 0.939556 3556.0 
 0.939562 3544.0 
 0.939568 3472.0 
 0.939573 3604.0 
 0.939579 3840.0 
 0.939585 3580.0 
 0.939590 3700.0 
 0.939596 3648.0 
 0.939602 3884.0 
 0.939607 3764.0 
 0.939613 3556.0 
 0.939619 3748.0 
 0.939625 3520.0 
 0.939630 3464.0 
 0.939636 3348.0 
 0.939642 3436.0 
 0.939647 3420.0 
 0.939653 3608.0 
 0.939659 3584.0 
 0.939665 3908.0 
 0.939670 3544.0 
 0.939676 3568.0 
 0.939682 3712.0 
 0.939687 3556.0 
 0.939693 3516.0 
 0.939699 3404.0 
 0.939704 3076.0 
 0.939710 3468.0 
 0.939716 3380.0 
 0.939722 3288.0 
 0.939727 3424.0 
 0.939733 3372.0 
 0.939739 3348.0 
 0.939744 3388.0 
 0.939750 3372.0 
 0.939756 3292.0 
 0.939761 3412.0 
 0.939767 3524.0 
 0.939773 3008.0 
 0.939779 3504.0 
 0.939784 3444.0 
 0.939790 3280.0 
 0.939796 2952.0 
 0.939801 3012.0 
 0.939807 2912.0 
 0.939813 2892.0 
 0.939818 2600.0 
 0.939824 2396.0 
 0.939830 2024.0 
 0.939836 1696.0 
 0.939841 1460.0 
 0.939847 1256.0 
 0.939853 800.0 
 0.939858 980.0 
 0.939864 982.0 
 0.939870 1300.0 
 0.939875 1348.0 
 0.939881 1750.0 
 0.939887 2060.0 
 0.939893 2500.0 
 0.939898 2488.0 
 0.939904 3024.0 
 0.939910 3152.0 
 0.939915 3496.0 
 0.939921 2900.0 
 0.939927 2768.0 
 0.939932 2876.0 
 0.939938 2512.0 
 0.939944 2584.0 
 0.939950 2436.0 
 0.939955 2528.0 
 0.939961 2480.0 
 0.939967 2136.0 
 0.939972 2080.0 
 0.939978 1852.0 
 0.939984 1868.0 
 0.939989 1432.0 
 0.939995 1336.0 
 0.940001 1416.0 
 0.940007 1240.0 
 0.940012 1824.0 
 0.940018 2172.0 
 0.940024 1908.0 
 0.940029 2296.0 
 0.940035 2808.0 
 0.940041 2944.0 
 0.940046 3402.0 
 0.940052 3228.0 
 0.940058 3508.0 
 0.940064 3416.0 
 0.940069 3716.0 
 0.940075 3516.0 
 0.940081 3768.0 
 0.940086 3544.0 
 0.940092 3356.0 
 0.940098 3608.0 
 0.940103 3776.0 
 0.940109 3600.0 
 0.940115 3500.0 
 0.940121 3744.0 
 0.940126 3556.0 
 0.940132 4020.0 
 0.940138 3720.0 
 0.940143 4352.0 
 0.940149 3804.0 
 0.940155 3736.0 
 0.940160 3772.0 
 0.940166 3900.0 
 0.940172 3824.0 
 0.940178 3832.0 
 0.940183 3864.0 
 0.940189 3980.0 
 0.940195 3972.0 
 0.940200 3852.0 
 0.940206 3584.0 
 0.940212 3984.0 
 0.940217 3588.0 
 0.940223 3304.0 
 0.940229 3680.0 
 0.940235 3900.0 
 0.940240 3400.0 
 0.940246 3776.0 
 0.940252 3820.0 
 0.940257 3548.0 
 0.940263 3824.0 
 0.940269 3660.0 
 0.940274 3460.0 
 0.940280 3428.0 
 0.940286 3676.0 
 0.940292 3456.0 
 0.940297 3576.0 
 0.940303 3556.0 
 0.940309 3664.0 
 0.940314 3684.0 
 0.940320 3408.0 
 0.940326 3580.0 
 0.940331 3772.0 
 0.940337 3612.0 
 0.940343 3424.0 
 0.940349 3624.0 
 0.940354 3488.0 
 0.940360 3720.0 
 0.940366 3320.0 
 0.940371 3212.0 
 0.940377 3324.0 
 0.940383 3448.0 
 0.940388 3452.0 
 0.940394 3800.0 
 0.940400 3512.0 
 0.940406 3492.0 
 0.940411 3784.0 
 0.940417 3660.0 
 0.940423 3380.0 
 0.940428 3288.0 
 0.940434 3244.0 
 0.940440 3088.0 
 0.940445 2940.0 
 0.940451 2784.0 
 0.940457 3152.0 
 0.940463 3004.0 
 0.940468 3180.0 
 0.940474 3336.0 
 0.940480 3728.0 
 0.940485 4072.0 
 0.940491 3844.0 
 0.940497 3868.0 
 0.940502 3624.0 
 0.940508 3764.0 
 0.940514 3480.0 
 0.940520 3528.0 
 0.940525 3776.0 
 0.940531 3876.0 
 0.940537 3552.0 
 0.940542 3860.0 
 0.940548 3856.0 
 0.940554 3764.0 
 0.940559 3912.0 
 0.940565 3952.0 
 0.940571 3768.0 
 0.940577 4048.0 
 0.940582 3668.0 
 0.940588 3760.0 
 0.940594 3668.0 
 0.940599 3636.0 
 0.940605 3736.0 
 0.940611 3612.0 
 0.940616 3492.0 
 0.940622 3624.0 
 0.940628 3552.0 
 0.940634 3280.0 
 0.940639 3436.0 
 0.940645 3428.0 
 0.940651 3468.0 
 0.940656 3880.0 
 0.940662 3700.0 
 0.940668 3592.0 
 0.940673 3832.0 
 0.940679 3560.0 
 0.940685 3472.0 
 0.940691 3516.0 
 0.940696 3124.0 
 0.940702 3084.0 
 0.940708 2944.0 
 0.940713 3140.0 
 0.940719 3276.0 
 0.940725 3496.0 
 0.940730 3832.0 
 0.940736 3556.0 
 0.940742 3560.0 
 0.940748 3460.0 
 0.940753 3452.0 
 0.940759 3452.0 
 0.940765 3256.0 
 0.940770 3200.0 
 0.940776 3336.0 
 0.940782 2720.0 
 0.940788 2552.0 
 0.940793 2684.0 
 0.940799 2936.0 
 0.940805 2996.0 
 0.940810 3240.0 
 0.940816 3280.0 
 0.940822 3136.0 
 0.940827 3224.0 
 0.940833 3308.0 
 0.940839 2744.0 
 0.940845 3104.0 
 0.940850 2608.0 
 0.940856 2236.0 
 0.940862 2028.0 
 0.940867 1952.0 
 0.940873 1808.0 
 0.940879 2388.0 
 0.940884 2024.0 
 0.940890 2428.0 
 0.940896 2952.0 
 0.940902 2948.0 
 0.940907 3376.0 
 0.940913 3444.0 
 0.940919 3344.0 
 0.940924 3592.0 
 0.940930 3460.0 
 0.940936 3656.0 
 0.940941 3612.0 
 0.940947 3632.0 
 0.940953 3592.0 
 0.940959 3664.0 
 0.940964 3620.0 
 0.940970 3360.0 
 0.940976 3508.0 
 0.940981 3484.0 
 0.940987 3336.0 
 0.940993 3220.0 
 0.940998 3280.0 
 0.941004 3460.0 
 0.941010 3592.0 
 0.941016 3580.0 
 0.941021 3516.0 
 0.941027 3852.0 
 0.941033 3936.0 
 0.941038 3988.0 
 0.941044 3700.0 
 0.941050 3724.0 
 0.941055 3840.0 
 0.941061 3796.0 
 0.941067 3916.0 
 0.941073 3840.0 
 0.941078 4100.0 
 0.941084 3552.0 
 0.941090 3844.0 
 0.941095 3520.0 
 0.941101 3928.0 
 0.941107 3976.0 
 0.941112 3800.0 
 0.941118 3880.0 
 0.941124 3912.0 
 0.941130 3648.0 
 0.941135 3604.0 
 0.941141 4112.0 
 0.941147 4204.0 
 0.941152 3832.0 
 0.941158 4056.0 
 0.941164 3880.0 
 0.941169 3896.0 
 0.941175 3628.0 
 0.941181 3524.0 
 0.941187 3792.0 
 0.941192 3944.0 
 0.941198 3532.0 
 0.941204 3476.0 
 0.941209 3784.0 
 0.941215 3908.0 
 0.941221 3664.0 
 0.941226 3896.0 
 0.941232 3576.0 
 0.941238 3852.0 
 0.941244 4016.0 
 0.941249 3416.0 
 0.941255 3552.0 
 0.941261 3728.0 
 0.941266 3432.0 
 0.941272 3676.0 
 0.941278 3604.0 
 0.941283 3768.0 
 0.941289 3584.0 
 0.941295 3620.0 
 0.941301 3584.0 
 0.941306 4208.0 
 0.941312 3880.0 
 0.941318 3980.0 
 0.941323 3692.0 
 0.941329 4028.0 
 0.941335 3840.0 
 0.941340 3964.0 
 0.941346 3792.0 
 0.941352 3544.0 
 0.941358 3812.0 
 0.941363 3584.0 
 0.941369 3444.0 
 0.941375 3128.0 
 0.941380 3368.0 
 0.941386 3440.0 
 0.941392 3192.0 
 0.941397 3376.0 
 0.941403 3000.0 
 0.941409 2648.0 
 0.941415 2700.0 
 0.941420 2492.0 
 0.941426 2324.0 
 0.941432 2516.0 
 0.941437 2672.0 
 0.941443 2688.0 
 0.941449 2932.0 
 0.941454 2860.0 
 0.941460 3120.0 
 0.941466 3240.0 
 0.941472 3236.0 
 0.941477 3216.0 
 0.941483 3080.0 
 0.941489 3292.0 
 0.941494 3160.0 
 0.941500 3276.0 
 0.941506 3012.0 
 0.941511 2808.0 
 0.941517 3048.0 
 0.941523 2856.0 
 0.941529 3184.0 
 0.941534 3304.0 
 0.941540 3328.0 
 0.941546 3272.0 
 0.941551 3592.0 
 0.941557 3384.0 
 0.941563 3564.0 
 0.941568 3648.0 
 0.941574 3556.0 
 0.941580 3292.0 
 0.941586 3312.0 
 0.941591 3240.0 
 0.941597 3448.0 
 0.941603 3168.0 
 0.941608 3162.0 
 0.941614 3736.0 
 0.941620 3652.0 
 0.941625 3568.0 
 0.941631 3544.0 
 0.941637 3956.0 
 0.941643 3928.0 
 0.941648 3796.0 
 0.941654 3768.0 
 0.941660 3684.0 
 0.941665 3752.0 
 0.941671 3476.0 
 0.941677 3872.0 
 0.941682 3308.0 
 0.941688 3548.0 
 0.941694 3888.0 
 0.941700 3528.0 
 0.941705 3848.0 
 0.941711 3944.0 
 0.941717 4080.0 
 0.941722 4280.0 
 0.941728 3612.0 
 0.941734 3928.0 
 0.941739 3928.0 
 0.941745 3604.0 
 0.941751 3940.0 
 0.941757 4024.0 
 0.941762 3964.0 
 0.941768 3916.0 
 0.941774 3960.0 
 0.941779 3896.0 
 0.941785 3668.0 
 0.941791 3792.0 
 0.941796 3908.0 
 0.941802 3800.0 
 0.941808 4012.0 
 0.941814 4212.0 
 0.941819 3900.0 
 0.941825 3576.0 
 0.941831 3812.0 
 0.941836 3988.0 
 0.941842 3756.0 
 0.941848 4052.0 
 0.941853 3848.0 
 0.941859 3616.0 
 0.941865 3624.0 
 0.941871 3924.0 
 0.941876 3896.0 
 0.941882 3592.0 
 0.941888 3680.0 
 0.941893 3620.0 
 0.941899 3648.0 
 0.941905 3336.0 
 0.941910 3484.0 
 0.941916 3612.0 
 0.941922 3548.0 
 0.941928 3816.0 
 0.941933 3704.0 
 0.941939 3544.0 
 0.941945 3380.0 
 0.941950 3480.0 
 0.941956 3748.0 
 0.941962 3796.0 
 0.941968 3560.0 
 0.941973 3580.0 
 0.941979 3384.0 
 0.941985 3776.0 
 0.941990 3140.0 
 0.941996 3708.0 
 0.942002 3460.0 
 0.942007 3108.0 
 0.942013 3236.0 
 0.942019 2780.0 
 0.942025 2504.0 
 0.942030 2240.0 
 0.942036 2296.0 
 0.942042 1696.0 
 0.942047 1412.0 
 0.942053 1224.0 
 0.942059 1160.0 
 0.942064 914.0 
 0.942070 1348.0 
 0.942076 1436.0 
 0.942082 1952.0 
 0.942087 2184.0 
 0.942093 2636.0 
 0.942099 2852.0 
 0.942104 2704.0 
 0.942110 3004.0 
 0.942116 3268.0 
 0.942121 3136.0 
 0.942127 3048.0 
 0.942133 3268.0 
 0.942139 2960.0 
 0.942144 3028.0 
 0.942150 2816.0 
 0.942156 2936.0 
 0.942161 2640.0 
 0.942167 2440.0 
 0.942173 2396.0 
 0.942178 2128.0 
 0.942184 1988.0 
 0.942190 1704.0 
 0.942196 1472.0 
 0.942201 1204.0 
 0.942207 1144.0 
 0.942213 1044.0 
 0.942218 1060.0 
 0.942224 1156.0 
 0.942230 1340.0 
 0.942235 1528.0 
 0.942241 1780.0 
 0.942247 2080.0 
 0.942253 2308.0 
 0.942258 2280.0 
 0.942264 2636.0 
 0.942270 2884.0 
 0.942275 2806.0 
 0.942281 2556.0 
 0.942287 2760.0 
 0.942292 2592.0 
 0.942298 2632.0 
 0.942304 2700.0 
 0.942310 2832.0 
 0.942315 3060.0 
 0.942321 3172.0 
 0.942327 3492.0 
 0.942332 3420.0 
 0.942338 3628.0 
 0.942344 3392.0 
 0.942349 3380.0 
 0.942355 3488.0 
 0.942361 3560.0 
 0.942367 3496.0 
 0.942372 4012.0 
 0.942378 3832.0 
 0.942384 3512.0 
 0.942389 3608.0 
 0.942395 3672.0 
 0.942401 3828.0 
 0.942406 3892.0 
 0.942412 3716.0 
 0.942418 3608.0 
 0.942424 3556.0 
 0.942429 3716.0 
 0.942435 3308.0 
 0.942441 4048.0 
 0.942446 3792.0 
 0.942452 3804.0 
 0.942458 3272.0 
 0.942463 3436.0 
 0.942469 3716.0 
 0.942475 3752.0 
 0.942481 3988.0 
 0.942486 4004.0 
 0.942492 3956.0 
 0.942498 3844.0 
 0.942503 3816.0 
 0.942509 3736.0 
 0.942515 4176.0 
 0.942520 4272.0 
 0.942526 3992.0 
 0.942532 3676.0 
 0.942538 3784.0 
 0.942543 3984.0 
 0.942549 3642.0 
 0.942555 3908.0 
 0.942560 3960.0 
 0.942566 4008.0 
 0.942572 3896.0 
 0.942577 3556.0 
 0.942583 3740.0 
 0.942589 3712.0 
 0.942595 3756.0 
 0.942600 4084.0 
 0.942606 3572.0 
 0.942612 3640.0 
 0.942617 3932.0 
 0.942623 3832.0 
 0.942629 3904.0 
 0.942634 3616.0 
 0.942640 3840.0 
 0.942646 3932.0 
 0.942652 3636.0 
 0.942657 3924.0 
 0.942663 3616.0 
 0.942669 3604.0 
 0.942674 3456.0 
 0.942680 3468.0 
 0.942686 3248.0 
 0.942691 2968.0 
 0.942697 2924.0 
 0.942703 3020.0 
 0.942709 3524.0 
 0.942714 3424.0 
 0.942720 3604.0 
 0.942726 3320.0 
 0.942731 3888.0 
 0.942737 3736.0 
 0.942743 3796.0 
 0.942748 3672.0 
 0.942754 4116.0 
 0.942760 3680.0 
 0.942766 3856.0 
 0.942771 3760.0 
 0.942777 3680.0 
 0.942783 3816.0 
 0.942788 3632.0 
 0.942794 3732.0 
 0.942800 3868.0 
 0.942805 3668.0 
 0.942811 3400.0 
 0.942817 3640.0 
 0.942823 3388.0 
 0.942828 3276.0 
 0.942834 3328.0 
 0.942840 3164.0 
 0.942845 3324.0 
 0.942851 3528.0 
 0.942857 3648.0 
 0.942862 3584.0 
 0.942868 3584.0 
 0.942874 3636.0 
 0.942880 3568.0 
 0.942885 3592.0 
 0.942891 3568.0 
 0.942897 3724.0 
 0.942902 3636.0 
 0.942908 3984.0 
 0.942914 4004.0 
 0.942919 3972.0 
 0.942925 3884.0 
 0.942931 3604.0 
 0.942937 3992.0 
 0.942942 3792.0 
 0.942948 3764.0 
 0.942954 3940.0 
 0.942959 3862.0 
 0.942965 3688.0 
 0.942971 3644.0 
 0.942976 3692.0 
 0.942982 3740.0 
 0.942988 3924.0 
 0.942994 3928.0 
 0.942999 3760.0 
 0.943005 3964.0 
 0.943011 3832.0 
 0.943016 3640.0 
 0.943022 3880.0 
 0.943028 3732.0 
 0.943033 3920.0 
 0.943039 3876.0 
 0.943045 3716.0 
 0.943051 3844.0 
 0.943056 3644.0 
 0.943062 3992.0 
 0.943068 3716.0 
 0.943073 3844.0 
 0.943079 3736.0 
 0.943085 3520.0 
 0.943091 3604.0 
 0.943096 3820.0 
 0.943102 3920.0 
 0.943108 3904.0 
 0.943113 3808.0 
 0.943119 3580.0 
 0.943125 3380.0 
 0.943130 3744.0 
 0.943136 3716.0 
 0.943142 3680.0 
 0.943148 3604.0 
 0.943153 4032.0 
 0.943159 3752.0 
 0.943165 3644.0 
 0.943170 3972.0 
 0.943176 3644.0 
 0.943182 3700.0 
 0.943187 3884.0 
 0.943193 3892.0 
 0.943199 3740.0 
 0.943205 3756.0 
 0.943210 3880.0 
 0.943216 3892.0 
 0.943222 3872.0 
 0.943227 3880.0 
 0.943233 3620.0 
 0.943239 3616.0 
 0.943244 3736.0 
 0.943250 4092.0 
 0.943256 4132.0 
 0.943262 3668.0 
 0.943267 3704.0 
 0.943273 3804.0 
 0.943279 3596.0 
 0.943284 3764.0 
 0.943290 3392.0 
 0.943296 3304.0 
 0.943301 3648.0 
 0.943307 3200.0 
 0.943313 3184.0 
 0.943319 3380.0 
 0.943324 3460.0 
 0.943330 3528.0 
 0.943336 3724.0 
 0.943341 3808.0 
 0.943347 3608.0 
 0.943353 3680.0 
 0.943358 3436.0 
 0.943364 3592.0 
 0.943370 3284.0 
 0.943376 3408.0 
 0.943381 3508.0 
 0.943387 3700.0 
 0.943393 3636.0 
 0.943398 3740.0 
 0.943404 3348.0 
 0.943410 3720.0 
 0.943415 3412.0 
 0.943421 3600.0 
 0.943427 3504.0 
 0.943433 3388.0 
 0.943438 3264.0 
 0.943444 2924.0 
 0.943450 3440.0 
 0.943455 3016.0 
 0.943461 3120.0 
 0.943467 3064.0 
 0.943472 2728.0 
 0.943478 3068.0 
 0.943484 2864.0 
 0.943490 2840.0 
 0.943495 2416.0 
 0.943501 2128.0 
 0.943507 1992.0 
 0.943512 2144.0 
 0.943518 1852.0 
 0.943524 2264.0 
 0.943529 2400.0 
 0.943535 2416.0 
 0.943541 2600.0 
 0.943547 2760.0 
 0.943552 2704.0 
 0.943558 2724.0 
 0.943564 2484.0 
 0.943569 2352.0 
 0.943575 2092.0 
 0.943581 1676.0 
 0.943586 1784.0 
 0.943592 1616.0 
 0.943598 1480.0 
 0.943604 1312.0 
 0.943609 1162.0 
 0.943615 1288.0 
 0.943621 1412.0 
 0.943626 1480.0 
 0.943632 1792.0 
 0.943638 1572.0 
 0.943643 2328.0 
 0.943649 2472.0 
 0.943655 2724.0 
 0.943661 2756.0 
 0.943666 3212.0 
 0.943672 2924.0 
 0.943678 3176.0 
 0.943683 2916.0 
 0.943689 3020.0 
 0.943695 3352.0 
 0.943700 3192.0 
 0.943706 3500.0 
 0.943712 3820.0 
 0.943718 3788.0 
 0.943723 3924.0 
 0.943729 3612.0 
 0.943735 3716.0 
 0.943740 3532.0 
 0.943746 3512.0 
 0.943752 3508.0 
 0.943757 3596.0 
 0.943763 3488.0 
 0.943769 3504.0 
 0.943775 3260.0 
 0.943780 3432.0 
 0.943786 3444.0 
 0.943792 3684.0 
 0.943797 3432.0 
 0.943803 3360.0 
 0.943809 3192.0 
 0.943814 3136.0 
 0.943820 3648.0 
 0.943826 3304.0 
 0.943832 3560.0 
 0.943837 3372.0 
 0.943843 3196.0 
 0.943849 3176.0 
 0.943854 3224.0 
 0.943860 3196.0 
 0.943866 3248.0 
 0.943871 3244.0 
 0.943877 3352.0 
 0.943883 3068.0 
 0.943889 3256.0 
 0.943894 3312.0 
 0.943900 3364.0 
 0.943906 3332.0 
 0.943911 2916.0 
 0.943917 2968.0 
 0.943923 3012.0 
 0.943928 2612.0 
 0.943934 2668.0 
 0.943940 2296.0 
 0.943946 1840.0 
 0.943951 1788.0 
 0.943957 1636.0 
 0.943963 1588.0 
 0.943968 1624.0 
 0.943974 1680.0 
 0.943980 2180.0 
 0.943985 2140.0 
 0.943991 2708.0 
 0.943997 2948.0 
 0.944003 2968.0 
 0.944008 2956.0 
 0.944014 3312.0 
 0.944020 3202.0 
 0.944025 3132.0 
 0.944031 3352.0 
 0.944037 3372.0 
 0.944042 3580.0 
 0.944048 3560.0 
 0.944054 3556.0 
 0.944060 3664.0 
 0.944065 3444.0 
 0.944071 3604.0 
 0.944077 3784.0 
 0.944082 3772.0 
 0.944088 3664.0 
 0.944094 3292.0 
 0.944099 3436.0 
 0.944105 3340.0 
 0.944111 3368.0 
 0.944117 3460.0 
 0.944122 3592.0 
 0.944128 3380.0 
 0.944134 3572.0 
 0.944139 3352.0 
 0.944145 3176.0 
 0.944151 3360.0 
 0.944156 3028.0 
 0.944162 3132.0 
 0.944168 2884.0 
 0.944174 2900.0 
 0.944179 2772.0 
 0.944185 2784.0 
 0.944191 2496.0 
 0.944196 2532.0 
 0.944202 2672.0 
 0.944208 2458.0 
 0.944214 2552.0 
 0.944219 2652.0 
 0.944225 2420.0 
 0.944231 2852.0 
 0.944236 2828.0 
 0.944242 2760.0 
 0.944248 3088.0 
 0.944253 3304.0 
 0.944259 2804.0 
 0.944265 2928.0 
 0.944271 2848.0 
 0.944276 2920.0 
 0.944282 2800.0 
 0.944288 2420.0 
 0.944293 2328.0 
 0.944299 2172.0 
 0.944305 2106.0 
 0.944310 2004.0 
 0.944316 1820.0 
 0.944322 1768.0 
 0.944328 1604.0 
 0.944333 1296.0 
 0.944339 1340.0 
 0.944345 1202.0 
 0.944350 1096.0 
 0.944356 1008.0 
 0.944362 1448.0 
 0.944367 1532.0 
 0.944373 1838.0 
 0.944379 1888.0 
 0.944385 2008.0 
 0.944390 2108.0 
 0.944396 2060.0 
 0.944402 2460.0 
 0.944407 2368.0 
 0.944413 2216.0 
 0.944419 1900.0 
 0.944424 1800.0 
 0.944430 1492.0 
 0.944436 1380.0 
 0.944442 1458.0 
 0.944447 1876.0 
 0.944453 1664.0 
 0.944459 2136.0 
 0.944464 2264.0 
 0.944470 2548.0 
 0.944476 2612.0 
 0.944481 3144.0 
 0.944487 3196.0 
 0.944493 3428.0 
 0.944499 3340.0 
 0.944504 3136.0 
 0.944510 3444.0 
 0.944516 3796.0 
 0.944521 3772.0 
 0.944527 3400.0 
 0.944533 3560.0 
 0.944538 3504.0 
 0.944544 3520.0 
 0.944550 3292.0 
 0.944556 3384.0 
 0.944561 3456.0 
 0.944567 3804.0 
 0.944573 3508.0 
 0.944578 3452.0 
 0.944584 3864.0 
 0.944590 3704.0 
 0.944595 3548.0 
 0.944601 3652.0 
 0.944607 3624.0 
 0.944613 3604.0 
 0.944618 3572.0 
 0.944624 3480.0 
 0.944630 3756.0 
 0.944635 3312.0 
 0.944641 3836.0 
 0.944647 3672.0 
 0.944652 3252.0 
 0.944658 3788.0 
 0.944664 3592.0 
 0.944670 3820.0 
 0.944675 3492.0 
 0.944681 3536.0 
 0.944687 3724.0 
 0.944692 3724.0 
 0.944698 3556.0 
 0.944704 3460.0 
 0.944709 3476.0 
 0.944715 3608.0 
 0.944721 3748.0 
 0.944727 3600.0 
 0.944732 3276.0 
 0.944738 3292.0 
 0.944744 3404.0 
 0.944749 3680.0 
 0.944755 3532.0 
 0.944761 3732.0 
 0.944766 3688.0 
 0.944772 3380.0 
 0.944778 3412.0 
 0.944784 3836.0 
 0.944789 3520.0 
 0.944795 4036.0 
 0.944801 3512.0 
 0.944806 3528.0 
 0.944812 3692.0 
 0.944818 3776.0 
 0.944823 3896.0 
 0.944829 3888.0 
 0.944835 3392.0 
 0.944841 3392.0 
 0.944846 3452.0 
 0.944852 3468.0 
 0.944858 3556.0 
 0.944863 3500.0 
 0.944869 3332.0 
 0.944875 3372.0 
 0.944880 3468.0 
 0.944886 2880.0 
 0.944892 3252.0 
 0.944898 3048.0 
 0.944903 3492.0 
 0.944909 3140.0 
 0.944915 3312.0 
 0.944920 3604.0 
 0.944926 3356.0 
 0.944932 3372.0 
 0.944937 3600.0 
 0.944943 3508.0 
 0.944949 3572.0 
 0.944955 3224.0 
 0.944960 3376.0 
 0.944966 3636.0 
 0.944972 3488.0 
 0.944977 3508.0 
 0.944983 3648.0 
 0.944989 3412.0 
 0.944994 3616.0 
 0.945000 3488.0 
 0.945006 3572.0 
 0.945012 3832.0 
 0.945017 3644.0 
 0.945023 3720.0 
 0.945029 3660.0 
 0.945034 3624.0 
 0.945040 3644.0 
 0.945046 3584.0 
 0.945051 3916.0 
 0.945057 4064.0 
 0.945063 3620.0 
 0.945069 3788.0 
 0.945074 3256.0 
 0.945080 3480.0 
 0.945086 3676.0 
 0.945091 3596.0 
 0.945097 3552.0 
 0.945103 3340.0 
 0.945108 3828.0 
 0.945114 3548.0 
 0.945120 3272.0 
 0.945126 3468.0 
 0.945131 3500.0 
 0.945137 3308.0 
 0.945143 3680.0 
 0.945148 3400.0 
 0.945154 3540.0 
 0.945160 3832.0 
 0.945165 3528.0 
 0.945171 3588.0 
 0.945177 3516.0 
 0.945183 3728.0 
 0.945188 3528.0 
 0.945194 3380.0 
 0.945200 3480.0 
 0.945205 3444.0 
 0.945211 3984.0 
 0.945217 3404.0 
 0.945222 3512.0 
 0.945228 3292.0 
 0.945234 3488.0 
 0.945240 3448.0 
 0.945245 3364.0 
 0.945251 3576.0 
 0.945257 3944.0 
 0.945262 3656.0 
 0.945268 3676.0 
 0.945274 3584.0 
 0.945279 3760.0 
 0.945285 3616.0 
 0.945291 3588.0 
 0.945297 3324.0 
 0.945302 3244.0 
 0.945308 3904.0 
 0.945314 3500.0 
 0.945319 3490.0 
 0.945325 3432.0 
 0.945331 3508.0 
 0.945336 3704.0 
 0.945342 3400.0 
 0.945348 3876.0 
 0.945354 3612.0 
 0.945359 3496.0 
 0.945365 3732.0 
 0.945371 3524.0 
 0.945376 3524.0 
 0.945382 3292.0 
 0.945388 3772.0 
 0.945394 3532.0 
 0.945399 3496.0 
 0.945405 3508.0 
 0.945411 3628.0 
 0.945416 3416.0 
 0.945422 3636.0 
 0.945428 3608.0 
 0.945433 3316.0 
 0.945439 3652.0 
 0.945445 3156.0 
 0.945451 3312.0 
 0.945456 3352.0 
 0.945462 3276.0 
 0.945468 3156.0 
 0.945473 3512.0 
 0.945479 3500.0 
 0.945485 3340.0 
 0.945490 3588.0 
 0.945496 3288.0 
 0.945502 3504.0 
 0.945508 3476.0 
 0.945513 3464.0 
 0.945519 3464.0 
 0.945525 3548.0 
 0.945530 3888.0 
 0.945536 3496.0 
 0.945542 3464.0 
 0.945547 3676.0 
 0.945553 3512.0 
 0.945559 3388.0 
 0.945565 3792.0 
 0.945570 3512.0 
 0.945576 3640.0 
 0.945582 3692.0 
 0.945587 3544.0 
 0.945593 3264.0 
 0.945599 3096.0 
 0.945604 3104.0 
 0.945610 3124.0 
 0.945616 3724.0 
 0.945622 3104.0 
 0.945627 3560.0 
 0.945633 3572.0 
 0.945639 3252.0 
 0.945644 3420.0 
 0.945650 3140.0 
 0.945656 3080.0 
 0.945661 3256.0 
 0.945667 3172.0 
 0.945673 3100.0 
 0.945679 3232.0 
 0.945684 3148.0 
 0.945690 3128.0 
 0.945696 3284.0 
 0.945701 3440.0 
 0.945707 3412.0 
 0.945713 3304.0 
 0.945718 3628.0 
 0.945724 3448.0 
 0.945730 3176.0 
 0.945736 3224.0 
 0.945741 3320.0 
 0.945747 3448.0 
 0.945753 3540.0 
 0.945758 3472.0 
 0.945764 3164.0 
 0.945770 3226.0 
 0.945775 3252.0 
 0.945781 2948.0 
 0.945787 2964.0 
 0.945793 3080.0 
 0.945798 2960.0 
 0.945804 3104.0 
 0.945810 3024.0 
 0.945815 3228.0 
 0.945821 2868.0 
 0.945827 3156.0 
 0.945832 3476.0 
 0.945838 3412.0 
 0.945844 3412.0 
 0.945850 3124.0 
 0.945855 3324.0 
 0.945861 3272.0 
 0.945867 2996.0 
 0.945872 2912.0 
 0.945878 3052.0 
 0.945884 2828.0 
 0.945889 2996.0 
 0.945895 2900.0 
 0.945901 3088.0 
 0.945907 2900.0 
 0.945912 3060.0 
 0.945918 3368.0 
 0.945924 3408.0 
 0.945929 3348.0 
 0.945935 3492.0 
 0.945941 3468.0 
 0.945946 3616.0 
 0.945952 3280.0 
 0.945958 3112.0 
 0.945964 3004.0 
 0.945969 3244.0 
 0.945975 3408.0 
 0.945981 3148.0 
 0.945986 3240.0 
 0.945992 3424.0 
 0.945998 3156.0 
 0.946003 3124.0 
 0.946009 3076.0 
 0.946015 3028.0 
 0.946021 3152.0 
 0.946026 3028.0 
 0.946032 3180.0 
 0.946038 3108.0 
 0.946043 3184.0 
 0.946049 3472.0 
 0.946055 3108.0 
 0.946060 3176.0 
 0.946066 2924.0 
 0.946072 2944.0 
 0.946078 3180.0 
 0.946083 3012.0 
 0.946089 3112.0 
 0.946095 2976.0 
 0.946100 2884.0 
 0.946106 2876.0 
 0.946112 2924.0 
 0.946117 3068.0 
 0.946123 2644.0 
 0.946129 2420.0 
 0.946135 2124.0 
 0.946140 2324.0 
 0.946146 2312.0 
 0.946152 1720.0 
 0.946157 1700.0 
 0.946163 1620.0 
 0.946169 1592.0 
 0.946174 1342.0 
 0.946180 1752.0 
 0.946186 1620.0 
 0.946192 2024.0 
 0.946197 2176.0 
 0.946203 1976.0 
 0.946209 2192.0 
 0.946214 2396.0 
 0.946220 2246.0 
 0.946226 2396.0 
 0.946231 2344.0 
 0.946237 2240.0 
 0.946243 2700.0 
 0.946249 2640.0 
 0.946254 2788.0 
 0.946260 2948.0 
 0.946266 2688.0 
 0.946271 2780.0 
 0.946277 2856.0 
 0.946283 2708.0 
 0.946288 2800.0 
 0.946294 2952.0 
 0.946300 2824.0 
 0.946306 3016.0 
 0.946311 3064.0 
 0.946317 2748.0 
 0.946323 2964.0 
 0.946328 3232.0 
 0.946334 3192.0 
 0.946340 2852.0 
 0.946345 3192.0 
 0.946351 3212.0 
 0.946357 3092.0 
 0.946363 3232.0 
 0.946368 3220.0 
 0.946374 2988.0 
 0.946380 3252.0 
 0.946385 3020.0 
 0.946391 3416.0 
 0.946397 3048.0 
 0.946402 2732.0 
 0.946408 2916.0 
 0.946414 2564.0 
 0.946420 2464.0 
 0.946425 2348.0 
 0.946431 2136.0 
 0.946437 1888.0 
 0.946442 1588.0 
 0.946448 2256.0 
 0.946454 1992.0 
 0.946459 1984.0 
 0.946465 2464.0 
 0.946471 2546.0 
 0.946477 2768.0 
 0.946482 2832.0 
 0.946488 2664.0 
 0.946494 3028.0 
 0.946499 2976.0 
 0.946505 2876.0 
 0.946511 2624.0 
 0.946517 2824.0 
 0.946522 2716.0 
 0.946528 2588.0 
 0.946534 3068.0 
 0.946539 2884.0 
 0.946545 3076.0 
 0.946551 3136.0 
 0.946556 2920.0 
 0.946562 3208.0 
 0.946568 2936.0 
 0.946574 2880.0 
 0.946579 2800.0 
 0.946585 3012.0 
 0.946591 2892.0 
 0.946596 2804.0 
 0.946602 2588.0 
 0.946608 2764.0 
 0.946613 2808.0 
 0.946619 2954.0 
 0.946625 2772.0 
 0.946631 2804.0 
 0.946636 2680.0 
 0.946642 2760.0 
 0.946648 3288.0 
 0.946653 2952.0 
 0.946659 3256.0 
 0.946665 3340.0 
 0.946670 2800.0 
 0.946676 2812.0 
 0.946682 2852.0 
 0.946688 2812.0 
 0.946693 3028.0 
 0.946699 2912.0 
 0.946705 2800.0 
 0.946710 2640.0 
 0.946716 2968.0 
 0.946722 2576.0 
 0.946727 2404.0 
 0.946733 2132.0 
 0.946739 1940.0 
 0.946745 1866.0 
 0.946750 1598.0 
 0.946756 1628.0 
 0.946762 1480.0 
 0.946767 1302.0 
 0.946773 1192.0 
 0.946779 1204.0 
 0.946784 1364.0 
 0.946790 1400.0 
 0.946796 1436.0 
 0.946802 1780.0 
 0.946807 1772.0 
 0.946813 2056.0 
 0.946819 2028.0 
 0.946824 2044.0 
 0.946830 2484.0 
 0.946836 2396.0 
 0.946841 2384.0 
 0.946847 2904.0 
 0.946853 2796.0 
 0.946859 2848.0 
 0.946864 2628.0 
 0.946870 3216.0 
 0.946876 2860.0 
 0.946881 2744.0 
 0.946887 2924.0 
 0.946893 2920.0 
 0.946898 2516.0 
 0.946904 2676.0 
 0.946910 2538.0 
 0.946916 2844.0 
 0.946921 2892.0 
 0.946927 2708.0 
 0.946933 2796.0 
 0.946938 2756.0 
 0.946944 2864.0 
 0.946950 2476.0 
 0.946955 2636.0 
 0.946961 2752.0 
 0.946967 2928.0 
 0.946973 2796.0 
 0.946978 2656.0 
 0.946984 2568.0 
 0.946990 3120.0 
 0.946995 2780.0 
 0.947001 2872.0 
 0.947007 2876.0 
 0.947012 2620.0 
 0.947018 2660.0 
 0.947024 2536.0 
 0.947030 2308.0 
 0.947035 2596.0 
 0.947041 2904.0 
 0.947047 2500.0 
 0.947052 2688.0 
 0.947058 2456.0 
 0.947064 2532.0 
 0.947069 2584.0 
 0.947075 2796.0 
 0.947081 2220.0 
 0.947087 2148.0 
 0.947092 2284.0 
 0.947098 2076.0 
 0.947104 1924.0 
 0.947109 2040.0 
 0.947115 1964.0 
 0.947121 2292.0 
 0.947126 2248.0 
 0.947132 2456.0 
 0.947138 2556.0 
 0.947144 2400.0 
 0.947149 2604.0 
 0.947155 2552.0 
 0.947161 2800.0 
 0.947166 2960.0 
 0.947172 2456.0 
 0.947178 2948.0 
 0.947183 2768.0 
 0.947189 2648.0 
 0.947195 2724.0 
 0.947201 2696.0 
 0.947206 2580.0 
 0.947212 2852.0 
 0.947218 2440.0 
 0.947223 2624.0 
 0.947229 2624.0 
 0.947235 2488.0 
 0.947240 2864.0 
 0.947246 2564.0 
 0.947252 2744.0 
 0.947258 2696.0 
 0.947263 2932.0 
 0.947269 2632.0 
 0.947275 2476.0 
 0.947280 2916.0 
 0.947286 2560.0 
 0.947292 2728.0 
 0.947297 2584.0 
 0.947303 2588.0 
 0.947309 2740.0 
 0.947315 2584.0 
 0.947320 2548.0 
 0.947326 2500.0 
 0.947332 2428.0 
 0.947337 2748.0 
 0.947343 2280.0 
 0.947349 2800.0 
 0.947354 2608.0 
 0.947360 2732.0 
 0.947366 2924.0 
 0.947372 2604.0 
 0.947377 2804.0 
 0.947383 2392.0 
 0.947389 2232.0 
 0.947394 2348.0 
 0.947400 2516.0 
 0.947406 2428.0 
 0.947411 2612.0 
 0.947417 2616.0 
 0.947423 2660.0 
 0.947429 2800.0 
 0.947434 2668.0 
 0.947440 2780.0 
 0.947446 2800.0 
 0.947451 2556.0 
 0.947457 2228.0 
 0.947463 2396.0 
 0.947468 2284.0 
 0.947474 2152.0 
 0.947480 2256.0 
 0.947486 2264.0 
 0.947491 2568.0 
 0.947497 1988.0 
 0.947503 1984.0 
 0.947508 2232.0 
 0.947514 2056.0 
 0.947520 2676.0 
 0.947525 2432.0 
 0.947531 2452.0 
 0.947537 2532.0 
 0.947543 2532.0 
 0.947548 2520.0 
 0.947554 2644.0 
 0.947560 2612.0 
 0.947565 2656.0 
 0.947571 2712.0 
 0.947577 2940.0 
 0.947582 2472.0 
 0.947588 2684.0 
 0.947594 2304.0 
 0.947600 2432.0 
 0.947605 2676.0 
 0.947611 2560.0 
 0.947617 2648.0 
 0.947622 2656.0 
 0.947628 2732.0 
 0.947634 2904.0 
 0.947640 2524.0 
 0.947645 3008.0 
 0.947651 2856.0 
 0.947657 2804.0 
 0.947662 2792.0 
 0.947668 2892.0 
 0.947674 2740.0 
 0.947679 2840.0 
 0.947685 3100.0 
 0.947691 2960.0 
 0.947697 2776.0 
 0.947702 2540.0 
 0.947708 2844.0 
 0.947714 2796.0 
 0.947719 3120.0 
 0.947725 2776.0 
 0.947731 2880.0 
 0.947736 2720.0 
 0.947742 3016.0 
 0.947748 2612.0 
 0.947754 2968.0 
 0.947759 3184.0 
 0.947765 2640.0 
 0.947771 2616.0 
 0.947776 3016.0 
 0.947782 3052.0 
 0.947788 2808.0 
 0.947793 2904.0 
 0.947799 2848.0 
 0.947805 2740.0 
 0.947811 2368.0 
 0.947816 2576.0 
 0.947822 3040.0 
 0.947828 2604.0 
 0.947833 2828.0 
 0.947839 2396.0 
 0.947845 2888.0 
 0.947850 2472.0 
 0.947856 2772.0 
 0.947862 2536.0 
 0.947868 2744.0 
 0.947873 2464.0 
 0.947879 2472.0 
 0.947885 2972.0 
 0.947890 2768.0 
 0.947896 2604.0 
 0.947902 2636.0 
 0.947907 2640.0 
 0.947913 2596.0 
