 0.932334 1732.0 
 0.932340 1668.0 
 0.932345 1720.0 
 0.932351 1636.0 
 0.932357 1856.0 
 0.932362 2392.0 
 0.932368 2132.0 
 0.932374 2480.0 
 0.932379 2532.0 
 0.932385 2432.0 
 0.932391 2292.0 
 0.932397 2536.0 
 0.932402 2356.0 
 0.932408 2412.0 
 0.932414 2172.0 
 0.932419 2224.0 
 0.932425 2108.0 
 0.932431 2196.0 
 0.932436 2228.0 
 0.932442 2008.0 
 0.932448 2036.0 
 0.932454 2100.0 
 0.932459 2292.0 
 0.932465 2380.0 
 0.932471 2152.0 
 0.932476 2484.0 
 0.932482 2144.0 
 0.932488 2016.0 
 0.932493 2040.0 
 0.932499 2280.0 
 0.932505 2112.0 
 0.932511 2432.0 
 0.932516 2296.0 
 0.932522 2108.0 
 0.932528 2108.0 
 0.932533 2028.0 
 0.932539 2192.0 
 0.932545 2048.0 
 0.932550 2120.0 
 0.932556 1968.0 
 0.932562 2200.0 
 0.932568 2048.0 
 0.932573 1952.0 
 0.932579 2012.0 
 0.932585 1916.0 
 0.932590 2208.0 
 0.932596 2096.0 
 0.932602 1942.0 
 0.932607 1760.0 
 0.932613 1920.0 
 0.932619 1814.0 
 0.932625 1964.0 
 0.932630 2036.0 
 0.932636 1960.0 
 0.932642 2096.0 
 0.932647 2200.0 
 0.932653 2188.0 
 0.932659 2156.0 
 0.932664 2116.0 
 0.932670 2292.0 
 0.932676 1944.0 
 0.932682 1900.0 
 0.932687 2084.0 
 0.932693 2300.0 
 0.932699 1976.0 
 0.932704 2224.0 
 0.932710 2024.0 
 0.932716 2048.0 
 0.932721 1984.0 
 0.932727 2148.0 
 0.932733 2160.0 
 0.932739 2008.0 
 0.932744 1816.0 
 0.932750 1828.0 
 0.932756 1880.0 
 0.932761 1756.0 
 0.932767 2020.0 
 0.932773 1936.0 
 0.932778 2024.0 
 0.932784 2168.0 
 0.932790 2108.0 
 0.932796 2208.0 
 0.932801 2064.0 
 0.932807 2200.0 
 0.932813 2132.0 
 0.932818 2252.0 
 0.932824 2206.0 
 0.932830 1992.0 
 0.932835 2300.0 
 0.932841 2244.0 
 0.932847 2404.0 
 0.932853 2168.0 
 0.932858 2128.0 
 0.932864 2332.0 
 0.932870 2300.0 
 0.932875 2192.0 
 0.932881 2520.0 
 0.932887 2140.0 
 0.932893 1768.0 
 0.932898 1956.0 
 0.932904 2344.0 
 0.932910 2192.0 
 0.932915 2336.0 
 0.932921 2356.0 
 0.932927 2376.0 
 0.932932 2536.0 
 0.932938 2372.0 
 0.932944 2240.0 
 0.932950 2152.0 
 0.932955 2364.0 
 0.932961 2256.0 
 0.932967 2388.0 
 0.932972 2464.0 
 0.932978 2236.0 
 0.932984 2474.0 
 0.932989 2296.0 
 0.932995 2416.0 
 0.933001 2644.0 
 0.933007 2412.0 
 0.933012 1916.0 
 0.933018 1832.0 
 0.933024 2132.0 
 0.933029 2360.0 
 0.933035 1704.0 
 0.933041 1876.0 
 0.933046 2048.0 
 0.933052 1956.0 
 0.933058 1752.0 
 0.933064 1872.0 
 0.933069 1804.0 
 0.933075 1644.0 
 0.933081 2064.0 
 0.933086 2020.0 
 0.933092 1980.0 
 0.933098 2220.0 
 0.933103 2080.0 
 0.933109 2072.0 
 0.933115 2008.0 
 0.933121 2144.0 
 0.933126 2008.0 
 0.933132 1980.0 
 0.933138 2204.0 
 0.933143 2184.0 
 0.933149 2064.0 
 0.933155 2124.0 
 0.933160 2136.0 
 0.933166 2048.0 
 0.933172 2156.0 
 0.933178 1928.0 
 0.933183 1904.0 
 0.933189 1900.0 
 0.933195 2112.0 
 0.933200 1824.0 
 0.933206 1820.0 
 0.933212 1772.0 
 0.933217 2004.0 
 0.933223 1944.0 
 0.933229 1932.0 
 0.933235 1908.0 
 0.933240 2094.0 
 0.933246 2072.0 
 0.933252 1900.0 
 0.933257 2460.0 
 0.933263 2132.0 
 0.933269 2108.0 
 0.933274 1982.0 
 0.933280 1912.0 
 0.933286 2052.0 
 0.933292 2136.0 
 0.933297 2024.0 
 0.933303 1976.0 
 0.933309 1976.0 
 0.933314 2224.0 
 0.933320 1884.0 
 0.933326 2020.0 
 0.933331 1928.0 
 0.933337 1680.0 
 0.933343 2032.0 
 0.933349 1928.0 
 0.933354 1832.0 
 0.933360 1708.0 
 0.933366 1760.0 
 0.933371 1860.0 
 0.933377 1932.0 
 0.933383 1780.0 
 0.933388 1924.0 
 0.933394 1992.0 
 0.933400 2072.0 
 0.933406 2336.0 
 0.933411 1948.0 
 0.933417 2084.0 
 0.933423 2072.0 
 0.933428 2008.0 
 0.933434 2056.0 
 0.933440 1972.0 
 0.933445 1784.0 
 0.933451 1808.0 
 0.933457 1494.0 
 0.933463 1584.0 
 0.933468 1720.0 
 0.933474 1528.0 
 0.933480 1440.0 
 0.933485 1356.0 
 0.933491 1596.0 
 0.933497 1424.0 
 0.933502 1548.0 
 0.933508 1596.0 
 0.933514 1632.0 
 0.933520 2000.0 
 0.933525 1996.0 
 0.933531 1856.0 
 0.933537 2172.0 
 0.933542 2240.0 
 0.933548 2152.0 
 0.933554 2060.0 
 0.933559 2140.0 
 0.933565 2016.0 
 0.933571 1820.0 
 0.933577 1876.0 
 0.933582 1720.0 
 0.933588 1880.0 
 0.933594 1940.0 
 0.933599 1614.0 
 0.933605 1600.0 
 0.933611 1884.0 
 0.933616 1660.0 
 0.933622 2092.0 
 0.933628 2012.0 
 0.933634 2006.0 
 0.933639 2340.0 
 0.933645 2004.0 
 0.933651 2020.0 
 0.933656 1932.0 
 0.933662 1638.0 
 0.933668 2136.0 
 0.933673 2176.0 
 0.933679 2392.0 
 0.933685 2200.0 
 0.933691 2228.0 
 0.933696 2084.0 
 0.933702 1960.0 
 0.933708 2200.0 
 0.933713 2088.0 
 0.933719 2216.0 
 0.933725 1908.0 
 0.933730 1944.0 
 0.933736 2004.0 
 0.933742 1992.0 
 0.933748 1508.0 
 0.933753 1636.0 
 0.933759 1400.0 
 0.933765 1604.0 
 0.933770 1616.0 
 0.933776 1624.0 
 0.933782 1764.0 
 0.933787 2084.0 
 0.933793 2200.0 
 0.933799 2180.0 
 0.933805 2080.0 
 0.933810 1860.0 
 0.933816 1748.0 
 0.933822 2160.0 
 0.933827 1944.0 
 0.933833 1796.0 
 0.933839 1958.0 
 0.933844 1772.0 
 0.933850 1804.0 
 0.933856 1956.0 
 0.933862 1964.0 
 0.933867 2072.0 
 0.933873 1724.0 
 0.933879 1838.0 
 0.933884 1972.0 
 0.933890 1904.0 
 0.933896 2020.0 
 0.933901 1824.0 
 0.933907 1596.0 
 0.933913 1648.0 
 0.933919 1680.0 
 0.933924 1632.0 
 0.933930 1844.0 
 0.933936 1840.0 
 0.933941 1584.0 
 0.933947 1708.0 
 0.933953 1852.0 
 0.933958 1884.0 
 0.933964 1676.0 
 0.933970 1684.0 
 0.933976 1556.0 
 0.933981 1964.0 
 0.933987 2064.0 
 0.933993 1824.0 
 0.933998 1788.0 
 0.934004 1856.0 
 0.934010 1732.0 
 0.934016 1616.0 
 0.934021 1796.0 
 0.934027 1806.0 
 0.934033 1572.0 
 0.934038 1840.0 
 0.934044 1440.0 
 0.934050 1528.0 
 0.934055 1596.0 
 0.934061 1552.0 
 0.934067 1668.0 
 0.934073 1560.0 
 0.934078 2916.0 
 0.934084 1628.0 
 0.934090 1840.0 
 0.934095 1856.0 
 0.934101 2040.0 
 0.934107 1860.0 
 0.934112 2016.0 
 0.934118 1944.0 
 0.934124 1936.0 
 0.934130 1744.0 
 0.934135 1940.0 
 0.934141 2032.0 
 0.934147 1920.0 
 0.934152 1728.0 
 0.934158 1830.0 
 0.934164 1816.0 
 0.934169 1728.0 
 0.934175 1848.0 
 0.934181 1944.0 
 0.934187 1816.0 
 0.934192 1964.0 
 0.934198 1848.0 
 0.934204 2060.0 
 0.934209 1984.0 
 0.934215 2016.0 
 0.934221 2172.0 
 0.934226 1988.0 
 0.934232 2192.0 
 0.934238 2064.0 
 0.934244 1864.0 
 0.934249 1804.0 
 0.934255 1856.0 
 0.934261 1924.0 
 0.934266 1908.0 
 0.934272 1768.0 
 0.934278 2016.0 
 0.934283 1876.0 
 0.934289 1800.0 
 0.934295 1804.0 
 0.934301 2048.0 
 0.934306 1976.0 
 0.934312 1910.0 
 0.934318 2116.0 
 0.934323 1908.0 
 0.934329 2040.0 
 0.934335 2084.0 
 0.934340 1936.0 
 0.934346 1912.0 
 0.934352 1836.0 
 0.934358 2104.0 
 0.934363 1812.0 
 0.934369 1856.0 
 0.934375 1780.0 
 0.934380 1708.0 
 0.934386 1968.0 
 0.934392 1788.0 
 0.934397 1860.0 
 0.934403 2340.0 
 0.934409 1984.0 
 0.934415 2216.0 
 0.934420 1956.0 
 0.934426 2004.0 
 0.934432 2164.0 
 0.934437 2152.0 
 0.934443 1760.0 
 0.934449 1696.0 
 0.934454 1712.0 
 0.934460 1632.0 
 0.934466 1520.0 
 0.934472 1544.0 
 0.934477 1752.0 
 0.934483 1748.0 
 0.934489 1648.0 
 0.934494 1636.0 
 0.934500 1646.0 
 0.934506 1592.0 
 0.934511 1064.0 
 0.934517 1484.0 
 0.934523 1156.0 
 0.934529 1468.0 
 0.934534 1356.0 
 0.934540 1384.0 
 0.934546 1640.0 
 0.934551 1492.0 
 0.934557 1888.0 
 0.934563 1972.0 
 0.934568 1536.0 
 0.934574 1696.0 
 0.934580 1856.0 
 0.934586 1792.0 
 0.934591 1648.0 
 0.934597 1496.0 
 0.934603 1526.0 
 0.934608 1872.0 
 0.934614 1760.0 
 0.934620 1652.0 
 0.934625 1664.0 
 0.934631 1240.0 
 0.934637 1260.0 
 0.934643 968.0 
 0.934648 1224.0 
 0.934654 1488.0 
 0.934660 1400.0 
 0.934665 1220.0 
 0.934671 1348.0 
 0.934677 1200.0 
 0.934682 1576.0 
 0.934688 1644.0 
 0.934694 1436.0 
 0.934700 1656.0 
 0.934705 1788.0 
 0.934711 1752.0 
 0.934717 1772.0 
 0.934722 1732.0 
 0.934728 1840.0 
 0.934734 1758.0 
 0.934739 1552.0 
 0.934745 1840.0 
 0.934751 1560.0 
 0.934757 1804.0 
 0.934762 1772.0 
 0.934768 1676.0 
 0.934774 1800.0 
 0.934779 1700.0 
 0.934785 1712.0 
 0.934791 1880.0 
 0.934796 1880.0 
 0.934802 1800.0 
 0.934808 1900.0 
 0.934814 1548.0 
 0.934819 1676.0 
 0.934825 1752.0 
 0.934831 1744.0 
 0.934836 1608.0 
 0.934842 1528.0 
 0.934848 1796.0 
 0.934853 2080.0 
 0.934859 1888.0 
 0.934865 1872.0 
 0.934871 1604.0 
 0.934876 1740.0 
 0.934882 1728.0 
 0.934888 1828.0 
 0.934893 1652.0 
 0.934899 1792.0 
 0.934905 1820.0 
 0.934910 1880.0 
 0.934916 1972.0 
 0.934922 1768.0 
 0.934928 1892.0 
 0.934933 1872.0 
 0.934939 2024.0 
 0.934945 1936.0 
 0.934950 1692.0 
 0.934956 1616.0 
 0.934962 1776.0 
 0.934967 1532.0 
 0.934973 1768.0 
 0.934979 1836.0 
 0.934985 1680.0 
 0.934990 1880.0 
 0.934996 1736.0 
 0.935002 1860.0 
 0.935007 1932.0 
 0.935013 1708.0 
 0.935019 1776.0 
 0.935024 2004.0 
 0.935030 1964.0 
 0.935036 2016.0 
 0.935042 2168.0 
 0.935047 1952.0 
 0.935053 1924.0 
 0.935059 1592.0 
 0.935064 1836.0 
 0.935070 1824.0 
 0.935076 2016.0 
 0.935081 2028.0 
 0.935087 1972.0 
 0.935093 1912.0 
 0.935099 1892.0 
 0.935104 1684.0 
 0.935110 1984.0 
 0.935116 1892.0 
 0.935121 1892.0 
 0.935127 2072.0 
 0.935133 1896.0 
 0.935138 1824.0 
 0.935144 2136.0 
 0.935150 1920.0 
 0.935156 2208.0 
 0.935161 2080.0 
 0.935167 1808.0 
 0.935173 1832.0 
 0.935178 2000.0 
 0.935184 1916.0 
 0.935190 1848.0 
 0.935196 1888.0 
 0.935201 1972.0 
 0.935207 1664.0 
 0.935213 1948.0 
 0.935218 1720.0 
 0.935224 1900.0 
 0.935230 1872.0 
 0.935235 1680.0 
 0.935241 1720.0 
 0.935247 1662.0 
 0.935253 1506.0 
 0.935258 1376.0 
 0.935264 1538.0 
 0.935270 1492.0 
 0.935275 1764.0 
 0.935281 1820.0 
 0.935287 1928.0 
 0.935292 1552.0 
 0.935298 1584.0 
 0.935304 1684.0 
 0.935310 1708.0 
 0.935315 1488.0 
 0.935321 2068.0 
 0.935327 1896.0 
 0.935332 1988.0 
 0.935338 1936.0 
 0.935344 2008.0 
 0.935349 1796.0 
 0.935355 1904.0 
 0.935361 1412.0 
 0.935367 1584.0 
 0.935372 1636.0 
 0.935378 1656.0 
 0.935384 1420.0 
 0.935389 1344.0 
 0.935395 1252.0 
 0.935401 1136.0 
 0.935406 972.0 
 0.935412 1060.0 
 0.935418 1424.0 
 0.935424 1456.0 
 0.935429 1304.0 
 0.935435 1328.0 
 0.935441 1452.0 
 0.935446 1740.0 
 0.935452 1760.0 
 0.935458 1788.0 
 0.935463 2064.0 
 0.935469 1632.0 
 0.935475 1780.0 
 0.935481 1676.0 
 0.935486 2112.0 
 0.935492 1804.0 
 0.935498 1620.0 
 0.935503 1780.0 
 0.935509 1800.0 
 0.935515 1716.0 
 0.935520 1744.0 
 0.935526 1736.0 
 0.935532 1760.0 
 0.935538 1844.0 
 0.935543 1728.0 
 0.935549 2204.0 
 0.935555 1820.0 
 0.935560 1888.0 
 0.935566 1652.0 
 0.935572 1912.0 
 0.935577 1720.0 
 0.935583 1764.0 
 0.935589 1640.0 
 0.935595 1784.0 
 0.935600 1960.0 
 0.935606 1748.0 
 0.935612 1860.0 
 0.935617 1640.0 
 0.935623 1812.0 
 0.935629 1808.0 
 0.935634 1876.0 
 0.935640 1932.0 
 0.935646 1736.0 
 0.935652 1764.0 
 0.935657 1732.0 
 0.935663 1896.0 
 0.935669 1826.0 
 0.935674 1632.0 
 0.935680 1648.0 
 0.935686 1396.0 
 0.935691 1472.0 
 0.935697 1364.0 
 0.935703 1392.0 
 0.935709 1444.0 
 0.935714 1472.0 
 0.935720 1732.0 
 0.935726 1436.0 
 0.935731 1720.0 
 0.935737 1560.0 
 0.935743 1940.0 
 0.935748 1868.0 
 0.935754 1916.0 
 0.935760 1924.0 
 0.935766 1888.0 
 0.935771 1580.0 
 0.935777 1528.0 
 0.935783 1736.0 
 0.935788 1704.0 
 0.935794 1800.0 
 0.935800 1688.0 
 0.935805 1840.0 
 0.935811 1776.0 
 0.935817 1454.0 
 0.935823 1352.0 
 0.935828 1504.0 
 0.935834 1312.0 
 0.935840 1356.0 
 0.935845 1440.0 
 0.935851 1550.0 
 0.935857 1996.0 
 0.935862 1680.0 
 0.935868 1936.0 
 0.935874 1872.0 
 0.935880 1732.0 
 0.935885 1860.0 
 0.935891 1928.0 
 0.935897 1660.0 
 0.935902 1788.0 
 0.935908 1904.0 
 0.935914 2196.0 
 0.935919 1740.0 
 0.935925 1726.0 
 0.935931 1832.0 
 0.935937 1896.0 
 0.935942 2112.0 
 0.935948 1944.0 
 0.935954 1870.0 
 0.935959 1856.0 
 0.935965 1948.0 
 0.935971 1916.0 
 0.935976 1860.0 
 0.935982 2008.0 
 0.935988 1856.0 
 0.935994 1772.0 
 0.935999 1880.0 
 0.936005 1836.0 
 0.936011 1948.0 
 0.936016 1908.0 
 0.936022 1764.0 
 0.936028 1816.0 
 0.936033 1964.0 
 0.936039 1768.0 
 0.936045 1704.0 
 0.936051 1972.0 
 0.936056 1972.0 
 0.936062 1808.0 
 0.936068 1740.0 
 0.936073 2012.0 
 0.936079 2152.0 
 0.936085 1976.0 
 0.936090 1952.0 
 0.936096 1860.0 
 0.936102 1752.0 
 0.936108 2028.0 
 0.936113 1848.0 
 0.936119 1920.0 
 0.936125 1904.0 
 0.936130 2232.0 
 0.936136 1828.0 
 0.936142 1724.0 
 0.936147 1816.0 
 0.936153 1704.0 
 0.936159 1930.0 
 0.936165 1908.0 
 0.936170 1896.0 
 0.936176 1828.0 
 0.936182 1582.0 
 0.936187 1560.0 
 0.936193 1520.0 
 0.936199 1412.0 
 0.936204 1408.0 
 0.936210 1548.0 
 0.936216 1408.0 
 0.936222 1128.0 
 0.936227 1408.0 
 0.936233 1264.0 
 0.936239 1604.0 
 0.936244 1716.0 
 0.936250 1536.0 
 0.936256 1520.0 
 0.936261 1700.0 
 0.936267 1580.0 
 0.936273 1772.0 
 0.936279 1740.0 
 0.936284 1888.0 
 0.936290 1740.0 
 0.936296 1712.0 
 0.936301 1460.0 
 0.936307 1320.0 
 0.936313 1628.0 
 0.936319 1258.0 
 0.936324 1064.0 
 0.936330 852.0 
 0.936336 1016.0 
 0.936341 734.0 
 0.936347 606.0 
 0.936353 700.0 
 0.936358 724.0 
 0.936364 604.0 
 0.936370 654.0 
 0.936376 856.0 
 0.936381 904.0 
 0.936387 982.0 
 0.936393 1332.0 
 0.936398 1264.0 
 0.936404 1420.0 
 0.936410 1488.0 
 0.936415 1636.0 
 0.936421 1444.0 
 0.936427 1668.0 
 0.936433 1324.0 
 0.936438 1276.0 
 0.936444 1584.0 
 0.936450 1464.0 
 0.936455 1308.0 
 0.936461 1282.0 
 0.936467 1308.0 
 0.936472 1320.0 
 0.936478 1134.0 
 0.936484 920.0 
 0.936490 1176.0 
 0.936495 1392.0 
 0.936501 1090.0 
 0.936507 1132.0 
 0.936512 1304.0 
 0.936518 1024.0 
 0.936524 1528.0 
 0.936529 1112.0 
 0.936535 1356.0 
 0.936541 1504.0 
 0.936547 1648.0 
 0.936552 1632.0 
 0.936558 1584.0 
 0.936564 1740.0 
 0.936569 1672.0 
 0.936575 1592.0 
 0.936581 1660.0 
 0.936586 1396.0 
 0.936592 1580.0 
 0.936598 1508.0 
 0.936604 1720.0 
 0.936609 1488.0 
 0.936615 1460.0 
 0.936621 1520.0 
 0.936626 1700.0 
 0.936632 1480.0 
 0.936638 1552.0 
 0.936643 1592.0 
 0.936649 1520.0 
 0.936655 1728.0 
 0.936661 1672.0 
 0.936666 1578.0 
 0.936672 1652.0 
 0.936678 1556.0 
 0.936683 1688.0 
 0.936689 1628.0 
 0.936695 1920.0 
 0.936700 1676.0 
 0.936706 1844.0 
 0.936712 1628.0 
 0.936718 1540.0 
 0.936723 1462.0 
 0.936729 1400.0 
 0.936735 1212.0 
 0.936740 1224.0 
 0.936746 952.0 
 0.936752 1116.0 
 0.936757 1472.0 
 0.936763 1408.0 
 0.936769 1534.0 
 0.936775 1496.0 
 0.936780 1680.0 
 0.936786 1672.0 
 0.936792 1600.0 
 0.936797 1748.0 
 0.936803 2020.0 
 0.936809 1664.0 
 0.936814 2134.0 
 0.936820 1728.0 
 0.936826 1924.0 
 0.936832 1852.0 
 0.936837 1840.0 
 0.936843 1708.0 
 0.936849 1756.0 
 0.936854 1852.0 
 0.936860 1868.0 
 0.936866 1764.0 
 0.936871 1904.0 
 0.936877 2060.0 
 0.936883 1972.0 
 0.936889 2128.0 
 0.936894 2036.0 
 0.936900 2068.0 
 0.936906 1856.0 
 0.936911 1768.0 
 0.936917 1964.0 
 0.936923 2084.0 
 0.936928 1704.0 
 0.936934 2032.0 
 0.936940 1756.0 
 0.936946 1972.0 
 0.936951 2004.0 
 0.936957 1916.0 
 0.936963 1604.0 
 0.936968 2136.0 
 0.936974 1720.0 
 0.936980 1916.0 
 0.936985 1900.0 
 0.936991 1948.0 
 0.936997 2008.0 
 0.937003 1896.0 
 0.937008 2256.0 
 0.937014 2144.0 
 0.937020 1876.0 
 0.937025 1780.0 
 0.937031 1912.0 
 0.937037 1820.0 
 0.937042 2004.0 
 0.937048 1776.0 
 0.937054 2016.0 
 0.937060 2096.0 
 0.937065 1960.0 
 0.937071 1832.0 
 0.937077 2180.0 
 0.937082 1780.0 
 0.937088 1992.0 
 0.937094 1828.0 
 0.937099 2044.0 
 0.937105 1852.0 
 0.937111 2016.0 
 0.937117 2112.0 
 0.937122 1920.0 
 0.937128 1976.0 
 0.937134 2168.0 
 0.937139 1752.0 
 0.937145 1612.0 
 0.937151 2144.0 
 0.937156 1904.0 
 0.937162 1932.0 
 0.937168 1784.0 
 0.937174 1896.0 
 0.937179 1888.0 
 0.937185 2072.0 
 0.937191 1916.0 
 0.937196 2036.0 
 0.937202 2164.0 
 0.937208 2028.0 
 0.937213 1932.0 
 0.937219 1856.0 
 0.937225 2024.0 
 0.937231 2096.0 
 0.937236 2096.0 
 0.937242 1912.0 
 0.937248 2036.0 
 0.937253 1856.0 
 0.937259 2064.0 
 0.937265 1856.0 
 0.937270 1692.0 
 0.937276 1924.0 
 0.937282 1960.0 
 0.937288 2044.0 
 0.937293 2068.0 
 0.937299 1692.0 
 0.937305 1700.0 
 0.937310 1800.0 
 0.937316 1596.0 
 0.937322 1616.0 
 0.937327 1776.0 
 0.937333 1676.0 
 0.937339 1676.0 
 0.937345 1440.0 
 0.937350 1488.0 
 0.937356 1548.0 
 0.937362 1364.0 
 0.937367 1548.0 
 0.937373 1440.0 
 0.937379 1536.0 
 0.937384 1428.0 
 0.937390 1620.0 
 0.937396 1336.0 
 0.937402 1408.0 
 0.937407 1844.0 
 0.937413 1884.0 
 0.937419 1772.0 
 0.937424 1692.0 
 0.937430 1632.0 
 0.937436 1664.0 
 0.937442 1816.0 
 0.937447 1600.0 
 0.937453 1552.0 
 0.937459 1532.0 
 0.937464 1594.0 
 0.937470 1396.0 
 0.937476 1380.0 
 0.937481 1508.0 
 0.937487 1272.0 
 0.937493 1336.0 
 0.937499 1270.0 
 0.937504 1272.0 
 0.937510 1168.0 
 0.937516 1256.0 
 0.937521 1244.0 
 0.937527 1100.0 
 0.937533 1492.0 
 0.937538 1388.0 
 0.937544 1508.0 
 0.937550 1860.0 
 0.937556 1620.0 
 0.937561 1916.0 
 0.937567 1768.0 
 0.937573 1732.0 
 0.937578 1868.0 
 0.937584 2136.0 
 0.937590 1808.0 
 0.937595 1932.0 
 0.937601 1732.0 
 0.937607 1868.0 
 0.937613 1820.0 
 0.937618 1664.0 
 0.937624 1768.0 
 0.937630 1628.0 
 0.937635 1480.0 
 0.937641 1744.0 
 0.937647 1708.0 
 0.937652 1292.0 
 0.937658 1448.0 
 0.937664 1420.0 
 0.937670 1212.0 
 0.937675 1248.0 
 0.937681 1492.0 
 0.937687 1376.0 
 0.937692 1380.0 
 0.937698 1410.0 
 0.937704 1344.0 
 0.937709 1292.0 
 0.937715 1600.0 
 0.937721 1476.0 
 0.937727 1392.0 
 0.937732 1368.0 
 0.937738 1292.0 
 0.937744 1594.0 
 0.937749 1328.0 
 0.937755 1420.0 
 0.937761 1232.0 
 0.937766 1128.0 
 0.937772 1180.0 
 0.937778 900.0 
 0.937784 1084.0 
 0.937789 1092.0 
 0.937795 1040.0 
 0.937801 1024.0 
 0.937806 776.0 
 0.937812 1216.0 
 0.937818 738.0 
 0.937823 978.0 
 0.937829 796.0 
 0.937835 778.0 
 0.937841 824.0 
 0.937846 732.0 
 0.937852 924.0 
 0.937858 888.0 
 0.937863 1058.0 
 0.937869 1148.0 
 0.937875 1252.0 
 0.937880 1432.0 
 0.937886 1356.0 
 0.937892 1400.0 
 0.937898 1680.0 
 0.937903 1580.0 
 0.937909 1348.0 
 0.937915 1650.0 
 0.937920 1378.0 
 0.937926 1428.0 
 0.937932 1432.0 
 0.937937 1268.0 
 0.937943 1208.0 
 0.937949 1572.0 
 0.937955 1352.0 
 0.937960 1604.0 
 0.937966 1552.0 
 0.937972 1428.0 
 0.937977 1500.0 
 0.937983 1634.0 
 0.937989 1388.0 
 0.937994 1648.0 
 0.938000 1708.0 
 0.938006 1536.0 
 0.938012 1704.0 
 0.938017 2136.0 
 0.938023 2008.0 
 0.938029 1924.0 
 0.938034 1908.0 
 0.938040 1536.0 
 0.938046 1334.0 
 0.938051 1520.0 
 0.938057 1368.0 
 0.938063 1348.0 
 0.938069 1148.0 
 0.938074 1044.0 
 0.938080 1154.0 
 0.938086 1384.0 
 0.938091 1348.0 
 0.938097 1332.0 
 0.938103 1372.0 
 0.938108 1556.0 
 0.938114 1664.0 
 0.938120 1560.0 
 0.938126 1422.0 
 0.938131 1818.0 
 0.938137 1686.0 
 0.938143 1768.0 
 0.938148 1732.0 
 0.938154 2020.0 
 0.938160 1880.0 
 0.938165 1612.0 
 0.938171 1928.0 
 0.938177 1768.0 
 0.938183 1608.0 
 0.938188 1428.0 
 0.938194 1628.0 
 0.938200 1664.0 
 0.938205 1700.0 
 0.938211 1460.0 
 0.938217 1596.0 
 0.938222 1188.0 
 0.938228 1612.0 
 0.938234 1524.0 
 0.938240 1644.0 
 0.938245 1628.0 
 0.938251 1868.0 
 0.938257 1908.0 
 0.938262 1768.0 
 0.938268 1744.0 
 0.938274 1580.0 
 0.938279 1844.0 
 0.938285 1956.0 
 0.938291 1956.0 
 0.938297 1900.0 
 0.938302 1724.0 
 0.938308 1992.0 
 0.938314 1864.0 
 0.938319 1908.0 
 0.938325 1928.0 
 0.938331 1892.0 
 0.938336 1712.0 
 0.938342 1588.0 
 0.938348 1578.0 
 0.938354 1496.0 
 0.938359 1500.0 
 0.938365 1536.0 
 0.938371 1408.0 
 0.938376 1576.0 
 0.938382 1500.0 
 0.938388 1648.0 
 0.938393 2148.0 
 0.938399 1800.0 
 0.938405 1744.0 
 0.938411 1764.0 
 0.938416 2008.0 
 0.938422 2020.0 
 0.938428 1936.0 
 0.938433 1856.0 
 0.938439 1880.0 
 0.938445 1980.0 
 0.938450 1988.0 
 0.938456 1836.0 
 0.938462 2116.0 
 0.938468 2156.0 
 0.938473 1872.0 
 0.938479 1640.0 
 0.938485 2112.0 
 0.938490 1940.0 
 0.938496 1984.0 
 0.938502 2092.0 
 0.938507 1916.0 
 0.938513 2104.0 
 0.938519 2024.0 
 0.938525 2188.0 
 0.938530 2024.0 
 0.938536 1884.0 
 0.938542 1904.0 
 0.938547 1932.0 
 0.938553 1892.0 
 0.938559 2056.0 
 0.938564 1732.0 
 0.938570 1868.0 
 0.938576 2040.0 
 0.938582 1956.0 
 0.938587 2004.0 
 0.938593 2032.0 
 0.938599 1980.0 
 0.938604 1954.0 
 0.938610 2160.0 
 0.938616 2296.0 
 0.938622 2148.0 
 0.938627 2228.0 
 0.938633 1940.0 
 0.938639 2132.0 
 0.938644 1824.0 
 0.938650 1844.0 
 0.938656 2016.0 
 0.938661 2076.0 
 0.938667 2204.0 
 0.938673 1708.0 
 0.938679 1732.0 
 0.938684 1736.0 
 0.938690 1544.0 
 0.938696 1700.0 
 0.938701 1532.0 
 0.938707 1784.0 
 0.938713 1828.0 
 0.938718 1936.0 
 0.938724 1900.0 
 0.938730 1968.0 
 0.938736 1952.0 
 0.938741 2228.0 
 0.938747 2204.0 
 0.938753 2196.0 
 0.938758 1976.0 
 0.938764 1768.0 
 0.938770 1796.0 
 0.938775 2412.0 
 0.938781 1976.0 
 0.938787 1924.0 
 0.938793 2116.0 
 0.938798 1760.0 
 0.938804 1752.0 
 0.938810 1844.0 
 0.938815 1928.0 
 0.938821 1676.0 
 0.938827 1760.0 
 0.938832 1654.0 
 0.938838 1756.0 
 0.938844 1804.0 
 0.938850 2048.0 
 0.938855 2012.0 
 0.938861 2128.0 
 0.938867 2136.0 
 0.938872 1944.0 
 0.938878 2032.0 
 0.938884 2188.0 
 0.938889 2020.0 
 0.938895 2212.0 
 0.938901 2408.0 
 0.938907 1788.0 
 0.938912 1944.0 
 0.938918 1958.0 
 0.938924 1804.0 
 0.938929 2100.0 
 0.938935 1936.0 
 0.938941 2024.0 
 0.938946 2048.0 
 0.938952 2088.0 
 0.938958 2208.0 
 0.938964 1996.0 
 0.938969 2072.0 
 0.938975 2196.0 
 0.938981 2040.0 
 0.938986 2312.0 
 0.938992 2092.0 
 0.938998 2076.0 
 0.939003 2172.0 
 0.939009 1864.0 
 0.939015 2224.0 
 0.939021 1948.0 
 0.939026 2072.0 
 0.939032 2356.0 
 0.939038 2052.0 
 0.939043 2236.0 
 0.939049 2020.0 
 0.939055 2216.0 
 0.939060 1976.0 
 0.939066 1916.0 
 0.939072 1852.0 
 0.939078 1696.0 
 0.939083 1812.0 
 0.939089 1712.0 
 0.939095 1888.0 
 0.939100 1904.0 
 0.939106 1672.0 
 0.939112 1836.0 
 0.939117 1708.0 
 0.939123 1904.0 
 0.939129 1800.0 
 0.939135 1772.0 
 0.939140 2072.0 
 0.939146 1888.0 
 0.939152 1652.0 
 0.939157 1732.0 
 0.939163 1756.0 
 0.939169 1664.0 
 0.939174 1888.0 
 0.939180 1968.0 
 0.939186 1692.0 
 0.939192 2024.0 
 0.939197 1836.0 
 0.939203 2004.0 
 0.939209 1924.0 
 0.939214 1584.0 
 0.939220 1604.0 
 0.939226 1224.0 
 0.939231 1312.0 
 0.939237 1620.0 
 0.939243 1504.0 
 0.939249 1320.0 
 0.939254 1576.0 
 0.939260 1368.0 
 0.939266 1516.0 
 0.939271 1320.0 
 0.939277 1380.0 
 0.939283 1376.0 
 0.939288 1324.0 
 0.939294 1244.0 
 0.939300 980.0 
 0.939306 1344.0 
 0.939311 1392.0 
 0.939317 1284.0 
 0.939323 1584.0 
 0.939328 1438.0 
 0.939334 1840.0 
 0.939340 1748.0 
 0.939345 1920.0 
 0.939351 1988.0 
 0.939357 1922.0 
 0.939363 1896.0 
 0.939368 2032.0 
 0.939374 2084.0 
 0.939380 1804.0 
 0.939385 2052.0 
 0.939391 1896.0 
 0.939397 2352.0 
 0.939402 1980.0 
 0.939408 1852.0 
 0.939414 1948.0 
 0.939420 2104.0 
 0.939425 1720.0 
 0.939431 1552.0 
 0.939437 1748.0 
 0.939442 1544.0 
 0.939448 1498.0 
 0.939454 1352.0 
 0.939459 1608.0 
 0.939465 1508.0 
 0.939471 1216.0 
 0.939477 1304.0 
 0.939482 1708.0 
 0.939488 1748.0 
 0.939494 1948.0 
 0.939499 1964.0 
 0.939505 1768.0 
 0.939511 1920.0 
 0.939516 1636.0 
 0.939522 1816.0 
 0.939528 1820.0 
 0.939534 1568.0 
 0.939539 1744.0 
 0.939545 1788.0 
 0.939551 1568.0 
 0.939556 1632.0 
 0.939562 2008.0 
 0.939568 2248.0 
 0.939573 1848.0 
 0.939579 1856.0 
 0.939585 2516.0 
 0.939591 2100.0 
 0.939596 2320.0 
 0.939602 2360.0 
 0.939608 2220.0 
 0.939613 1752.0 
 0.939619 1876.0 
 0.939625 1976.0 
 0.939630 1996.0 
 0.939636 1788.0 
 0.939642 1948.0 
 0.939648 1780.0 
 0.939653 2092.0 
 0.939659 2040.0 
 0.939665 2360.0 
 0.939670 1952.0 
 0.939676 1680.0 
 0.939682 1756.0 
 0.939687 1872.0 
 0.939693 1764.0 
 0.939699 1532.0 
 0.939705 1456.0 
 0.939710 1560.0 
 0.939716 1536.0 
 0.939722 1656.0 
 0.939727 1584.0 
 0.939733 1600.0 
 0.939739 1580.0 
 0.939745 1636.0 
 0.939750 1832.0 
 0.939756 1496.0 
 0.939762 1764.0 
 0.939767 2004.0 
 0.939773 1732.0 
 0.939779 1816.0 
 0.939784 1720.0 
 0.939790 1790.0 
 0.939796 1636.0 
 0.939802 1780.0 
 0.939807 1584.0 
 0.939813 1628.0 
 0.939819 1382.0 
 0.939824 1488.0 
 0.939830 1204.0 
 0.939836 1132.0 
 0.939841 1024.0 
 0.939847 1144.0 
 0.939853 756.0 
 0.939859 768.0 
 0.939864 742.0 
 0.939870 830.0 
 0.939876 760.0 
 0.939881 1104.0 
 0.939887 1368.0 
 0.939893 1356.0 
 0.939898 1676.0 
 0.939904 1344.0 
 0.939910 1482.0 
 0.939916 1848.0 
 0.939921 1828.0 
 0.939927 1804.0 
 0.939933 1620.0 
 0.939938 1464.0 
 0.939944 1648.0 
 0.939950 1636.0 
 0.939955 1548.0 
 0.939961 1692.0 
 0.939967 1708.0 
 0.939973 1564.0 
 0.939978 1220.0 
 0.939984 1432.0 
 0.939990 1092.0 
 0.939995 1252.0 
 0.940001 1248.0 
 0.940007 1294.0 
 0.940012 1156.0 
 0.940018 1364.0 
 0.940024 1296.0 
 0.940030 1404.0 
 0.940035 1640.0 
 0.940041 1888.0 
 0.940047 1876.0 
 0.940052 1916.0 
 0.940058 1794.0 
 0.940064 1792.0 
 0.940069 1948.0 
 0.940075 1984.0 
 0.940081 1724.0 
 0.940087 1956.0 
 0.940092 1640.0 
 0.940098 2120.0 
 0.940104 2092.0 
 0.940109 2016.0 
 0.940115 2004.0 
 0.940121 1704.0 
 0.940126 1980.0 
 0.940132 2396.0 
 0.940138 2388.0 
 0.940144 2004.0 
 0.940149 2052.0 
 0.940155 2012.0 
 0.940161 1736.0 
 0.940166 1764.0 
 0.940172 1912.0 
 0.940178 1892.0 
 0.940183 1948.0 
 0.940189 1716.0 
 0.940195 2136.0 
 0.940201 1952.0 
 0.940206 2012.0 
 0.940212 1988.0 
 0.940218 1944.0 
 0.940223 2024.0 
 0.940229 1964.0 
 0.940235 1932.0 
 0.940240 1728.0 
 0.940246 1832.0 
 0.940252 1808.0 
 0.940258 2088.0 
 0.940263 2000.0 
 0.940269 1972.0 
 0.940275 1856.0 
 0.940280 1748.0 
 0.940286 1820.0 
 0.940292 1784.0 
 0.940297 2044.0 
 0.940303 1656.0 
 0.940309 1916.0 
 0.940315 1844.0 
 0.940320 1980.0 
 0.940326 1892.0 
 0.940332 1816.0 
 0.940337 1852.0 
 0.940343 1936.0 
 0.940349 2016.0 
 0.940354 1916.0 
 0.940360 2008.0 
 0.940366 2048.0 
 0.940372 1904.0 
 0.940377 1844.0 
 0.940383 2036.0 
 0.940389 1888.0 
 0.940394 2032.0 
 0.940400 1912.0 
 0.940406 1908.0 
 0.940411 2068.0 
 0.940417 2188.0 
 0.940423 1800.0 
 0.940429 1776.0 
 0.940434 1984.0 
 0.940440 1672.0 
 0.940446 1904.0 
 0.940451 1728.0 
 0.940457 1664.0 
 0.940463 1712.0 
 0.940468 1612.0 
 0.940474 1896.0 
 0.940480 1808.0 
 0.940486 1864.0 
 0.940491 2092.0 
 0.940497 1874.0 
 0.940503 1932.0 
 0.940508 2040.0 
 0.940514 2192.0 
 0.940520 1972.0 
 0.940525 2080.0 
 0.940531 2028.0 
 0.940537 1832.0 
 0.940543 1960.0 
 0.940548 2056.0 
 0.940554 2020.0 
 0.940560 1864.0 
 0.940565 1980.0 
 0.940571 2160.0 
 0.940577 2096.0 
 0.940582 2164.0 
 0.940588 1940.0 
 0.940594 2192.0 
 0.940600 1972.0 
 0.940605 2056.0 
 0.940611 1984.0 
 0.940617 1960.0 
 0.940622 1888.0 
 0.940628 2048.0 
 0.940634 1860.0 
 0.940639 1684.0 
 0.940645 1758.0 
 0.940651 1848.0 
 0.940657 1916.0 
 0.940662 1956.0 
 0.940668 1884.0 
 0.940674 1564.0 
 0.940679 1772.0 
 0.940685 1832.0 
 0.940691 1684.0 
 0.940696 1696.0 
 0.940702 1560.0 
 0.940708 1812.0 
 0.940714 1732.0 
 0.940719 1584.0 
 0.940725 1736.0 
 0.940731 1716.0 
 0.940736 1768.0 
 0.940742 1440.0 
 0.940748 1754.0 
 0.940753 1968.0 
 0.940759 1888.0 
 0.940765 1836.0 
 0.940771 1944.0 
 0.940776 1588.0 
 0.940782 1576.0 
 0.940788 1548.0 
 0.940793 1740.0 
 0.940799 1832.0 
 0.940805 1542.0 
 0.940810 1696.0 
 0.940816 1954.0 
 0.940822 2108.0 
 0.940828 1864.0 
 0.940833 1968.0 
 0.940839 1720.0 
 0.940845 1636.0 
 0.940850 1400.0 
 0.940856 1496.0 
 0.940862 1440.0 
 0.940868 1358.0 
 0.940873 1464.0 
 0.940879 1340.0 
 0.940885 1444.0 
 0.940890 1448.0 
 0.940896 1692.0 
 0.940902 1772.0 
 0.940907 1712.0 
 0.940913 1820.0 
 0.940919 1876.0 
 0.940925 1988.0 
 0.940930 1992.0 
 0.940936 1944.0 
 0.940942 1944.0 
 0.940947 2364.0 
 0.940953 2012.0 
 0.940959 1992.0 
 0.940964 2064.0 
 0.940970 1920.0 
 0.940976 1948.0 
 0.940982 1992.0 
 0.940987 1820.0 
 0.940993 1748.0 
 0.940999 1836.0 
 0.941004 2104.0 
 0.941010 2296.0 
 0.941016 1828.0 
 0.941021 1952.0 
 0.941027 2128.0 
 0.941033 2172.0 
 0.941039 2072.0 
 0.941044 2340.0 
 0.941050 2152.0 
 0.941056 2148.0 
 0.941061 1832.0 
 0.941067 2120.0 
 0.941073 2160.0 
 0.941078 1940.0 
 0.941084 2160.0 
 0.941090 2132.0 
 0.941096 2132.0 
 0.941101 2036.0 
 0.941107 2276.0 
 0.941113 1876.0 
 0.941118 2088.0 
 0.941124 1940.0 
 0.941130 2212.0 
 0.941135 2140.0 
 0.941141 2172.0 
 0.941147 2068.0 
 0.941153 2172.0 
 0.941158 1696.0 
 0.941164 1872.0 
 0.941170 1964.0 
 0.941175 2060.0 
 0.941181 2044.0 
 0.941187 2144.0 
 0.941192 2012.0 
 0.941198 2124.0 
 0.941204 2046.0 
 0.941210 2044.0 
 0.941215 2096.0 
 0.941221 1976.0 
 0.941227 2096.0 
 0.941232 1964.0 
 0.941238 1924.0 
 0.941244 2036.0 
 0.941249 2016.0 
 0.941255 1704.0 
 0.941261 2100.0 
 0.941267 1892.0 
 0.941272 2020.0 
 0.941278 1824.0 
 0.941284 1944.0 
 0.941289 1688.0 
 0.941295 1860.0 
 0.941301 1650.0 
 0.941306 1884.0 
 0.941312 1956.0 
 0.941318 2272.0 
 0.941324 1968.0 
 0.941329 2020.0 
 0.941335 1696.0 
 0.941341 1968.0 
 0.941346 2100.0 
 0.941352 1912.0 
 0.941358 1964.0 
 0.941363 1876.0 
 0.941369 1764.0 
 0.941375 1848.0 
 0.941381 1856.0 
 0.941386 1676.0 
 0.941392 1684.0 
 0.941398 1540.0 
 0.941403 1992.0 
 0.941409 1580.0 
 0.941415 1796.0 
 0.941420 1592.0 
 0.941426 1342.0 
 0.941432 1304.0 
 0.941438 1512.0 
 0.941443 1332.0 
 0.941449 1468.0 
 0.941455 1616.0 
 0.941460 2020.0 
 0.941466 1768.0 
 0.941472 1560.0 
 0.941477 1628.0 
 0.941483 1744.0 
 0.941489 1604.0 
 0.941495 1748.0 
 0.941500 1616.0 
 0.941506 1792.0 
 0.941512 1880.0 
 0.941517 1676.0 
 0.941523 1508.0 
 0.941529 1688.0 
 0.941534 1868.0 
 0.941540 1900.0 
 0.941546 1788.0 
 0.941552 1860.0 
 0.941557 1892.0 
 0.941563 1872.0 
 0.941569 1836.0 
 0.941574 1752.0 
 0.941580 1844.0 
 0.941586 1770.0 
 0.941591 1568.0 
 0.941597 1772.0 
 0.941603 1888.0 
 0.941609 1900.0 
 0.941614 2056.0 
 0.941620 2112.0 
 0.941626 2344.0 
 0.941631 2148.0 
 0.941637 2008.0 
 0.941643 2084.0 
 0.941648 2184.0 
 0.941654 2024.0 
 0.941660 1946.0 
 0.941666 2088.0 
 0.941671 1892.0 
 0.941677 1952.0 
 0.941683 1932.0 
 0.941688 1652.0 
 0.941694 2028.0 
 0.941700 2092.0 
 0.941705 2140.0 
 0.941711 2372.0 
 0.941717 2204.0 
 0.941723 2120.0 
 0.941728 2240.0 
 0.941734 1994.0 
 0.941740 1956.0 
 0.941745 2248.0 
 0.941751 2036.0 
 0.941757 1860.0 
 0.941762 1984.0 
 0.941768 2060.0 
 0.941774 2060.0 
 0.941780 2152.0 
 0.941785 2100.0 
 0.941791 1928.0 
 0.941797 2084.0 
 0.941802 2296.0 
 0.941808 2032.0 
 0.941814 2012.0 
 0.941819 2324.0 
 0.941825 1872.0 
 0.941831 2020.0 
 0.941837 2284.0 
 0.941842 2068.0 
 0.941848 2096.0 
 0.941854 2364.0 
 0.941859 1958.0 
 0.941865 2128.0 
 0.941871 1728.0 
 0.941876 1696.0 
 0.941882 1934.0 
 0.941888 1796.0 
 0.941894 1804.0 
 0.941899 1716.0 
 0.941905 1660.0 
 0.941911 1640.0 
 0.941916 1720.0 
 0.941922 1676.0 
 0.941928 1764.0 
 0.941933 1792.0 
 0.941939 1590.0 
 0.941945 1732.0 
 0.941951 1872.0 
 0.941956 1952.0 
 0.941962 1612.0 
 0.941968 1912.0 
 0.941973 1904.0 
 0.941979 2240.0 
 0.941985 1836.0 
 0.941990 1872.0 
 0.941996 1708.0 
 0.942002 1896.0 
 0.942008 1592.0 
 0.942013 1728.0 
 0.942019 1364.0 
 0.942025 1624.0 
 0.942030 1508.0 
 0.942036 1316.0 
 0.942042 1080.0 
 0.942048 898.0 
 0.942053 1020.0 
 0.942059 700.0 
 0.942065 804.0 
 0.942070 982.0 
 0.942076 926.0 
 0.942082 940.0 
 0.942087 1210.0 
 0.942093 1356.0 
 0.942099 1340.0 
 0.942105 1584.0 
 0.942110 1532.0 
 0.942116 1564.0 
 0.942122 1632.0 
 0.942127 1816.0 
 0.942133 1796.0 
 0.942139 2024.0 
 0.942144 1508.0 
 0.942150 1580.0 
 0.942156 1468.0 
 0.942162 1388.0 
 0.942167 1408.0 
 0.942173 1340.0 
 0.942179 1464.0 
 0.942184 1202.0 
 0.942190 1406.0 
 0.942196 1076.0 
 0.942201 966.0 
 0.942207 942.0 
 0.942213 1166.0 
 0.942219 1126.0 
 0.942224 1244.0 
 0.942230 1386.0 
 0.942236 1378.0 
 0.942241 1304.0 
 0.942247 1308.0 
 0.942253 1552.0 
 0.942258 1480.0 
 0.942264 1604.0 
 0.942270 1796.0 
 0.942276 1596.0 
 0.942281 1620.0 
 0.942287 1564.0 
 0.942293 1648.0 
 0.942298 1616.0 
 0.942304 1568.0 
 0.942310 1872.0 
 0.942315 1816.0 
 0.942321 1628.0 
 0.942327 1760.0 
 0.942333 1988.0 
 0.942338 2020.0 
 0.942344 1852.0 
 0.942350 2044.0 
 0.942355 1980.0 
 0.942361 2080.0 
 0.942367 1956.0 
 0.942372 1984.0 
 0.942378 2060.0 
 0.942384 2014.0 
 0.942390 2136.0 
 0.942395 1956.0 
 0.942401 2048.0 
 0.942407 2000.0 
 0.942412 1956.0 
 0.942418 2148.0 
 0.942424 2168.0 
 0.942429 1948.0 
 0.942435 2040.0 
 0.942441 1940.0 
 0.942447 1904.0 
 0.942452 2108.0 
 0.942458 2004.0 
 0.942464 1812.0 
 0.942469 2020.0 
 0.942475 2308.0 
 0.942481 2036.0 
 0.942486 2144.0 
 0.942492 2176.0 
 0.942498 1996.0 
 0.942504 2104.0 
 0.942509 2104.0 
 0.942515 1980.0 
 0.942521 1952.0 
 0.942526 2372.0 
 0.942532 1896.0 
 0.942538 2036.0 
 0.942543 2252.0 
 0.942549 2176.0 
 0.942555 1978.0 
 0.942561 1856.0 
 0.942566 2108.0 
 0.942572 1712.0 
 0.942578 2080.0 
 0.942583 1744.0 
 0.942589 1932.0 
 0.942595 2048.0 
 0.942600 2144.0 
 0.942606 1908.0 
 0.942612 2016.0 
 0.942618 2048.0 
 0.942623 1956.0 
 0.942629 1628.0 
 0.942635 1884.0 
 0.942640 1836.0 
 0.942646 2084.0 
 0.942652 1700.0 
 0.942657 1568.0 
 0.942663 1944.0 
 0.942669 1872.0 
 0.942675 1788.0 
 0.942680 1940.0 
 0.942686 1732.0 
 0.942692 1740.0 
 0.942697 1912.0 
 0.942703 1736.0 
 0.942709 1536.0 
 0.942714 1836.0 
 0.942720 1948.0 
 0.942726 1892.0 
 0.942732 2112.0 
 0.942737 2028.0 
 0.942743 1980.0 
 0.942749 2118.0 
 0.942754 1856.0 
 0.942760 2218.0 
 0.942766 2180.0 
 0.942771 2064.0 
 0.942777 2048.0 
 0.942783 1944.0 
 0.942789 2204.0 
 0.942794 2108.0 
 0.942800 1864.0 
 0.942806 1844.0 
 0.942811 2140.0 
 0.942817 2108.0 
 0.942823 1980.0 
 0.942828 1972.0 
 0.942834 1728.0 
 0.942840 1644.0 
 0.942846 1860.0 
 0.942851 1896.0 
 0.942857 1976.0 
 0.942863 1876.0 
 0.942868 1628.0 
 0.942874 1968.0 
 0.942880 1904.0 
 0.942885 2132.0 
 0.942891 1920.0 
 0.942897 2020.0 
 0.942903 2052.0 
 0.942908 1988.0 
 0.942914 2000.0 
 0.942920 2108.0 
 0.942925 1816.0 
 0.942931 1912.0 
 0.942937 2136.0 
 0.942942 1764.0 
 0.942948 2120.0 
 0.942954 2164.0 
 0.942960 2016.0 
 0.942965 1884.0 
 0.942971 2048.0 
 0.942977 1988.0 
 0.942982 2000.0 
 0.942988 2156.0 
 0.942994 1936.0 
 0.942999 2172.0 
 0.943005 2008.0 
 0.943011 1900.0 
 0.943017 1864.0 
 0.943022 2316.0 
 0.943028 2000.0 
 0.943034 1984.0 
 0.943039 2160.0 
 0.943045 2064.0 
 0.943051 2276.0 
 0.943056 2096.0 
 0.943062 2032.0 
 0.943068 1864.0 
 0.943074 2088.0 
 0.943079 1772.0 
 0.943085 2208.0 
 0.943091 1682.0 
 0.943096 2044.0 
 0.943102 1952.0 
 0.943108 1844.0 
 0.943113 1904.0 
 0.943119 2064.0 
 0.943125 1920.0 
 0.943131 2024.0 
 0.943136 2120.0 
 0.943142 2008.0 
 0.943148 1852.0 
 0.943153 1716.0 
 0.943159 1832.0 
 0.943165 2048.0 
 0.943171 2024.0 
 0.943176 1972.0 
 0.943182 1964.0 
 0.943188 1964.0 
 0.943193 1924.0 
 0.943199 2292.0 
 0.943205 2038.0 
 0.943210 2072.0 
 0.943216 1944.0 
 0.943222 2180.0 
 0.943228 1940.0 
 0.943233 2012.0 
 0.943239 1984.0 
 0.943245 1928.0 
 0.943250 2048.0 
 0.943256 1720.0 
 0.943262 1996.0 
 0.943267 2104.0 
 0.943273 1932.0 
 0.943279 1928.0 
 0.943285 1812.0 
 0.943290 2036.0 
 0.943296 1864.0 
 0.943302 1692.0 
 0.943307 1736.0 
 0.943313 1952.0 
 0.943319 1936.0 
 0.943324 1764.0 
 0.943330 1904.0 
 0.943336 1592.0 
 0.943342 1748.0 
 0.943347 2008.0 
 0.943353 1756.0 
 0.943359 1704.0 
 0.943364 1744.0 
 0.943370 1616.0 
 0.943376 1760.0 
 0.943381 1738.0 
 0.943387 1472.0 
 0.943393 1640.0 
 0.943399 1872.0 
 0.943404 1760.0 
 0.943410 1508.0 
 0.943416 1756.0 
 0.943421 1556.0 
 0.943427 1612.0 
 0.943433 1808.0 
 0.943438 1548.0 
 0.943444 1576.0 
 0.943450 1392.0 
 0.943456 1320.0 
 0.943461 1436.0 
 0.943467 1416.0 
 0.943473 1210.0 
 0.943478 1440.0 
 0.943484 1350.0 
 0.943490 1112.0 
 0.943495 1432.0 
 0.943501 1224.0 
 0.943507 1116.0 
 0.943513 1120.0 
 0.943518 1232.0 
 0.943524 1540.0 
 0.943530 1560.0 
 0.943535 1228.0 
 0.943541 1364.0 
 0.943547 1128.0 
 0.943552 1624.0 
 0.943558 1348.0 
 0.943564 1626.0 
 0.943570 1384.0 
 0.943575 1420.0 
 0.943581 1514.0 
 0.943587 1292.0 
 0.943592 1352.0 
 0.943598 948.0 
 0.943604 1120.0 
 0.943609 824.0 
 0.943615 1264.0 
 0.943621 1032.0 
 0.943627 1144.0 
 0.943632 1176.0 
 0.943638 1176.0 
 0.943644 1302.0 
 0.943649 1484.0 
 0.943655 1432.0 
 0.943661 1556.0 
 0.943666 1704.0 
 0.943672 1540.0 
 0.943678 1684.0 
 0.943684 1592.0 
 0.943689 1868.0 
 0.943695 1532.0 
 0.943701 2276.0 
 0.943706 2072.0 
 0.943712 1912.0 
 0.943718 1624.0 
 0.943723 1660.0 
 0.943729 1960.0 
 0.943735 1648.0 
 0.943741 1804.0 
 0.943746 1836.0 
 0.943752 1856.0 
 0.943758 1832.0 
 0.943763 1888.0 
 0.943769 1828.0 
 0.943775 1620.0 
 0.943780 1716.0 
 0.943786 1644.0 
 0.943792 1840.0 
 0.943798 1532.0 
 0.943803 1656.0 
 0.943809 1576.0 
 0.943815 1424.0 
 0.943820 1340.0 
 0.943826 1568.0 
 0.943832 1586.0 
 0.943837 1504.0 
 0.943843 1568.0 
 0.943849 1420.0 
 0.943855 1772.0 
 0.943860 1656.0 
 0.943866 1772.0 
 0.943872 1848.0 
 0.943877 1908.0 
 0.943883 1668.0 
 0.943889 1548.0 
 0.943894 2272.0 
 0.943900 1876.0 
 0.943906 1976.0 
 0.943912 1988.0 
 0.943917 1924.0 
 0.943923 1868.0 
 0.943929 1912.0 
 0.943934 1548.0 
 0.943940 1336.0 
 0.943946 1112.0 
 0.943951 1116.0 
 0.943957 1282.0 
 0.943963 1220.0 
 0.943969 1272.0 
 0.943974 1236.0 
 0.943980 1320.0 
 0.943986 1524.0 
 0.943991 1828.0 
 0.943997 1436.0 
 0.944003 2056.0 
 0.944008 1768.0 
 0.944014 1728.0 
 0.944020 1640.0 
 0.944026 1576.0 
 0.944031 1752.0 
 0.944037 1672.0 
 0.944043 1672.0 
 0.944048 1548.0 
 0.944054 1672.0 
 0.944060 1592.0 
 0.944065 2108.0 
 0.944071 1694.0 
 0.944077 1784.0 
 0.944083 2070.0 
 0.944088 1840.0 
 0.944094 1720.0 
 0.944100 1444.0 
 0.944105 1812.0 
 0.944111 1416.0 
 0.944117 1504.0 
 0.944122 1644.0 
 0.944128 1732.0 
 0.944134 1490.0 
 0.944140 1516.0 
 0.944145 2024.0 
 0.944151 1832.0 
 0.944157 1464.0 
 0.944162 1244.0 
 0.944168 1408.0 
 0.944174 1408.0 
 0.944179 1352.0 
 0.944185 1354.0 
 0.944191 1292.0 
 0.944197 1324.0 
 0.944202 1374.0 
 0.944208 1200.0 
 0.944214 1248.0 
 0.944219 1072.0 
 0.944225 1200.0 
 0.944231 1272.0 
 0.944236 1472.0 
 0.944242 1472.0 
 0.944248 1846.0 
 0.944254 1812.0 
 0.944259 1736.0 
 0.944265 1716.0 
 0.944271 1624.0 
 0.944276 1524.0 
 0.944282 1548.0 
 0.944288 1412.0 
 0.944294 1228.0 
 0.944299 1156.0 
 0.944305 1210.0 
 0.944311 1156.0 
 0.944316 1384.0 
 0.944322 1244.0 
 0.944328 1060.0 
 0.944333 882.0 
 0.944339 1124.0 
 0.944345 1356.0 
 0.944351 1002.0 
 0.944356 934.0 
 0.944362 1026.0 
 0.944368 956.0 
 0.944373 938.0 
 0.944379 1248.0 
 0.944385 1388.0 
 0.944390 1636.0 
 0.944396 1544.0 
 0.944402 1624.0 
 0.944408 1688.0 
 0.944413 1796.0 
 0.944419 1578.0 
 0.944425 1424.0 
 0.944430 1456.0 
 0.944436 1296.0 
 0.944442 1196.0 
 0.944447 1712.0 
 0.944453 1712.0 
 0.944459 1504.0 
 0.944465 1784.0 
 0.944470 1708.0 
 0.944476 1888.0 
 0.944482 1956.0 
 0.944487 1872.0 
 0.944493 1976.0 
 0.944499 1764.0 
 0.944504 1644.0 
 0.944510 1764.0 
 0.944516 1772.0 
 0.944522 1968.0 
 0.944527 1948.0 
 0.944533 2028.0 
 0.944539 2156.0 
 0.944544 2092.0 
 0.944550 2036.0 
 0.944556 2020.0 
 0.944561 2004.0 
 0.944567 2060.0 
 0.944573 2076.0 
 0.944579 2148.0 
 0.944584 1836.0 
 0.944590 2080.0 
 0.944596 1788.0 
 0.944601 2048.0 
 0.944607 1844.0 
 0.944613 2114.0 
 0.944618 2060.0 
 0.944624 2088.0 
 0.944630 2204.0 
 0.944636 2096.0 
 0.944641 2140.0 
 0.944647 2160.0 
 0.944653 2192.0 
 0.944658 2240.0 
 0.944664 1844.0 
 0.944670 2180.0 
 0.944675 1948.0 
 0.944681 2056.0 
 0.944687 2080.0 
 0.944693 2312.0 
 0.944698 2140.0 
 0.944704 2252.0 
 0.944710 1888.0 
 0.944715 2060.0 
 0.944721 1908.0 
 0.944727 2004.0 
 0.944732 2184.0 
 0.944738 2004.0 
 0.944744 2088.0 
 0.944750 2128.0 
 0.944755 2120.0 
 0.944761 2024.0 
 0.944767 1956.0 
 0.944772 2068.0 
 0.944778 2058.0 
 0.944784 1960.0 
 0.944789 2080.0 
 0.944795 2172.0 
 0.944801 2012.0 
 0.944807 2228.0 
 0.944812 1726.0 
 0.944818 1856.0 
 0.944824 1908.0 
 0.944829 2088.0 
 0.944835 2172.0 
 0.944841 2140.0 
 0.944846 2136.0 
 0.944852 2028.0 
 0.944858 1864.0 
 0.944864 1890.0 
 0.944869 1864.0 
 0.944875 2052.0 
 0.944881 1912.0 
 0.944886 1748.0 
 0.944892 1904.0 
 0.944898 2000.0 
 0.944903 1980.0 
 0.944909 2148.0 
 0.944915 1868.0 
 0.944921 1816.0 
 0.944926 1788.0 
 0.944932 1896.0 
 0.944938 1804.0 
 0.944943 2036.0 
 0.944949 1936.0 
 0.944955 2100.0 
 0.944960 2204.0 
 0.944966 1984.0 
 0.944972 2148.0 
 0.944978 2032.0 
 0.944983 2084.0 
 0.944989 2192.0 
 0.944995 2044.0 
 0.945000 2164.0 
 0.945006 1824.0 
 0.945012 2088.0 
 0.945017 1972.0 
 0.945023 1688.0 
 0.945029 1712.0 
 0.945035 1948.0 
 0.945040 1908.0 
 0.945046 1796.0 
 0.945052 1940.0 
 0.945057 2144.0 
 0.945063 1992.0 
 0.945069 2116.0 
 0.945074 1960.0 
 0.945080 1992.0 
 0.945086 2176.0 
 0.945092 1856.0 
 0.945097 1874.0 
 0.945103 1636.0 
 0.945109 1908.0 
 0.945114 1876.0 
 0.945120 2164.0 
 0.945126 1876.0 
 0.945131 2008.0 
 0.945137 1720.0 
 0.945143 1680.0 
 0.945149 2072.0 
 0.945154 1804.0 
 0.945160 1756.0 
 0.945166 2052.0 
 0.945171 1920.0 
 0.945177 1972.0 
 0.945183 1928.0 
 0.945188 1800.0 
 0.945194 2124.0 
 0.945200 1640.0 
 0.945206 2020.0 
 0.945211 1884.0 
 0.945217 1940.0 
 0.945223 1820.0 
 0.945228 2024.0 
 0.945234 2088.0 
 0.945240 2112.0 
 0.945245 1960.0 
 0.945251 1724.0 
 0.945257 1800.0 
 0.945263 1848.0 
 0.945268 2032.0 
 0.945274 2060.0 
 0.945280 1928.0 
 0.945285 1948.0 
 0.945291 1772.0 
 0.945297 1964.0 
 0.945302 1856.0 
 0.945308 1768.0 
 0.945314 1756.0 
 0.945320 1800.0 
 0.945325 1892.0 
 0.945331 2008.0 
 0.945337 2032.0 
 0.945342 1824.0 
 0.945348 1944.0 
 0.945354 1700.0 
 0.945359 1888.0 
 0.945365 1916.0 
 0.945371 1808.0 
 0.945377 1748.0 
 0.945382 2000.0 
 0.945388 1976.0 
 0.945394 1704.0 
 0.945399 1988.0 
 0.945405 1940.0 
 0.945411 1848.0 
 0.945416 1776.0 
 0.945422 1828.0 
 0.945428 1660.0 
 0.945434 1720.0 
 0.945439 1884.0 
 0.945445 1680.0 
 0.945451 1716.0 
 0.945456 1936.0 
 0.945462 1660.0 
 0.945468 1744.0 
 0.945474 2060.0 
 0.945479 1928.0 
 0.945485 1796.0 
 0.945491 1788.0 
 0.945496 1958.0 
 0.945502 1656.0 
 0.945508 1732.0 
 0.945513 1716.0 
 0.945519 2008.0 
 0.945525 1628.0 
 0.945531 1432.0 
 0.945536 1696.0 
 0.945542 2040.0 
 0.945548 1924.0 
 0.945553 1796.0 
 0.945559 1644.0 
 0.945565 1808.0 
 0.945570 1792.0 
 0.945576 1532.0 
 0.945582 1916.0 
 0.945588 1640.0 
 0.945593 2128.0 
 0.945599 1832.0 
 0.945605 1752.0 
 0.945610 1816.0 
 0.945616 1688.0 
 0.945622 1652.0 
 0.945627 1884.0 
 0.945633 1908.0 
 0.945639 1776.0 
 0.945645 1764.0 
 0.945650 1748.0 
 0.945656 1728.0 
 0.945662 1808.0 
 0.945667 1538.0 
 0.945673 1728.0 
 0.945679 1604.0 
 0.945684 1776.0 
 0.945690 1828.0 
 0.945696 1732.0 
 0.945702 1708.0 
 0.945707 1712.0 
 0.945713 1536.0 
 0.945719 1724.0 
 0.945724 1624.0 
 0.945730 1788.0 
 0.945736 1660.0 
 0.945741 1840.0 
 0.945747 1716.0 
 0.945753 1860.0 
 0.945759 1620.0 
 0.945764 1844.0 
 0.945770 1878.0 
 0.945776 1920.0 
 0.945781 1956.0 
 0.945787 1624.0 
 0.945793 1728.0 
 0.945798 1836.0 
 0.945804 1700.0 
 0.945810 1692.0 
 0.945816 1696.0 
 0.945821 1720.0 
 0.945827 1856.0 
 0.945833 1916.0 
 0.945838 1804.0 
 0.945844 1648.0 
 0.945850 1824.0 
 0.945855 1776.0 
 0.945861 1868.0 
 0.945867 1732.0 
 0.945873 1664.0 
 0.945878 1656.0 
 0.945884 1628.0 
 0.945890 1496.0 
 0.945895 2076.0 
 0.945901 1992.0 
 0.945907 2324.0 
 0.945912 2012.0 
 0.945918 1808.0 
 0.945924 1980.0 
 0.945930 1692.0 
 0.945935 1824.0 
 0.945941 2000.0 
 0.945947 2160.0 
 0.945952 1872.0 
 0.945958 1700.0 
 0.945964 1816.0 
 0.945969 1736.0 
 0.945975 1576.0 
 0.945981 1868.0 
 0.945987 1656.0 
 0.945992 1728.0 
 0.945998 1744.0 
 0.946004 1544.0 
 0.946009 1744.0 
 0.946015 1380.0 
 0.946021 1250.0 
 0.946026 1590.0 
 0.946032 1660.0 
 0.946038 1668.0 
 0.946044 1580.0 
 0.946049 1676.0 
 0.946055 1408.0 
 0.946061 1612.0 
 0.946066 1768.0 
 0.946072 1706.0 
 0.946078 1760.0 
 0.946083 1612.0 
 0.946089 1688.0 
 0.946095 1816.0 
 0.946101 1884.0 
 0.946106 2072.0 
 0.946112 1396.0 
 0.946118 1936.0 
 0.946123 1912.0 
 0.946129 1784.0 
 0.946135 1488.0 
 0.946140 1560.0 
 0.946146 1484.0 
 0.946152 1406.0 
 0.946158 1560.0 
 0.946163 1328.0 
 0.946169 1384.0 
 0.946175 1392.0 
 0.946180 1224.0 
 0.946186 1364.0 
 0.946192 1568.0 
 0.946197 1596.0 
 0.946203 1720.0 
 0.946209 1840.0 
 0.946215 1528.0 
 0.946220 1704.0 
 0.946226 1780.0 
 0.946232 1652.0 
 0.946237 1732.0 
 0.946243 1796.0 
 0.946249 1764.0 
 0.946254 1980.0 
 0.946260 1764.0 
 0.946266 1804.0 
 0.946272 1576.0 
 0.946277 1600.0 
 0.946283 1520.0 
 0.946289 1456.0 
 0.946294 1346.0 
 0.946300 1728.0 
 0.946306 1660.0 
 0.946311 1600.0 
 0.946317 1588.0 
 0.946323 1924.0 
 0.946329 1912.0 
 0.946334 2088.0 
 0.946340 2076.0 
 0.946346 1816.0 
 0.946351 1612.0 
 0.946357 1912.0 
 0.946363 1900.0 
 0.946368 1972.0 
 0.946374 1920.0 
 0.946380 1856.0 
 0.946386 1884.0 
 0.946391 1700.0 
 0.946397 1792.0 
 0.946403 1740.0 
 0.946408 1936.0 
 0.946414 1456.0 
 0.946420 1616.0 
 0.946425 1556.0 
 0.946431 1340.0 
 0.946437 1376.0 
 0.946443 1294.0 
 0.946448 1320.0 
 0.946454 1708.0 
 0.946460 1600.0 
 0.946465 1614.0 
 0.946471 1608.0 
 0.946477 1612.0 
 0.946482 1852.0 
 0.946488 1494.0 
 0.946494 1648.0 
 0.946500 1596.0 
 0.946505 1492.0 
 0.946511 1788.0 
 0.946517 1740.0 
 0.946522 1676.0 
 0.946528 1824.0 
 0.946534 1744.0 
 0.946539 1880.0 
 0.946545 1932.0 
 0.946551 1588.0 
 0.946557 1556.0 
 0.946562 1752.0 
 0.946568 1620.0 
 0.946574 1616.0 
 0.946579 1908.0 
 0.946585 1536.0 
 0.946591 1524.0 
 0.946597 1566.0 
 0.946602 1340.0 
 0.946608 1598.0 
 0.946614 1214.0 
 0.946619 1178.0 
 0.946625 1596.0 
 0.946631 1690.0 
 0.946636 1428.0 
 0.946642 1532.0 
 0.946648 1748.0 
 0.946654 1676.0 
 0.946659 1620.0 
 0.946665 1716.0 
 0.946671 1552.0 
 0.946676 1500.0 
 0.946682 1688.0 
 0.946688 1564.0 
 0.946693 1852.0 
 0.946699 1768.0 
 0.946705 1620.0 
 0.946711 1556.0 
 0.946716 1744.0 
 0.946722 1548.0 
 0.946728 1638.0 
 0.946733 1376.0 
 0.946739 1432.0 
 0.946745 1376.0 
 0.946750 1280.0 
 0.946756 1252.0 
 0.946762 910.0 
 0.946768 1324.0 
 0.946773 1176.0 
 0.946779 1210.0 
 0.946785 1064.0 
 0.946790 1132.0 
 0.946796 1128.0 
 0.946802 1396.0 
 0.946807 1632.0 
 0.946813 1158.0 
 0.946819 1260.0 
 0.946825 1812.0 
 0.946830 1744.0 
 0.946836 1348.0 
 0.946842 1620.0 
 0.946847 1696.0 
 0.946853 1420.0 
 0.946859 1532.0 
 0.946864 1484.0 
 0.946870 1656.0 
 0.946876 1662.0 
 0.946882 1732.0 
 0.946887 1624.0 
 0.946893 1824.0 
 0.946899 1524.0 
 0.946904 1688.0 
 0.946910 1544.0 
 0.946916 1556.0 
 0.946921 1700.0 
 0.946927 1604.0 
 0.946933 1568.0 
 0.946939 1288.0 
 0.946944 1704.0 
 0.946950 1468.0 
 0.946956 1612.0 
 0.946961 1676.0 
 0.946967 1620.0 
 0.946973 1656.0 
 0.946978 1752.0 
 0.946984 1520.0 
 0.946990 1504.0 
 0.946996 1900.0 
 0.947001 1608.0 
 0.947007 1760.0 
 0.947013 1796.0 
 0.947018 1412.0 
 0.947024 1892.0 
 0.947030 1358.0 
 0.947035 1600.0 
 0.947041 1396.0 
 0.947047 1718.0 
 0.947053 1584.0 
 0.947058 1732.0 
 0.947064 1428.0 
 0.947070 1626.0 
 0.947075 1296.0 
 0.947081 1200.0 
 0.947087 1592.0 
 0.947092 1492.0 
 0.947098 1532.0 
 0.947104 1664.0 
 0.947110 1456.0 
 0.947115 1624.0 
 0.947121 1300.0 
 0.947127 1524.0 
 0.947132 1552.0 
 0.947138 1668.0 
 0.947144 1598.0 
 0.947149 1760.0 
 0.947155 1852.0 
 0.947161 1392.0 
 0.947167 1624.0 
 0.947172 1776.0 
 0.947178 1412.0 
 0.947184 1612.0 
 0.947189 1508.0 
 0.947195 1888.0 
 0.947201 1680.0 
 0.947206 1400.0 
 0.947212 1724.0 
 0.947218 1584.0 
 0.947224 1676.0 
 0.947229 1908.0 
 0.947235 1640.0 
 0.947241 1784.0 
 0.947246 1636.0 
 0.947252 1548.0 
 0.947258 1976.0 
 0.947263 1934.0 
 0.947269 1772.0 
 0.947275 1512.0 
 0.947281 1960.0 
 0.947286 1928.0 
 0.947292 1548.0 
 0.947298 1604.0 
 0.947303 1784.0 
 0.947309 1796.0 
 0.947315 1460.0 
 0.947320 1492.0 
 0.947326 1732.0 
 0.947332 1624.0 
 0.947338 1708.0 
 0.947343 1390.0 
 0.947349 1772.0 
 0.947355 1824.0 
 0.947360 1820.0 
 0.947366 1656.0 
 0.947372 1872.0 
 0.947377 1540.0 
 0.947383 1772.0 
 0.947389 1580.0 
 0.947395 1668.0 
 0.947400 1816.0 
 0.947406 1524.0 
 0.947412 1824.0 
 0.947417 1812.0 
 0.947423 1740.0 
 0.947429 1880.0 
 0.947434 1876.0 
 0.947440 1566.0 
 0.947446 1936.0 
 0.947452 1748.0 
 0.947457 1548.0 
 0.947463 1740.0 
 0.947469 1824.0 
 0.947474 1752.0 
 0.947480 1644.0 
 0.947486 1424.0 
 0.947491 1532.0 
 0.947497 1610.0 
 0.947503 1472.0 
 0.947509 1520.0 
 0.947514 1204.0 
 0.947520 1756.0 
 0.947526 1592.0 
 0.947531 1612.0 
 0.947537 1780.0 
 0.947543 1692.0 
 0.947548 1684.0 
 0.947554 1548.0 
 0.947560 1868.0 
 0.947566 1914.0 
 0.947571 1712.0 
 0.947577 1444.0 
 0.947583 1838.0 
 0.947588 1736.0 
 0.947594 1612.0 
 0.947600 1532.0 
 0.947605 1532.0 
 0.947611 1720.0 
 0.947617 1748.0 
 0.947623 1612.0 
 0.947628 1900.0 
 0.947634 1780.0 
 0.947640 1468.0 
 0.947645 1824.0 
 0.947651 2076.0 
 0.947657 1992.0 
 0.947662 1626.0 
 0.947668 1796.0 
 0.947674 1780.0 
 0.947680 1712.0 
 0.947685 2032.0 
 0.947691 1936.0 
 0.947697 2020.0 
 0.947702 1448.0 
 0.947708 1856.0 
 0.947714 1628.0 
 0.947720 1624.0 
 0.947725 1816.0 
 0.947731 1628.0 
 0.947737 1932.0 
 0.947742 1688.0 
 0.947748 2032.0 
 0.947754 1632.0 
 0.947759 1780.0 
 0.947765 1776.0 
 0.947771 1716.0 
 0.947777 1680.0 
 0.947782 2016.0 
 0.947788 1928.0 
 0.947794 1820.0 
 0.947799 1608.0 
 0.947805 1764.0 
 0.947811 1720.0 
 0.947816 2036.0 
 0.947822 1692.0 
 0.947828 2068.0 
 0.947834 1828.0 
 0.947839 1564.0 
 0.947845 1348.0 
 0.947851 1516.0 
 0.947856 1768.0 
 0.947862 1784.0 
 0.947868 1828.0 
 0.947873 1696.0 
 0.947879 1692.0 
 0.947885 1572.0 
 0.947891 1432.0 
 0.947896 1816.0 
 0.947902 1824.0 
 0.947908 1768.0 
 0.947913 1992.0 
 0.947919 1656.0 
 0.947925 1992.0 
 0.947930 2016.0 
 0.947936 1840.0 
 0.947942 1748.0 
 0.947948 2144.0 
 0.947953 1924.0 
 0.947959 2224.0 
 0.947965 1504.0 
 0.947970 1972.0 
 0.947976 1952.0 
 0.947982 1816.0 
 0.947987 2052.0 
 0.947993 1748.0 
