 0.932237 1292.0 
 0.932243 1496.0 
 0.932248 1476.0 
 0.932254 1640.0 
 0.932260 1944.0 
 0.932265 2284.0 
 0.932271 2136.0 
 0.932277 2728.0 
 0.932282 2356.0 
 0.932288 2436.0 
 0.932294 2500.0 
 0.932300 2632.0 
 0.932305 1792.0 
 0.932311 1816.0 
 0.932317 1628.0 
 0.932322 1576.0 
 0.932328 1624.0 
 0.932334 1644.0 
 0.932339 1732.0 
 0.932345 1772.0 
 0.932351 1802.0 
 0.932357 1724.0 
 0.932362 2036.0 
 0.932368 1508.0 
 0.932374 1892.0 
 0.932379 1936.0 
 0.932385 2224.0 
 0.932391 2116.0 
 0.932396 2156.0 
 0.932402 2340.0 
 0.932408 2676.0 
 0.932414 2500.0 
 0.932419 2552.0 
 0.932425 2380.0 
 0.932431 2588.0 
 0.932436 2412.0 
 0.932442 2344.0 
 0.932448 2484.0 
 0.932453 2320.0 
 0.932459 2552.0 
 0.932465 2212.0 
 0.932471 2424.0 
 0.932476 2368.0 
 0.932482 2380.0 
 0.932488 2160.0 
 0.932493 2404.0 
 0.932499 2836.0 
 0.932505 2600.0 
 0.932510 2616.0 
 0.932516 2472.0 
 0.932522 2696.0 
 0.932528 2420.0 
 0.932533 2496.0 
 0.932539 2548.0 
 0.932545 2472.0 
 0.932550 2360.0 
 0.932556 2640.0 
 0.932562 2608.0 
 0.932567 2688.0 
 0.932573 2732.0 
 0.932579 2844.0 
 0.932585 2956.0 
 0.932590 2668.0 
 0.932596 2712.0 
 0.932602 2456.0 
 0.932607 2704.0 
 0.932613 2592.0 
 0.932619 2536.0 
 0.932624 2692.0 
 0.932630 2728.0 
 0.932636 2688.0 
 0.932642 2704.0 
 0.932647 2744.0 
 0.932653 2800.0 
 0.932659 2592.0 
 0.932664 2740.0 
 0.932670 2816.0 
 0.932676 2452.0 
 0.932681 2612.0 
 0.932687 2428.0 
 0.932693 2292.0 
 0.932699 2516.0 
 0.932704 2004.0 
 0.932710 2180.0 
 0.932716 2208.0 
 0.932721 2088.0 
 0.932727 2240.0 
 0.932733 2336.0 
 0.932738 2464.0 
 0.932744 2652.0 
 0.932750 2688.0 
 0.932756 2548.0 
 0.932761 2780.0 
 0.932767 2872.0 
 0.932773 2764.0 
 0.932778 2680.0 
 0.932784 2748.0 
 0.932790 2760.0 
 0.932796 2016.0 
 0.932801 2380.0 
 0.932807 2356.0 
 0.932813 2592.0 
 0.932818 2420.0 
 0.932824 2306.0 
 0.932830 2500.0 
 0.932835 2904.0 
 0.932841 2512.0 
 0.932847 2340.0 
 0.932853 2688.0 
 0.932858 2480.0 
 0.932864 2764.0 
 0.932870 2720.0 
 0.932875 2652.0 
 0.932881 2620.0 
 0.932887 2724.0 
 0.932892 2668.0 
 0.932898 2760.0 
 0.932904 2960.0 
 0.932910 2660.0 
 0.932915 2508.0 
 0.932921 2276.0 
 0.932927 2900.0 
 0.932932 2784.0 
 0.932938 2144.0 
 0.932944 2500.0 
 0.932949 2492.0 
 0.932955 2288.0 
 0.932961 2324.0 
 0.932967 2100.0 
 0.932972 2236.0 
 0.932978 2456.0 
 0.932984 2180.0 
 0.932989 2132.0 
 0.932995 2056.0 
 0.933001 2544.0 
 0.933006 2348.0 
 0.933012 2444.0 
 0.933018 2264.0 
 0.933024 2500.0 
 0.933029 2252.0 
 0.933035 2628.0 
 0.933041 2400.0 
 0.933046 2492.0 
 0.933052 2272.0 
 0.933058 2356.0 
 0.933063 2392.0 
 0.933069 2660.0 
 0.933075 2492.0 
 0.933081 2340.0 
 0.933086 2664.0 
 0.933092 2348.0 
 0.933098 2392.0 
 0.933103 2556.0 
 0.933109 2360.0 
 0.933115 2448.0 
 0.933120 2408.0 
 0.933126 2864.0 
 0.933132 2488.0 
 0.933138 2512.0 
 0.933143 2360.0 
 0.933149 2468.0 
 0.933155 2524.0 
 0.933160 2336.0 
 0.933166 2376.0 
 0.933172 2076.0 
 0.933177 2176.0 
 0.933183 2316.0 
 0.933189 2556.0 
 0.933195 2568.0 
 0.933200 2324.0 
 0.933206 2288.0 
 0.933212 2592.0 
 0.933217 2608.0 
 0.933223 2234.0 
 0.933229 2380.0 
 0.933234 2488.0 
 0.933240 2376.0 
 0.933246 2708.0 
 0.933252 2400.0 
 0.933257 2288.0 
 0.933263 2296.0 
 0.933269 2412.0 
 0.933274 2232.0 
 0.933280 2708.0 
 0.933286 2296.0 
 0.933291 2760.0 
 0.933297 2636.0 
 0.933303 2588.0 
 0.933309 2372.0 
 0.933314 2528.0 
 0.933320 2408.0 
 0.933326 2472.0 
 0.933331 2576.0 
 0.933337 2760.0 
 0.933343 2444.0 
 0.933348 2536.0 
 0.933354 2592.0 
 0.933360 2388.0 
 0.933366 2668.0 
 0.933371 2472.0 
 0.933377 2640.0 
 0.933383 2580.0 
 0.933388 2652.0 
 0.933394 2556.0 
 0.933400 2404.0 
 0.933405 2552.0 
 0.933411 2440.0 
 0.933417 2588.0 
 0.933423 2428.0 
 0.933428 2528.0 
 0.933434 2080.0 
 0.933440 1880.0 
 0.933445 1964.0 
 0.933451 1724.0 
 0.933457 1788.0 
 0.933462 1776.0 
 0.933468 1804.0 
 0.933474 1952.0 
 0.933480 2336.0 
 0.933485 2284.0 
 0.933491 2396.0 
 0.933497 2312.0 
 0.933502 2432.0 
 0.933508 2472.0 
 0.933514 2400.0 
 0.933519 2364.0 
 0.933525 2488.0 
 0.933531 2764.0 
 0.933537 2468.0 
 0.933542 2400.0 
 0.933548 1928.0 
 0.933554 1964.0 
 0.933559 2020.0 
 0.933565 1756.0 
 0.933571 1728.0 
 0.933576 2072.0 
 0.933582 1996.0 
 0.933588 1912.0 
 0.933594 1960.0 
 0.933599 2676.0 
 0.933605 2536.0 
 0.933611 2432.0 
 0.933616 2424.0 
 0.933622 2484.0 
 0.933628 2448.0 
 0.933633 2532.0 
 0.933639 2592.0 
 0.933645 2852.0 
 0.933651 2236.0 
 0.933656 2372.0 
 0.933662 2468.0 
 0.933668 2128.0 
 0.933673 2412.0 
 0.933679 2096.0 
 0.933685 2220.0 
 0.933690 2520.0 
 0.933696 2468.0 
 0.933702 2556.0 
 0.933708 2264.0 
 0.933713 1908.0 
 0.933719 1680.0 
 0.933725 2146.0 
 0.933730 1824.0 
 0.933736 2200.0 
 0.933742 2180.0 
 0.933747 2184.0 
 0.933753 2080.0 
 0.933759 2448.0 
 0.933765 2284.0 
 0.933770 2576.0 
 0.933776 2228.0 
 0.933782 2236.0 
 0.933787 2040.0 
 0.933793 2056.0 
 0.933799 2304.0 
 0.933804 2336.0 
 0.933810 2316.0 
 0.933816 1908.0 
 0.933822 2220.0 
 0.933827 2096.0 
 0.933833 1960.0 
 0.933839 2012.0 
 0.933844 2104.0 
 0.933850 2008.0 
 0.933856 2052.0 
 0.933861 2016.0 
 0.933867 1960.0 
 0.933873 2112.0 
 0.933879 2224.0 
 0.933884 2224.0 
 0.933890 2116.0 
 0.933896 2036.0 
 0.933901 2132.0 
 0.933907 2360.0 
 0.933913 2372.0 
 0.933919 2096.0 
 0.933924 2216.0 
 0.933930 2312.0 
 0.933936 2016.0 
 0.933941 2008.0 
 0.933947 2064.0 
 0.933953 2144.0 
 0.933958 2236.0 
 0.933964 2000.0 
 0.933970 2032.0 
 0.933976 2320.0 
 0.933981 2364.0 
 0.933987 1936.0 
 0.933993 1872.0 
 0.933998 2004.0 
 0.934004 2208.0 
 0.934010 1820.0 
 0.934015 1622.0 
 0.934021 1872.0 
 0.934027 1828.0 
 0.934033 1896.0 
 0.934038 1880.0 
 0.934044 2084.0 
 0.934050 2216.0 
 0.934055 2064.0 
 0.934061 2144.0 
 0.934067 2240.0 
 0.934072 2040.0 
 0.934078 2252.0 
 0.934084 2432.0 
 0.934090 2212.0 
 0.934095 2448.0 
 0.934101 2340.0 
 0.934107 2372.0 
 0.934112 2380.0 
 0.934118 2084.0 
 0.934124 2424.0 
 0.934129 2244.0 
 0.934135 1852.0 
 0.934141 2132.0 
 0.934147 2140.0 
 0.934152 2136.0 
 0.934158 2204.0 
 0.934164 2176.0 
 0.934169 2200.0 
 0.934175 2324.0 
 0.934181 2092.0 
 0.934186 2640.0 
 0.934192 2272.0 
 0.934198 2300.0 
 0.934204 2432.0 
 0.934209 2516.0 
 0.934215 2240.0 
 0.934221 2384.0 
 0.934226 2424.0 
 0.934232 2368.0 
 0.934238 2088.0 
 0.934243 2468.0 
 0.934249 2200.0 
 0.934255 2300.0 
 0.934261 2120.0 
 0.934266 2112.0 
 0.934272 2012.0 
 0.934278 2100.0 
 0.934283 2488.0 
 0.934289 2348.0 
 0.934295 2380.0 
 0.934300 2196.0 
 0.934306 2468.0 
 0.934312 2436.0 
 0.934318 2500.0 
 0.934323 2168.0 
 0.934329 2576.0 
 0.934335 2548.0 
 0.934340 2460.0 
 0.934346 1984.0 
 0.934352 1940.0 
 0.934357 2048.0 
 0.934363 2004.0 
 0.934369 2124.0 
 0.934375 2200.0 
 0.934380 2008.0 
 0.934386 2428.0 
 0.934392 2248.0 
 0.934397 2192.0 
 0.934403 2378.0 
 0.934409 2132.0 
 0.934414 2060.0 
 0.934420 2240.0 
 0.934426 2016.0 
 0.934432 1952.0 
 0.934437 1880.0 
 0.934443 2064.0 
 0.934449 2184.0 
 0.934454 2100.0 
 0.934460 2400.0 
 0.934466 2108.0 
 0.934471 1844.0 
 0.934477 1720.0 
 0.934483 1760.0 
 0.934489 1872.0 
 0.934494 1780.0 
 0.934500 1728.0 
 0.934506 2056.0 
 0.934511 2380.0 
 0.934517 2292.0 
 0.934523 2504.0 
 0.934528 2292.0 
 0.934534 2064.0 
 0.934540 2096.0 
 0.934546 2252.0 
 0.934551 1992.0 
 0.934557 2588.0 
 0.934563 2388.0 
 0.934568 1920.0 
 0.934574 1916.0 
 0.934580 1716.0 
 0.934585 1856.0 
 0.934591 1560.0 
 0.934597 1796.0 
 0.934603 1588.0 
 0.934608 1332.0 
 0.934614 1348.0 
 0.934620 1244.0 
 0.934625 1156.0 
 0.934631 1424.0 
 0.934637 1484.0 
 0.934642 1424.0 
 0.934648 1640.0 
 0.934654 1900.0 
 0.934660 1804.0 
 0.934665 1932.0 
 0.934671 1952.0 
 0.934677 1904.0 
 0.934682 2116.0 
 0.934688 2160.0 
 0.934694 2076.0 
 0.934699 1832.0 
 0.934705 2052.0 
 0.934711 1876.0 
 0.934717 1768.0 
 0.934722 1856.0 
 0.934728 1624.0 
 0.934734 1768.0 
 0.934739 1820.0 
 0.934745 1692.0 
 0.934751 1920.0 
 0.934756 1764.0 
 0.934762 1738.0 
 0.934768 2004.0 
 0.934774 1772.0 
 0.934779 1784.0 
 0.934785 1900.0 
 0.934791 1956.0 
 0.934796 2072.0 
 0.934802 1952.0 
 0.934808 2044.0 
 0.934813 2188.0 
 0.934819 2260.0 
 0.934825 2348.0 
 0.934831 2064.0 
 0.934836 1916.0 
 0.934842 2012.0 
 0.934848 2044.0 
 0.934853 1948.0 
 0.934859 2072.0 
 0.934865 2328.0 
 0.934870 2492.0 
 0.934876 2272.0 
 0.934882 2144.0 
 0.934888 2280.0 
 0.934893 2356.0 
 0.934899 2412.0 
 0.934905 2368.0 
 0.934910 2244.0 
 0.934916 2296.0 
 0.934922 2288.0 
 0.934927 2088.0 
 0.934933 2420.0 
 0.934939 2040.0 
 0.934945 2144.0 
 0.934950 2216.0 
 0.934956 2348.0 
 0.934962 1944.0 
 0.934967 2160.0 
 0.934973 2284.0 
 0.934979 2244.0 
 0.934984 2024.0 
 0.934990 1880.0 
 0.934996 2064.0 
 0.935002 2088.0 
 0.935007 2108.0 
 0.935013 1984.0 
 0.935019 2464.0 
 0.935024 2468.0 
 0.935030 2296.0 
 0.935036 2444.0 
 0.935041 2480.0 
 0.935047 2272.0 
 0.935053 2060.0 
 0.935059 2540.0 
 0.935064 2372.0 
 0.935070 2432.0 
 0.935076 2092.0 
 0.935081 2404.0 
 0.935087 2312.0 
 0.935093 2608.0 
 0.935099 2520.0 
 0.935104 2188.0 
 0.935110 2448.0 
 0.935116 2140.0 
 0.935121 2440.0 
 0.935127 2220.0 
 0.935133 2328.0 
 0.935138 2432.0 
 0.935144 2020.0 
 0.935150 1824.0 
 0.935156 1860.0 
 0.935161 1956.0 
 0.935167 2088.0 
 0.935173 2344.0 
 0.935178 2288.0 
 0.935184 2076.0 
 0.935190 2072.0 
 0.935195 2144.0 
 0.935201 2072.0 
 0.935207 2084.0 
 0.935213 1960.0 
 0.935218 1822.0 
 0.935224 2204.0 
 0.935230 2308.0 
 0.935235 2368.0 
 0.935241 2424.0 
 0.935247 2320.0 
 0.935252 2272.0 
 0.935258 2324.0 
 0.935264 1948.0 
 0.935270 2128.0 
 0.935275 2404.0 
 0.935281 2200.0 
 0.935287 2192.0 
 0.935292 2332.0 
 0.935298 1980.0 
 0.935304 2020.0 
 0.935309 2012.0 
 0.935315 2044.0 
 0.935321 2116.0 
 0.935327 1920.0 
 0.935332 2180.0 
 0.935338 1948.0 
 0.935344 1844.0 
 0.935349 1660.0 
 0.935355 1644.0 
 0.935361 1636.0 
 0.935366 1464.0 
 0.935372 1428.0 
 0.935378 1380.0 
 0.935384 1448.0 
 0.935389 1508.0 
 0.935395 1768.0 
 0.935401 1708.0 
 0.935406 1788.0 
 0.935412 1724.0 
 0.935418 1680.0 
 0.935423 2056.0 
 0.935429 1912.0 
 0.935435 2076.0 
 0.935441 1960.0 
 0.935446 2010.0 
 0.935452 2424.0 
 0.935458 2116.0 
 0.935463 1924.0 
 0.935469 2008.0 
 0.935475 2140.0 
 0.935480 2080.0 
 0.935486 1984.0 
 0.935492 1792.0 
 0.935498 1908.0 
 0.935503 1724.0 
 0.935509 1736.0 
 0.935515 1624.0 
 0.935520 1852.0 
 0.935526 1820.0 
 0.935532 1908.0 
 0.935537 2100.0 
 0.935543 1844.0 
 0.935549 2184.0 
 0.935555 2288.0 
 0.935560 2076.0 
 0.935566 1808.0 
 0.935572 2164.0 
 0.935577 2060.0 
 0.935583 2248.0 
 0.935589 2200.0 
 0.935594 2048.0 
 0.935600 2192.0 
 0.935606 1964.0 
 0.935612 2244.0 
 0.935617 2396.0 
 0.935623 2132.0 
 0.935629 2108.0 
 0.935634 2088.0 
 0.935640 2224.0 
 0.935646 2368.0 
 0.935651 2172.0 
 0.935657 2008.0 
 0.935663 2040.0 
 0.935669 2268.0 
 0.935674 2020.0 
 0.935680 2224.0 
 0.935686 2072.0 
 0.935691 2124.0 
 0.935697 2040.0 
 0.935703 2156.0 
 0.935708 2188.0 
 0.935714 2244.0 
 0.935720 2160.0 
 0.935726 2496.0 
 0.935731 2220.0 
 0.935737 2316.0 
 0.935743 2276.0 
 0.935748 2256.0 
 0.935754 2188.0 
 0.935760 2064.0 
 0.935765 1872.0 
 0.935771 2196.0 
 0.935777 2056.0 
 0.935783 1968.0 
 0.935788 1828.0 
 0.935794 1552.0 
 0.935800 1500.0 
 0.935805 1576.0 
 0.935811 1360.0 
 0.935817 1740.0 
 0.935822 1664.0 
 0.935828 1912.0 
 0.935834 1820.0 
 0.935840 2272.0 
 0.935845 2256.0 
 0.935851 2084.0 
 0.935857 2444.0 
 0.935862 2156.0 
 0.935868 2416.0 
 0.935874 2404.0 
 0.935879 2328.0 
 0.935885 2272.0 
 0.935891 2040.0 
 0.935897 2428.0 
 0.935902 2428.0 
 0.935908 2424.0 
 0.935914 2140.0 
 0.935919 2364.0 
 0.935925 1956.0 
 0.935931 1980.0 
 0.935936 2120.0 
 0.935942 1948.0 
 0.935948 2128.0 
 0.935954 2196.0 
 0.935959 2124.0 
 0.935965 2364.0 
 0.935971 2380.0 
 0.935976 2172.0 
 0.935982 2108.0 
 0.935988 2276.0 
 0.935993 2268.0 
 0.935999 2056.0 
 0.936005 2600.0 
 0.936011 2680.0 
 0.936016 2388.0 
 0.936022 2532.0 
 0.936028 2332.0 
 0.936033 2472.0 
 0.936039 2536.0 
 0.936045 2356.0 
 0.936050 2236.0 
 0.936056 2496.0 
 0.936062 2512.0 
 0.936068 2464.0 
 0.936073 2504.0 
 0.936079 2484.0 
 0.936085 2380.0 
 0.936090 2248.0 
 0.936096 2388.0 
 0.936102 2276.0 
 0.936107 2480.0 
 0.936113 2500.0 
 0.936119 2616.0 
 0.936125 2432.0 
 0.936130 2640.0 
 0.936136 2488.0 
 0.936142 2492.0 
 0.936147 2236.0 
 0.936153 2476.0 
 0.936159 2088.0 
 0.936164 2368.0 
 0.936170 2384.0 
 0.936176 2096.0 
 0.936182 2224.0 
 0.936187 2612.0 
 0.936193 2580.0 
 0.936199 2492.0 
 0.936204 2600.0 
 0.936210 2308.0 
 0.936216 2628.0 
 0.936222 2376.0 
 0.936227 2292.0 
 0.936233 2244.0 
 0.936239 2108.0 
 0.936244 2164.0 
 0.936250 2240.0 
 0.936256 2252.0 
 0.936261 2064.0 
 0.936267 2484.0 
 0.936273 1880.0 
 0.936279 2068.0 
 0.936284 1756.0 
 0.936290 1692.0 
 0.936296 1736.0 
 0.936301 1852.0 
 0.936307 1624.0 
 0.936313 1436.0 
 0.936318 1264.0 
 0.936324 1030.0 
 0.936330 1188.0 
 0.936336 1256.0 
 0.936341 1412.0 
 0.936347 1286.0 
 0.936353 1304.0 
 0.936358 1632.0 
 0.936364 1496.0 
 0.936370 1528.0 
 0.936375 1892.0 
 0.936381 1744.0 
 0.936387 1736.0 
 0.936393 2060.0 
 0.936398 1988.0 
 0.936404 1952.0 
 0.936410 1952.0 
 0.936415 1852.0 
 0.936421 1604.0 
 0.936427 1364.0 
 0.936432 1348.0 
 0.936438 1136.0 
 0.936444 1102.0 
 0.936450 928.0 
 0.936455 874.0 
 0.936461 832.0 
 0.936467 604.0 
 0.936472 834.0 
 0.936478 752.0 
 0.936484 806.0 
 0.936489 720.0 
 0.936495 1148.0 
 0.936501 1164.0 
 0.936507 1220.0 
 0.936512 1480.0 
 0.936518 1440.0 
 0.936524 1748.0 
 0.936529 1792.0 
 0.936535 1832.0 
 0.936541 1776.0 
 0.936546 1852.0 
 0.936552 1812.0 
 0.936558 1910.0 
 0.936564 1732.0 
 0.936569 1912.0 
 0.936575 1736.0 
 0.936581 1764.0 
 0.936586 1670.0 
 0.936592 1920.0 
 0.936598 1588.0 
 0.936603 1776.0 
 0.936609 1720.0 
 0.936615 1528.0 
 0.936621 1590.0 
 0.936626 1542.0 
 0.936632 1948.0 
 0.936638 1768.0 
 0.936643 1984.0 
 0.936649 1972.0 
 0.936655 2132.0 
 0.936660 1788.0 
 0.936666 2016.0 
 0.936672 1948.0 
 0.936678 2120.0 
 0.936683 2192.0 
 0.936689 1880.0 
 0.936695 1804.0 
 0.936700 1476.0 
 0.936706 1680.0 
 0.936712 1568.0 
 0.936717 1496.0 
 0.936723 1396.0 
 0.936729 1388.0 
 0.936735 1596.0 
 0.936740 1720.0 
 0.936746 1904.0 
 0.936752 1876.0 
 0.936757 1968.0 
 0.936763 2192.0 
 0.936769 2192.0 
 0.936774 2144.0 
 0.936780 2148.0 
 0.936786 2048.0 
 0.936792 2032.0 
 0.936797 2104.0 
 0.936803 1972.0 
 0.936809 2240.0 
 0.936814 2092.0 
 0.936820 2372.0 
 0.936826 2108.0 
 0.936831 2120.0 
 0.936837 1848.0 
 0.936843 1928.0 
 0.936849 1784.0 
 0.936854 1672.0 
 0.936860 1796.0 
 0.936866 2016.0 
 0.936871 1988.0 
 0.936877 1948.0 
 0.936883 1932.0 
 0.936888 2096.0 
 0.936894 2288.0 
 0.936900 2180.0 
 0.936906 2268.0 
 0.936911 2400.0 
 0.936917 2472.0 
 0.936923 2396.0 
 0.936928 2188.0 
 0.936934 2280.0 
 0.936940 2260.0 
 0.936945 2232.0 
 0.936951 2180.0 
 0.936957 2456.0 
 0.936963 2100.0 
 0.936968 2504.0 
 0.936974 2344.0 
 0.936980 2356.0 
 0.936985 2324.0 
 0.936991 2204.0 
 0.936997 2184.0 
 0.937002 2512.0 
 0.937008 2396.0 
 0.937014 2224.0 
 0.937020 2232.0 
 0.937025 2040.0 
 0.937031 2240.0 
 0.937037 2276.0 
 0.937042 2512.0 
 0.937048 2500.0 
 0.937054 2488.0 
 0.937059 2404.0 
 0.937065 2392.0 
 0.937071 2364.0 
 0.937077 2452.0 
 0.937082 2320.0 
 0.937088 2528.0 
 0.937094 2528.0 
 0.937099 2196.0 
 0.937105 2344.0 
 0.937111 2424.0 
 0.937116 2300.0 
 0.937122 2368.0 
 0.937128 2340.0 
 0.937134 2440.0 
 0.937139 2564.0 
 0.937145 2280.0 
 0.937151 2600.0 
 0.937156 2560.0 
 0.937162 2308.0 
 0.937168 2464.0 
 0.937173 2372.0 
 0.937179 2332.0 
 0.937185 2048.0 
 0.937191 2400.0 
 0.937196 2640.0 
 0.937202 2560.0 
 0.937208 2504.0 
 0.937213 2112.0 
 0.937219 2208.0 
 0.937225 2300.0 
 0.937230 2376.0 
 0.937236 2556.0 
 0.937242 2344.0 
 0.937248 2312.0 
 0.937253 2380.0 
 0.937259 2304.0 
 0.937265 2280.0 
 0.937270 2024.0 
 0.937276 2372.0 
 0.937282 2272.0 
 0.937287 2316.0 
 0.937293 2430.0 
 0.937299 2212.0 
 0.937305 2496.0 
 0.937310 2152.0 
 0.937316 2472.0 
 0.937322 2180.0 
 0.937327 2616.0 
 0.937333 2308.0 
 0.937339 2504.0 
 0.937345 2496.0 
 0.937350 2516.0 
 0.937356 2160.0 
 0.937362 2300.0 
 0.937367 2444.0 
 0.937373 2244.0 
 0.937379 2376.0 
 0.937384 2410.0 
 0.937390 2340.0 
 0.937396 2364.0 
 0.937402 2152.0 
 0.937407 2086.0 
 0.937413 2432.0 
 0.937419 2296.0 
 0.937424 2152.0 
 0.937430 1958.0 
 0.937436 1832.0 
 0.937441 2208.0 
 0.937447 1640.0 
 0.937453 1428.0 
 0.937459 1688.0 
 0.937464 1344.0 
 0.937470 1384.0 
 0.937476 1416.0 
 0.937481 1300.0 
 0.937487 1352.0 
 0.937493 1388.0 
 0.937498 1496.0 
 0.937504 1488.0 
 0.937510 1560.0 
 0.937516 1816.0 
 0.937521 1896.0 
 0.937527 1808.0 
 0.937533 2056.0 
 0.937538 1876.0 
 0.937544 2028.0 
 0.937550 1992.0 
 0.937555 2032.0 
 0.937561 1652.0 
 0.937567 2004.0 
 0.937573 2336.0 
 0.937578 1688.0 
 0.937584 2104.0 
 0.937590 2168.0 
 0.937595 1928.0 
 0.937601 1812.0 
 0.937607 1992.0 
 0.937612 2056.0 
 0.937618 1912.0 
 0.937624 1776.0 
 0.937630 1544.0 
 0.937635 1740.0 
 0.937641 1766.0 
 0.937647 1564.0 
 0.937652 1620.0 
 0.937658 1924.0 
 0.937664 1776.0 
 0.937669 1792.0 
 0.937675 2120.0 
 0.937681 1896.0 
 0.937687 1968.0 
 0.937692 1880.0 
 0.937698 2168.0 
 0.937704 1888.0 
 0.937709 1988.0 
 0.937715 2184.0 
 0.937721 1604.0 
 0.937726 1948.0 
 0.937732 1672.0 
 0.937738 1776.0 
 0.937744 1664.0 
 0.937749 1704.0 
 0.937755 1736.0 
 0.937761 1488.0 
 0.937766 1324.0 
 0.937772 964.0 
 0.937778 1400.0 
 0.937783 1400.0 
 0.937789 1120.0 
 0.937795 1296.0 
 0.937801 1132.0 
 0.937806 1088.0 
 0.937812 1112.0 
 0.937818 1098.0 
 0.937823 1124.0 
 0.937829 1032.0 
 0.937835 1260.0 
 0.937840 1352.0 
 0.937846 1364.0 
 0.937852 1788.0 
 0.937858 1544.0 
 0.937863 1562.0 
 0.937869 1604.0 
 0.937875 1456.0 
 0.937880 1540.0 
 0.937886 1784.0 
 0.937892 1700.0 
 0.937897 1848.0 
 0.937903 1556.0 
 0.937909 1662.0 
 0.937915 1704.0 
 0.937920 1992.0 
 0.937926 2044.0 
 0.937932 2012.0 
 0.937937 2024.0 
 0.937943 1508.0 
 0.937949 1448.0 
 0.937954 1384.0 
 0.937960 1454.0 
 0.937966 1488.0 
 0.937972 1308.0 
 0.937977 1524.0 
 0.937983 1476.0 
 0.937989 1960.0 
 0.937994 1984.0 
 0.938000 1932.0 
 0.938006 1748.0 
 0.938011 2036.0 
 0.938017 2164.0 
 0.938023 1916.0 
 0.938029 1824.0 
 0.938034 1944.0 
 0.938040 1780.0 
 0.938046 1472.0 
 0.938051 1376.0 
 0.938057 1592.0 
 0.938063 1452.0 
 0.938068 1644.0 
 0.938074 1764.0 
 0.938080 1812.0 
 0.938086 1728.0 
 0.938091 1828.0 
 0.938097 1996.0 
 0.938103 1872.0 
 0.938108 2244.0 
 0.938114 2108.0 
 0.938120 2064.0 
 0.938125 2080.0 
 0.938131 2184.0 
 0.938137 2006.0 
 0.938143 2004.0 
 0.938148 2120.0 
 0.938154 2088.0 
 0.938160 1808.0 
 0.938165 1692.0 
 0.938171 1912.0 
 0.938177 1924.0 
 0.938182 1426.0 
 0.938188 1740.0 
 0.938194 1676.0 
 0.938200 1956.0 
 0.938205 1948.0 
 0.938211 2116.0 
 0.938217 2324.0 
 0.938222 2116.0 
 0.938228 2296.0 
 0.938234 2312.0 
 0.938239 2216.0 
 0.938245 2236.0 
 0.938251 2348.0 
 0.938257 2336.0 
 0.938262 2352.0 
 0.938268 2252.0 
 0.938274 2064.0 
 0.938279 2436.0 
 0.938285 2204.0 
 0.938291 2236.0 
 0.938296 2048.0 
 0.938302 2152.0 
 0.938308 2148.0 
 0.938314 1872.0 
 0.938319 2200.0 
 0.938325 2040.0 
 0.938331 1948.0 
 0.938336 1596.0 
 0.938342 1720.0 
 0.938348 1804.0 
 0.938353 1768.0 
 0.938359 2044.0 
 0.938365 2136.0 
 0.938371 2636.0 
 0.938376 2380.0 
 0.938382 2464.0 
 0.938388 2360.0 
 0.938393 2668.0 
 0.938399 2280.0 
 0.938405 2468.0 
 0.938410 2608.0 
 0.938416 2152.0 
 0.938422 2648.0 
 0.938428 2356.0 
 0.938433 2540.0 
 0.938439 2212.0 
 0.938445 2352.0 
 0.938450 2484.0 
 0.938456 2408.0 
 0.938462 2160.0 
 0.938467 2044.0 
 0.938473 2160.0 
 0.938479 2240.0 
 0.938485 2216.0 
 0.938490 2300.0 
 0.938496 2360.0 
 0.938502 2348.0 
 0.938507 2236.0 
 0.938513 2624.0 
 0.938519 2600.0 
 0.938525 2540.0 
 0.938530 2460.0 
 0.938536 2636.0 
 0.938542 2572.0 
 0.938547 2336.0 
 0.938553 2268.0 
 0.938559 2560.0 
 0.938564 2420.0 
 0.938570 2628.0 
 0.938576 2556.0 
 0.938582 2672.0 
 0.938587 2780.0 
 0.938593 2588.0 
 0.938599 2636.0 
 0.938604 2668.0 
 0.938610 2600.0 
 0.938616 2724.0 
 0.938621 2288.0 
 0.938627 2536.0 
 0.938633 2528.0 
 0.938639 2624.0 
 0.938644 2524.0 
 0.938650 2636.0 
 0.938656 2620.0 
 0.938661 2444.0 
 0.938667 2392.0 
 0.938673 2444.0 
 0.938678 2220.0 
 0.938684 2396.0 
 0.938690 2132.0 
 0.938696 2336.0 
 0.938701 2788.0 
 0.938707 2362.0 
 0.938713 2612.0 
 0.938718 2532.0 
 0.938724 2512.0 
 0.938730 2628.0 
 0.938735 2636.0 
 0.938741 2480.0 
 0.938747 2620.0 
 0.938753 2704.0 
 0.938758 2428.0 
 0.938764 2532.0 
 0.938770 2392.0 
 0.938775 2528.0 
 0.938781 2396.0 
 0.938787 2136.0 
 0.938792 2136.0 
 0.938798 1848.0 
 0.938804 1784.0 
 0.938810 1976.0 
 0.938815 2152.0 
 0.938821 2100.0 
 0.938827 2272.0 
 0.938832 2338.0 
 0.938838 2476.0 
 0.938844 2440.0 
 0.938849 2660.0 
 0.938855 2692.0 
 0.938861 2340.0 
 0.938867 2544.0 
 0.938872 2528.0 
 0.938878 2388.0 
 0.938884 2664.0 
 0.938889 2820.0 
 0.938895 2480.0 
 0.938901 2580.0 
 0.938906 2688.0 
 0.938912 2352.0 
 0.938918 2504.0 
 0.938924 2536.0 
 0.938929 2336.0 
 0.938935 2172.0 
 0.938941 2512.0 
 0.938946 2492.0 
 0.938952 2312.0 
 0.938958 2480.0 
 0.938963 2660.0 
 0.938969 2888.0 
 0.938975 2484.0 
 0.938981 2784.0 
 0.938986 2290.0 
 0.938992 2872.0 
 0.938998 2644.0 
 0.939003 2352.0 
 0.939009 2804.0 
 0.939015 2536.0 
 0.939020 2568.0 
 0.939026 2776.0 
 0.939032 2544.0 
 0.939038 2620.0 
 0.939043 2716.0 
 0.939049 2608.0 
 0.939055 2816.0 
 0.939060 2752.0 
 0.939066 2628.0 
 0.939072 2716.0 
 0.939077 2636.0 
 0.939083 2684.0 
 0.939089 2536.0 
 0.939095 2588.0 
 0.939100 2492.0 
 0.939106 2712.0 
 0.939112 2484.0 
 0.939117 2652.0 
 0.939123 2840.0 
 0.939129 2324.0 
 0.939134 2196.0 
 0.939140 2232.0 
 0.939146 2160.0 
 0.939152 2188.0 
 0.939157 2404.0 
 0.939163 2152.0 
 0.939169 1948.0 
 0.939174 1754.0 
 0.939180 2164.0 
 0.939186 2184.0 
 0.939191 2120.0 
 0.939197 1692.0 
 0.939203 1804.0 
 0.939209 1976.0 
 0.939214 1972.0 
 0.939220 2052.0 
 0.939226 2152.0 
 0.939231 1940.0 
 0.939237 2336.0 
 0.939243 2176.0 
 0.939248 2128.0 
 0.939254 2128.0 
 0.939260 1832.0 
 0.939266 1736.0 
 0.939271 1544.0 
 0.939277 1864.0 
 0.939283 2148.0 
 0.939288 2196.0 
 0.939294 2104.0 
 0.939300 2168.0 
 0.939305 2016.0 
 0.939311 2340.0 
 0.939317 2316.0 
 0.939323 2432.0 
 0.939328 2332.0 
 0.939334 2336.0 
 0.939340 2260.0 
 0.939345 2276.0 
 0.939351 2332.0 
 0.939357 2448.0 
 0.939362 2444.0 
 0.939368 2380.0 
 0.939374 2034.0 
 0.939380 1680.0 
 0.939385 1996.0 
 0.939391 1432.0 
 0.939397 1852.0 
 0.939402 1476.0 
 0.939408 1364.0 
 0.939414 1280.0 
 0.939419 1168.0 
 0.939425 1374.0 
 0.939431 1344.0 
 0.939437 1644.0 
 0.939442 1516.0 
 0.939448 1792.0 
 0.939454 1788.0 
 0.939459 1852.0 
 0.939465 2048.0 
 0.939471 2096.0 
 0.939476 1980.0 
 0.939482 1848.0 
 0.939488 2580.0 
 0.939494 2564.0 
 0.939499 2580.0 
 0.939505 2732.0 
 0.939511 2456.0 
 0.939516 2232.0 
 0.939522 1996.0 
 0.939528 2032.0 
 0.939533 2168.0 
 0.939539 2008.0 
 0.939545 1864.0 
 0.939551 1888.0 
 0.939556 2188.0 
 0.939562 2196.0 
 0.939568 2284.0 
 0.939573 2152.0 
 0.939579 2064.0 
 0.939585 2072.0 
 0.939590 1952.0 
 0.939596 2112.0 
 0.939602 2256.0 
 0.939608 2092.0 
 0.939613 2240.0 
 0.939619 2076.0 
 0.939625 2124.0 
 0.939630 2124.0 
 0.939636 2392.0 
 0.939642 2180.0 
 0.939648 2240.0 
 0.939653 2092.0 
 0.939659 2144.0 
 0.939665 2252.0 
 0.939670 2340.0 
 0.939676 2360.0 
 0.939682 2368.0 
 0.939687 2116.0 
 0.939693 2376.0 
 0.939699 2040.0 
 0.939705 2236.0 
 0.939710 2268.0 
 0.939716 2232.0 
 0.939722 2172.0 
 0.939727 2248.0 
 0.939733 2244.0 
 0.939739 2112.0 
 0.939744 2224.0 
 0.939750 2248.0 
 0.939756 2188.0 
 0.939762 2092.0 
 0.939767 2184.0 
 0.939773 2416.0 
 0.939779 2168.0 
 0.939784 2024.0 
 0.939790 2156.0 
 0.939796 1884.0 
 0.939801 1752.0 
 0.939807 1688.0 
 0.939813 1704.0 
 0.939819 1380.0 
 0.939824 1622.0 
 0.939830 1480.0 
 0.939836 1272.0 
 0.939841 1600.0 
 0.939847 1548.0 
 0.939853 1732.0 
 0.939858 1404.0 
 0.939864 1808.0 
 0.939870 2020.0 
 0.939876 2176.0 
 0.939881 1968.0 
 0.939887 2316.0 
 0.939893 2240.0 
 0.939898 2260.0 
 0.939904 1992.0 
 0.939910 1824.0 
 0.939915 1632.0 
 0.939921 1688.0 
 0.939927 1920.0 
 0.939933 1900.0 
 0.939938 1604.0 
 0.939944 1780.0 
 0.939950 1492.0 
 0.939955 1332.0 
 0.939961 1300.0 
 0.939967 1302.0 
 0.939972 908.0 
 0.939978 844.0 
 0.939984 958.0 
 0.939990 1048.0 
 0.939995 1152.0 
 0.940001 1488.0 
 0.940007 1538.0 
 0.940012 1804.0 
 0.940018 2156.0 
 0.940024 2036.0 
 0.940029 2564.0 
 0.940035 2292.0 
 0.940041 2512.0 
 0.940047 2152.0 
 0.940052 2240.0 
 0.940058 2300.0 
 0.940064 2196.0 
 0.940069 2188.0 
 0.940075 2244.0 
 0.940081 2136.0 
 0.940086 2308.0 
 0.940092 2252.0 
 0.940098 1976.0 
 0.940104 1952.0 
 0.940109 2056.0 
 0.940115 1872.0 
 0.940121 1804.0 
 0.940126 2110.0 
 0.940132 1840.0 
 0.940138 2000.0 
 0.940143 2188.0 
 0.940149 2320.0 
 0.940155 2412.0 
 0.940161 2448.0 
 0.940166 2260.0 
 0.940172 2552.0 
 0.940178 2304.0 
 0.940183 2644.0 
 0.940189 2280.0 
 0.940195 2272.0 
 0.940200 2464.0 
 0.940206 2224.0 
 0.940212 2264.0 
 0.940218 2532.0 
 0.940223 2308.0 
 0.940229 2628.0 
 0.940235 2444.0 
 0.940240 2492.0 
 0.940246 2556.0 
 0.940252 2408.0 
 0.940257 2424.0 
 0.940263 2424.0 
 0.940269 2236.0 
 0.940275 2444.0 
 0.940280 2264.0 
 0.940286 2540.0 
 0.940292 2596.0 
 0.940297 2688.0 
 0.940303 2308.0 
 0.940309 2452.0 
 0.940314 2428.0 
 0.940320 2428.0 
 0.940326 2316.0 
 0.940332 2020.0 
 0.940337 2304.0 
 0.940343 2552.0 
 0.940349 2172.0 
 0.940354 2284.0 
 0.940360 2240.0 
 0.940366 2344.0 
 0.940371 2344.0 
 0.940377 2556.0 
 0.940383 2412.0 
 0.940389 2088.0 
 0.940394 2324.0 
 0.940400 2400.0 
 0.940406 2196.0 
 0.940411 2192.0 
 0.940417 2196.0 
 0.940423 2308.0 
 0.940428 2344.0 
 0.940434 1880.0 
 0.940440 2276.0 
 0.940446 2444.0 
 0.940451 2268.0 
 0.940457 2300.0 
 0.940463 2528.0 
 0.940468 2456.0 
 0.940474 2448.0 
 0.940480 2440.0 
 0.940485 2344.0 
 0.940491 2552.0 
 0.940497 2196.0 
 0.940503 2228.0 
 0.940508 2352.0 
 0.940514 2444.0 
 0.940520 2436.0 
 0.940525 2568.0 
 0.940531 2576.0 
 0.940537 2496.0 
 0.940542 2716.0 
 0.940548 2428.0 
 0.940554 2248.0 
 0.940560 2504.0 
 0.940565 2408.0 
 0.940571 2196.0 
 0.940577 2372.0 
 0.940582 2268.0 
 0.940588 2564.0 
 0.940594 2484.0 
 0.940599 2272.0 
 0.940605 2288.0 
 0.940611 2440.0 
 0.940617 2580.0 
 0.940622 2300.0 
 0.940628 2624.0 
 0.940634 2488.0 
 0.940639 2672.0 
 0.940645 2236.0 
 0.940651 2382.0 
 0.940656 2476.0 
 0.940662 2624.0 
 0.940668 2556.0 
 0.940674 2372.0 
 0.940679 2272.0 
 0.940685 2292.0 
 0.940691 2320.0 
 0.940696 2540.0 
 0.940702 2416.0 
 0.940708 2388.0 
 0.940713 2716.0 
 0.940719 2548.0 
 0.940725 2188.0 
 0.940731 2304.0 
 0.940736 2288.0 
 0.940742 2204.0 
 0.940748 2240.0 
 0.940753 2476.0 
 0.940759 2292.0 
 0.940765 2008.0 
 0.940771 2064.0 
 0.940776 2180.0 
 0.940782 2100.0 
 0.940788 2204.0 
 0.940793 2248.0 
 0.940799 2484.0 
 0.940805 2168.0 
 0.940810 2232.0 
 0.940816 2176.0 
 0.940822 2172.0 
 0.940828 2144.0 
 0.940833 1864.0 
 0.940839 1592.0 
 0.940845 1536.0 
 0.940850 1648.0 
 0.940856 1716.0 
 0.940862 1852.0 
 0.940867 1856.0 
 0.940873 2112.0 
 0.940879 2364.0 
 0.940885 2148.0 
 0.940890 2340.0 
 0.940896 2188.0 
 0.940902 2052.0 
 0.940907 2196.0 
 0.940913 2396.0 
 0.940919 2384.0 
 0.940924 2408.0 
 0.940930 2148.0 
 0.940936 2188.0 
 0.940942 2268.0 
 0.940947 2316.0 
 0.940953 2252.0 
 0.940959 2164.0 
 0.940964 2224.0 
 0.940970 2088.0 
 0.940976 1812.0 
 0.940981 1992.0 
 0.940987 2024.0 
 0.940993 2004.0 
 0.940999 1896.0 
 0.941004 2392.0 
 0.941010 2376.0 
 0.941016 2300.0 
 0.941021 2304.0 
 0.941027 2388.0 
 0.941033 2436.0 
 0.941038 2448.0 
 0.941044 2456.0 
 0.941050 2664.0 
 0.941056 2684.0 
 0.941061 2412.0 
 0.941067 2448.0 
 0.941073 2628.0 
 0.941078 2280.0 
 0.941084 2596.0 
 0.941090 2724.0 
 0.941095 2380.0 
 0.941101 2700.0 
 0.941107 2384.0 
 0.941113 2476.0 
 0.941118 2480.0 
 0.941124 2464.0 
 0.941130 2676.0 
 0.941135 2460.0 
 0.941141 2540.0 
 0.941147 2280.0 
 0.941152 2532.0 
 0.941158 2600.0 
 0.941164 2368.0 
 0.941170 2392.0 
 0.941175 2464.0 
 0.941181 2548.0 
 0.941187 2212.0 
 0.941192 2500.0 
 0.941198 2648.0 
 0.941204 2276.0 
 0.941209 2556.0 
 0.941215 2512.0 
 0.941221 2452.0 
 0.941227 2532.0 
 0.941232 2156.0 
 0.941238 2420.0 
 0.941244 2676.0 
 0.941249 2464.0 
 0.941255 2596.0 
 0.941261 2392.0 
 0.941266 2684.0 
 0.941272 2564.0 
 0.941278 2464.0 
 0.941284 2596.0 
 0.941289 2736.0 
 0.941295 2540.0 
 0.941301 2436.0 
 0.941306 2652.0 
 0.941312 2448.0 
 0.941318 2556.0 
 0.941323 2400.0 
 0.941329 2344.0 
 0.941335 2560.0 
 0.941341 2480.0 
 0.941346 2360.0 
 0.941352 2564.0 
 0.941358 2292.0 
 0.941363 2440.0 
 0.941369 2244.0 
 0.941375 2172.0 
 0.941380 2392.0 
 0.941386 2256.0 
 0.941392 2000.0 
 0.941398 2168.0 
 0.941403 1816.0 
 0.941409 2000.0 
 0.941415 2096.0 
 0.941420 2048.0 
 0.941426 2116.0 
 0.941432 2168.0 
 0.941437 2320.0 
 0.941443 2420.0 
 0.941449 2392.0 
 0.941455 2500.0 
 0.941460 2164.0 
 0.941466 1984.0 
 0.941472 2384.0 
 0.941477 2324.0 
 0.941483 2432.0 
 0.941489 2288.0 
 0.941494 1768.0 
 0.941500 2076.0 
 0.941506 1936.0 
 0.941512 2312.0 
 0.941517 2260.0 
 0.941523 2228.0 
 0.941529 2212.0 
 0.941534 2160.0 
 0.941540 2140.0 
 0.941546 2192.0 
 0.941551 2204.0 
 0.941557 1672.0 
 0.941563 2152.0 
 0.941569 2028.0 
 0.941574 2164.0 
 0.941580 2120.0 
 0.941586 2304.0 
 0.941591 2138.0 
 0.941597 2428.0 
 0.941603 2024.0 
 0.941608 2428.0 
 0.941614 2340.0 
 0.941620 2344.0 
 0.941626 2084.0 
 0.941631 2464.0 
 0.941637 2384.0 
 0.941643 2516.0 
 0.941648 2336.0 
 0.941654 2212.0 
 0.941660 2612.0 
 0.941665 2192.0 
 0.941671 2420.0 
 0.941677 2732.0 
 0.941683 2372.0 
 0.941688 2408.0 
 0.941694 2516.0 
 0.941700 2548.0 
 0.941705 2364.0 
 0.941711 2340.0 
 0.941717 2660.0 
 0.941722 2712.0 
 0.941728 2428.0 
 0.941734 2232.0 
 0.941740 2380.0 
 0.941745 2648.0 
 0.941751 2568.0 
 0.941757 2688.0 
 0.941762 2512.0 
 0.941768 2592.0 
 0.941774 2360.0 
 0.941779 2508.0 
 0.941785 2400.0 
 0.941791 2796.0 
 0.941797 2704.0 
 0.941802 1976.0 
 0.941808 2244.0 
 0.941814 2444.0 
 0.941819 2664.0 
 0.941825 2448.0 
 0.941831 2504.0 
 0.941836 2644.0 
 0.941842 2384.0 
 0.941848 2352.0 
 0.941854 2492.0 
 0.941859 2608.0 
 0.941865 2368.0 
 0.941871 2468.0 
 0.941876 2504.0 
 0.941882 2244.0 
 0.941888 2288.0 
 0.941893 2292.0 
 0.941899 2580.0 
 0.941905 2656.0 
 0.941911 2840.0 
 0.941916 2572.0 
 0.941922 2456.0 
 0.941928 2264.0 
 0.941933 2508.0 
 0.941939 2376.0 
 0.941945 2724.0 
 0.941951 2576.0 
 0.941956 2280.0 
 0.941962 2164.0 
 0.941968 2448.0 
 0.941973 2352.0 
 0.941979 2172.0 
 0.941985 2412.0 
 0.941990 2188.0 
 0.941996 2204.0 
 0.942002 2124.0 
 0.942008 1992.0 
 0.942013 1868.0 
 0.942019 1728.0 
 0.942025 1516.0 
 0.942030 1628.0 
 0.942036 1556.0 
 0.942042 1456.0 
 0.942047 1442.0 
 0.942053 1784.0 
 0.942059 1836.0 
 0.942065 1896.0 
 0.942070 2104.0 
 0.942076 2388.0 
 0.942082 2272.0 
 0.942087 2084.0 
 0.942093 2276.0 
 0.942099 2372.0 
 0.942104 2272.0 
 0.942110 2172.0 
 0.942116 2328.0 
 0.942122 2080.0 
 0.942127 2068.0 
 0.942133 1736.0 
 0.942139 1836.0 
 0.942144 1820.0 
 0.942150 1628.0 
 0.942156 1588.0 
 0.942161 1156.0 
 0.942167 1284.0 
 0.942173 1052.0 
 0.942179 940.0 
 0.942184 888.0 
 0.942190 908.0 
 0.942196 984.0 
 0.942201 1032.0 
 0.942207 1120.0 
 0.942213 1464.0 
 0.942218 1356.0 
 0.942224 1708.0 
 0.942230 1634.0 
 0.942236 1764.0 
 0.942241 1672.0 
 0.942247 1932.0 
 0.942253 2016.0 
 0.942258 1818.0 
 0.942264 1960.0 
 0.942270 1712.0 
 0.942275 1776.0 
 0.942281 1680.0 
 0.942287 1908.0 
 0.942293 1996.0 
 0.942298 1868.0 
 0.942304 1984.0 
 0.942310 2004.0 
 0.942315 1872.0 
 0.942321 1892.0 
 0.942327 1628.0 
 0.942332 1824.0 
 0.942338 1720.0 
 0.942344 1624.0 
 0.942350 1772.0 
 0.942355 2212.0 
 0.942361 1900.0 
 0.942367 1952.0 
 0.942372 2128.0 
 0.942378 2296.0 
 0.942384 2100.0 
 0.942389 2428.0 
 0.942395 2128.0 
 0.942401 2272.0 
 0.942407 2248.0 
 0.942412 2360.0 
 0.942418 2080.0 
 0.942424 2472.0 
 0.942429 2388.0 
 0.942435 2376.0 
 0.942441 2528.0 
 0.942446 2408.0 
 0.942452 2424.0 
 0.942458 2412.0 
 0.942464 2724.0 
 0.942469 2488.0 
 0.942475 2428.0 
 0.942481 2516.0 
 0.942486 2652.0 
 0.942492 2572.0 
 0.942498 2460.0 
 0.942503 2860.0 
 0.942509 2708.0 
 0.942515 2680.0 
 0.942521 2656.0 
 0.942526 2516.0 
 0.942532 2656.0 
 0.942538 2532.0 
 0.942543 2708.0 
 0.942549 2492.0 
 0.942555 2600.0 
 0.942560 2576.0 
 0.942566 2604.0 
 0.942572 2624.0 
 0.942578 2488.0 
 0.942583 2352.0 
 0.942589 2612.0 
 0.942595 2316.0 
 0.942600 2592.0 
 0.942606 2436.0 
 0.942612 2560.0 
 0.942617 2652.0 
 0.942623 2588.0 
 0.942629 2564.0 
 0.942635 2380.0 
 0.942640 2460.0 
 0.942646 2464.0 
 0.942652 2492.0 
 0.942657 2388.0 
 0.942663 2376.0 
 0.942669 2196.0 
 0.942674 2448.0 
 0.942680 1960.0 
 0.942686 2000.0 
 0.942692 2456.0 
 0.942697 2496.0 
 0.942703 2620.0 
 0.942709 2316.0 
 0.942714 2260.0 
 0.942720 2512.0 
 0.942726 2400.0 
 0.942731 2184.0 
 0.942737 2440.0 
 0.942743 2364.0 
 0.942749 2448.0 
 0.942754 2592.0 
 0.942760 2240.0 
 0.942766 2428.0 
 0.942771 2456.0 
 0.942777 2284.0 
 0.942783 2360.0 
 0.942788 2448.0 
 0.942794 2180.0 
 0.942800 2388.0 
 0.942806 2176.0 
 0.942811 1944.0 
 0.942817 2096.0 
 0.942823 2220.0 
 0.942828 2188.0 
 0.942834 2208.0 
 0.942840 2304.0 
 0.942845 2272.0 
 0.942851 2636.0 
 0.942857 2444.0 
 0.942863 2288.0 
 0.942868 2408.0 
 0.942874 2428.0 
 0.942880 2260.0 
 0.942885 2352.0 
 0.942891 2556.0 
 0.942897 2548.0 
 0.942902 2344.0 
 0.942908 2584.0 
 0.942914 2452.0 
 0.942920 2436.0 
 0.942925 2488.0 
 0.942931 2644.0 
 0.942937 2696.0 
 0.942942 2346.0 
 0.942948 2336.0 
 0.942954 2476.0 
 0.942959 2244.0 
 0.942965 2388.0 
 0.942971 2464.0 
 0.942977 2404.0 
 0.942982 2320.0 
 0.942988 2480.0 
 0.942994 2384.0 
 0.942999 2320.0 
 0.943005 2644.0 
 0.943011 2468.0 
 0.943016 2484.0 
 0.943022 2468.0 
 0.943028 2512.0 
 0.943034 2380.0 
 0.943039 2392.0 
 0.943045 2476.0 
 0.943051 2512.0 
 0.943056 2540.0 
 0.943062 2268.0 
 0.943068 2392.0 
 0.943074 2268.0 
 0.943079 2536.0 
 0.943085 2396.0 
 0.943091 2248.0 
 0.943096 2376.0 
 0.943102 2332.0 
 0.943108 2352.0 
 0.943113 2360.0 
 0.943119 2216.0 
 0.943125 2416.0 
 0.943131 2372.0 
 0.943136 2656.0 
 0.943142 2368.0 
 0.943148 2548.0 
 0.943153 2440.0 
 0.943159 2480.0 
 0.943165 2352.0 
 0.943170 2372.0 
 0.943176 2796.0 
 0.943182 2528.0 
 0.943188 2536.0 
 0.943193 2448.0 
 0.943199 2612.0 
 0.943205 2392.0 
 0.943210 2584.0 
 0.943216 2476.0 
 0.943222 2276.0 
 0.943227 2460.0 
 0.943233 2444.0 
 0.943239 2556.0 
 0.943245 2180.0 
 0.943250 2332.0 
 0.943256 2360.0 
 0.943262 2356.0 
 0.943267 2696.0 
 0.943273 2228.0 
 0.943279 2144.0 
 0.943284 2244.0 
 0.943290 2040.0 
 0.943296 2172.0 
 0.943302 2108.0 
 0.943307 2344.0 
 0.943313 2360.0 
 0.943319 2328.0 
 0.943324 2488.0 
 0.943330 2328.0 
 0.943336 2512.0 
 0.943341 2236.0 
 0.943347 2632.0 
 0.943353 2172.0 
 0.943359 2256.0 
 0.943364 2340.0 
 0.943370 2488.0 
 0.943376 2464.0 
 0.943381 2168.0 
 0.943387 2284.0 
 0.943393 2492.0 
 0.943398 2120.0 
 0.943404 2504.0 
 0.943410 2356.0 
 0.943416 2320.0 
 0.943421 2312.0 
 0.943427 1992.0 
 0.943433 2372.0 
 0.943438 2180.0 
 0.943444 2160.0 
 0.943450 2152.0 
 0.943455 1988.0 
 0.943461 2388.0 
 0.943467 1932.0 
 0.943473 2132.0 
 0.943478 1792.0 
 0.943484 1644.0 
 0.943490 1552.0 
 0.943495 1764.0 
 0.943501 1652.0 
 0.943507 1780.0 
 0.943512 1944.0 
 0.943518 1888.0 
 0.943524 1876.0 
 0.943530 1804.0 
 0.943535 1940.0 
 0.943541 2100.0 
 0.943547 1964.0 
 0.943552 1476.0 
 0.943558 1732.0 
 0.943564 1448.0 
 0.943569 1712.0 
 0.943575 1516.0 
 0.943581 1616.0 
 0.943587 1272.0 
 0.943592 1488.0 
 0.943598 1408.0 
 0.943604 1484.0 
 0.943609 1416.0 
 0.943615 1660.0 
 0.943621 1524.0 
 0.943626 1628.0 
 0.943632 1840.0 
 0.943638 1756.0 
 0.943644 1612.0 
 0.943649 1932.0 
 0.943655 1812.0 
 0.943661 1924.0 
 0.943666 2168.0 
 0.943672 2136.0 
 0.943678 2244.0 
 0.943683 2068.0 
 0.943689 2016.0 
 0.943695 2480.0 
 0.943701 2330.0 
 0.943706 2272.0 
 0.943712 2268.0 
 0.943718 2188.0 
 0.943723 2022.0 
 0.943729 2268.0 
 0.943735 1848.0 
 0.943740 1652.0 
 0.943746 1704.0 
 0.943752 1492.0 
 0.943758 1632.0 
 0.943763 1848.0 
 0.943769 2060.0 
 0.943775 2508.0 
 0.943780 2092.0 
 0.943786 2276.0 
 0.943792 2056.0 
 0.943797 2456.0 
 0.943803 2068.0 
 0.943809 2576.0 
 0.943815 2640.0 
 0.943820 2612.0 
 0.943826 2472.0 
 0.943832 2428.0 
 0.943837 2156.0 
 0.943843 2192.0 
 0.943849 1952.0 
 0.943854 2208.0 
 0.943860 2196.0 
 0.943866 2072.0 
 0.943872 2148.0 
 0.943877 2060.0 
 0.943883 2092.0 
 0.943889 2256.0 
 0.943894 1828.0 
 0.943900 2080.0 
 0.943906 2204.0 
 0.943911 2104.0 
 0.943917 1828.0 
 0.943923 1432.0 
 0.943929 1336.0 
 0.943934 1632.0 
 0.943940 1596.0 
 0.943946 1768.0 
 0.943951 1472.0 
 0.943957 1744.0 
 0.943963 1776.0 
 0.943968 2136.0 
 0.943974 1828.0 
 0.943980 2292.0 
 0.943986 2324.0 
 0.943991 2184.0 
 0.943997 1952.0 
 0.944003 1946.0 
 0.944008 2196.0 
 0.944014 2096.0 
 0.944020 2232.0 
 0.944025 2008.0 
 0.944031 2236.0 
 0.944037 2044.0 
 0.944043 2532.0 
 0.944048 2536.0 
 0.944054 2416.0 
 0.944060 2476.0 
 0.944065 2204.0 
 0.944071 2408.0 
 0.944077 2124.0 
 0.944082 2092.0 
 0.944088 1932.0 
 0.944094 1946.0 
 0.944100 1668.0 
 0.944105 1724.0 
 0.944111 2208.0 
 0.944117 2248.0 
 0.944122 2352.0 
 0.944128 2252.0 
 0.944134 2144.0 
 0.944139 2036.0 
 0.944145 2244.0 
 0.944151 2120.0 
 0.944157 2096.0 
 0.944162 2248.0 
 0.944168 2284.0 
 0.944174 1968.0 
 0.944179 1992.0 
 0.944185 2104.0 
 0.944191 1940.0 
 0.944197 2038.0 
 0.944202 2176.0 
 0.944208 1944.0 
 0.944214 2116.0 
 0.944219 2420.0 
 0.944225 2296.0 
 0.944231 2472.0 
 0.944236 2404.0 
 0.944242 2016.0 
 0.944248 2244.0 
 0.944254 1792.0 
 0.944259 1984.0 
 0.944265 1980.0 
 0.944271 1688.0 
 0.944276 1656.0 
 0.944282 1884.0 
 0.944288 1700.0 
 0.944293 1660.0 
 0.944299 1572.0 
 0.944305 1576.0 
 0.944311 1184.0 
 0.944316 1256.0 
 0.944322 1068.0 
 0.944328 1216.0 
 0.944333 1052.0 
 0.944339 1080.0 
 0.944345 1416.0 
 0.944350 1464.0 
 0.944356 1468.0 
 0.944362 1572.0 
 0.944368 1816.0 
 0.944373 1832.0 
 0.944379 2008.0 
 0.944385 1852.0 
 0.944390 1668.0 
 0.944396 1606.0 
 0.944402 1356.0 
 0.944407 1432.0 
 0.944413 1272.0 
 0.944419 1192.0 
 0.944425 990.0 
 0.944430 1464.0 
 0.944436 1356.0 
 0.944442 1528.0 
 0.944447 1728.0 
 0.944453 1864.0 
 0.944459 1740.0 
 0.944464 1748.0 
 0.944470 1902.0 
 0.944476 1888.0 
 0.944482 1756.0 
 0.944487 1796.0 
 0.944493 2006.0 
 0.944499 2156.0 
 0.944504 2036.0 
 0.944510 1960.0 
 0.944516 2022.0 
 0.944521 2260.0 
 0.944527 2160.0 
 0.944533 2500.0 
 0.944539 2096.0 
 0.944544 2054.0 
 0.944550 2336.0 
 0.944556 2068.0 
 0.944561 2176.0 
 0.944567 2236.0 
 0.944573 2228.0 
 0.944578 2100.0 
 0.944584 2244.0 
 0.944590 2436.0 
 0.944596 2260.0 
 0.944601 2388.0 
 0.944607 2084.0 
 0.944613 2428.0 
 0.944618 2624.0 
 0.944624 2624.0 
 0.944630 2500.0 
 0.944635 2436.0 
 0.944641 2652.0 
 0.944647 2572.0 
 0.944653 2444.0 
 0.944658 2420.0 
 0.944664 2424.0 
 0.944670 2328.0 
 0.944675 2508.0 
 0.944681 2348.0 
 0.944687 2164.0 
 0.944692 2336.0 
 0.944698 2508.0 
 0.944704 2640.0 
 0.944710 2512.0 
 0.944715 2504.0 
 0.944721 2172.0 
 0.944727 2180.0 
 0.944732 2256.0 
 0.944738 2664.0 
 0.944744 2548.0 
 0.944749 2456.0 
 0.944755 2408.0 
 0.944761 2452.0 
 0.944767 2360.0 
 0.944772 2680.0 
 0.944778 3092.0 
 0.944784 2612.0 
 0.944789 2444.0 
 0.944795 2524.0 
 0.944801 2824.0 
 0.944806 2672.0 
 0.944812 2400.0 
 0.944818 2384.0 
 0.944824 2432.0 
 0.944829 2284.0 
 0.944835 2556.0 
 0.944841 2672.0 
 0.944846 2392.0 
 0.944852 2268.0 
 0.944858 2148.0 
 0.944863 2036.0 
 0.944869 2140.0 
 0.944875 2452.0 
 0.944881 2200.0 
 0.944886 2612.0 
 0.944892 2332.0 
 0.944898 2336.0 
 0.944903 2364.0 
 0.944909 2536.0 
 0.944915 2192.0 
 0.944920 2360.0 
 0.944926 2494.0 
 0.944932 2480.0 
 0.944938 2268.0 
 0.944943 2688.0 
 0.944949 2432.0 
 0.944955 2120.0 
 0.944960 2668.0 
 0.944966 2624.0 
 0.944972 2284.0 
 0.944977 2504.0 
 0.944983 2376.0 
 0.944989 2488.0 
 0.944995 2536.0 
 0.945000 2368.0 
 0.945006 2224.0 
 0.945012 2352.0 
 0.945017 2440.0 
 0.945023 2404.0 
 0.945029 2344.0 
 0.945034 2696.0 
 0.945040 2428.0 
 0.945046 2408.0 
 0.945052 2632.0 
 0.945057 1988.0 
 0.945063 2664.0 
 0.945069 2604.0 
 0.945074 2336.0 
 0.945080 2584.0 
 0.945086 2408.0 
 0.945091 2488.0 
 0.945097 2152.0 
 0.945103 2356.0 
 0.945109 2432.0 
 0.945114 2556.0 
 0.945120 2492.0 
 0.945126 2364.0 
 0.945131 2336.0 
 0.945137 2536.0 
 0.945143 2532.0 
 0.945148 2284.0 
 0.945154 2532.0 
 0.945160 2244.0 
 0.945166 2860.0 
 0.945171 2552.0 
 0.945177 2196.0 
 0.945183 2324.0 
 0.945188 2384.0 
 0.945194 2560.0 
 0.945200 2304.0 
 0.945205 2320.0 
 0.945211 2276.0 
 0.945217 2476.0 
 0.945223 2484.0 
 0.945228 2580.0 
 0.945234 2604.0 
 0.945240 2596.0 
 0.945245 2388.0 
 0.945251 2304.0 
 0.945257 2336.0 
 0.945262 2504.0 
 0.945268 2220.0 
 0.945274 2528.0 
 0.945280 2420.0 
 0.945285 2192.0 
 0.945291 2576.0 
 0.945297 2592.0 
 0.945302 2512.0 
 0.945308 1904.0 
 0.945314 2436.0 
 0.945319 2624.0 
 0.945325 2484.0 
 0.945331 2652.0 
 0.945337 2608.0 
 0.945342 2416.0 
 0.945348 2572.0 
 0.945354 2484.0 
 0.945359 2292.0 
 0.945365 2188.0 
 0.945371 2360.0 
 0.945377 2316.0 
 0.945382 2280.0 
 0.945388 2384.0 
 0.945394 2324.0 
 0.945399 2104.0 
 0.945405 2616.0 
 0.945411 2320.0 
 0.945416 2236.0 
 0.945422 2412.0 
 0.945428 2124.0 
 0.945434 2160.0 
 0.945439 2380.0 
 0.945445 2104.0 
 0.945451 2356.0 
 0.945456 2196.0 
 0.945462 2464.0 
 0.945468 2228.0 
 0.945473 2272.0 
 0.945479 2384.0 
 0.945485 2356.0 
 0.945491 2340.0 
 0.945496 2112.0 
 0.945502 2284.0 
 0.945508 2284.0 
 0.945513 2540.0 
 0.945519 2400.0 
 0.945525 2360.0 
 0.945530 2368.0 
 0.945536 2100.0 
 0.945542 2060.0 
 0.945548 2300.0 
 0.945553 1836.0 
 0.945559 2348.0 
 0.945565 2284.0 
 0.945570 2056.0 
 0.945576 1804.0 
 0.945582 2076.0 
 0.945587 2120.0 
 0.945593 2044.0 
 0.945599 2524.0 
 0.945605 2096.0 
 0.945610 2136.0 
 0.945616 2256.0 
 0.945622 1992.0 
 0.945627 2096.0 
 0.945633 2156.0 
 0.945639 2040.0 
 0.945644 2200.0 
 0.945650 1992.0 
 0.945656 1988.0 
 0.945662 2204.0 
 0.945667 2176.0 
 0.945673 2160.0 
 0.945679 2064.0 
 0.945684 2072.0 
 0.945690 2388.0 
 0.945696 2296.0 
 0.945701 2360.0 
 0.945707 2384.0 
 0.945713 2108.0 
 0.945719 2220.0 
 0.945724 2200.0 
 0.945730 2260.0 
 0.945736 2080.0 
 0.945741 2092.0 
 0.945747 2104.0 
 0.945753 2172.0 
 0.945758 2140.0 
 0.945764 1816.0 
 0.945770 2236.0 
 0.945776 1972.0 
 0.945781 2084.0 
 0.945787 2060.0 
 0.945793 2008.0 
 0.945798 2344.0 
 0.945804 2184.0 
 0.945810 2380.0 
 0.945815 2624.0 
 0.945821 2232.0 
 0.945827 2160.0 
 0.945833 1908.0 
 0.945838 2044.0 
 0.945844 2332.0 
 0.945850 2360.0 
 0.945855 1948.0 
 0.945861 2104.0 
 0.945867 1868.0 
 0.945872 1952.0 
 0.945878 2084.0 
 0.945884 1976.0 
 0.945890 2076.0 
 0.945895 2032.0 
 0.945901 2540.0 
 0.945907 2380.0 
 0.945912 2420.0 
 0.945918 2140.0 
 0.945924 2108.0 
 0.945929 1984.0 
 0.945935 1968.0 
 0.945941 1904.0 
 0.945947 1900.0 
 0.945952 2028.0 
 0.945958 1876.0 
 0.945964 1844.0 
 0.945969 2044.0 
 0.945975 2448.0 
 0.945981 2504.0 
 0.945986 2552.0 
 0.945992 2080.0 
 0.945998 2332.0 
 0.946004 2600.0 
 0.946009 2340.0 
 0.946015 2180.0 
 0.946021 2376.0 
 0.946026 2324.0 
 0.946032 2444.0 
 0.946038 2336.0 
 0.946043 2352.0 
 0.946049 2372.0 
 0.946055 2104.0 
 0.946061 2380.0 
 0.946066 2200.0 
 0.946072 2308.0 
 0.946078 2152.0 
 0.946083 2268.0 
 0.946089 2316.0 
 0.946095 2214.0 
 0.946100 2124.0 
 0.946106 1928.0 
 0.946112 1964.0 
 0.946118 1852.0 
 0.946123 1876.0 
 0.946129 1816.0 
 0.946135 1640.0 
 0.946140 1464.0 
 0.946146 1456.0 
 0.946152 1280.0 
 0.946157 1436.0 
 0.946163 1828.0 
 0.946169 1556.0 
 0.946175 1804.0 
 0.946180 1730.0 
 0.946186 1804.0 
 0.946192 1912.0 
 0.946197 1872.0 
 0.946203 1838.0 
 0.946209 1704.0 
 0.946214 2076.0 
 0.946220 1692.0 
 0.946226 2112.0 
 0.946232 1888.0 
 0.946237 1960.0 
 0.946243 2192.0 
 0.946249 1942.0 
 0.946254 2296.0 
 0.946260 1956.0 
 0.946266 3060.0 
 0.946271 1890.0 
 0.946277 2100.0 
 0.946283 1508.0 
 0.946289 1808.0 
 0.946294 2040.0 
 0.946300 1772.0 
 0.946306 1900.0 
 0.946311 2168.0 
 0.946317 1892.0 
 0.946323 2024.0 
 0.946328 2048.0 
 0.946334 1884.0 
 0.946340 2132.0 
 0.946346 1976.0 
 0.946351 2308.0 
 0.946357 2296.0 
 0.946363 2348.0 
 0.946368 2460.0 
 0.946374 2380.0 
 0.946380 2316.0 
 0.946385 1754.0 
 0.946391 2224.0 
 0.946397 1808.0 
 0.946403 1768.0 
 0.946408 2108.0 
 0.946414 1804.0 
 0.946420 1524.0 
 0.946425 1672.0 
 0.946431 1748.0 
 0.946437 1896.0 
 0.946442 1816.0 
 0.946448 2020.0 
 0.946454 2002.0 
 0.946460 1972.0 
 0.946465 2056.0 
 0.946471 1936.0 
 0.946477 2008.0 
 0.946482 2204.0 
 0.946488 2188.0 
 0.946494 2056.0 
 0.946500 2056.0 
 0.946505 1992.0 
 0.946511 1928.0 
 0.946517 2004.0 
 0.946522 1960.0 
 0.946528 2188.0 
 0.946534 2260.0 
 0.946539 1992.0 
 0.946545 2344.0 
 0.946551 1876.0 
 0.946557 1820.0 
 0.946562 1748.0 
 0.946568 1724.0 
 0.946574 1968.0 
 0.946579 2036.0 
 0.946585 1776.0 
 0.946591 2204.0 
 0.946596 1920.0 
 0.946602 2244.0 
 0.946608 2084.0 
 0.946614 2224.0 
 0.946619 2124.0 
 0.946625 1964.0 
 0.946631 2180.0 
 0.946636 2192.0 
 0.946642 2092.0 
 0.946648 2160.0 
 0.946653 2000.0 
 0.946659 1984.0 
 0.946665 2052.0 
 0.946671 2120.0 
 0.946676 2322.0 
 0.946682 2116.0 
 0.946688 2256.0 
 0.946693 1944.0 
 0.946699 2248.0 
 0.946705 2116.0 
 0.946710 1800.0 
 0.946716 1602.0 
 0.946722 1420.0 
 0.946728 1598.0 
 0.946733 1190.0 
 0.946739 1736.0 
 0.946745 1152.0 
 0.946750 1284.0 
 0.946756 1440.0 
 0.946762 1440.0 
 0.946767 1720.0 
 0.946773 1380.0 
 0.946779 1788.0 
 0.946785 1664.0 
 0.946790 1656.0 
 0.946796 1696.0 
 0.946802 1644.0 
 0.946807 1828.0 
 0.946813 1780.0 
 0.946819 1788.0 
 0.946824 1880.0 
 0.946830 2192.0 
 0.946836 2080.0 
 0.946842 2040.0 
 0.946847 1922.0 
 0.946853 1750.0 
 0.946859 1672.0 
 0.946864 1816.0 
 0.946870 1704.0 
 0.946876 1572.0 
 0.946881 1676.0 
 0.946887 1748.0 
 0.946893 1734.0 
 0.946899 1756.0 
 0.946904 1504.0 
 0.946910 1630.0 
 0.946916 1736.0 
 0.946921 1642.0 
 0.946927 1752.0 
 0.946933 1564.0 
 0.946938 1890.0 
 0.946944 1916.0 
 0.946950 2072.0 
 0.946956 1900.0 
 0.946961 1808.0 
 0.946967 1742.0 
 0.946973 1924.0 
 0.946978 1960.0 
 0.946984 1856.0 
 0.946990 1936.0 
 0.946995 1988.0 
 0.947001 1992.0 
 0.947007 1956.0 
 0.947013 1924.0 
 0.947018 2044.0 
 0.947024 2004.0 
 0.947030 1620.0 
 0.947035 1896.0 
 0.947041 1776.0 
 0.947047 1868.0 
 0.947052 1664.0 
 0.947058 2092.0 
 0.947064 1996.0 
 0.947070 1540.0 
 0.947075 1592.0 
 0.947081 1592.0 
 0.947087 1500.0 
 0.947092 1660.0 
 0.947098 1520.0 
 0.947104 1980.0 
 0.947109 1700.0 
 0.947115 1936.0 
 0.947121 1944.0 
 0.947127 1724.0 
 0.947132 1840.0 
 0.947138 1844.0 
 0.947144 1896.0 
 0.947149 1976.0 
 0.947155 1700.0 
 0.947161 2044.0 
 0.947166 2384.0 
 0.947172 1880.0 
 0.947178 1960.0 
 0.947184 2224.0 
 0.947189 1904.0 
 0.947195 1880.0 
 0.947201 1940.0 
 0.947206 1944.0 
 0.947212 1936.0 
 0.947218 1648.0 
 0.947223 1812.0 
 0.947229 2012.0 
 0.947235 1592.0 
 0.947241 1812.0 
 0.947246 1864.0 
 0.947252 1908.0 
 0.947258 1964.0 
 0.947263 1872.0 
 0.947269 2096.0 
 0.947275 2416.0 
 0.947280 1692.0 
 0.947286 1632.0 
 0.947292 2080.0 
 0.947298 2016.0 
 0.947303 2368.0 
 0.947309 1808.0 
 0.947315 1992.0 
 0.947320 2256.0 
 0.947326 2124.0 
 0.947332 2168.0 
 0.947337 2168.0 
 0.947343 2020.0 
 0.947349 2380.0 
 0.947355 1980.0 
 0.947360 1964.0 
 0.947366 1900.0 
 0.947372 1960.0 
 0.947377 1938.0 
 0.947383 2096.0 
 0.947389 2064.0 
 0.947394 2220.0 
 0.947400 2252.0 
 0.947406 2288.0 
 0.947412 2472.0 
 0.947417 2196.0 
 0.947423 2216.0 
 0.947429 2556.0 
 0.947434 2092.0 
 0.947440 2168.0 
 0.947446 1868.0 
 0.947451 2168.0 
 0.947457 1976.0 
 0.947463 1744.0 
 0.947469 1628.0 
 0.947474 2024.0 
 0.947480 1784.0 
 0.947486 1996.0 
 0.947491 2092.0 
 0.947497 1900.0 
 0.947503 2076.0 
 0.947508 2204.0 
 0.947514 2060.0 
 0.947520 2184.0 
 0.947526 2048.0 
 0.947531 2056.0 
 0.947537 1984.0 
 0.947543 2316.0 
 0.947548 2420.0 
 0.947554 2084.0 
 0.947560 2260.0 
 0.947565 2320.0 
 0.947571 2260.0 
 0.947577 2048.0 
 0.947583 2080.0 
 0.947588 1876.0 
 0.947594 1844.0 
 0.947600 2078.0 
 0.947605 1960.0 
 0.947611 2164.0 
 0.947617 2008.0 
 0.947623 1964.0 
 0.947628 2004.0 
 0.947634 2086.0 
 0.947640 1992.0 
 0.947645 2092.0 
 0.947651 2240.0 
 0.947657 2036.0 
 0.947662 1844.0 
 0.947668 2256.0 
 0.947674 2200.0 
 0.947680 2456.0 
 0.947685 2168.0 
 0.947691 2024.0 
 0.947697 1984.0 
 0.947702 2090.0 
 0.947708 2076.0 
 0.947714 2056.0 
 0.947719 2364.0 
 0.947725 2300.0 
 0.947731 2132.0 
 0.947737 2276.0 
 0.947742 2124.0 
 0.947748 2172.0 
 0.947754 2020.0 
 0.947759 2012.0 
 0.947765 2292.0 
 0.947771 2300.0 
 0.947776 2064.0 
 0.947782 2324.0 
 0.947788 2084.0 
 0.947794 2008.0 
 0.947799 2260.0 
 0.947805 2256.0 
 0.947811 2068.0 
 0.947816 2032.0 
 0.947822 1652.0 
 0.947828 1820.0 
 0.947833 1996.0 
 0.947839 1876.0 
 0.947845 1744.0 
 0.947851 2036.0 
 0.947856 1908.0 
 0.947862 1964.0 
 0.947868 1608.0 
 0.947873 2056.0 
 0.947879 2312.0 
 0.947885 2276.0 
 0.947890 1972.0 
 0.947896 2340.0 
