 0.932385 2816.0 
 0.932391 2692.0 
 0.932396 2792.0 
 0.932402 3060.0 
 0.932408 2728.0 
 0.932413 2908.0 
 0.932419 2756.0 
 0.932425 2832.0 
 0.932430 2764.0 
 0.932436 2804.0 
 0.932442 2808.0 
 0.932448 2900.0 
 0.932453 2848.0 
 0.932459 3034.0 
 0.932465 2652.0 
 0.932470 2692.0 
 0.932476 2900.0 
 0.932482 2748.0 
 0.932487 3068.0 
 0.932493 2956.0 
 0.932499 2640.0 
 0.932505 2928.0 
 0.932510 2896.0 
 0.932516 2772.0 
 0.932522 2748.0 
 0.932527 2788.0 
 0.932533 2984.0 
 0.932539 3084.0 
 0.932544 2820.0 
 0.932550 2536.0 
 0.932556 3072.0 
 0.932562 2664.0 
 0.932567 2752.0 
 0.932573 2660.0 
 0.932579 2652.0 
 0.932584 2732.0 
 0.932590 2840.0 
 0.932596 2852.0 
 0.932601 3100.0 
 0.932607 2588.0 
 0.932613 2956.0 
 0.932619 2960.0 
 0.932624 2788.0 
 0.932630 2816.0 
 0.932636 2844.0 
 0.932641 2752.0 
 0.932647 2892.0 
 0.932653 2956.0 
 0.932658 2788.0 
 0.932664 2668.0 
 0.932670 2532.0 
 0.932676 2640.0 
 0.932681 2784.0 
 0.932687 2616.0 
 0.932693 2520.0 
 0.932698 2740.0 
 0.932704 2648.0 
 0.932710 2408.0 
 0.932715 2500.0 
 0.932721 2248.0 
 0.932727 2496.0 
 0.932733 2336.0 
 0.932738 2092.0 
 0.932744 2312.0 
 0.932750 2192.0 
 0.932755 2656.0 
 0.932761 1988.0 
 0.932767 2436.0 
 0.932772 2408.0 
 0.932778 2992.0 
 0.932784 2668.0 
 0.932790 2596.0 
 0.932795 2772.0 
 0.932801 3008.0 
 0.932807 2800.0 
 0.932812 2808.0 
 0.932818 2876.0 
 0.932824 2708.0 
 0.932829 2776.0 
 0.932835 2712.0 
 0.932841 2812.0 
 0.932847 2832.0 
 0.932852 2816.0 
 0.932858 2872.0 
 0.932864 2868.0 
 0.932869 2892.0 
 0.932875 2340.0 
 0.932881 2812.0 
 0.932886 2844.0 
 0.932892 2732.0 
 0.932898 2788.0 
 0.932904 2888.0 
 0.932909 3008.0 
 0.932915 2760.0 
 0.932921 2840.0 
 0.932926 2888.0 
 0.932932 2936.0 
 0.932938 3040.0 
 0.932944 2528.0 
 0.932949 2816.0 
 0.932955 2740.0 
 0.932961 2712.0 
 0.932966 2692.0 
 0.932972 2780.0 
 0.932978 2832.0 
 0.932983 2704.0 
 0.932989 2956.0 
 0.932995 2772.0 
 0.933001 2476.0 
 0.933006 2612.0 
 0.933012 2680.0 
 0.933018 2728.0 
 0.933023 2584.0 
 0.933029 2584.0 
 0.933035 2688.0 
 0.933040 2456.0 
 0.933046 2612.0 
 0.933052 2624.0 
 0.933058 2812.0 
 0.933063 3020.0 
 0.933069 2876.0 
 0.933075 2928.0 
 0.933080 2624.0 
 0.933086 2696.0 
 0.933092 2718.0 
 0.933097 2840.0 
 0.933103 2908.0 
 0.933109 2616.0 
 0.933115 2708.0 
 0.933120 2690.0 
 0.933126 2872.0 
 0.933132 2816.0 
 0.933137 2500.0 
 0.933143 2712.0 
 0.933149 2624.0 
 0.933154 2740.0 
 0.933160 2876.0 
 0.933166 2852.0 
 0.933172 2704.0 
 0.933177 2696.0 
 0.933183 2364.0 
 0.933189 2492.0 
 0.933194 2756.0 
 0.933200 2396.0 
 0.933206 2916.0 
 0.933211 2600.0 
 0.933217 2420.0 
 0.933223 3076.0 
 0.933229 2608.0 
 0.933234 2336.0 
 0.933240 2672.0 
 0.933246 2488.0 
 0.933251 2856.0 
 0.933257 2744.0 
 0.933263 2864.0 
 0.933268 2660.0 
 0.933274 2536.0 
 0.933280 2676.0 
 0.933286 2868.0 
 0.933291 2452.0 
 0.933297 2984.0 
 0.933303 2800.0 
 0.933308 2700.0 
 0.933314 2988.0 
 0.933320 2564.0 
 0.933325 2596.0 
 0.933331 2660.0 
 0.933337 2504.0 
 0.933343 2960.0 
 0.933348 2664.0 
 0.933354 2604.0 
 0.933360 2720.0 
 0.933365 2976.0 
 0.933371 2416.0 
 0.933377 2912.0 
 0.933382 2376.0 
 0.933388 2620.0 
 0.933394 2544.0 
 0.933400 2704.0 
 0.933405 2644.0 
 0.933411 2912.0 
 0.933417 2480.0 
 0.933422 2680.0 
 0.933428 2392.0 
 0.933434 2764.0 
 0.933439 2776.0 
 0.933445 2340.0 
 0.933451 2612.0 
 0.933457 2120.0 
 0.933462 1916.0 
 0.933468 1812.0 
 0.933474 1712.0 
 0.933479 1676.0 
 0.933485 1720.0 
 0.933491 1868.0 
 0.933496 2012.0 
 0.933502 2208.0 
 0.933508 2224.0 
 0.933514 2236.0 
 0.933519 2416.0 
 0.933525 2442.0 
 0.933531 2512.0 
 0.933536 2240.0 
 0.933542 2356.0 
 0.933548 2272.0 
 0.933553 2540.0 
 0.933559 2272.0 
 0.933565 2344.0 
 0.933571 2440.0 
 0.933576 2416.0 
 0.933582 2076.0 
 0.933588 1992.0 
 0.933593 2180.0 
 0.933599 2280.0 
 0.933605 2152.0 
 0.933610 2110.0 
 0.933616 2284.0 
 0.933622 2304.0 
 0.933628 2510.0 
 0.933633 2480.0 
 0.933639 2468.0 
 0.933645 2172.0 
 0.933650 2656.0 
 0.933656 2280.0 
 0.933662 2656.0 
 0.933667 2568.0 
 0.933673 2524.0 
 0.933679 2620.0 
 0.933685 2212.0 
 0.933690 2448.0 
 0.933696 2644.0 
 0.933702 2472.0 
 0.933707 2504.0 
 0.933713 2428.0 
 0.933719 2328.0 
 0.933724 2284.0 
 0.933730 2344.0 
 0.933736 2224.0 
 0.933742 1960.0 
 0.933747 2100.0 
 0.933753 1776.0 
 0.933759 2180.0 
 0.933764 2388.0 
 0.933770 2408.0 
 0.933776 2400.0 
 0.933781 2400.0 
 0.933787 2576.0 
 0.933793 2592.0 
 0.933799 2820.0 
 0.933804 2432.0 
 0.933810 2704.0 
 0.933816 2504.0 
 0.933821 2520.0 
 0.933827 2424.0 
 0.933833 2616.0 
 0.933838 2368.0 
 0.933844 2556.0 
 0.933850 2268.0 
 0.933856 2312.0 
 0.933861 2232.0 
 0.933867 2252.0 
 0.933873 2496.0 
 0.933878 2584.0 
 0.933884 2488.0 
 0.933890 2584.0 
 0.933895 2512.0 
 0.933901 2460.0 
 0.933907 2392.0 
 0.933913 2500.0 
 0.933918 2268.0 
 0.933924 2448.0 
 0.933930 2324.0 
 0.933935 2356.0 
 0.933941 2228.0 
 0.933947 2648.0 
 0.933952 2180.0 
 0.933958 2260.0 
 0.933964 2412.0 
 0.933970 2452.0 
 0.933975 2316.0 
 0.933981 2196.0 
 0.933987 2324.0 
 0.933992 2252.0 
 0.933998 2500.0 
 0.934004 2168.0 
 0.934009 2424.0 
 0.934015 2206.0 
 0.934021 2060.0 
 0.934027 2140.0 
 0.934032 1896.0 
 0.934038 1896.0 
 0.934044 1802.0 
 0.934049 2032.0 
 0.934055 1868.0 
 0.934061 1912.0 
 0.934067 2088.0 
 0.934072 2172.0 
 0.934078 2140.0 
 0.934084 2204.0 
 0.934089 2324.0 
 0.934095 2088.0 
 0.934101 2396.0 
 0.934106 2448.0 
 0.934112 2548.0 
 0.934118 2536.0 
 0.934124 2372.0 
 0.934129 2372.0 
 0.934135 2468.0 
 0.934141 2384.0 
 0.934146 2216.0 
 0.934152 2324.0 
 0.934158 2316.0 
 0.934163 2708.0 
 0.934169 2656.0 
 0.934175 2308.0 
 0.934181 2104.0 
 0.934186 2416.0 
 0.934192 2380.0 
 0.934198 2460.0 
 0.934203 2352.0 
 0.934209 2448.0 
 0.934215 2328.0 
 0.934220 2432.0 
 0.934226 2432.0 
 0.934232 2436.0 
 0.934238 2676.0 
 0.934243 2268.0 
 0.934249 2144.0 
 0.934255 2240.0 
 0.934260 2344.0 
 0.934266 2548.0 
 0.934272 2068.0 
 0.934277 1828.0 
 0.934283 1864.0 
 0.934289 1992.0 
 0.934295 2020.0 
 0.934300 2160.0 
 0.934306 2120.0 
 0.934312 2396.0 
 0.934317 2620.0 
 0.934323 2488.0 
 0.934329 2332.0 
 0.934334 2436.0 
 0.934340 2288.0 
 0.934346 2264.0 
 0.934352 2136.0 
 0.934357 2604.0 
 0.934363 2284.0 
 0.934369 2472.0 
 0.934374 2216.0 
 0.934380 2472.0 
 0.934386 2192.0 
 0.934391 2404.0 
 0.934397 2092.0 
 0.934403 2360.0 
 0.934409 2456.0 
 0.934414 2136.0 
 0.934420 2308.0 
 0.934426 2248.0 
 0.934431 2408.0 
 0.934437 2656.0 
 0.934443 2376.0 
 0.934448 2704.0 
 0.934454 2672.0 
 0.934460 2428.0 
 0.934466 2320.0 
 0.934471 2276.0 
 0.934477 2604.0 
 0.934483 2264.0 
 0.934488 2072.0 
 0.934494 1962.0 
 0.934500 2044.0 
 0.934505 1880.0 
 0.934511 1848.0 
 0.934517 2284.0 
 0.934523 2236.0 
 0.934528 2176.0 
 0.934534 2440.0 
 0.934540 2228.0 
 0.934545 2340.0 
 0.934551 2372.0 
 0.934557 2496.0 
 0.934562 2418.0 
 0.934568 2316.0 
 0.934574 2328.0 
 0.934580 2272.0 
 0.934585 2320.0 
 0.934591 2312.0 
 0.934597 2008.0 
 0.934602 2216.0 
 0.934608 1988.0 
 0.934614 1836.0 
 0.934619 1820.0 
 0.934625 1772.0 
 0.934631 1476.0 
 0.934637 1500.0 
 0.934642 1324.0 
 0.934648 1348.0 
 0.934654 1188.0 
 0.934659 1276.0 
 0.934665 1288.0 
 0.934671 1700.0 
 0.934676 1812.0 
 0.934682 2032.0 
 0.934688 2108.0 
 0.934694 2212.0 
 0.934699 2312.0 
 0.934705 2144.0 
 0.934711 2128.0 
 0.934716 2616.0 
 0.934722 2096.0 
 0.934728 2036.0 
 0.934733 2108.0 
 0.934739 2100.0 
 0.934745 2100.0 
 0.934751 2016.0 
 0.934756 2100.0 
 0.934762 2180.0 
 0.934768 2208.0 
 0.934773 2188.0 
 0.934779 2116.0 
 0.934785 2000.0 
 0.934790 2076.0 
 0.934796 2312.0 
 0.934802 1832.0 
 0.934808 2192.0 
 0.934813 2356.0 
 0.934819 2048.0 
 0.934825 2060.0 
 0.934830 2244.0 
 0.934836 2184.0 
 0.934842 2092.0 
 0.934847 2272.0 
 0.934853 2120.0 
 0.934859 2372.0 
 0.934865 2128.0 
 0.934870 2376.0 
 0.934876 2152.0 
 0.934882 2336.0 
 0.934887 2612.0 
 0.934893 2132.0 
 0.934899 2382.0 
 0.934904 2384.0 
 0.934910 2512.0 
 0.934916 2264.0 
 0.934922 2344.0 
 0.934927 2504.0 
 0.934933 2224.0 
 0.934939 2172.0 
 0.934944 2508.0 
 0.934950 2232.0 
 0.934956 2068.0 
 0.934961 2128.0 
 0.934967 2116.0 
 0.934973 1998.0 
 0.934979 2032.0 
 0.934984 2068.0 
 0.934990 2264.0 
 0.934996 2240.0 
 0.935001 2252.0 
 0.935007 2324.0 
 0.935013 2032.0 
 0.935018 2116.0 
 0.935024 2184.0 
 0.935030 2368.0 
 0.935036 2256.0 
 0.935041 2528.0 
 0.935047 2296.0 
 0.935053 2464.0 
 0.935058 2604.0 
 0.935064 2312.0 
 0.935070 2380.0 
 0.935075 2456.0 
 0.935081 2384.0 
 0.935087 2408.0 
 0.935093 2492.0 
 0.935098 2380.0 
 0.935104 2704.0 
 0.935110 2488.0 
 0.935115 2112.0 
 0.935121 2340.0 
 0.935127 2352.0 
 0.935132 2684.0 
 0.935138 2432.0 
 0.935144 2532.0 
 0.935150 2328.0 
 0.935155 2288.0 
 0.935161 2392.0 
 0.935167 2488.0 
 0.935172 2476.0 
 0.935178 2396.0 
 0.935184 2516.0 
 0.935189 2448.0 
 0.935195 2500.0 
 0.935201 2368.0 
 0.935207 2540.0 
 0.935212 2536.0 
 0.935218 2268.0 
 0.935224 2536.0 
 0.935229 2444.0 
 0.935235 2216.0 
 0.935241 2512.0 
 0.935247 2264.0 
 0.935252 2548.0 
 0.935258 2372.0 
 0.935264 2344.0 
 0.935269 2216.0 
 0.935275 2492.0 
 0.935281 2384.0 
 0.935286 2420.0 
 0.935292 2348.0 
 0.935298 2520.0 
 0.935304 2588.0 
 0.935309 2196.0 
 0.935315 2344.0 
 0.935321 2224.0 
 0.935326 2268.0 
 0.935332 2252.0 
 0.935338 2190.0 
 0.935343 2288.0 
 0.935349 2020.0 
 0.935355 2036.0 
 0.935361 2008.0 
 0.935366 1788.0 
 0.935372 1508.0 
 0.935378 1484.0 
 0.935383 1284.0 
 0.935389 1132.0 
 0.935395 1376.0 
 0.935400 1172.0 
 0.935406 1600.0 
 0.935412 1528.0 
 0.935418 1612.0 
 0.935423 1738.0 
 0.935429 2108.0 
 0.935435 2068.0 
 0.935440 2116.0 
 0.935446 1964.0 
 0.935452 1868.0 
 0.935457 2172.0 
 0.935463 2316.0 
 0.935469 2252.0 
 0.935475 2176.0 
 0.935480 2188.0 
 0.935486 2256.0 
 0.935492 2492.0 
 0.935497 2468.0 
 0.935503 2448.0 
 0.935509 2464.0 
 0.935514 2296.0 
 0.935520 2228.0 
 0.935526 2376.0 
 0.935532 2220.0 
 0.935537 2272.0 
 0.935543 2244.0 
 0.935549 2252.0 
 0.935554 2108.0 
 0.935560 2236.0 
 0.935566 2588.0 
 0.935571 2456.0 
 0.935577 2484.0 
 0.935583 2384.0 
 0.935589 2328.0 
 0.935594 2384.0 
 0.935600 2208.0 
 0.935606 2332.0 
 0.935611 2504.0 
 0.935617 2684.0 
 0.935623 2416.0 
 0.935628 2444.0 
 0.935634 2432.0 
 0.935640 2360.0 
 0.935646 2368.0 
 0.935651 2368.0 
 0.935657 2232.0 
 0.935663 2152.0 
 0.935668 2124.0 
 0.935674 2472.0 
 0.935680 2444.0 
 0.935685 2236.0 
 0.935691 2208.0 
 0.935697 2184.0 
 0.935703 2292.0 
 0.935708 1972.0 
 0.935714 1968.0 
 0.935720 2084.0 
 0.935725 2048.0 
 0.935731 2316.0 
 0.935737 2520.0 
 0.935742 2184.0 
 0.935748 2260.0 
 0.935754 1972.0 
 0.935760 2320.0 
 0.935765 2156.0 
 0.935771 2300.0 
 0.935777 2396.0 
 0.935782 2344.0 
 0.935788 2192.0 
 0.935794 2240.0 
 0.935799 2052.0 
 0.935805 1724.0 
 0.935811 1732.0 
 0.935817 1628.0 
 0.935822 1624.0 
 0.935828 1724.0 
 0.935834 1524.0 
 0.935839 1588.0 
 0.935845 1820.0 
 0.935851 2040.0 
 0.935856 2100.0 
 0.935862 2356.0 
 0.935868 2400.0 
 0.935874 2100.0 
 0.935879 2312.0 
 0.935885 2332.0 
 0.935891 2624.0 
 0.935896 2360.0 
 0.935902 2408.0 
 0.935908 2460.0 
 0.935913 2316.0 
 0.935919 2312.0 
 0.935925 2396.0 
 0.935931 2556.0 
 0.935936 2468.0 
 0.935942 2484.0 
 0.935948 2496.0 
 0.935953 2448.0 
 0.935959 2656.0 
 0.935965 2316.0 
 0.935970 2388.0 
 0.935976 2388.0 
 0.935982 2212.0 
 0.935988 2456.0 
 0.935993 2268.0 
 0.935999 2416.0 
 0.936005 2640.0 
 0.936010 2368.0 
 0.936016 2488.0 
 0.936022 2412.0 
 0.936027 2396.0 
 0.936033 2492.0 
 0.936039 2608.0 
 0.936045 2596.0 
 0.936050 2564.0 
 0.936056 2296.0 
 0.936062 2440.0 
 0.936067 2520.0 
 0.936073 2356.0 
 0.936079 2436.0 
 0.936084 2576.0 
 0.936090 2504.0 
 0.936096 2360.0 
 0.936102 2452.0 
 0.936107 2596.0 
 0.936113 2512.0 
 0.936119 2548.0 
 0.936124 2428.0 
 0.936130 2496.0 
 0.936136 2308.0 
 0.936141 2312.0 
 0.936147 2244.0 
 0.936153 2212.0 
 0.936159 2276.0 
 0.936164 2304.0 
 0.936170 2440.0 
 0.936176 2484.0 
 0.936181 2472.0 
 0.936187 2312.0 
 0.936193 2320.0 
 0.936198 2480.0 
 0.936204 2180.0 
 0.936210 2396.0 
 0.936216 2652.0 
 0.936221 2552.0 
 0.936227 2368.0 
 0.936233 2060.0 
 0.936238 2308.0 
 0.936244 2692.0 
 0.936250 2276.0 
 0.936255 2244.0 
 0.936261 2308.0 
 0.936267 2396.0 
 0.936273 2200.0 
 0.936278 2240.0 
 0.936284 2420.0 
 0.936290 1960.0 
 0.936295 1900.0 
 0.936301 1904.0 
 0.936307 1852.0 
 0.936312 1600.0 
 0.936318 1548.0 
 0.936324 1572.0 
 0.936330 1140.0 
 0.936335 1064.0 
 0.936341 1068.0 
 0.936347 1420.0 
 0.936352 1052.0 
 0.936358 968.0 
 0.936364 988.0 
 0.936370 1272.0 
 0.936375 1072.0 
 0.936381 1448.0 
 0.936387 1616.0 
 0.936392 1764.0 
 0.936398 1576.0 
 0.936404 2092.0 
 0.936409 1876.0 
 0.936415 1912.0 
 0.936421 1942.0 
 0.936427 1692.0 
 0.936432 1840.0 
 0.936438 1740.0 
 0.936444 1588.0 
 0.936449 1576.0 
 0.936455 1462.0 
 0.936461 1420.0 
 0.936466 1504.0 
 0.936472 1226.0 
 0.936478 1112.0 
 0.936484 828.0 
 0.936489 752.0 
 0.936495 884.0 
 0.936501 1000.0 
 0.936506 1164.0 
 0.936512 1148.0 
 0.936518 1384.0 
 0.936523 1456.0 
 0.936529 1588.0 
 0.936535 1796.0 
 0.936541 2112.0 
 0.936546 1872.0 
 0.936552 2232.0 
 0.936558 2064.0 
 0.936563 2060.0 
 0.936569 2116.0 
 0.936575 2248.0 
 0.936580 2140.0 
 0.936586 2180.0 
 0.936592 2268.0 
 0.936598 2168.0 
 0.936603 2140.0 
 0.936609 2332.0 
 0.936615 2316.0 
 0.936620 2016.0 
 0.936626 1940.0 
 0.936632 2108.0 
 0.936637 2216.0 
 0.936643 2064.0 
 0.936649 2336.0 
 0.936655 2078.0 
 0.936660 2264.0 
 0.936666 2088.0 
 0.936672 2252.0 
 0.936677 2094.0 
 0.936683 2164.0 
 0.936689 2124.0 
 0.936694 2332.0 
 0.936700 1888.0 
 0.936706 2112.0 
 0.936712 1808.0 
 0.936717 1584.0 
 0.936723 1440.0 
 0.936729 1560.0 
 0.936734 1148.0 
 0.936740 1072.0 
 0.936746 1328.0 
 0.936751 1492.0 
 0.936757 1688.0 
 0.936763 1652.0 
 0.936769 1804.0 
 0.936774 1968.0 
 0.936780 2172.0 
 0.936786 2096.0 
 0.936791 2324.0 
 0.936797 1876.0 
 0.936803 2336.0 
 0.936808 2370.0 
 0.936814 2380.0 
 0.936820 2148.0 
 0.936826 2160.0 
 0.936831 2192.0 
 0.936837 2108.0 
 0.936843 2056.0 
 0.936848 2116.0 
 0.936854 2368.0 
 0.936860 2224.0 
 0.936865 2360.0 
 0.936871 2340.0 
 0.936877 2380.0 
 0.936883 2476.0 
 0.936888 2440.0 
 0.936894 2032.0 
 0.936900 2396.0 
 0.936905 2352.0 
 0.936911 2384.0 
 0.936917 2632.0 
 0.936922 2376.0 
 0.936928 2388.0 
 0.936934 2476.0 
 0.936940 2200.0 
 0.936945 2552.0 
 0.936951 2516.0 
 0.936957 2600.0 
 0.936962 2236.0 
 0.936968 2260.0 
 0.936974 2200.0 
 0.936979 2468.0 
 0.936985 2368.0 
 0.936991 2140.0 
 0.936997 2572.0 
 0.937002 2406.0 
 0.937008 2564.0 
 0.937014 2236.0 
 0.937019 2272.0 
 0.937025 2516.0 
 0.937031 2388.0 
 0.937036 2396.0 
 0.937042 2484.0 
 0.937048 2532.0 
 0.937054 2576.0 
 0.937059 2320.0 
 0.937065 2024.0 
 0.937071 2380.0 
 0.937076 2180.0 
 0.937082 2452.0 
 0.937088 2456.0 
 0.937093 2184.0 
 0.937099 2448.0 
 0.937105 2420.0 
 0.937111 2224.0 
 0.937116 2428.0 
 0.937122 2340.0 
 0.937128 2204.0 
 0.937133 2560.0 
 0.937139 2728.0 
 0.937145 2544.0 
 0.937150 2408.0 
 0.937156 2476.0 
 0.937162 2340.0 
 0.937168 2672.0 
 0.937173 2552.0 
 0.937179 2564.0 
 0.937185 2460.0 
 0.937190 2512.0 
 0.937196 2440.0 
 0.937202 2480.0 
 0.937207 2404.0 
 0.937213 2544.0 
 0.937219 2488.0 
 0.937225 2504.0 
 0.937230 2580.0 
 0.937236 2444.0 
 0.937242 2560.0 
 0.937247 2520.0 
 0.937253 2472.0 
 0.937259 2652.0 
 0.937264 2516.0 
 0.937270 2292.0 
 0.937276 2444.0 
 0.937282 2356.0 
 0.937287 2216.0 
 0.937293 2316.0 
 0.937299 2408.0 
 0.937304 2424.0 
 0.937310 1964.0 
 0.937316 2372.0 
 0.937321 2328.0 
 0.937327 2576.0 
 0.937333 2488.0 
 0.937339 2384.0 
 0.937344 2460.0 
 0.937350 2340.0 
 0.937356 2400.0 
 0.937361 2352.0 
 0.937367 2244.0 
 0.937373 2324.0 
 0.937378 2076.0 
 0.937384 2392.0 
 0.937390 2388.0 
 0.937396 2252.0 
 0.937401 2360.0 
 0.937407 2300.0 
 0.937413 2300.0 
 0.937418 2532.0 
 0.937424 2240.0 
 0.937430 2368.0 
 0.937435 2216.0 
 0.937441 2260.0 
 0.937447 1964.0 
 0.937453 2060.0 
 0.937458 1772.0 
 0.937464 1658.0 
 0.937470 1332.0 
 0.937475 1500.0 
 0.937481 1144.0 
 0.937487 972.0 
 0.937493 1228.0 
 0.937498 1252.0 
 0.937504 1196.0 
 0.937510 1246.0 
 0.937515 1096.0 
 0.937521 1552.0 
 0.937527 1464.0 
 0.937532 1504.0 
 0.937538 1648.0 
 0.937544 1964.0 
 0.937550 2008.0 
 0.937555 2148.0 
 0.937561 2192.0 
 0.937567 2392.0 
 0.937572 2116.0 
 0.937578 2464.0 
 0.937584 2280.0 
 0.937589 2064.0 
 0.937595 2340.0 
 0.937601 2236.0 
 0.937607 2220.0 
 0.937612 2228.0 
 0.937618 2396.0 
 0.937624 2328.0 
 0.937629 2124.0 
 0.937635 2348.0 
 0.937641 2420.0 
 0.937646 2260.0 
 0.937652 2296.0 
 0.937658 2504.0 
 0.937664 2372.0 
 0.937669 2476.0 
 0.937675 2556.0 
 0.937681 2364.0 
 0.937686 2368.0 
 0.937692 2604.0 
 0.937698 2180.0 
 0.937703 2312.0 
 0.937709 2444.0 
 0.937715 2156.0 
 0.937721 2196.0 
 0.937726 2408.0 
 0.937732 2200.0 
 0.937738 2108.0 
 0.937743 1764.0 
 0.937749 2092.0 
 0.937755 2096.0 
 0.937760 1692.0 
 0.937766 1130.0 
 0.937772 1520.0 
 0.937778 1432.0 
 0.937783 1128.0 
 0.937789 850.0 
 0.937795 1076.0 
 0.937800 1040.0 
 0.937806 870.0 
 0.937812 936.0 
 0.937817 888.0 
 0.937823 848.0 
 0.937829 906.0 
 0.937835 944.0 
 0.937840 946.0 
 0.937846 982.0 
 0.937852 1088.0 
 0.937857 1236.0 
 0.937863 1084.0 
 0.937869 1592.0 
 0.937874 1384.0 
 0.937880 1760.0 
 0.937886 1756.0 
 0.937892 1984.0 
 0.937897 1848.0 
 0.937903 2056.0 
 0.937909 1956.0 
 0.937914 2224.0 
 0.937920 2204.0 
 0.937926 2192.0 
 0.937931 2044.0 
 0.937937 2024.0 
 0.937943 1848.0 
 0.937949 2292.0 
 0.937954 2064.0 
 0.937960 1940.0 
 0.937966 1996.0 
 0.937971 1972.0 
 0.937977 1872.0 
 0.937983 1648.0 
 0.937988 1884.0 
 0.937994 2044.0 
 0.938000 1800.0 
 0.938006 2272.0 
 0.938011 2040.0 
 0.938017 2264.0 
 0.938023 2524.0 
 0.938028 1984.0 
 0.938034 2244.0 
 0.938040 2240.0 
 0.938045 1672.0 
 0.938051 1956.0 
 0.938057 1744.0 
 0.938063 1336.0 
 0.938068 1716.0 
 0.938074 1392.0 
 0.938080 1408.0 
 0.938085 1440.0 
 0.938091 1460.0 
 0.938097 1620.0 
 0.938102 2108.0 
 0.938108 2020.0 
 0.938114 2072.0 
 0.938120 2244.0 
 0.938125 2124.0 
 0.938131 2424.0 
 0.938137 2108.0 
 0.938142 2348.0 
 0.938148 2388.0 
 0.938154 2444.0 
 0.938159 2080.0 
 0.938165 2108.0 
 0.938171 2016.0 
 0.938177 2016.0 
 0.938182 2044.0 
 0.938188 1964.0 
 0.938194 1992.0 
 0.938199 2016.0 
 0.938205 2112.0 
 0.938211 2192.0 
 0.938216 2320.0 
 0.938222 2344.0 
 0.938228 2188.0 
 0.938234 2152.0 
 0.938239 2548.0 
 0.938245 2328.0 
 0.938251 2312.0 
 0.938256 2490.0 
 0.938262 2564.0 
 0.938268 2400.0 
 0.938273 2316.0 
 0.938279 2732.0 
 0.938285 2568.0 
 0.938291 2644.0 
 0.938296 2332.0 
 0.938302 2744.0 
 0.938308 2764.0 
 0.938313 2640.0 
 0.938319 2136.0 
 0.938325 2392.0 
 0.938330 2264.0 
 0.938336 2088.0 
 0.938342 1880.0 
 0.938348 1832.0 
 0.938353 1796.0 
 0.938359 1832.0 
 0.938365 1708.0 
 0.938370 1948.0 
 0.938376 2028.0 
 0.938382 1972.0 
 0.938387 2180.0 
 0.938393 2488.0 
 0.938399 2228.0 
 0.938405 2236.0 
 0.938410 2348.0 
 0.938416 2500.0 
 0.938422 2252.0 
 0.938427 2484.0 
 0.938433 2568.0 
 0.938439 2592.0 
 0.938444 2672.0 
 0.938450 2480.0 
 0.938456 2392.0 
 0.938462 2524.0 
 0.938467 2740.0 
 0.938473 2376.0 
 0.938479 2852.0 
 0.938484 2648.0 
 0.938490 2804.0 
 0.938496 2572.0 
 0.938501 2708.0 
 0.938507 2616.0 
 0.938513 2536.0 
 0.938519 2412.0 
 0.938524 2664.0 
 0.938530 2636.0 
 0.938536 2460.0 
 0.938541 2624.0 
 0.938547 2428.0 
 0.938553 2764.0 
 0.938558 2524.0 
 0.938564 2728.0 
 0.938570 2656.0 
 0.938576 2560.0 
 0.938581 2616.0 
 0.938587 3028.0 
 0.938593 2716.0 
 0.938598 2516.0 
 0.938604 2768.0 
 0.938610 2552.0 
 0.938615 2824.0 
 0.938621 2640.0 
 0.938627 2656.0 
 0.938633 2560.0 
 0.938638 2752.0 
 0.938644 2384.0 
 0.938650 2776.0 
 0.938655 2468.0 
 0.938661 2688.0 
 0.938667 2416.0 
 0.938673 2384.0 
 0.938678 2560.0 
 0.938684 2376.0 
 0.938690 2264.0 
 0.938695 2204.0 
 0.938701 1944.0 
 0.938707 2168.0 
 0.938712 2400.0 
 0.938718 2492.0 
 0.938724 2476.0 
 0.938730 2700.0 
 0.938735 2528.0 
 0.938741 2728.0 
 0.938747 2716.0 
 0.938752 2588.0 
 0.938758 2400.0 
 0.938764 2560.0 
 0.938769 2660.0 
 0.938775 2400.0 
 0.938781 2704.0 
 0.938787 2600.0 
 0.938792 1996.0 
 0.938798 2212.0 
 0.938804 2116.0 
 0.938809 2204.0 
 0.938815 1744.0 
 0.938821 2044.0 
 0.938826 2316.0 
 0.938832 2156.0 
 0.938838 2300.0 
 0.938844 2460.0 
 0.938849 2270.0 
 0.938855 2392.0 
 0.938861 2668.0 
 0.938866 2620.0 
 0.938872 2716.0 
 0.938878 2476.0 
 0.938883 2396.0 
 0.938889 2516.0 
 0.938895 2592.0 
 0.938901 2628.0 
 0.938906 2540.0 
 0.938912 2512.0 
 0.938918 2780.0 
 0.938923 2792.0 
 0.938929 2560.0 
 0.938935 2284.0 
 0.938940 2664.0 
 0.938946 2700.0 
 0.938952 2580.0 
 0.938958 2404.0 
 0.938963 3268.0 
 0.938969 2544.0 
 0.938975 2788.0 
 0.938980 2680.0 
 0.938986 2564.0 
 0.938992 2592.0 
 0.938997 2820.0 
 0.939003 2768.0 
 0.939009 2732.0 
 0.939015 2692.0 
 0.939020 2596.0 
 0.939026 2444.0 
 0.939032 2536.0 
 0.939037 2680.0 
 0.939043 2696.0 
 0.939049 2600.0 
 0.939054 2616.0 
 0.939060 2552.0 
 0.939066 2772.0 
 0.939072 2660.0 
 0.939077 2564.0 
 0.939083 2880.0 
 0.939089 2656.0 
 0.939094 2968.0 
 0.939100 2596.0 
 0.939106 2792.0 
 0.939111 2740.0 
 0.939117 2644.0 
 0.939123 2696.0 
 0.939129 2380.0 
 0.939134 2900.0 
 0.939140 2852.0 
 0.939146 2540.0 
 0.939151 2488.0 
 0.939157 2548.0 
 0.939163 2424.0 
 0.939168 2528.0 
 0.939174 2636.0 
 0.939180 2416.0 
 0.939186 2464.0 
 0.939191 2324.0 
 0.939197 2228.0 
 0.939203 1908.0 
 0.939208 1924.0 
 0.939214 2004.0 
 0.939220 1620.0 
 0.939225 1752.0 
 0.939231 1964.0 
 0.939237 2104.0 
 0.939243 1940.0 
 0.939248 2268.0 
 0.939254 2056.0 
 0.939260 2056.0 
 0.939265 1736.0 
 0.939271 1532.0 
 0.939277 1680.0 
 0.939282 1748.0 
 0.939288 1672.0 
 0.939294 1824.0 
 0.939300 1868.0 
 0.939305 2004.0 
 0.939311 1968.0 
 0.939317 2148.0 
 0.939322 2296.0 
 0.939328 2444.0 
 0.939334 2224.0 
 0.939339 2868.0 
 0.939345 2588.0 
 0.939351 2876.0 
 0.939357 2392.0 
 0.939362 2552.0 
 0.939368 2652.0 
 0.939374 2512.0 
 0.939379 2408.0 
 0.939385 2324.0 
 0.939391 2436.0 
 0.939396 2336.0 
 0.939402 2236.0 
 0.939408 2160.0 
 0.939414 2100.0 
 0.939419 1948.0 
 0.939425 1816.0 
 0.939431 1632.0 
 0.939436 1360.0 
 0.939442 1204.0 
 0.939448 1296.0 
 0.939453 1260.0 
 0.939459 1576.0 
 0.939465 1676.0 
 0.939471 2128.0 
 0.939476 2124.0 
 0.939482 2204.0 
 0.939488 2440.0 
 0.939493 2172.0 
 0.939499 2552.0 
 0.939505 2656.0 
 0.939510 2320.0 
 0.939516 2392.0 
 0.939522 2500.0 
 0.939528 2368.0 
 0.939533 2284.0 
 0.939539 2512.0 
 0.939545 2512.0 
 0.939550 2052.0 
 0.939556 2360.0 
 0.939562 2464.0 
 0.939567 2420.0 
 0.939573 2516.0 
 0.939579 2464.0 
 0.939585 2512.0 
 0.939590 2548.0 
 0.939596 2256.0 
 0.939602 2444.0 
 0.939607 2512.0 
 0.939613 2492.0 
 0.939619 2588.0 
 0.939624 2584.0 
 0.939630 2552.0 
 0.939636 2880.0 
 0.939642 2552.0 
 0.939647 2700.0 
 0.939653 2516.0 
 0.939659 2660.0 
 0.939664 2664.0 
 0.939670 2656.0 
 0.939676 2732.0 
 0.939681 2652.0 
 0.939687 2568.0 
 0.939693 2704.0 
 0.939699 2780.0 
 0.939704 2784.0 
 0.939710 2808.0 
 0.939716 2540.0 
 0.939721 2628.0 
 0.939727 2676.0 
 0.939733 2800.0 
 0.939738 2808.0 
 0.939744 2648.0 
 0.939750 2620.0 
 0.939756 2536.0 
 0.939761 2460.0 
 0.939767 2380.0 
 0.939773 2332.0 
 0.939778 2512.0 
 0.939784 2380.0 
 0.939790 2372.0 
 0.939796 2368.0 
 0.939801 2536.0 
 0.939807 2192.0 
 0.939813 2376.0 
 0.939818 2212.0 
 0.939824 1912.0 
 0.939830 1528.0 
 0.939835 1312.0 
 0.939841 1234.0 
 0.939847 1392.0 
 0.939853 1116.0 
 0.939858 1212.0 
 0.939864 1284.0 
 0.939870 1176.0 
 0.939875 1534.0 
 0.939881 1668.0 
 0.939887 1900.0 
 0.939892 2036.0 
 0.939898 2232.0 
 0.939904 2168.0 
 0.939910 2108.0 
 0.939915 2224.0 
 0.939921 2056.0 
 0.939927 1932.0 
 0.939932 1896.0 
 0.939938 1920.0 
 0.939944 1960.0 
 0.939949 1728.0 
 0.939955 2028.0 
 0.939961 1712.0 
 0.939967 1624.0 
 0.939972 1336.0 
 0.939978 1216.0 
 0.939984 1124.0 
 0.939989 1124.0 
 0.939995 908.0 
 0.940001 988.0 
 0.940006 1260.0 
 0.940012 1230.0 
 0.940018 1656.0 
 0.940024 1700.0 
 0.940029 1856.0 
 0.940035 1952.0 
 0.940041 2416.0 
 0.940046 2528.0 
 0.940052 2352.0 
 0.940058 2412.0 
 0.940063 2472.0 
 0.940069 2600.0 
 0.940075 2520.0 
 0.940081 2352.0 
 0.940086 2380.0 
 0.940092 2592.0 
 0.940098 2688.0 
 0.940103 2332.0 
 0.940109 2584.0 
 0.940115 2412.0 
 0.940120 2344.0 
 0.940126 2504.0 
 0.940132 2532.0 
 0.940138 2272.0 
 0.940143 2660.0 
 0.940149 2616.0 
 0.940155 2340.0 
 0.940160 2460.0 
 0.940166 2456.0 
 0.940172 2440.0 
 0.940177 2486.0 
 0.940183 2320.0 
 0.940189 2308.0 
 0.940195 2432.0 
 0.940200 2772.0 
 0.940206 2556.0 
 0.940212 2552.0 
 0.940217 2344.0 
 0.940223 2448.0 
 0.940229 2656.0 
 0.940234 2720.0 
 0.940240 2544.0 
 0.940246 2556.0 
 0.940252 2648.0 
 0.940257 2652.0 
 0.940263 2632.0 
 0.940269 2692.0 
 0.940274 2820.0 
 0.940280 2520.0 
 0.940286 2520.0 
 0.940291 2488.0 
 0.940297 2404.0 
 0.940303 2652.0 
 0.940309 2628.0 
 0.940314 2836.0 
 0.940320 2652.0 
 0.940326 2794.0 
 0.940331 2620.0 
 0.940337 2664.0 
 0.940343 2572.0 
 0.940348 2840.0 
 0.940354 2316.0 
 0.940360 2496.0 
 0.940366 2576.0 
 0.940371 2652.0 
 0.940377 2556.0 
 0.940383 2632.0 
 0.940388 2520.0 
 0.940394 2656.0 
 0.940400 2764.0 
 0.940405 2688.0 
 0.940411 2588.0 
 0.940417 2580.0 
 0.940423 2512.0 
 0.940428 2388.0 
 0.940434 2264.0 
 0.940440 2108.0 
 0.940445 2108.0 
 0.940451 2340.0 
 0.940457 2596.0 
 0.940462 2500.0 
 0.940468 2520.0 
 0.940474 2508.0 
 0.940480 2760.0 
 0.940485 2596.0 
 0.940491 2976.0 
 0.940497 2744.0 
 0.940502 2740.0 
 0.940508 2768.0 
 0.940514 2652.0 
 0.940519 3036.0 
 0.940525 2848.0 
 0.940531 2864.0 
 0.940537 2828.0 
 0.940542 2992.0 
 0.940548 2660.0 
 0.940554 2800.0 
 0.940559 2744.0 
 0.940565 2744.0 
 0.940571 2844.0 
 0.940576 2676.0 
 0.940582 2912.0 
 0.940588 2660.0 
 0.940594 2792.0 
 0.940599 2520.0 
 0.940605 2752.0 
 0.940611 2460.0 
 0.940616 2924.0 
 0.940622 2904.0 
 0.940628 2776.0 
 0.940633 2612.0 
 0.940639 2856.0 
 0.940645 2612.0 
 0.940651 2692.0 
 0.940656 2684.0 
 0.940662 2484.0 
 0.940668 2676.0 
 0.940673 2648.0 
 0.940679 2728.0 
 0.940685 2564.0 
 0.940690 2368.0 
 0.940696 2520.0 
 0.940702 2412.0 
 0.940708 2788.0 
 0.940713 2424.0 
 0.940719 2680.0 
 0.940725 2560.0 
 0.940730 2388.0 
 0.940736 2724.0 
 0.940742 2548.0 
 0.940747 2440.0 
 0.940753 2732.0 
 0.940759 2588.0 
 0.940765 2360.0 
 0.940770 2408.0 
 0.940776 2148.0 
 0.940782 1896.0 
 0.940787 1892.0 
 0.940793 1904.0 
 0.940799 2156.0 
 0.940804 2384.0 
 0.940810 2532.0 
 0.940816 2284.0 
 0.940822 2564.0 
 0.940827 2300.0 
 0.940833 2344.0 
 0.940839 2232.0 
 0.940844 2004.0 
 0.940850 1924.0 
 0.940856 1868.0 
 0.940861 1472.0 
 0.940867 1620.0 
 0.940873 1776.0 
 0.940879 1708.0 
 0.940884 1740.0 
 0.940890 2104.0 
 0.940896 2148.0 
 0.940901 2356.0 
 0.940907 2512.0 
 0.940913 2408.0 
 0.940919 2500.0 
 0.940924 2408.0 
 0.940930 2576.0 
 0.940936 2668.0 
 0.940941 2548.0 
 0.940947 2508.0 
 0.940953 2308.0 
 0.940958 2572.0 
 0.940964 2568.0 
 0.940970 2420.0 
 0.940976 2256.0 
 0.940981 2356.0 
 0.940987 2216.0 
 0.940993 2536.0 
 0.940998 2464.0 
 0.941004 2520.0 
 0.941010 2692.0 
 0.941015 2388.0 
 0.941021 2724.0 
 0.941027 2388.0 
 0.941033 2664.0 
 0.941038 2480.0 
 0.941044 2708.0 
 0.941050 2612.0 
 0.941055 2760.0 
 0.941061 2864.0 
 0.941067 2716.0 
 0.941072 2836.0 
 0.941078 2644.0 
 0.941084 2732.0 
 0.941090 2624.0 
 0.941095 2992.0 
 0.941101 2720.0 
 0.941107 2804.0 
 0.941112 2876.0 
 0.941118 2768.0 
 0.941124 2632.0 
 0.941129 2796.0 
 0.941135 3024.0 
 0.941141 2588.0 
 0.941147 2504.0 
 0.941152 2668.0 
 0.941158 2796.0 
 0.941164 2732.0 
 0.941169 2856.0 
 0.941175 2528.0 
 0.941181 2828.0 
 0.941186 2596.0 
 0.941192 2764.0 
 0.941198 2720.0 
 0.941204 2712.0 
 0.941209 2700.0 
 0.941215 2440.0 
 0.941221 2588.0 
 0.941226 2684.0 
 0.941232 2716.0 
 0.941238 2628.0 
 0.941243 2588.0 
 0.941249 2672.0 
 0.941255 2844.0 
 0.941261 2536.0 
 0.941266 2368.0 
 0.941272 2544.0 
 0.941278 2992.0 
 0.941283 2856.0 
 0.941289 2868.0 
 0.941295 2636.0 
 0.941300 2708.0 
 0.941306 2660.0 
 0.941312 2772.0 
 0.941318 2648.0 
 0.941323 2712.0 
 0.941329 2872.0 
 0.941335 2680.0 
 0.941340 2608.0 
 0.941346 2664.0 
 0.941352 2812.0 
 0.941357 2892.0 
 0.941363 2496.0 
 0.941369 2648.0 
 0.941375 2440.0 
 0.941380 2688.0 
 0.941386 2544.0 
 0.941392 2400.0 
 0.941397 2376.0 
 0.941403 2060.0 
 0.941409 2120.0 
 0.941414 2132.0 
 0.941420 1844.0 
 0.941426 1864.0 
 0.941432 1960.0 
 0.941437 2424.0 
 0.941443 2364.0 
 0.941449 2148.0 
 0.941454 2276.0 
 0.941460 2456.0 
 0.941466 2412.0 
 0.941471 2624.0 
 0.941477 2420.0 
 0.941483 2432.0 
 0.941489 2348.0 
 0.941494 2264.0 
 0.941500 2168.0 
 0.941506 2128.0 
 0.941511 2308.0 
 0.941517 2336.0 
 0.941523 2364.0 
 0.941528 2412.0 
 0.941534 2380.0 
 0.941540 2316.0 
 0.941546 2420.0 
 0.941551 2884.0 
 0.941557 2504.0 
 0.941563 2496.0 
 0.941568 2500.0 
 0.941574 2432.0 
 0.941580 2604.0 
 0.941585 2140.0 
 0.941591 2212.0 
 0.941597 2548.0 
 0.941603 2552.0 
 0.941608 2588.0 
 0.941614 2876.0 
 0.941620 2932.0 
 0.941625 2828.0 
 0.941631 2772.0 
 0.941637 2752.0 
 0.941642 2680.0 
 0.941648 2668.0 
 0.941654 2668.0 
 0.941660 2644.0 
 0.941665 2456.0 
 0.941671 2472.0 
 0.941677 2712.0 
 0.941682 2716.0 
 0.941688 2424.0 
 0.941694 2968.0 
 0.941699 2568.0 
 0.941705 2732.0 
 0.941711 2676.0 
 0.941717 2644.0 
 0.941722 2832.0 
 0.941728 2924.0 
 0.941734 2652.0 
 0.941739 2532.0 
 0.941745 2820.0 
 0.941751 2888.0 
 0.941756 2720.0 
 0.941762 2808.0 
 0.941768 2932.0 
 0.941774 2608.0 
 0.941779 2644.0 
 0.941785 2596.0 
 0.941791 2716.0 
 0.941796 2960.0 
 0.941802 2716.0 
 0.941808 2988.0 
 0.941813 2724.0 
 0.941819 2528.0 
 0.941825 2492.0 
 0.941831 2664.0 
 0.941836 2720.0 
 0.941842 2548.0 
 0.941848 3028.0 
 0.941853 2948.0 
 0.941859 2916.0 
 0.941865 3032.0 
 0.941870 2840.0 
 0.941876 2760.0 
 0.941882 2744.0 
 0.941888 2780.0 
 0.941893 2792.0 
 0.941899 2608.0 
 0.941905 2796.0 
 0.941910 2668.0 
 0.941916 2476.0 
 0.941922 2330.0 
 0.941927 2604.0 
 0.941933 2564.0 
 0.941939 2744.0 
 0.941945 2972.0 
 0.941950 2880.0 
 0.941956 2616.0 
 0.941962 2792.0 
 0.941967 2580.0 
 0.941973 2544.0 
 0.941979 3028.0 
 0.941984 2660.0 
 0.941990 2624.0 
 0.941996 2624.0 
 0.942002 2580.0 
 0.942007 2380.0 
 0.942013 2024.0 
 0.942019 2208.0 
 0.942024 1960.0 
 0.942030 1784.0 
 0.942036 1636.0 
 0.942041 1704.0 
 0.942047 1384.0 
 0.942053 1500.0 
 0.942059 1512.0 
 0.942064 1276.0 
 0.942070 1608.0 
 0.942076 1812.0 
 0.942081 2064.0 
 0.942087 2388.0 
 0.942093 2304.0 
 0.942099 2364.0 
 0.942104 2276.0 
 0.942110 2400.0 
 0.942116 2584.0 
 0.942121 2292.0 
 0.942127 2384.0 
 0.942133 2396.0 
 0.942138 2472.0 
 0.942144 2244.0 
 0.942150 2072.0 
 0.942156 2040.0 
 0.942161 1772.0 
 0.942167 1788.0 
 0.942173 1772.0 
 0.942178 1232.0 
 0.942184 1368.0 
 0.942190 1272.0 
 0.942195 1020.0 
 0.942201 830.0 
 0.942207 976.0 
 0.942213 1044.0 
 0.942218 1008.0 
 0.942224 1444.0 
 0.942230 1480.0 
 0.942235 1692.0 
 0.942241 1832.0 
 0.942247 1976.0 
 0.942252 2128.0 
 0.942258 1916.0 
 0.942264 2060.0 
 0.942270 2216.0 
 0.942275 1912.0 
 0.942281 2064.0 
 0.942287 2120.0 
 0.942292 1856.0 
 0.942298 2060.0 
 0.942304 2144.0 
 0.942309 2176.0 
 0.942315 2252.0 
 0.942321 2508.0 
 0.942327 2392.0 
 0.942332 2320.0 
 0.942338 2404.0 
 0.942344 2488.0 
 0.942349 2216.0 
 0.942355 2400.0 
 0.942361 2252.0 
 0.942366 2464.0 
 0.942372 2376.0 
 0.942378 2528.0 
 0.942384 2448.0 
 0.942389 2252.0 
 0.942395 2428.0 
 0.942401 2400.0 
 0.942406 2412.0 
 0.942412 2416.0 
 0.942418 2448.0 
 0.942423 2412.0 
 0.942429 2304.0 
 0.942435 2536.0 
 0.942441 2588.0 
 0.942446 2412.0 
 0.942452 2908.0 
 0.942458 2656.0 
 0.942463 2616.0 
 0.942469 2576.0 
 0.942475 2700.0 
 0.942480 2376.0 
 0.942486 2496.0 
 0.942492 2824.0 
 0.942498 2628.0 
 0.942503 2836.0 
 0.942509 2768.0 
 0.942515 2832.0 
 0.942520 2548.0 
 0.942526 2644.0 
 0.942532 2814.0 
 0.942537 2544.0 
 0.942543 2536.0 
 0.942549 2632.0 
 0.942555 2704.0 
 0.942560 2396.0 
 0.942566 2340.0 
 0.942572 2660.0 
 0.942577 2356.0 
 0.942583 2772.0 
 0.942589 2536.0 
 0.942594 2592.0 
 0.942600 2560.0 
 0.942606 2394.0 
 0.942612 2584.0 
 0.942617 2668.0 
 0.942623 2568.0 
 0.942629 2672.0 
 0.942634 2568.0 
 0.942640 2684.0 
 0.942646 2828.0 
 0.942651 2784.0 
 0.942657 2516.0 
 0.942663 2716.0 
 0.942669 2844.0 
 0.942674 2692.0 
 0.942680 2418.0 
 0.942686 2356.0 
 0.942691 2784.0 
 0.942697 2664.0 
 0.942703 2580.0 
 0.942708 2640.0 
 0.942714 2868.0 
 0.942720 2684.0 
 0.942726 2720.0 
 0.942731 2944.0 
 0.942737 2572.0 
 0.942743 2732.0 
 0.942748 2728.0 
 0.942754 2628.0 
 0.942760 2544.0 
 0.942765 2752.0 
 0.942771 2692.0 
 0.942777 2648.0 
 0.942783 2696.0 
 0.942788 2952.0 
 0.942794 2696.0 
 0.942800 2548.0 
 0.942805 2440.0 
 0.942811 2652.0 
 0.942817 2492.0 
 0.942822 2720.0 
 0.942828 2412.0 
 0.942834 2256.0 
 0.942840 2376.0 
 0.942845 2452.0 
 0.942851 2548.0 
 0.942857 2692.0 
 0.942862 2640.0 
 0.942868 2516.0 
 0.942874 2800.0 
 0.942879 2468.0 
 0.942885 2924.0 
 0.942891 2812.0 
 0.942897 2764.0 
 0.942902 2584.0 
 0.942908 2932.0 
 0.942914 2688.0 
 0.942919 2832.0 
 0.942925 2528.0 
 0.942931 2764.0 
 0.942936 2640.0 
 0.942942 2832.0 
 0.942948 2572.0 
 0.942954 3048.0 
 0.942959 2604.0 
 0.942965 2672.0 
 0.942971 2728.0 
 0.942976 2596.0 
 0.942982 2772.0 
 0.942988 3068.0 
 0.942993 2700.0 
 0.942999 2736.0 
 0.943005 3112.0 
 0.943011 2948.0 
 0.943016 2500.0 
 0.943022 2600.0 
 0.943028 2808.0 
 0.943033 2704.0 
 0.943039 2712.0 
 0.943045 2764.0 
 0.943050 2828.0 
 0.943056 2784.0 
 0.943062 2672.0 
 0.943068 2648.0 
 0.943073 2748.0 
 0.943079 2480.0 
 0.943085 2716.0 
 0.943090 2708.0 
 0.943096 2696.0 
 0.943102 2480.0 
 0.943107 2392.0 
 0.943113 2784.0 
 0.943119 2664.0 
 0.943125 2684.0 
 0.943130 2804.0 
 0.943136 2900.0 
 0.943142 2664.0 
 0.943147 3104.0 
 0.943153 3156.0 
 0.943159 2984.0 
 0.943164 2780.0 
 0.943170 2764.0 
 0.943176 2852.0 
 0.943182 2796.0 
 0.943187 2576.0 
 0.943193 2912.0 
 0.943199 2820.0 
 0.943204 2764.0 
 0.943210 2548.0 
 0.943216 2816.0 
 0.943222 2768.0 
 0.943227 2836.0 
 0.943233 2712.0 
 0.943239 2888.0 
 0.943244 2612.0 
 0.943250 2792.0 
 0.943256 2416.0 
 0.943261 2676.0 
 0.943267 2900.0 
 0.943273 2692.0 
 0.943279 2380.0 
 0.943284 2740.0 
 0.943290 2568.0 
 0.943296 2452.0 
 0.943301 2456.0 
 0.943307 2692.0 
 0.943313 2744.0 
 0.943318 2660.0 
 0.943324 2600.0 
 0.943330 2704.0 
 0.943336 2848.0 
 0.943341 2792.0 
 0.943347 2736.0 
 0.943353 2728.0 
 0.943358 2752.0 
 0.943364 2740.0 
 0.943370 2728.0 
 0.943375 2512.0 
 0.943381 2876.0 
 0.943387 3168.0 
 0.943393 2568.0 
 0.943398 2728.0 
 0.943404 2788.0 
 0.943410 2832.0 
 0.943415 2760.0 
 0.943421 2636.0 
 0.943427 2676.0 
 0.943432 2748.0 
 0.943438 2356.0 
 0.943444 2616.0 
 0.943450 2288.0 
 0.943455 2476.0 
 0.943461 2520.0 
 0.943467 2440.0 
 0.943472 2556.0 
 0.943478 2152.0 
 0.943484 2288.0 
 0.943489 2160.0 
 0.943495 1828.0 
 0.943501 1780.0 
 0.943507 1672.0 
 0.943512 1664.0 
 0.943518 1932.0 
 0.943524 2116.0 
 0.943529 2148.0 
 0.943535 1796.0 
 0.943541 2036.0 
 0.943546 2176.0 
 0.943552 2168.0 
 0.943558 1972.0 
 0.943564 1964.0 
 0.943569 1496.0 
 0.943575 1520.0 
 0.943581 1556.0 
 0.943586 1240.0 
 0.943592 1292.0 
 0.943598 1084.0 
 0.943603 964.0 
 0.943609 1216.0 
 0.943615 1188.0 
 0.943621 1536.0 
 0.943626 1396.0 
 0.943632 1336.0 
 0.943638 1652.0 
 0.943643 2036.0 
 0.943649 2136.0 
 0.943655 2316.0 
 0.943660 2168.0 
 0.943666 2048.0 
 0.943672 2384.0 
 0.943678 2256.0 
 0.943683 2524.0 
 0.943689 2412.0 
 0.943695 2444.0 
 0.943700 2488.0 
 0.943706 2400.0 
 0.943712 2396.0 
 0.943717 2592.0 
 0.943723 2444.0 
 0.943729 2408.0 
 0.943735 2404.0 
 0.943740 2280.0 
 0.943746 2288.0 
 0.943752 2316.0 
 0.943757 2444.0 
 0.943763 2492.0 
 0.943769 2324.0 
 0.943774 2396.0 
 0.943780 2324.0 
 0.943786 2440.0 
 0.943792 2412.0 
 0.943797 2856.0 
 0.943803 2480.0 
 0.943809 2548.0 
 0.943814 2348.0 
 0.943820 2460.0 
 0.943826 2552.0 
 0.943831 2468.0 
 0.943837 2572.0 
 0.943843 2592.0 
 0.943849 2428.0 
 0.943854 2456.0 
 0.943860 2308.0 
 0.943866 2492.0 
 0.943871 2636.0 
 0.943877 2340.0 
 0.943883 2760.0 
 0.943888 2484.0 
 0.943894 2404.0 
 0.943900 2536.0 
 0.943906 2136.0 
 0.943911 2088.0 
 0.943917 2068.0 
 0.943923 1984.0 
 0.943928 1716.0 
 0.943934 1716.0 
 0.943940 1404.0 
 0.943945 1092.0 
 0.943951 1620.0 
 0.943957 1324.0 
 0.943963 1368.0 
 0.943968 1544.0 
 0.943974 1576.0 
 0.943980 1926.0 
 0.943985 2132.0 
 0.943991 2120.0 
 0.943997 2412.0 
 0.944002 2224.0 
 0.944008 2308.0 
 0.944014 2528.0 
 0.944020 2464.0 
 0.944025 2496.0 
 0.944031 2444.0 
 0.944037 2684.0 
 0.944042 2508.0 
 0.944048 2460.0 
 0.944054 2892.0 
 0.944059 2344.0 
 0.944065 2664.0 
 0.944071 2368.0 
 0.944077 2416.0 
 0.944082 2556.0 
 0.944088 2032.0 
 0.944094 2440.0 
 0.944099 2304.0 
 0.944105 2248.0 
 0.944111 2248.0 
 0.944116 2596.0 
 0.944122 2508.0 
 0.944128 2260.0 
 0.944134 2648.0 
 0.944139 2052.0 
 0.944145 2200.0 
 0.944151 2036.0 
 0.944156 2452.0 
 0.944162 2260.0 
 0.944168 2264.0 
 0.944173 2532.0 
 0.944179 2392.0 
 0.944185 2456.0 
 0.944191 2268.0 
 0.944196 1888.0 
 0.944202 2072.0 
 0.944208 1972.0 
 0.944213 2112.0 
 0.944219 2200.0 
 0.944225 2064.0 
 0.944230 2192.0 
 0.944236 2292.0 
 0.944242 2540.0 
 0.944248 2584.0 
 0.944253 2364.0 
 0.944259 2168.0 
 0.944265 2208.0 
 0.944270 2164.0 
 0.944276 1828.0 
 0.944282 1984.0 
 0.944287 1952.0 
 0.944293 1888.0 
 0.944299 1656.0 
 0.944305 1244.0 
 0.944310 1304.0 
 0.944316 1292.0 
 0.944322 1228.0 
 0.944327 1076.0 
 0.944333 1040.0 
 0.944339 1154.0 
 0.944345 1184.0 
 0.944350 1016.0 
 0.944356 1212.0 
 0.944362 1440.0 
 0.944367 1420.0 
 0.944373 1608.0 
 0.944379 1664.0 
 0.944384 1928.0 
 0.944390 1804.0 
 0.944396 1792.0 
 0.944402 1804.0 
 0.944407 1448.0 
 0.944413 1548.0 
 0.944419 1400.0 
 0.944424 1288.0 
 0.944430 1104.0 
 0.944436 1430.0 
 0.944441 1608.0 
 0.944447 1544.0 
 0.944453 1940.0 
 0.944459 2012.0 
 0.944464 1760.0 
 0.944470 2156.0 
 0.944476 2098.0 
 0.944481 2248.0 
 0.944487 2220.0 
 0.944493 2252.0 
 0.944498 2388.0 
 0.944504 2608.0 
 0.944510 2484.0 
 0.944516 2308.0 
 0.944521 2460.0 
 0.944527 2204.0 
 0.944533 2408.0 
 0.944538 2304.0 
 0.944544 2524.0 
 0.944550 2156.0 
 0.944555 2456.0 
 0.944561 2280.0 
 0.944567 2352.0 
 0.944573 2264.0 
 0.944578 2624.0 
 0.944584 2132.0 
 0.944590 2524.0 
 0.944595 2232.0 
 0.944601 2216.0 
 0.944607 2396.0 
 0.944612 2476.0 
 0.944618 2416.0 
 0.944624 2444.0 
 0.944630 2356.0 
 0.944635 2372.0 
 0.944641 2616.0 
 0.944647 2684.0 
 0.944652 2716.0 
 0.944658 2616.0 
 0.944664 2496.0 
 0.944669 2532.0 
 0.944675 2404.0 
 0.944681 2368.0 
 0.944687 2540.0 
 0.944692 2220.0 
 0.944698 2464.0 
 0.944704 2360.0 
 0.944709 2344.0 
 0.944715 2524.0 
 0.944721 2092.0 
 0.944726 2192.0 
 0.944732 2616.0 
 0.944738 2424.0 
 0.944744 2624.0 
 0.944749 2364.0 
 0.944755 2312.0 
 0.944761 2464.0 
 0.944766 2328.0 
 0.944772 2616.0 
 0.944778 2688.0 
 0.944783 2388.0 
 0.944789 2392.0 
 0.944795 2380.0 
 0.944801 2436.0 
 0.944806 2708.0 
 0.944812 2584.0 
 0.944818 2500.0 
 0.944823 2340.0 
 0.944829 2528.0 
 0.944835 2604.0 
 0.944840 2768.0 
 0.944846 2572.0 
 0.944852 2316.0 
 0.944858 2368.0 
 0.944863 2284.0 
 0.944869 2332.0 
 0.944875 2312.0 
 0.944880 2672.0 
 0.944886 2544.0 
 0.944892 2348.0 
 0.944897 2360.0 
 0.944903 2432.0 
 0.944909 2380.0 
 0.944915 2792.0 
 0.944920 2636.0 
 0.944926 2548.0 
 0.944932 2776.0 
 0.944937 2548.0 
 0.944943 2508.0 
 0.944949 2576.0 
 0.944954 2616.0 
 0.944960 2744.0 
 0.944966 2688.0 
 0.944972 2384.0 
 0.944977 2752.0 
 0.944983 2620.0 
 0.944989 2540.0 
 0.944994 2864.0 
 0.945000 2852.0 
 0.945006 2820.0 
 0.945011 2980.0 
 0.945017 2428.0 
 0.945023 2424.0 
 0.945029 2520.0 
 0.945034 2548.0 
 0.945040 2508.0 
 0.945046 2520.0 
 0.945051 2864.0 
 0.945057 2424.0 
 0.945063 2692.0 
 0.945068 2872.0 
 0.945074 2652.0 
 0.945080 2492.0 
 0.945086 2804.0 
 0.945091 2844.0 
 0.945097 2496.0 
 0.945103 2516.0 
 0.945108 2420.0 
 0.945114 2464.0 
 0.945120 2756.0 
 0.945125 2676.0 
 0.945131 2700.0 
 0.945137 2652.0 
 0.945143 2552.0 
 0.945148 2576.0 
 0.945154 2256.0 
 0.945160 2596.0 
 0.945165 2888.0 
 0.945171 2472.0 
 0.945177 2440.0 
 0.945182 2408.0 
 0.945188 2720.0 
 0.945194 2796.0 
 0.945200 2620.0 
 0.945205 2428.0 
 0.945211 2668.0 
 0.945217 2900.0 
 0.945222 2608.0 
 0.945228 2632.0 
 0.945234 2300.0 
 0.945239 2932.0 
 0.945245 2496.0 
 0.945251 2580.0 
 0.945257 2540.0 
 0.945262 2552.0 
 0.945268 2568.0 
 0.945274 2536.0 
 0.945279 2568.0 
 0.945285 2740.0 
 0.945291 2856.0 
 0.945296 2536.0 
 0.945302 2600.0 
 0.945308 2764.0 
 0.945314 2628.0 
 0.945319 2688.0 
 0.945325 2452.0 
 0.945331 2576.0 
 0.945336 2748.0 
 0.945342 2796.0 
 0.945348 2740.0 
 0.945353 2604.0 
 0.945359 2648.0 
 0.945365 2628.0 
 0.945371 2384.0 
 0.945376 2756.0 
 0.945382 2536.0 
 0.945388 2880.0 
 0.945393 2588.0 
 0.945399 2524.0 
 0.945405 2836.0 
 0.945410 2600.0 
 0.945416 2552.0 
 0.945422 2512.0 
 0.945428 2596.0 
 0.945433 2488.0 
 0.945439 2684.0 
 0.945445 2796.0 
 0.945450 2242.0 
 0.945456 2640.0 
 0.945462 2804.0 
 0.945467 2580.0 
 0.945473 2812.0 
 0.945479 2756.0 
 0.945485 2476.0 
 0.945490 2616.0 
 0.945496 2496.0 
 0.945502 2508.0 
 0.945507 2724.0 
 0.945513 2472.0 
 0.945519 2668.0 
 0.945525 2648.0 
 0.945530 2664.0 
 0.945536 2548.0 
 0.945542 2624.0 
 0.945547 2688.0 
 0.945553 2780.0 
 0.945559 2740.0 
 0.945564 2416.0 
 0.945570 2984.0 
 0.945576 2240.0 
 0.945582 2548.0 
 0.945587 2856.0 
 0.945593 2556.0 
 0.945599 2700.0 
 0.945604 2676.0 
 0.945610 2704.0 
 0.945616 2480.0 
 0.945621 2564.0 
 0.945627 2676.0 
 0.945633 2520.0 
 0.945639 2596.0 
 0.945644 2644.0 
 0.945650 2396.0 
 0.945656 2512.0 
 0.945661 2788.0 
 0.945667 2544.0 
 0.945673 2656.0 
 0.945678 2456.0 
 0.945684 2524.0 
 0.945690 2516.0 
 0.945696 2684.0 
 0.945701 2636.0 
 0.945707 2612.0 
 0.945713 2508.0 
 0.945718 2808.0 
 0.945724 2584.0 
 0.945730 2448.0 
 0.945735 2480.0 
 0.945741 2668.0 
 0.945747 2652.0 
 0.945753 2412.0 
 0.945758 2444.0 
 0.945764 3000.0 
 0.945770 2312.0 
 0.945775 2696.0 
 0.945781 2256.0 
 0.945787 2428.0 
 0.945792 2524.0 
 0.945798 2396.0 
 0.945804 2304.0 
 0.945810 2448.0 
 0.945815 2350.0 
 0.945821 2558.0 
 0.945827 2668.0 
 0.945832 2560.0 
 0.945838 2404.0 
 0.945844 2440.0 
 0.945849 2528.0 
 0.945855 2176.0 
 0.945861 2528.0 
 0.945867 2476.0 
 0.945872 2404.0 
 0.945878 2248.0 
 0.945884 2596.0 
 0.945889 2480.0 
 0.945895 2560.0 
 0.945901 2306.0 
 0.945906 2516.0 
 0.945912 2664.0 
 0.945918 2656.0 
 0.945924 2618.0 
 0.945929 2680.0 
 0.945935 2820.0 
 0.945941 2560.0 
 0.945946 2620.0 
 0.945952 2616.0 
 0.945958 2784.0 
 0.945963 2624.0 
 0.945969 2544.0 
 0.945975 2824.0 
 0.945981 2712.0 
 0.945986 2704.0 
 0.945992 2620.0 
 0.945998 2372.0 
 0.946003 2688.0 
 0.946009 2788.0 
 0.946015 2480.0 
 0.946020 2428.0 
 0.946026 2244.0 
 0.946032 2468.0 
 0.946038 2352.0 
 0.946043 2320.0 
 0.946049 2516.0 
 0.946055 2400.0 
 0.946060 2284.0 
 0.946066 2560.0 
 0.946072 2608.0 
 0.946077 2376.0 
 0.946083 2240.0 
 0.946089 2432.0 
 0.946095 2292.0 
 0.946100 2264.0 
 0.946106 2392.0 
 0.946112 2252.0 
 0.946117 2156.0 
 0.946123 1772.0 
 0.946129 1628.0 
 0.946134 1656.0 
 0.946140 1452.0 
 0.946146 1256.0 
 0.946152 1148.0 
 0.946157 1356.0 
 0.946163 1628.0 
 0.946169 1208.0 
 0.946174 1656.0 
 0.946180 1892.0 
 0.946186 1752.0 
 0.946191 1792.0 
 0.946197 1672.0 
 0.946203 1720.0 
 0.946209 1852.0 
 0.946214 2296.0 
 0.946220 1772.0 
 0.946226 2256.0 
 0.946231 2020.0 
 0.946237 2360.0 
 0.946243 2444.0 
 0.946248 2336.0 
 0.946254 2104.0 
 0.946260 2196.0 
 0.946266 2148.0 
 0.946271 2060.0 
 0.946277 2380.0 
 0.946283 2348.0 
 0.946288 2364.0 
 0.946294 2424.0 
 0.946300 2128.0 
 0.946305 2170.0 
 0.946311 2556.0 
 0.946317 2048.0 
 0.946323 2480.0 
 0.946328 2488.0 
 0.946334 2076.0 
 0.946340 2604.0 
 0.946345 2392.0 
 0.946351 2540.0 
 0.946357 2456.0 
 0.946362 2448.0 
 0.946368 2276.0 
 0.946374 2428.0 
 0.946380 2160.0 
 0.946385 2044.0 
 0.946391 2172.0 
 0.946397 2024.0 
 0.946402 1688.0 
 0.946408 1848.0 
 0.946414 1716.0 
 0.946419 1480.0 
 0.946425 1788.0 
 0.946431 1696.0 
 0.946437 1696.0 
 0.946442 1624.0 
 0.946448 1832.0 
 0.946454 1580.0 
 0.946459 2008.0 
 0.946465 2292.0 
 0.946471 2032.0 
 0.946476 2296.0 
 0.946482 2158.0 
 0.946488 2192.0 
 0.946494 2212.0 
 0.946499 1944.0 
 0.946505 1960.0 
 0.946511 2068.0 
 0.946516 2024.0 
 0.946522 2272.0 
 0.946528 2200.0 
 0.946533 2132.0 
 0.946539 2372.0 
 0.946545 2208.0 
 0.946551 2188.0 
 0.946556 2152.0 
 0.946562 2416.0 
 0.946568 2132.0 
 0.946573 1884.0 
 0.946579 2228.0 
 0.946585 2024.0 
 0.946590 2162.0 
 0.946596 2124.0 
 0.946602 2360.0 
 0.946608 2108.0 
 0.946613 1980.0 
 0.946619 2228.0 
 0.946625 2164.0 
 0.946630 2404.0 
 0.946636 2020.0 
 0.946642 2208.0 
 0.946648 2164.0 
 0.946653 2292.0 
 0.946659 2280.0 
 0.946665 2352.0 
 0.946670 2248.0 
 0.946676 2172.0 
 0.946682 2200.0 
 0.946687 2368.0 
 0.946693 2616.0 
 0.946699 2212.0 
 0.946705 1944.0 
 0.946710 2072.0 
 0.946716 1940.0 
 0.946722 1780.0 
 0.946727 1732.0 
 0.946733 1360.0 
 0.946739 1580.0 
 0.946744 1312.0 
 0.946750 1358.0 
 0.946756 1384.0 
 0.946762 924.0 
 0.946767 904.0 
 0.946773 1256.0 
 0.946779 1560.0 
 0.946784 1424.0 
 0.946790 1580.0 
 0.946796 1960.0 
 0.946801 1512.0 
 0.946807 1688.0 
 0.946813 1980.0 
 0.946819 1984.0 
 0.946824 2100.0 
 0.946830 2348.0 
 0.946836 2312.0 
 0.946841 2024.0 
 0.946847 2360.0 
 0.946853 2252.0 
 0.946858 2304.0 
 0.946864 1944.0 
 0.946870 2296.0 
 0.946876 2136.0 
 0.946881 2236.0 
 0.946887 2232.0 
 0.946893 2256.0 
 0.946898 1978.0 
 0.946904 1968.0 
 0.946910 2052.0 
 0.946915 1972.0 
 0.946921 2276.0 
 0.946927 1968.0 
 0.946933 2148.0 
 0.946938 1998.0 
 0.946944 1812.0 
 0.946950 2024.0 
 0.946955 2324.0 
 0.946961 2248.0 
 0.946967 2448.0 
 0.946972 2040.0 
 0.946978 2144.0 
 0.946984 2396.0 
 0.946990 2424.0 
 0.946995 2012.0 
 0.947001 2488.0 
 0.947007 2180.0 
 0.947012 2252.0 
 0.947018 2012.0 
 0.947024 2204.0 
 0.947029 2172.0 
 0.947035 2288.0 
 0.947041 1920.0 
 0.947047 2148.0 
 0.947052 2132.0 
 0.947058 1944.0 
 0.947064 1820.0 
 0.947069 1940.0 
 0.947075 2124.0 
 0.947081 1744.0 
 0.947086 1812.0 
 0.947092 1448.0 
 0.947098 1548.0 
 0.947104 1728.0 
 0.947109 1704.0 
 0.947115 2112.0 
 0.947121 2088.0 
 0.947126 2220.0 
 0.947132 2256.0 
 0.947138 1974.0 
 0.947143 2040.0 
 0.947149 1952.0 
 0.947155 2132.0 
 0.947161 2040.0 
 0.947166 2368.0 
 0.947172 2080.0 
 0.947178 2176.0 
 0.947183 2348.0 
 0.947189 1928.0 
 0.947195 2144.0 
 0.947200 2460.0 
 0.947206 2320.0 
 0.947212 2308.0 
 0.947218 2356.0 
 0.947223 2400.0 
 0.947229 2396.0 
 0.947235 2460.0 
 0.947240 2156.0 
 0.947246 2584.0 
 0.947252 2020.0 
 0.947257 2328.0 
 0.947263 2392.0 
 0.947269 2128.0 
 0.947275 2420.0 
 0.947280 2308.0 
 0.947286 1996.0 
 0.947292 2176.0 
 0.947297 2384.0 
 0.947303 2002.0 
 0.947309 2272.0 
 0.947314 1996.0 
 0.947320 2016.0 
 0.947326 1940.0 
 0.947332 2164.0 
 0.947337 2212.0 
 0.947343 2252.0 
 0.947349 2092.0 
 0.947354 2440.0 
 0.947360 1976.0 
 0.947366 2060.0 
 0.947371 2180.0 
 0.947377 1864.0 
 0.947383 2196.0 
 0.947389 1956.0 
 0.947394 2052.0 
 0.947400 1792.0 
 0.947406 2066.0 
 0.947411 2120.0 
 0.947417 2080.0 
 0.947423 1984.0 
 0.947428 2216.0 
 0.947434 2044.0 
 0.947440 2116.0 
 0.947446 2128.0 
 0.947451 1936.0 
 0.947457 1694.0 
 0.947463 1768.0 
 0.947468 1588.0 
 0.947474 1256.0 
 0.947480 1740.0 
 0.947485 1592.0 
 0.947491 2040.0 
 0.947497 2200.0 
 0.947503 1868.0 
 0.947508 1950.0 
 0.947514 2232.0 
 0.947520 1912.0 
 0.947525 1696.0 
 0.947531 2200.0 
 0.947537 2056.0 
 0.947542 2272.0 
 0.947548 2228.0 
 0.947554 2196.0 
 0.947560 2044.0 
 0.947565 1636.0 
 0.947571 1912.0 
 0.947577 2076.0 
 0.947582 1916.0 
 0.947588 1988.0 
 0.947594 2008.0 
 0.947599 2072.0 
 0.947605 2056.0 
 0.947611 2048.0 
 0.947617 2084.0 
 0.947622 2164.0 
 0.947628 2036.0 
 0.947634 2216.0 
 0.947639 2200.0 
 0.947645 1924.0 
 0.947651 2208.0 
 0.947656 2168.0 
 0.947662 2248.0 
 0.947668 2236.0 
 0.947674 1968.0 
 0.947679 2132.0 
 0.947685 2260.0 
 0.947691 2228.0 
 0.947696 2116.0 
 0.947702 2300.0 
 0.947708 2464.0 
 0.947713 2040.0 
 0.947719 2232.0 
 0.947725 2644.0 
 0.947731 2276.0 
 0.947736 2348.0 
 0.947742 2120.0 
 0.947748 2096.0 
 0.947753 2180.0 
 0.947759 2580.0 
 0.947765 2780.0 
 0.947771 2344.0 
 0.947776 2296.0 
 0.947782 2384.0 
 0.947788 2214.0 
 0.947793 2472.0 
 0.947799 2188.0 
 0.947805 2352.0 
 0.947810 2796.0 
 0.947816 2320.0 
 0.947822 2248.0 
 0.947828 2300.0 
 0.947833 2280.0 
 0.947839 2492.0 
 0.947845 2536.0 
 0.947850 2184.0 
 0.947856 1920.0 
 0.947862 2384.0 
 0.947867 2164.0 
 0.947873 2348.0 
 0.947879 2152.0 
 0.947885 2520.0 
 0.947890 2366.0 
 0.947896 2544.0 
 0.947902 2376.0 
 0.947907 2512.0 
 0.947913 2880.0 
 0.947919 2276.0 
 0.947924 2448.0 
 0.947930 2248.0 
 0.947936 2208.0 
 0.947942 2240.0 
 0.947947 2340.0 
 0.947953 2132.0 
 0.947959 2208.0 
 0.947964 2356.0 
 0.947970 2596.0 
 0.947976 2552.0 
 0.947981 2256.0 
 0.947987 2400.0 
 0.947993 2440.0 
 0.947999 2496.0 
 0.948004 2280.0 
 0.948010 2308.0 
 0.948016 2804.0 
 0.948021 2704.0 
 0.948027 2148.0 
 0.948033 2100.0 
 0.948038 2184.0 
 0.948044 2128.0 
