 0.947906 1010.0 
 0.947911 862.0 
 0.947917 1010.0 
 0.947923 1110.0 
 0.947929 806.0 
 0.947935 952.0 
 0.947941 1068.0 
 0.947947 900.0 
 0.947953 1416.0 
 0.947959 1200.0 
 0.947965 1250.0 
 0.947970 1148.0 
 0.947976 1284.0 
 0.947982 1034.0 
 0.947988 1494.0 
 0.947994 1036.0 
 0.948000 1326.0 
 0.948006 868.0 
 0.948012 1146.0 
 0.948018 1104.0 
 0.948023 848.0 
 0.948029 1172.0 
 0.948035 1112.0 
 0.948041 1218.0 
 0.948047 1084.0 
 0.948053 1188.0 
 0.948059 1112.0 
 0.948065 1384.0 
 0.948071 1320.0 
 0.948077 1108.0 
 0.948082 1286.0 
 0.948088 1364.0 
 0.948094 1156.0 
 0.948100 1336.0 
 0.948106 1040.0 
 0.948112 1196.0 
 0.948118 1412.0 
 0.948124 1260.0 
 0.948130 1220.0 
 0.948135 1420.0 
 0.948141 1320.0 
 0.948147 1236.0 
 0.948153 1228.0 
 0.948159 1192.0 
 0.948165 1508.0 
 0.948171 1352.0 
 0.948177 1320.0 
 0.948183 1308.0 
 0.948189 1604.0 
 0.948194 1456.0 
 0.948200 1260.0 
 0.948206 1188.0 
 0.948212 1240.0 
 0.948218 1364.0 
 0.948224 1232.0 
 0.948230 1328.0 
 0.948236 1408.0 
 0.948242 1074.0 
 0.948248 1320.0 
 0.948253 1388.0 
 0.948259 1440.0 
 0.948265 1404.0 
 0.948271 1620.0 
 0.948277 1548.0 
 0.948283 1636.0 
 0.948289 1432.0 
 0.948295 1716.0 
 0.948301 1800.0 
 0.948306 1716.0 
 0.948312 1700.0 
 0.948318 1580.0 
 0.948324 1464.0 
 0.948330 1648.0 
 0.948336 1308.0 
 0.948342 1676.0 
 0.948348 1560.0 
 0.948354 1556.0 
 0.948360 1432.0 
 0.948365 1552.0 
 0.948371 1468.0 
 0.948377 1536.0 
 0.948383 1532.0 
 0.948389 1556.0 
 0.948395 1632.0 
 0.948401 1584.0 
 0.948407 1580.0 
 0.948413 1550.0 
 0.948418 1260.0 
 0.948424 1464.0 
 0.948430 1340.0 
 0.948436 1400.0 
 0.948442 1546.0 
 0.948448 1596.0 
 0.948454 1620.0 
 0.948460 1948.0 
 0.948466 1600.0 
 0.948472 1820.0 
 0.948477 1236.0 
 0.948483 1588.0 
 0.948489 1732.0 
 0.948495 1790.0 
 0.948501 1480.0 
 0.948507 1512.0 
 0.948513 1344.0 
 0.948519 1460.0 
 0.948525 1772.0 
 0.948530 1712.0 
 0.948536 1420.0 
 0.948542 1448.0 
 0.948548 1776.0 
 0.948554 1620.0 
 0.948560 1600.0 
 0.948566 1528.0 
 0.948572 1348.0 
 0.948578 1688.0 
 0.948584 1532.0 
 0.948589 1612.0 
 0.948595 1562.0 
 0.948601 1384.0 
 0.948607 1488.0 
 0.948613 1516.0 
 0.948619 1472.0 
 0.948625 1632.0 
 0.948631 1712.0 
 0.948637 1428.0 
 0.948642 1492.0 
 0.948648 1800.0 
 0.948654 1692.0 
 0.948660 1772.0 
 0.948666 1648.0 
 0.948672 1544.0 
 0.948678 1604.0 
 0.948684 1544.0 
 0.948690 1316.0 
 0.948696 1216.0 
 0.948701 1328.0 
 0.948707 1200.0 
 0.948713 1424.0 
 0.948719 1184.0 
 0.948725 1296.0 
 0.948731 1128.0 
 0.948737 1484.0 
 0.948743 1412.0 
 0.948749 1568.0 
 0.948755 1536.0 
 0.948760 1492.0 
 0.948766 1332.0 
 0.948772 1292.0 
 0.948778 1548.0 
 0.948784 1424.0 
 0.948790 1492.0 
 0.948796 1534.0 
 0.948802 1280.0 
 0.948808 1332.0 
 0.948813 1512.0 
 0.948819 1256.0 
 0.948825 1220.0 
 0.948831 1528.0 
 0.948837 1340.0 
 0.948843 1408.0 
 0.948849 1366.0 
 0.948855 1352.0 
 0.948861 1320.0 
 0.948867 1352.0 
 0.948872 1496.0 
 0.948878 1728.0 
 0.948884 1672.0 
 0.948890 1592.0 
 0.948896 1884.0 
 0.948902 1590.0 
 0.948908 1652.0 
 0.948914 1648.0 
 0.948920 1816.0 
 0.948925 1912.0 
 0.948931 1592.0 
 0.948937 1768.0 
 0.948943 1840.0 
 0.948949 1536.0 
 0.948955 1892.0 
 0.948961 1556.0 
 0.948967 1520.0 
 0.948973 1768.0 
 0.948979 1640.0 
 0.948984 1584.0 
 0.948990 1408.0 
 0.948996 1458.0 
 0.949002 1600.0 
 0.949008 1856.0 
 0.949014 1764.0 
 0.949020 1876.0 
 0.949026 2016.0 
 0.949032 1904.0 
 0.949037 1782.0 
 0.949043 1938.0 
 0.949049 1968.0 
 0.949055 1620.0 
 0.949061 1796.0 
 0.949067 1534.0 
 0.949073 1300.0 
 0.949079 1448.0 
 0.949085 1792.0 
 0.949091 1696.0 
 0.949096 1524.0 
 0.949102 1392.0 
 0.949108 1408.0 
 0.949114 1236.0 
 0.949120 1308.0 
 0.949126 1048.0 
 0.949132 1408.0 
 0.949138 1294.0 
 0.949144 1860.0 
 0.949149 1570.0 
 0.949155 1762.0 
 0.949161 1888.0 
 0.949167 1920.0 
 0.949173 1776.0 
 0.949179 2196.0 
 0.949185 2120.0 
 0.949191 2332.0 
 0.949197 1988.0 
 0.949203 2040.0 
 0.949208 2012.0 
 0.949214 1976.0 
 0.949220 1964.0 
 0.949226 1844.0 
 0.949232 1768.0 
 0.949238 1324.0 
 0.949244 1596.0 
 0.949250 1660.0 
 0.949256 1820.0 
 0.949262 1728.0 
 0.949267 1788.0 
 0.949273 2120.0 
 0.949279 1636.0 
 0.949285 1980.0 
 0.949291 2332.0 
 0.949297 1760.0 
 0.949303 1948.0 
 0.949309 2076.0 
 0.949315 1712.0 
 0.949320 1724.0 
 0.949326 1860.0 
 0.949332 1772.0 
 0.949338 1956.0 
 0.949344 1820.0 
 0.949350 1848.0 
 0.949356 2088.0 
 0.949362 1708.0 
 0.949368 1556.0 
 0.949374 1860.0 
 0.949379 1744.0 
 0.949385 1964.0 
 0.949391 1724.0 
 0.949397 1928.0 
 0.949403 2044.0 
 0.949409 1880.0 
 0.949415 1812.0 
 0.949421 2008.0 
 0.949427 1832.0 
 0.949432 1728.0 
 0.949438 2368.0 
 0.949444 1664.0 
 0.949450 2020.0 
 0.949456 1940.0 
 0.949462 2060.0 
 0.949468 1892.0 
 0.949474 2108.0 
 0.949480 1984.0 
 0.949486 1878.0 
 0.949491 2152.0 
 0.949497 2060.0 
 0.949503 2120.0 
 0.949509 2092.0 
 0.949515 1960.0 
 0.949521 2196.0 
 0.949527 2060.0 
 0.949533 1912.0 
 0.949539 2336.0 
 0.949544 2224.0 
 0.949550 1988.0 
 0.949556 2260.0 
 0.949562 2160.0 
 0.949568 2312.0 
 0.949574 2056.0 
 0.949580 2036.0 
 0.949586 2196.0 
 0.949592 1752.0 
 0.949598 2172.0 
 0.949603 2020.0 
 0.949609 2192.0 
 0.949615 2080.0 
 0.949621 1944.0 
 0.949627 2048.0 
 0.949633 1750.0 
 0.949639 2032.0 
 0.949645 1872.0 
 0.949651 1988.0 
 0.949657 2148.0 
 0.949662 1780.0 
 0.949668 1828.0 
 0.949674 1644.0 
 0.949680 1744.0 
 0.949686 1888.0 
 0.949692 1948.0 
 0.949698 1944.0 
 0.949704 1924.0 
 0.949710 1752.0 
 0.949715 2224.0 
 0.949721 2304.0 
 0.949727 2144.0 
 0.949733 2024.0 
 0.949739 2284.0 
 0.949745 2092.0 
 0.949751 2232.0 
 0.949757 2280.0 
 0.949763 2236.0 
 0.949769 2100.0 
 0.949774 1964.0 
 0.949780 1776.0 
 0.949786 1832.0 
 0.949792 1784.0 
 0.949798 1680.0 
 0.949804 1800.0 
 0.949810 1744.0 
 0.949816 1676.0 
 0.949822 1836.0 
 0.949827 1904.0 
 0.949833 2392.0 
 0.949839 2092.0 
 0.949845 1916.0 
 0.949851 2192.0 
 0.949857 1712.0 
 0.949863 2212.0 
 0.949869 2088.0 
 0.949875 2228.0 
 0.949881 2252.0 
 0.949886 2144.0 
 0.949892 2120.0 
 0.949898 2124.0 
 0.949904 1672.0 
 0.949910 1792.0 
 0.949916 1544.0 
 0.949922 1512.0 
 0.949928 1796.0 
 0.949934 1380.0 
 0.949939 1420.0 
 0.949945 1672.0 
 0.949951 2124.0 
 0.949957 1896.0 
 0.949963 1976.0 
 0.949969 2016.0 
 0.949975 2176.0 
 0.949981 2452.0 
 0.949987 2280.0 
 0.949993 2034.0 
 0.949998 2260.0 
 0.950004 2340.0 
 0.950010 2272.0 
 0.950016 2184.0 
 0.950022 2340.0 
 0.950028 2248.0 
 0.950034 2196.0 
 0.950040 2276.0 
 0.950046 1948.0 
 0.950051 1976.0 
 0.950057 1724.0 
 0.950063 1664.0 
 0.950069 1480.0 
 0.950075 1428.0 
 0.950081 1412.0 
 0.950087 1396.0 
 0.950093 1232.0 
 0.950099 1380.0 
 0.950105 1586.0 
 0.950110 1660.0 
 0.950116 1580.0 
 0.950122 1664.0 
 0.950128 1828.0 
 0.950134 1860.0 
 0.950140 1952.0 
 0.950146 1906.0 
 0.950152 2164.0 
 0.950158 2084.0 
 0.950164 2180.0 
 0.950169 1932.0 
 0.950175 1928.0 
 0.950181 1940.0 
 0.950187 2052.0 
 0.950193 1740.0 
 0.950199 2052.0 
 0.950205 1966.0 
 0.950211 1884.0 
 0.950217 1684.0 
 0.950222 1890.0 
 0.950228 1828.0 
 0.950234 1816.0 
 0.950240 1896.0 
 0.950246 1864.0 
 0.950252 2016.0 
 0.950258 2132.0 
 0.950264 2208.0 
 0.950270 2080.0 
 0.950276 2056.0 
 0.950281 2242.0 
 0.950287 1980.0 
 0.950293 2160.0 
 0.950299 2068.0 
 0.950305 2104.0 
 0.950311 1884.0 
 0.950317 1940.0 
 0.950323 1720.0 
 0.950329 2016.0 
 0.950334 2024.0 
 0.950340 2040.0 
 0.950346 2132.0 
 0.950352 2024.0 
 0.950358 2148.0 
 0.950364 2088.0 
 0.950370 2224.0 
 0.950376 2392.0 
 0.950382 2224.0 
 0.950388 2100.0 
 0.950393 2336.0 
 0.950399 2080.0 
 0.950405 2268.0 
 0.950411 2284.0 
 0.950417 2252.0 
 0.950423 2288.0 
 0.950429 2264.0 
 0.950435 2196.0 
 0.950441 2328.0 
 0.950446 1824.0 
 0.950452 2096.0 
 0.950458 2028.0 
 0.950464 2108.0 
 0.950470 2020.0 
 0.950476 1920.0 
 0.950482 2108.0 
 0.950488 1776.0 
 0.950494 2112.0 
 0.950500 2436.0 
 0.950505 2208.0 
 0.950511 2248.0 
 0.950517 2208.0 
 0.950523 2476.0 
 0.950529 2160.0 
 0.950535 2092.0 
 0.950541 2088.0 
 0.950547 2072.0 
 0.950553 1888.0 
 0.950558 2136.0 
 0.950564 1836.0 
 0.950570 2044.0 
 0.950576 2124.0 
 0.950582 1892.0 
 0.950588 2064.0 
 0.950594 2180.0 
 0.950600 2116.0 
 0.950606 2068.0 
 0.950612 2164.0 
 0.950617 2352.0 
 0.950623 2384.0 
 0.950629 2204.0 
 0.950635 2328.0 
 0.950641 2344.0 
 0.950647 2492.0 
 0.950653 2392.0 
 0.950659 2464.0 
 0.950665 2376.0 
 0.950671 2496.0 
 0.950676 2300.0 
 0.950682 2376.0 
 0.950688 2360.0 
 0.950694 2112.0 
 0.950700 2012.0 
 0.950706 2076.0 
 0.950712 2156.0 
 0.950718 2148.0 
 0.950724 2192.0 
 0.950729 2160.0 
 0.950735 2256.0 
 0.950741 2376.0 
 0.950747 2340.0 
 0.950753 2344.0 
 0.950759 2396.0 
 0.950765 2524.0 
 0.950771 2404.0 
 0.950777 2392.0 
 0.950783 2480.0 
 0.950788 2536.0 
 0.950794 2360.0 
 0.950800 2464.0 
 0.950806 2376.0 
 0.950812 2400.0 
 0.950818 2516.0 
 0.950824 2568.0 
 0.950830 2524.0 
 0.950836 2588.0 
 0.950841 2500.0 
 0.950847 2516.0 
 0.950853 2532.0 
 0.950859 2612.0 
 0.950865 2368.0 
 0.950871 2384.0 
 0.950877 2400.0 
 0.950883 2612.0 
 0.950889 2480.0 
 0.950895 2512.0 
 0.950900 2252.0 
 0.950906 2680.0 
 0.950912 2360.0 
 0.950918 2352.0 
 0.950924 2360.0 
 0.950930 2620.0 
 0.950936 2556.0 
 0.950942 2540.0 
 0.950948 2708.0 
 0.950953 2376.0 
 0.950959 2688.0 
 0.950965 2720.0 
 0.950971 2544.0 
 0.950977 2652.0 
 0.950983 2840.0 
 0.950989 2660.0 
 0.950995 2836.0 
 0.951001 2696.0 
 0.951007 2704.0 
 0.951012 2616.0 
 0.951018 2456.0 
 0.951024 2804.0 
 0.951030 2516.0 
 0.951036 2196.0 
 0.951042 2172.0 
 0.951048 2088.0 
 0.951054 2312.0 
 0.951060 2384.0 
 0.951065 2160.0 
 0.951071 2284.0 
 0.951077 2296.0 
 0.951083 2252.0 
 0.951089 2120.0 
 0.951095 2264.0 
 0.951101 2740.0 
 0.951107 2916.0 
 0.951113 2768.0 
 0.951119 2668.0 
 0.951124 2236.0 
 0.951130 2600.0 
 0.951136 2604.0 
 0.951142 2704.0 
 0.951148 2436.0 
 0.951154 2380.0 
 0.951160 2056.0 
 0.951166 2108.0 
 0.951172 2116.0 
 0.951178 2264.0 
 0.951183 2212.0 
 0.951189 2008.0 
 0.951195 2032.0 
 0.951201 2092.0 
 0.951207 2040.0 
 0.951213 2340.0 
 0.951219 2136.0 
 0.951225 2068.0 
 0.951231 2288.0 
 0.951236 2416.0 
 0.951242 2128.0 
 0.951248 2240.0 
 0.951254 2172.0 
 0.951260 2292.0 
 0.951266 2300.0 
 0.951272 2264.0 
 0.951278 2060.0 
 0.951284 2448.0 
 0.951290 2160.0 
 0.951295 2448.0 
 0.951301 2364.0 
 0.951307 2236.0 
 0.951313 2124.0 
 0.951319 2144.0 
 0.951325 2252.0 
 0.951331 2064.0 
 0.951337 2220.0 
 0.951343 2168.0 
 0.951348 2236.0 
 0.951354 2068.0 
 0.951360 2124.0 
 0.951366 2432.0 
 0.951372 2272.0 
 0.951378 2312.0 
 0.951384 2332.0 
 0.951390 2472.0 
 0.951396 2212.0 
 0.951402 2112.0 
 0.951407 2348.0 
 0.951413 2144.0 
 0.951419 2240.0 
 0.951425 2148.0 
 0.951431 2216.0 
 0.951437 2336.0 
 0.951443 2192.0 
 0.951449 1846.0 
 0.951455 1952.0 
 0.951460 2076.0 
 0.951466 1988.0 
 0.951472 1988.0 
 0.951478 1812.0 
 0.951484 1740.0 
 0.951490 1608.0 
 0.951496 1692.0 
 0.951502 1684.0 
 0.951508 1784.0 
 0.951514 2030.0 
 0.951519 1952.0 
 0.951525 2236.0 
 0.951531 2008.0 
 0.951537 2008.0 
 0.951543 2260.0 
 0.951549 2108.0 
 0.951555 2320.0 
 0.951561 2272.0 
 0.951567 2052.0 
 0.951572 2576.0 
 0.951578 2324.0 
 0.951584 2172.0 
 0.951590 1612.0 
 0.951596 1652.0 
 0.951602 1592.0 
 0.951608 1332.0 
 0.951614 1424.0 
 0.951620 1244.0 
 0.951626 1668.0 
 0.951631 1716.0 
 0.951637 1880.0 
 0.951643 1856.0 
 0.951649 1828.0 
 0.951655 1908.0 
 0.951661 2224.0 
 0.951667 2160.0 
 0.951673 1964.0 
 0.951679 1892.0 
 0.951685 1908.0 
 0.951690 1984.0 
 0.951696 2056.0 
 0.951702 2304.0 
 0.951708 2076.0 
 0.951714 2420.0 
 0.951720 2060.0 
 0.951726 2204.0 
 0.951732 2216.0 
 0.951738 2280.0 
 0.951743 2368.0 
 0.951749 2156.0 
 0.951755 2088.0 
 0.951761 2068.0 
 0.951767 2104.0 
 0.951773 2428.0 
 0.951779 2476.0 
 0.951785 2440.0 
 0.951791 2272.0 
 0.951797 2484.0 
 0.951802 2468.0 
 0.951808 2392.0 
 0.951814 2600.0 
 0.951820 2284.0 
 0.951826 2396.0 
 0.951832 2260.0 
 0.951838 2556.0 
 0.951844 2294.0 
 0.951850 2412.0 
 0.951855 2532.0 
 0.951861 2484.0 
 0.951867 2316.0 
 0.951873 2500.0 
 0.951879 2372.0 
 0.951885 2564.0 
 0.951891 2424.0 
 0.951897 2584.0 
 0.951903 2664.0 
 0.951909 2716.0 
 0.951914 2624.0 
 0.951920 2696.0 
 0.951926 2744.0 
 0.951932 2560.0 
 0.951938 2432.0 
 0.951944 2496.0 
 0.951950 2440.0 
 0.951956 2536.0 
 0.951962 2744.0 
 0.951967 2408.0 
 0.951973 2772.0 
 0.951979 2536.0 
 0.951985 2580.0 
 0.951991 2404.0 
 0.951997 2416.0 
 0.952003 2364.0 
 0.952009 2500.0 
 0.952015 2424.0 
 0.952021 2448.0 
 0.952026 2608.0 
 0.952032 2556.0 
 0.952038 2504.0 
 0.952044 2592.0 
 0.952050 2592.0 
 0.952056 2544.0 
 0.952062 2408.0 
 0.952068 2460.0 
 0.952074 2516.0 
 0.952080 2492.0 
 0.952085 2704.0 
 0.952091 2604.0 
 0.952097 2420.0 
 0.952103 2476.0 
 0.952109 2244.0 
 0.952115 2524.0 
 0.952121 2484.0 
 0.952127 2392.0 
 0.952133 2516.0 
 0.952138 2352.0 
 0.952144 2696.0 
 0.952150 2280.0 
 0.952156 2384.0 
 0.952162 2332.0 
 0.952168 2412.0 
 0.952174 2408.0 
 0.952180 2312.0 
 0.952186 2804.0 
 0.952192 2808.0 
 0.952197 2448.0 
 0.952203 2452.0 
 0.952209 2512.0 
 0.952215 2548.0 
 0.952221 2308.0 
 0.952227 2180.0 
 0.952233 2280.0 
 0.952239 2112.0 
 0.952245 2292.0 
 0.952250 2000.0 
 0.952256 2384.0 
 0.952262 2628.0 
 0.952268 2168.0 
 0.952274 2078.0 
 0.952280 2152.0 
 0.952286 1952.0 
 0.952292 2300.0 
 0.952298 2120.0 
 0.952304 2056.0 
 0.952309 2128.0 
 0.952315 2028.0 
 0.952321 2288.0 
 0.952327 2508.0 
 0.952333 2052.0 
 0.952339 2696.0 
 0.952345 2580.0 
 0.952351 2520.0 
 0.952357 2182.0 
 0.952362 2156.0 
 0.952368 1944.0 
 0.952374 2036.0 
 0.952380 1984.0 
 0.952386 1916.0 
 0.952392 1668.0 
 0.952398 1892.0 
 0.952404 2028.0 
 0.952410 2224.0 
 0.952416 1840.0 
 0.952421 1808.0 
 0.952427 1896.0 
 0.952433 1836.0 
 0.952439 1804.0 
 0.952445 1744.0 
 0.952451 1644.0 
 0.952457 1800.0 
 0.952463 1708.0 
 0.952469 2056.0 
 0.952474 2340.0 
 0.952480 1928.0 
 0.952486 2340.0 
 0.952492 1996.0 
 0.952498 2032.0 
 0.952504 1936.0 
 0.952510 2040.0 
 0.952516 1784.0 
 0.952522 1828.0 
 0.952528 1908.0 
 0.952533 2048.0 
 0.952539 2032.0 
 0.952545 1892.0 
 0.952551 1734.0 
 0.952557 1560.0 
 0.952563 1816.0 
 0.952569 1892.0 
 0.952575 1772.0 
 0.952581 1572.0 
 0.952587 1996.0 
 0.952592 2072.0 
 0.952598 1724.0 
 0.952604 1724.0 
 0.952610 2102.0 
 0.952616 2228.0 
 0.952622 2248.0 
 0.952628 1920.0 
 0.952634 2240.0 
 0.952640 2068.0 
 0.952645 2160.0 
 0.952651 2224.0 
 0.952657 2232.0 
 0.952663 1992.0 
 0.952669 2072.0 
 0.952675 1424.0 
 0.952681 1856.0 
 0.952687 1908.0 
 0.952693 1876.0 
 0.952699 2020.0 
 0.952704 1900.0 
 0.952710 2072.0 
 0.952716 1804.0 
 0.952722 1940.0 
 0.952728 2108.0 
 0.952734 2056.0 
 0.952740 2244.0 
 0.952746 1852.0 
 0.952752 1816.0 
 0.952757 2256.0 
 0.952763 1996.0 
 0.952769 2032.0 
 0.952775 2088.0 
 0.952781 2156.0 
 0.952787 1812.0 
 0.952793 2100.0 
 0.952799 2120.0 
 0.952805 1716.0 
 0.952811 1724.0 
 0.952816 1696.0 
 0.952822 1412.0 
 0.952828 1548.0 
 0.952834 1968.0 
 0.952840 1864.0 
 0.952846 2004.0 
 0.952852 2016.0 
 0.952858 2116.0 
 0.952864 2460.0 
 0.952869 2196.0 
 0.952875 2344.0 
 0.952881 2288.0 
 0.952887 2016.0 
 0.952893 2192.0 
 0.952899 2340.0 
 0.952905 2292.0 
 0.952911 2132.0 
 0.952917 2328.0 
 0.952923 2004.0 
 0.952928 2164.0 
 0.952934 2408.0 
 0.952940 2248.0 
 0.952946 2152.0 
 0.952952 2124.0 
 0.952958 2092.0 
 0.952964 1968.0 
 0.952970 2176.0 
 0.952976 2020.0 
 0.952981 2084.0 
 0.952987 2176.0 
 0.952993 1808.0 
 0.952999 1892.0 
 0.953005 2332.0 
 0.953011 2412.0 
 0.953017 2664.0 
 0.953023 2244.0 
 0.953029 2424.0 
 0.953035 2340.0 
 0.953040 2160.0 
 0.953046 2360.0 
 0.953052 2200.0 
 0.953058 2264.0 
 0.953064 2288.0 
 0.953070 2176.0 
 0.953076 2500.0 
 0.953082 2356.0 
 0.953088 2468.0 
 0.953094 2620.0 
 0.953099 2584.0 
 0.953105 2664.0 
 0.953111 2504.0 
 0.953117 2336.0 
 0.953123 2164.0 
 0.953129 2312.0 
 0.953135 2320.0 
 0.953141 2056.0 
 0.953147 2408.0 
 0.953152 2192.0 
 0.953158 2428.0 
 0.953164 2580.0 
 0.953170 2428.0 
 0.953176 2416.0 
 0.953182 2176.0 
 0.953188 2272.0 
 0.953194 2072.0 
 0.953200 2408.0 
 0.953206 2500.0 
 0.953211 2340.0 
 0.953217 2004.0 
 0.953223 2320.0 
 0.953229 2228.0 
 0.953235 2296.0 
 0.953241 2448.0 
 0.953247 2448.0 
 0.953253 2188.0 
 0.953259 2304.0 
 0.953264 2220.0 
 0.953270 2268.0 
 0.953276 2184.0 
 0.953282 2540.0 
 0.953288 2260.0 
 0.953294 2340.0 
 0.953300 2332.0 
 0.953306 2380.0 
 0.953312 2220.0 
 0.953318 2432.0 
 0.953323 2420.0 
 0.953329 2444.0 
 0.953335 2428.0 
 0.953341 2012.0 
 0.953347 1968.0 
 0.953353 2096.0 
 0.953359 2236.0 
 0.953365 1896.0 
 0.953371 2072.0 
 0.953376 1912.0 
 0.953382 1976.0 
 0.953388 2192.0 
 0.953394 1996.0 
 0.953400 2168.0 
 0.953406 2176.0 
 0.953412 2200.0 
 0.953418 2148.0 
 0.953424 2340.0 
 0.953430 2192.0 
 0.953435 2356.0 
 0.953441 2276.0 
 0.953447 2284.0 
 0.953453 2388.0 
 0.953459 2368.0 
 0.953465 2076.0 
 0.953471 2268.0 
 0.953477 2124.0 
 0.953483 2420.0 
 0.953488 2120.0 
 0.953494 1780.0 
 0.953500 1668.0 
 0.953506 1844.0 
 0.953512 2076.0 
 0.953518 2204.0 
 0.953524 1976.0 
 0.953530 2128.0 
 0.953536 2404.0 
 0.953542 2216.0 
 0.953547 2172.0 
 0.953553 2172.0 
 0.953559 2320.0 
 0.953565 2164.0 
 0.953571 2316.0 
 0.953577 2144.0 
 0.953583 2428.0 
 0.953589 2332.0 
 0.953595 2464.0 
 0.953601 2140.0 
 0.953606 2300.0 
 0.953612 1944.0 
 0.953618 1976.0 
 0.953624 2096.0 
 0.953630 1808.0 
 0.953636 2168.0 
 0.953642 2320.0 
 0.953648 2228.0 
 0.953654 2360.0 
 0.953659 2488.0 
 0.953665 2656.0 
 0.953671 2460.0 
 0.953677 2432.0 
 0.953683 2548.0 
 0.953689 2520.0 
 0.953695 2516.0 
 0.953701 2544.0 
 0.953707 2440.0 
 0.953713 2528.0 
 0.953718 2480.0 
 0.953724 2512.0 
 0.953730 2000.0 
 0.953736 2280.0 
 0.953742 2204.0 
 0.953748 2344.0 
 0.953754 2652.0 
 0.953760 2660.0 
 0.953766 2244.0 
 0.953771 2336.0 
 0.953777 2392.0 
 0.953783 2396.0 
 0.953789 2272.0 
 0.953795 2280.0 
 0.953801 1736.0 
 0.953807 2156.0 
 0.953813 1856.0 
 0.953819 2108.0 
 0.953825 1768.0 
 0.953830 2508.0 
 0.953836 2120.0 
 0.953842 2280.0 
 0.953848 2240.0 
 0.953854 2332.0 
 0.953860 2540.0 
 0.953866 2676.0 
 0.953872 2304.0 
 0.953878 2436.0 
 0.953883 2028.0 
 0.953889 2092.0 
 0.953895 2224.0 
 0.953901 2296.0 
 0.953907 2048.0 
 0.953913 2460.0 
 0.953919 1996.0 
 0.953925 2260.0 
 0.953931 1916.0 
 0.953937 2236.0 
 0.953942 2504.0 
 0.953948 2524.0 
 0.953954 2224.0 
 0.953960 2420.0 
 0.953966 2140.0 
 0.953972 2036.0 
 0.953978 2300.0 
 0.953984 1784.0 
 0.953990 2092.0 
 0.953995 2404.0 
 0.954001 1948.0 
 0.954007 1912.0 
 0.954013 2516.0 
 0.954019 2504.0 
 0.954025 2076.0 
 0.954031 2356.0 
 0.954037 2128.0 
 0.954043 2084.0 
 0.954049 2044.0 
 0.954054 1928.0 
 0.954060 1936.0 
 0.954066 2614.0 
 0.954072 2396.0 
 0.954078 2500.0 
 0.954084 1988.0 
 0.954090 2236.0 
 0.954096 1956.0 
 0.954102 1884.0 
 0.954108 1668.0 
 0.954113 1676.0 
 0.954119 1808.0 
 0.954125 1816.0 
 0.954131 1936.0 
 0.954137 2044.0 
 0.954143 2428.0 
 0.954149 1736.0 
 0.954155 2112.0 
 0.954161 1804.0 
 0.954166 1648.0 
 0.954172 1416.0 
 0.954178 1720.0 
 0.954184 1712.0 
 0.954190 1772.0 
 0.954196 1940.0 
 0.954202 2096.0 
 0.954208 1860.0 
 0.954214 1868.0 
 0.954220 1976.0 
 0.954225 1880.0 
 0.954231 2200.0 
 0.954237 1860.0 
 0.954243 1836.0 
 0.954249 1908.0 
 0.954255 1860.0 
 0.954261 1784.0 
 0.954267 1760.0 
 0.954273 1736.0 
 0.954278 1788.0 
 0.954284 1844.0 
 0.954290 1924.0 
 0.954296 1592.0 
 0.954302 1632.0 
 0.954308 1740.0 
 0.954314 1768.0 
 0.954320 1740.0 
 0.954326 1524.0 
 0.954332 1916.0 
 0.954337 1932.0 
 0.954343 1976.0 
 0.954349 2044.0 
 0.954355 2428.0 
 0.954361 2280.0 
 0.954367 1944.0 
 0.954373 2008.0 
 0.954379 1984.0 
 0.954385 2200.0 
 0.954390 1904.0 
 0.954396 2344.0 
 0.954402 2244.0 
 0.954408 2168.0 
 0.954414 1760.0 
 0.954420 1896.0 
 0.954426 1984.0 
 0.954432 2184.0 
 0.954438 2040.0 
 0.954444 2088.0 
 0.954449 2216.0 
 0.954455 2028.0 
 0.954461 2124.0 
 0.954467 2152.0 
 0.954473 2012.0 
 0.954479 2004.0 
 0.954485 2004.0 
 0.954491 1996.0 
 0.954497 2156.0 
 0.954502 1672.0 
 0.954508 2084.0 
 0.954514 2030.0 
 0.954520 2004.0 
 0.954526 1992.0 
 0.954532 1892.0 
 0.954538 2100.0 
 0.954544 2032.0 
 0.954550 2112.0 
 0.954556 2004.0 
 0.954561 2144.0 
 0.954567 2268.0 
 0.954573 2080.0 
 0.954579 1956.0 
 0.954585 2064.0 
 0.954591 2048.0 
 0.954597 2092.0 
 0.954603 1924.0 
 0.954609 1628.0 
 0.954615 1868.0 
 0.954620 1876.0 
 0.954626 1952.0 
 0.954632 2012.0 
 0.954638 2048.0 
 0.954644 1952.0 
 0.954650 2004.0 
 0.954656 2020.0 
 0.954662 1828.0 
 0.954668 1968.0 
 0.954673 1936.0 
 0.954679 1902.0 
 0.954685 1776.0 
 0.954691 1892.0 
 0.954697 1772.0 
 0.954703 2120.0 
 0.954709 1944.0 
 0.954715 1940.0 
 0.954721 1860.0 
 0.954727 2060.0 
 0.954732 2174.0 
 0.954738 2028.0 
 0.954744 2248.0 
 0.954750 1992.0 
 0.954756 1912.0 
 0.954762 2172.0 
 0.954768 2220.0 
 0.954774 2168.0 
 0.954780 2108.0 
 0.954785 2188.0 
 0.954791 2312.0 
 0.954797 2172.0 
 0.954803 2304.0 
 0.954809 2228.0 
 0.954815 1888.0 
 0.954821 2164.0 
 0.954827 2308.0 
 0.954833 2088.0 
 0.954839 1872.0 
 0.954844 2328.0 
 0.954850 2052.0 
 0.954856 1880.0 
 0.954862 1944.0 
 0.954868 2116.0 
 0.954874 2304.0 
 0.954880 1996.0 
 0.954886 2184.0 
 0.954892 2140.0 
 0.954897 2284.0 
 0.954903 2048.0 
 0.954909 2216.0 
 0.954915 2164.0 
 0.954921 2272.0 
 0.954927 2536.0 
 0.954933 2096.0 
 0.954939 2208.0 
 0.954945 2304.0 
 0.954951 2168.0 
 0.954956 2188.0 
 0.954962 2204.0 
 0.954968 2008.0 
 0.954974 2076.0 
 0.954980 2172.0 
 0.954986 2152.0 
 0.954992 2112.0 
 0.954998 2144.0 
 0.955004 2280.0 
 0.955010 2236.0 
 0.955015 2108.0 
 0.955021 2272.0 
 0.955027 2092.0 
 0.955033 2148.0 
 0.955039 2048.0 
 0.955045 2436.0 
 0.955051 2024.0 
 0.955057 2092.0 
 0.955063 2320.0 
 0.955068 2208.0 
 0.955074 2332.0 
 0.955080 2052.0 
 0.955086 2156.0 
 0.955092 2300.0 
 0.955098 2060.0 
 0.955104 2508.0 
 0.955110 2156.0 
 0.955116 2000.0 
 0.955122 2132.0 
 0.955127 2168.0 
 0.955133 2080.0 
 0.955139 2136.0 
 0.955145 1952.0 
 0.955151 2128.0 
 0.955157 1916.0 
 0.955163 2100.0 
 0.955169 2032.0 
 0.955175 1968.0 
 0.955180 1948.0 
 0.955186 2264.0 
 0.955192 2040.0 
 0.955198 2144.0 
 0.955204 1964.0 
 0.955210 2084.0 
 0.955216 2068.0 
 0.955222 1904.0 
 0.955228 1800.0 
 0.955234 1632.0 
 0.955239 1760.0 
 0.955245 1594.0 
 0.955251 1696.0 
 0.955257 1808.0 
 0.955263 1944.0 
 0.955269 1916.0 
 0.955275 1768.0 
 0.955281 1688.0 
 0.955287 1972.0 
 0.955292 1796.0 
 0.955298 1748.0 
 0.955304 1916.0 
 0.955310 1960.0 
 0.955316 1876.0 
 0.955322 2332.0 
 0.955328 2456.0 
 0.955334 2080.0 
 0.955340 1900.0 
 0.955346 1996.0 
 0.955351 1944.0 
 0.955357 1920.0 
 0.955363 2040.0 
 0.955369 1848.0 
 0.955375 2048.0 
 0.955381 1920.0 
 0.955387 2088.0 
 0.955393 1880.0 
 0.955399 1892.0 
 0.955404 2020.0 
 0.955410 2092.0 
 0.955416 1960.0 
 0.955422 1996.0 
 0.955428 2256.0 
 0.955434 1912.0 
 0.955440 1956.0 
 0.955446 2052.0 
 0.955452 2028.0 
 0.955458 1908.0 
 0.955463 1976.0 
 0.955469 2188.0 
 0.955475 2088.0 
 0.955481 2080.0 
 0.955487 1984.0 
 0.955493 2004.0 
 0.955499 1968.0 
 0.955505 2288.0 
 0.955511 1992.0 
 0.955517 2064.0 
 0.955522 2208.0 
 0.955528 1928.0 
 0.955534 1928.0 
 0.955540 2188.0 
 0.955546 2024.0 
 0.955552 1924.0 
 0.955558 2028.0 
 0.955564 1808.0 
 0.955570 1780.0 
 0.955575 1556.0 
 0.955581 1796.0 
 0.955587 1692.0 
 0.955593 2116.0 
 0.955599 1664.0 
 0.955605 1940.0 
 0.955611 2096.0 
 0.955617 2044.0 
 0.955623 1976.0 
 0.955629 1728.0 
 0.955634 2100.0 
 0.955640 1888.0 
 0.955646 1940.0 
 0.955652 2076.0 
 0.955658 2268.0 
 0.955664 1856.0 
 0.955670 1848.0 
 0.955676 2104.0 
 0.955682 2002.0 
 0.955687 2024.0 
 0.955693 1728.0 
 0.955699 2040.0 
 0.955705 1972.0 
 0.955711 1696.0 
 0.955717 1752.0 
 0.955723 1620.0 
 0.955729 1624.0 
 0.955735 1764.0 
 0.955741 1728.0 
 0.955746 1600.0 
 0.955752 2024.0 
 0.955758 1596.0 
 0.955764 1844.0 
 0.955770 1820.0 
 0.955776 1544.0 
 0.955782 1616.0 
 0.955788 1656.0 
 0.955794 1924.0 
 0.955799 1820.0 
 0.955805 1748.0 
 0.955811 1860.0 
 0.955817 2136.0 
 0.955823 1880.0 
 0.955829 1824.0 
 0.955835 1996.0 
 0.955841 1892.0 
 0.955847 1948.0 
 0.955853 2040.0 
 0.955858 2060.0 
 0.955864 2112.0 
 0.955870 1554.0 
 0.955876 1800.0 
 0.955882 1756.0 
 0.955888 1640.0 
 0.955894 1956.0 
 0.955900 1776.0 
 0.955906 1344.0 
 0.955911 1500.0 
 0.955917 1532.0 
 0.955923 1520.0 
 0.955929 1644.0 
 0.955935 1488.0 
 0.955941 1708.0 
 0.955947 1912.0 
 0.955953 1864.0 
 0.955959 1660.0 
 0.955965 2212.0 
 0.955970 2144.0 
 0.955976 1932.0 
 0.955982 2172.0 
 0.955988 1768.0 
 0.955994 2116.0 
 0.956000 1988.0 
 0.956006 1948.0 
 0.956012 2176.0 
 0.956018 1832.0 
 0.956024 2060.0 
 0.956029 2036.0 
 0.956035 1664.0 
 0.956041 1976.0 
 0.956047 1792.0 
 0.956053 1872.0 
 0.956059 1932.0 
 0.956065 1764.0 
 0.956071 1544.0 
 0.956077 1736.0 
 0.956082 1436.0 
 0.956088 1696.0 
 0.956094 1628.0 
 0.956100 1676.0 
 0.956106 1884.0 
 0.956112 1794.0 
 0.956118 1964.0 
 0.956124 2016.0 
 0.956130 1880.0 
 0.956136 2052.0 
 0.956141 1988.0 
 0.956147 2212.0 
 0.956153 2148.0 
 0.956159 1692.0 
 0.956165 1852.0 
 0.956171 1880.0 
 0.956177 2128.0 
 0.956183 2040.0 
 0.956189 1940.0 
 0.956194 2528.0 
 0.956200 2224.0 
 0.956206 1884.0 
 0.956212 1640.0 
 0.956218 2020.0 
 0.956224 2040.0 
 0.956230 1744.0 
 0.956236 1676.0 
 0.956242 1600.0 
 0.956248 1666.0 
 0.956253 1816.0 
 0.956259 1660.0 
 0.956265 1568.0 
 0.956271 1748.0 
 0.956277 1552.0 
 0.956283 1876.0 
 0.956289 2024.0 
 0.956295 1760.0 
 0.956301 1968.0 
 0.956306 1956.0 
 0.956312 2004.0 
 0.956318 1996.0 
 0.956324 2040.0 
 0.956330 1800.0 
 0.956336 1932.0 
 0.956342 2216.0 
 0.956348 2172.0 
 0.956354 1896.0 
 0.956360 1960.0 
 0.956365 2136.0 
 0.956371 1720.0 
 0.956377 2032.0 
 0.956383 2072.0 
 0.956389 1864.0 
 0.956395 1936.0 
 0.956401 1908.0 
 0.956407 1860.0 
 0.956413 1544.0 
 0.956418 1732.0 
 0.956424 1948.0 
 0.956430 1760.0 
 0.956436 1732.0 
 0.956442 1840.0 
 0.956448 1740.0 
 0.956454 1860.0 
 0.956460 1672.0 
 0.956466 1880.0 
 0.956472 1566.0 
 0.956477 1380.0 
 0.956483 1360.0 
 0.956489 1740.0 
 0.956495 1580.0 
 0.956501 1932.0 
 0.956507 1772.0 
 0.956513 1788.0 
 0.956519 1984.0 
 0.956525 2032.0 
 0.956531 1916.0 
 0.956536 1904.0 
 0.956542 2000.0 
 0.956548 1980.0 
 0.956554 1712.0 
 0.956560 1816.0 
 0.956566 1648.0 
 0.956572 1864.0 
 0.956578 1676.0 
 0.956584 1560.0 
 0.956589 1744.0 
 0.956595 2024.0 
 0.956601 1980.0 
 0.956607 2016.0 
 0.956613 1804.0 
 0.956619 1768.0 
 0.956625 1884.0 
 0.956631 1864.0 
 0.956637 2136.0 
 0.956643 1912.0 
 0.956648 1834.0 
 0.956654 1876.0 
 0.956660 1896.0 
 0.956666 2048.0 
 0.956672 1808.0 
 0.956678 1992.0 
 0.956684 1868.0 
 0.956690 1768.0 
 0.956696 1868.0 
 0.956701 2056.0 
 0.956707 1928.0 
 0.956713 1756.0 
 0.956719 1820.0 
 0.956725 1760.0 
 0.956731 1556.0 
 0.956737 1708.0 
 0.956743 1556.0 
 0.956749 1612.0 
 0.956755 1640.0 
 0.956760 1626.0 
 0.956766 1636.0 
 0.956772 1660.0 
 0.956778 1472.0 
 0.956784 1900.0 
 0.956790 2068.0 
 0.956796 2024.0 
 0.956802 2084.0 
 0.956808 1760.0 
 0.956813 2016.0 
 0.956819 1744.0 
 0.956825 1600.0 
 0.956831 1504.0 
 0.956837 1596.0 
 0.956843 1692.0 
 0.956849 2164.0 
 0.956855 1796.0 
 0.956861 1824.0 
 0.956867 1848.0 
 0.956872 1756.0 
 0.956878 1752.0 
 0.956884 1676.0 
 0.956890 1840.0 
 0.956896 1468.0 
 0.956902 1644.0 
 0.956908 1660.0 
 0.956914 1800.0 
 0.956920 1796.0 
 0.956925 1884.0 
 0.956931 1776.0 
 0.956937 1944.0 
 0.956943 1800.0 
 0.956949 1860.0 
 0.956955 1784.0 
 0.956961 2084.0 
 0.956967 1880.0 
 0.956973 1792.0 
 0.956979 1788.0 
 0.956984 1928.0 
 0.956990 1940.0 
 0.956996 1956.0 
 0.957002 1832.0 
 0.957008 1792.0 
 0.957014 1784.0 
 0.957020 1864.0 
 0.957026 1688.0 
 0.957032 1834.0 
 0.957038 2176.0 
 0.957043 1796.0 
 0.957049 1722.0 
 0.957055 1400.0 
 0.957061 1652.0 
 0.957067 1856.0 
 0.957073 1936.0 
 0.957079 1706.0 
 0.957085 1744.0 
 0.957091 1776.0 
 0.957096 1940.0 
 0.957102 1820.0 
 0.957108 2024.0 
 0.957114 1944.0 
 0.957120 1692.0 
 0.957126 1704.0 
 0.957132 2008.0 
 0.957138 1544.0 
 0.957144 1732.0 
 0.957150 1672.0 
 0.957155 1956.0 
 0.957161 1808.0 
 0.957167 1688.0 
 0.957173 1984.0 
 0.957179 1712.0 
 0.957185 1724.0 
 0.957191 1800.0 
 0.957197 1612.0 
 0.957203 2092.0 
 0.957208 1724.0 
 0.957214 1656.0 
 0.957220 1940.0 
 0.957226 1900.0 
 0.957232 1920.0 
 0.957238 2000.0 
 0.957244 1732.0 
 0.957250 1900.0 
 0.957256 1932.0 
 0.957262 1768.0 
 0.957267 1928.0 
 0.957273 1792.0 
 0.957279 1880.0 
 0.957285 1608.0 
 0.957291 1708.0 
 0.957297 1920.0 
 0.957303 1764.0 
 0.957309 1996.0 
 0.957315 1936.0 
 0.957320 1892.0 
 0.957326 1716.0 
 0.957332 1884.0 
 0.957338 1708.0 
 0.957344 1688.0 
 0.957350 1596.0 
 0.957356 1320.0 
 0.957362 1544.0 
 0.957368 1536.0 
 0.957374 1808.0 
 0.957379 1884.0 
 0.957385 1832.0 
 0.957391 1768.0 
 0.957397 1836.0 
 0.957403 2212.0 
 0.957409 1868.0 
 0.957415 1528.0 
 0.957421 1820.0 
 0.957427 1748.0 
 0.957433 1988.0 
 0.957438 1876.0 
 0.957444 1732.0 
 0.957450 1772.0 
 0.957456 1732.0 
 0.957462 1672.0 
 0.957468 1696.0 
 0.957474 1878.0 
 0.957480 1972.0 
 0.957486 1656.0 
 0.957491 1672.0 
 0.957497 1678.0 
 0.957503 1648.0 
 0.957509 1924.0 
 0.957515 1648.0 
 0.957521 1508.0 
 0.957527 1548.0 
 0.957533 1788.0 
 0.957539 1538.0 
 0.957545 1480.0 
 0.957550 1692.0 
 0.957556 1732.0 
 0.957562 1636.0 
 0.957568 1692.0 
 0.957574 1698.0 
 0.957580 1912.0 
 0.957586 1720.0 
 0.957592 1768.0 
 0.957598 1710.0 
 0.957603 1516.0 
 0.957609 1556.0 
 0.957615 1672.0 
 0.957621 1696.0 
 0.957627 1600.0 
 0.957633 1810.0 
 0.957639 1712.0 
 0.957645 1848.0 
 0.957651 1900.0 
 0.957657 1572.0 
 0.957662 1268.0 
 0.957668 1406.0 
 0.957674 1684.0 
 0.957680 1584.0 
 0.957686 1228.0 
 0.957692 1372.0 
 0.957698 1608.0 
 0.957704 1324.0 
 0.957710 1464.0 
 0.957715 1380.0 
 0.957721 1264.0 
 0.957727 1176.0 
 0.957733 1408.0 
 0.957739 1632.0 
 0.957745 1560.0 
 0.957751 1774.0 
 0.957757 1380.0 
 0.957763 1788.0 
 0.957769 1632.0 
 0.957774 1600.0 
 0.957780 1748.0 
 0.957786 1696.0 
 0.957792 1608.0 
 0.957798 1532.0 
 0.957804 1348.0 
 0.957810 1610.0 
 0.957816 1394.0 
 0.957822 1432.0 
 0.957827 1504.0 
 0.957833 1388.0 
 0.957839 1712.0 
 0.957845 1684.0 
 0.957851 1592.0 
 0.957857 1540.0 
 0.957863 1560.0 
 0.957869 1476.0 
 0.957875 1656.0 
 0.957881 1792.0 
 0.957886 1788.0 
 0.957892 1680.0 
 0.957898 1722.0 
 0.957904 1728.0 
 0.957910 1848.0 
 0.957916 1864.0 
 0.957922 1640.0 
 0.957928 1716.0 
 0.957934 1752.0 
 0.957940 1686.0 
 0.957945 1720.0 
 0.957951 1618.0 
 0.957957 1908.0 
 0.957963 1928.0 
 0.957969 1756.0 
 0.957975 1784.0 
 0.957981 1868.0 
 0.957987 1796.0 
 0.957993 1620.0 
 0.957998 1772.0 
 0.958004 1668.0 
 0.958010 1400.0 
 0.958016 1684.0 
 0.958022 1812.0 
 0.958028 1748.0 
 0.958034 1676.0 
 0.958040 1736.0 
 0.958046 1520.0 
 0.958052 1894.0 
 0.958057 1564.0 
 0.958063 1764.0 
 0.958069 1836.0 
 0.958075 1604.0 
 0.958081 1528.0 
 0.958087 1584.0 
 0.958093 1396.0 
 0.958099 1416.0 
 0.958105 1672.0 
 0.958110 1828.0 
 0.958116 2016.0 
 0.958122 1596.0 
 0.958128 1652.0 
 0.958134 1896.0 
 0.958140 1576.0 
 0.958146 1732.0 
 0.958152 1728.0 
 0.958158 1460.0 
 0.958164 1520.0 
 0.958169 1560.0 
 0.958175 1724.0 
 0.958181 1456.0 
 0.958187 1784.0 
 0.958193 1708.0 
 0.958199 1932.0 
 0.958205 1624.0 
 0.958211 1868.0 
 0.958217 1924.0 
 0.958222 1688.0 
 0.958228 1748.0 
 0.958234 1408.0 
 0.958240 1672.0 
 0.958246 1780.0 
 0.958252 1526.0 
 0.958258 1580.0 
 0.958264 1692.0 
 0.958270 1788.0 
 0.958276 1864.0 
 0.958281 1536.0 
 0.958287 1692.0 
 0.958293 1804.0 
 0.958299 1792.0 
 0.958305 1492.0 
 0.958311 1792.0 
 0.958317 1720.0 
 0.958323 1556.0 
 0.958329 1704.0 
 0.958334 1680.0 
 0.958340 1680.0 
 0.958346 1660.0 
 0.958352 1656.0 
 0.958358 1484.0 
 0.958364 1388.0 
 0.958370 1652.0 
 0.958376 1880.0 
 0.958382 1652.0 
 0.958388 1656.0 
 0.958393 1728.0 
 0.958399 1788.0 
 0.958405 1672.0 
 0.958411 1532.0 
 0.958417 1832.0 
 0.958423 1656.0 
 0.958429 1566.0 
 0.958435 1896.0 
 0.958441 1880.0 
 0.958447 2028.0 
 0.958452 1516.0 
 0.958458 1648.0 
 0.958464 1640.0 
 0.958470 1864.0 
 0.958476 1678.0 
 0.958482 1652.0 
 0.958488 1588.0 
 0.958494 1808.0 
 0.958500 1644.0 
 0.958505 1708.0 
 0.958511 1808.0 
 0.958517 1604.0 
 0.958523 1600.0 
 0.958529 1198.0 
 0.958535 1480.0 
 0.958541 1520.0 
 0.958547 1412.0 
 0.958553 1632.0 
 0.958559 1552.0 
 0.958564 1432.0 
 0.958570 1392.0 
 0.958576 1464.0 
 0.958582 1192.0 
 0.958588 1432.0 
 0.958594 1388.0 
 0.958600 1512.0 
 0.958606 1352.0 
 0.958612 1160.0 
 0.958617 1168.0 
 0.958623 1348.0 
 0.958629 1440.0 
 0.958635 1492.0 
 0.958641 1560.0 
 0.958647 1454.0 
 0.958653 1712.0 
 0.958659 1636.0 
 0.958665 1252.0 
 0.958671 1564.0 
 0.958676 1644.0 
 0.958682 1664.0 
 0.958688 1488.0 
 0.958694 1516.0 
 0.958700 1484.0 
 0.958706 1220.0 
 0.958712 1508.0 
 0.958718 1112.0 
 0.958724 1356.0 
 0.958729 1132.0 
 0.958735 1492.0 
 0.958741 1284.0 
 0.958747 1468.0 
 0.958753 1424.0 
 0.958759 1424.0 
 0.958765 1366.0 
 0.958771 1492.0 
 0.958777 1624.0 
 0.958783 1636.0 
 0.958788 1552.0 
 0.958794 1452.0 
 0.958800 1672.0 
 0.958806 1644.0 
 0.958812 1466.0 
 0.958818 1462.0 
 0.958824 1696.0 
 0.958830 1464.0 
 0.958836 1504.0 
 0.958841 1512.0 
 0.958847 1424.0 
 0.958853 1480.0 
 0.958859 1604.0 
 0.958865 1516.0 
 0.958871 1672.0 
 0.958877 1444.0 
 0.958883 1578.0 
 0.958889 1652.0 
 0.958895 1368.0 
 0.958900 1448.0 
 0.958906 1660.0 
 0.958912 1600.0 
 0.958918 1376.0 
 0.958924 1732.0 
 0.958930 1568.0 
 0.958936 1512.0 
 0.958942 1652.0 
 0.958948 1724.0 
 0.958954 1404.0 
 0.958959 1512.0 
 0.958965 1584.0 
 0.958971 1620.0 
 0.958977 1700.0 
 0.958983 1712.0 
 0.958989 1640.0 
 0.958995 1816.0 
 0.959001 1528.0 
 0.959007 1768.0 
 0.959012 1656.0 
 0.959018 1672.0 
 0.959024 1336.0 
 0.959030 1502.0 
 0.959036 1668.0 
 0.959042 1228.0 
 0.959048 1620.0 
 0.959054 1512.0 
 0.959060 1664.0 
 0.959066 1420.0 
 0.959071 1580.0 
 0.959077 1704.0 
 0.959083 1808.0 
 0.959089 1536.0 
 0.959095 1568.0 
 0.959101 1608.0 
 0.959107 1468.0 
 0.959113 1692.0 
 0.959119 1464.0 
 0.959124 1604.0 
 0.959130 1636.0 
 0.959136 1448.0 
 0.959142 1500.0 
 0.959148 1564.0 
 0.959154 1556.0 
 0.959160 1720.0 
 0.959166 1664.0 
 0.959172 1792.0 
 0.959178 1904.0 
 0.959183 1312.0 
 0.959189 1436.0 
 0.959195 1912.0 
 0.959201 1492.0 
 0.959207 1712.0 
 0.959213 1756.0 
 0.959219 1700.0 
 0.959225 1344.0 
 0.959231 1668.0 
 0.959236 1584.0 
 0.959242 1612.0 
 0.959248 1404.0 
 0.959254 1580.0 
 0.959260 1684.0 
 0.959266 1516.0 
 0.959272 1632.0 
 0.959278 1272.0 
 0.959284 1656.0 
 0.959290 1684.0 
 0.959295 1572.0 
 0.959301 1756.0 
 0.959307 1584.0 
 0.959313 1670.0 
 0.959319 1488.0 
 0.959325 1640.0 
 0.959331 1528.0 
 0.959337 1422.0 
 0.959343 1520.0 
 0.959348 1576.0 
 0.959354 1528.0 
 0.959360 1432.0 
 0.959366 1672.0 
 0.959372 1578.0 
 0.959378 1600.0 
 0.959384 1416.0 
 0.959390 1612.0 
 0.959396 1628.0 
 0.959402 1420.0 
 0.959407 1536.0 
 0.959413 1316.0 
 0.959419 1536.0 
 0.959425 1164.0 
 0.959431 1424.0 
 0.959437 1200.0 
 0.959443 1436.0 
 0.959449 1500.0 
 0.959455 1540.0 
 0.959461 1172.0 
 0.959466 1512.0 
 0.959472 1484.0 
 0.959478 1416.0 
 0.959484 1416.0 
 0.959490 1704.0 
 0.959496 1584.0 
 0.959502 1220.0 
 0.959508 1484.0 
 0.959514 1704.0 
 0.959519 1752.0 
 0.959525 1552.0 
 0.959531 1516.0 
 0.959537 1810.0 
 0.959543 1416.0 
 0.959549 1544.0 
 0.959555 1376.0 
 0.959561 1508.0 
 0.959567 1568.0 
 0.959573 1600.0 
 0.959578 1444.0 
 0.959584 1408.0 
 0.959590 1384.0 
 0.959596 1452.0 
 0.959602 1516.0 
 0.959608 1316.0 
 0.959614 1472.0 
 0.959620 1332.0 
 0.959626 1368.0 
 0.959631 1472.0 
 0.959637 1488.0 
 0.959643 1564.0 
 0.959649 1808.0 
 0.959655 1268.0 
 0.959661 1472.0 
 0.959667 1768.0 
 0.959673 1396.0 
 0.959679 1292.0 
 0.959685 1660.0 
 0.959690 1452.0 
 0.959696 1628.0 
 0.959702 1376.0 
 0.959708 1768.0 
 0.959714 1900.0 
 0.959720 1544.0 
 0.959726 1336.0 
 0.959732 1628.0 
 0.959738 1696.0 
 0.959743 1372.0 
 0.959749 1184.0 
 0.959755 1600.0 
 0.959761 1544.0 
 0.959767 1596.0 
 0.959773 1748.0 
 0.959779 1656.0 
 0.959785 1508.0 
 0.959791 1524.0 
 0.959797 1384.0 
 0.959802 1536.0 
 0.959808 1606.0 
 0.959814 1510.0 
 0.959820 1364.0 
 0.959826 1600.0 
 0.959832 1376.0 
 0.959838 1416.0 
 0.959844 1612.0 
 0.959850 1504.0 
 0.959855 1728.0 
 0.959861 1332.0 
 0.959867 1436.0 
 0.959873 1352.0 
 0.959879 1412.0 
 0.959885 1608.0 
 0.959891 1280.0 
 0.959897 1588.0 
 0.959903 1488.0 
 0.959909 1344.0 
 0.959914 1156.0 
 0.959920 1508.0 
 0.959926 1304.0 
 0.959932 1588.0 
 0.959938 1432.0 
 0.959944 1696.0 
 0.959950 1560.0 
 0.959956 1312.0 
 0.959962 1388.0 
 0.959968 1456.0 
 0.959973 1504.0 
 0.959979 1420.0 
 0.959985 1452.0 
 0.959991 1488.0 
 0.959997 1552.0 
 0.960003 1600.0 
 0.960009 1512.0 
 0.960015 1372.0 
 0.960021 1464.0 
 0.960026 1484.0 
 0.960032 1604.0 
 0.960038 1500.0 
 0.960044 1568.0 
 0.960050 1548.0 
 0.960056 1100.0 
 0.960062 1260.0 
 0.960068 1412.0 
 0.960074 1336.0 
 0.960080 1592.0 
 0.960085 1624.0 
 0.960091 1596.0 
 0.960097 1664.0 
 0.960103 1588.0 
 0.960109 1604.0 
 0.960115 1630.0 
 0.960121 1504.0 
 0.960127 1488.0 
 0.960133 1688.0 
 0.960138 1706.0 
 0.960144 1620.0 
 0.960150 1696.0 
 0.960156 1596.0 
 0.960162 1320.0 
 0.960168 1236.0 
 0.960174 1520.0 
 0.960180 1498.0 
 0.960186 1456.0 
 0.960192 1668.0 
 0.960197 1308.0 
 0.960203 1652.0 
 0.960209 1460.0 
 0.960215 1392.0 
 0.960221 1512.0 
 0.960227 1502.0 
 0.960233 1424.0 
 0.960239 1640.0 
 0.960245 1550.0 
 0.960250 1384.0 
 0.960256 1716.0 
 0.960262 1536.0 
 0.960268 1560.0 
 0.960274 1482.0 
 0.960280 1892.0 
 0.960286 1492.0 
 0.960292 1456.0 
 0.960298 1544.0 
 0.960304 1604.0 
 0.960309 1348.0 
 0.960315 1484.0 
 0.960321 1784.0 
 0.960327 1752.0 
 0.960333 1308.0 
 0.960339 1436.0 
 0.960345 1188.0 
 0.960351 1288.0 
 0.960357 1588.0 
 0.960363 1368.0 
 0.960368 1424.0 
 0.960374 1548.0 
 0.960380 1304.0 
 0.960386 1504.0 
 0.960392 1484.0 
 0.960398 1132.0 
 0.960404 1788.0 
 0.960410 1500.0 
 0.960416 1732.0 
 0.960421 1360.0 
 0.960427 1176.0 
 0.960433 1340.0 
 0.960439 1598.0 
 0.960445 1224.0 
 0.960451 1352.0 
 0.960457 1832.0 
 0.960463 1420.0 
 0.960469 1440.0 
 0.960475 1340.0 
 0.960480 1600.0 
 0.960486 1348.0 
 0.960492 1162.0 
 0.960498 1350.0 
 0.960504 1164.0 
 0.960510 1022.0 
 0.960516 1164.0 
 0.960522 1436.0 
 0.960528 1176.0 
 0.960533 1272.0 
 0.960539 1480.0 
 0.960545 1520.0 
 0.960551 1284.0 
 0.960557 1408.0 
 0.960563 1184.0 
 0.960569 1234.0 
 0.960575 1588.0 
 0.960581 1768.0 
 0.960587 1376.0 
 0.960592 1316.0 
 0.960598 1476.0 
 0.960604 1232.0 
 0.960610 1660.0 
 0.960616 1516.0 
 0.960622 1492.0 
 0.960628 1416.0 
 0.960634 1532.0 
 0.960640 1480.0 
 0.960645 1476.0 
 0.960651 1472.0 
 0.960657 1324.0 
 0.960663 1556.0 
 0.960669 1452.0 
 0.960675 1228.0 
 0.960681 1380.0 
 0.960687 1172.0 
 0.960693 1264.0 
 0.960699 1382.0 
 0.960704 1132.0 
 0.960710 1252.0 
 0.960716 1444.0 
 0.960722 1620.0 
 0.960728 1476.0 
 0.960734 1588.0 
 0.960740 1236.0 
 0.960746 1632.0 
 0.960752 1660.0 
 0.960757 1320.0 
 0.960763 1356.0 
 0.960769 1300.0 
 0.960775 1368.0 
 0.960781 1584.0 
 0.960787 1372.0 
 0.960793 1480.0 
 0.960799 1508.0 
 0.960805 1476.0 
 0.960811 1300.0 
 0.960816 1524.0 
 0.960822 1520.0 
 0.960828 1644.0 
 0.960834 1536.0 
 0.960840 1724.0 
 0.960846 1398.0 
 0.960852 1372.0 
 0.960858 1580.0 
 0.960864 1456.0 
 0.960870 1468.0 
 0.960875 1522.0 
 0.960881 1428.0 
 0.960887 1394.0 
 0.960893 1356.0 
 0.960899 1292.0 
 0.960905 1308.0 
 0.960911 1388.0 
 0.960917 1604.0 
 0.960923 1488.0 
 0.960928 1388.0 
 0.960934 1348.0 
 0.960940 1252.0 
 0.960946 1272.0 
 0.960952 1284.0 
 0.960958 1544.0 
 0.960964 1532.0 
 0.960970 1582.0 
 0.960976 1436.0 
 0.960982 1274.0 
 0.960987 1364.0 
 0.960993 1388.0 
 0.960999 1460.0 
 0.961005 1448.0 
 0.961011 1358.0 
 0.961017 1624.0 
 0.961023 1744.0 
 0.961029 1380.0 
 0.961035 1348.0 
 0.961040 1446.0 
 0.961046 1290.0 
 0.961052 1388.0 
 0.961058 1308.0 
 0.961064 1252.0 
 0.961070 1344.0 
 0.961076 1652.0 
 0.961082 1432.0 
 0.961088 1492.0 
 0.961094 1380.0 
 0.961099 1344.0 
 0.961105 1332.0 
 0.961111 1424.0 
 0.961117 1452.0 
 0.961123 1382.0 
 0.961129 1400.0 
 0.961135 1540.0 
 0.961141 1500.0 
 0.961147 1224.0 
 0.961152 1396.0 
 0.961158 1440.0 
 0.961164 1496.0 
 0.961170 1588.0 
 0.961176 1640.0 
 0.961182 1436.0 
 0.961188 1356.0 
 0.961194 1556.0 
 0.961200 1264.0 
 0.961206 1444.0 
 0.961211 1184.0 
 0.961217 1444.0 
 0.961223 1428.0 
 0.961229 1456.0 
 0.961235 1196.0 
 0.961241 1572.0 
 0.961247 1444.0 
 0.961253 1296.0 
 0.961259 1342.0 
 0.961264 1332.0 
 0.961270 1472.0 
 0.961276 1304.0 
 0.961282 1332.0 
 0.961288 1456.0 
 0.961294 1352.0 
 0.961300 1388.0 
 0.961306 1676.0 
 0.961312 1528.0 
 0.961318 1540.0 
 0.961323 1420.0 
 0.961329 1500.0 
 0.961335 1448.0 
 0.961341 1284.0 
 0.961347 1308.0 
 0.961353 1530.0 
 0.961359 1264.0 
 0.961365 1492.0 
 0.961371 1300.0 
 0.961377 1270.0 
 0.961382 1476.0 
 0.961388 1248.0 
 0.961394 1392.0 
 0.961400 1420.0 
 0.961406 1292.0 
 0.961412 1496.0 
 0.961418 1556.0 
 0.961424 1496.0 
 0.961430 1756.0 
 0.961435 1628.0 
 0.961441 1256.0 
 0.961447 1444.0 
 0.961453 1384.0 
 0.961459 1200.0 
 0.961465 1212.0 
 0.961471 1198.0 
 0.961477 1444.0 
 0.961483 1520.0 
 0.961489 1436.0 
 0.961494 1230.0 
 0.961500 1424.0 
 0.961506 1620.0 
 0.961512 1332.0 
 0.961518 1356.0 
 0.961524 1400.0 
 0.961530 1332.0 
 0.961536 1592.0 
 0.961542 1534.0 
 0.961547 1440.0 
 0.961553 1580.0 
 0.961559 1554.0 
 0.961565 1600.0 
 0.961571 1472.0 
 0.961577 1470.0 
 0.961583 1228.0 
 0.961589 1252.0 
 0.961595 1236.0 
 0.961601 1218.0 
 0.961606 1108.0 
 0.961612 1474.0 
 0.961618 1522.0 
 0.961624 1608.0 
 0.961630 1500.0 
 0.961636 1104.0 
 0.961642 1660.0 
 0.961648 1360.0 
 0.961654 1304.0 
 0.961659 1328.0 
 0.961665 1412.0 
 0.961671 1360.0 
 0.961677 1552.0 
 0.961683 1512.0 
 0.961689 1438.0 
 0.961695 1156.0 
 0.961701 1488.0 
 0.961707 1280.0 
 0.961713 1404.0 
 0.961718 1496.0 
 0.961724 1548.0 
 0.961730 1684.0 
 0.961736 1632.0 
 0.961742 1500.0 
 0.961748 1612.0 
 0.961754 1624.0 
 0.961760 1760.0 
 0.961766 1632.0 
 0.961771 1636.0 
 0.961777 1520.0 
 0.961783 1488.0 
 0.961789 1584.0 
 0.961795 1660.0 
 0.961801 1616.0 
 0.961807 1418.0 
 0.961813 1284.0 
 0.961819 1556.0 
 0.961825 1494.0 
 0.961830 1532.0 
 0.961836 1640.0 
 0.961842 1488.0 
 0.961848 1360.0 
 0.961854 1400.0 
 0.961860 1324.0 
 0.961866 1544.0 
 0.961872 1608.0 
 0.961878 1756.0 
 0.961884 1604.0 
 0.961889 1600.0 
 0.961895 1560.0 
 0.961901 1446.0 
 0.961907 1552.0 
 0.961913 1602.0 
 0.961919 1568.0 
 0.961925 1604.0 
 0.961931 1792.0 
 0.961937 1492.0 
 0.961942 1368.0 
 0.961948 1540.0 
 0.961954 1708.0 
 0.961960 1616.0 
 0.961966 1472.0 
 0.961972 1636.0 
 0.961978 1430.0 
 0.961984 1728.0 
 0.961990 1604.0 
 0.961996 1756.0 
 0.962001 1580.0 
 0.962007 1808.0 
 0.962013 1508.0 
 0.962019 1576.0 
 0.962025 1540.0 
 0.962031 1746.0 
 0.962037 1472.0 
 0.962043 1478.0 
 0.962049 1812.0 
 0.962054 1708.0 
 0.962060 1644.0 
 0.962066 1628.0 
 0.962072 1672.0 
 0.962078 1792.0 
 0.962084 1832.0 
 0.962090 1768.0 
 0.962096 1564.0 
 0.962102 1556.0 
 0.962108 1500.0 
 0.962113 1612.0 
 0.962119 1652.0 
 0.962125 1324.0 
 0.962131 1682.0 
 0.962137 1492.0 
 0.962143 1800.0 
 0.962149 1760.0 
 0.962155 1752.0 
 0.962161 1656.0 
 0.962166 1520.0 
 0.962172 1700.0 
 0.962178 1468.0 
 0.962184 1556.0 
 0.962190 1604.0 
 0.962196 1632.0 
 0.962202 1288.0 
 0.962208 1488.0 
 0.962214 1760.0 
 0.962220 1732.0 
 0.962225 1344.0 
 0.962231 1572.0 
 0.962237 1632.0 
 0.962243 1464.0 
 0.962249 1700.0 
 0.962255 1504.0 
 0.962261 1284.0 
 0.962267 1552.0 
 0.962273 1512.0 
 0.962278 1568.0 
 0.962284 1612.0 
 0.962290 1804.0 
 0.962296 1548.0 
 0.962302 1636.0 
 0.962308 1404.0 
 0.962314 1456.0 
 0.962320 1456.0 
 0.962326 1860.0 
 0.962332 1548.0 
 0.962337 1608.0 
 0.962343 1472.0 
 0.962349 1492.0 
 0.962355 1640.0 
 0.962361 1496.0 
 0.962367 1334.0 
 0.962373 1684.0 
 0.962379 1692.0 
 0.962385 1604.0 
 0.962391 1536.0 
 0.962396 1814.0 
 0.962402 1400.0 
 0.962408 1756.0 
 0.962414 1600.0 
 0.962420 1436.0 
 0.962426 1708.0 
 0.962432 1556.0 
 0.962438 1682.0 
 0.962444 1484.0 
 0.962449 1168.0 
 0.962455 1464.0 
 0.962461 1676.0 
 0.962467 1656.0 
 0.962473 1720.0 
 0.962479 1760.0 
 0.962485 1608.0 
 0.962491 1604.0 
 0.962497 1656.0 
 0.962503 1444.0 
 0.962508 1544.0 
 0.962514 1400.0 
 0.962520 1536.0 
 0.962526 1512.0 
 0.962532 1628.0 
 0.962538 1616.0 
 0.962544 1708.0 
 0.962550 1656.0 
 0.962556 1264.0 
 0.962561 1784.0 
 0.962567 1532.0 
 0.962573 1360.0 
 0.962579 1464.0 
 0.962585 1452.0 
 0.962591 1416.0 
 0.962597 1504.0 
 0.962603 1428.0 
 0.962609 1444.0 
 0.962615 1476.0 
 0.962620 1284.0 
 0.962626 1672.0 
 0.962632 1508.0 
 0.962638 1628.0 
 0.962644 1474.0 
 0.962650 1552.0 
 0.962656 1720.0 
 0.962662 1696.0 
 0.962668 1592.0 
 0.962673 1676.0 
 0.962679 1796.0 
 0.962685 1696.0 
 0.962691 1684.0 
 0.962697 1656.0 
 0.962703 1486.0 
 0.962709 1524.0 
 0.962715 1602.0 
 0.962721 1724.0 
 0.962727 1872.0 
 0.962732 1776.0 
 0.962738 1744.0 
 0.962744 1852.0 
 0.962750 1308.0 
 0.962756 1760.0 
 0.962762 1596.0 
 0.962768 1344.0 
 0.962774 1820.0 
 0.962780 1760.0 
 0.962785 1740.0 
 0.962791 1508.0 
 0.962797 1664.0 
 0.962803 1600.0 
 0.962809 1752.0 
 0.962815 1616.0 
 0.962821 2000.0 
 0.962827 1644.0 
 0.962833 1796.0 
 0.962839 1508.0 
 0.962844 1444.0 
 0.962850 1896.0 
 0.962856 1936.0 
 0.962862 1620.0 
 0.962868 1872.0 
 0.962874 1764.0 
 0.962880 1860.0 
 0.962886 1836.0 
 0.962892 2036.0 
 0.962898 1864.0 
 0.962903 1732.0 
 0.962909 2300.0 
 0.962915 1828.0 
 0.962921 1238.0 
 0.962927 1924.0 
 0.962933 1928.0 
 0.962939 1316.0 
 0.962945 1604.0 
 0.962951 1488.0 
 0.962956 1642.0 
 0.962962 1704.0 
 0.962968 1904.0 
 0.962974 2080.0 
 0.962980 2064.0 
 0.962986 2116.0 
 0.962992 1924.0 
 0.962998 1716.0 
 0.963004 1880.0 
 0.963010 1818.0 
 0.963015 1688.0 
 0.963021 2080.0 
 0.963027 1492.0 
 0.963033 1712.0 
 0.963039 1644.0 
 0.963045 2036.0 
 0.963051 1908.0 
 0.963057 1816.0 
 0.963063 1948.0 
 0.963068 1836.0 
 0.963074 1624.0 
 0.963080 1888.0 
 0.963086 1978.0 
 0.963092 1876.0 
 0.963098 1704.0 
 0.963104 1864.0 
 0.963110 1756.0 
 0.963116 2012.0 
 0.963122 1912.0 
 0.963127 1760.0 
 0.963133 1864.0 
 0.963139 2148.0 
 0.963145 1956.0 
 0.963151 1836.0 
 0.963157 1888.0 
 0.963163 2204.0 
 0.963169 1852.0 
 0.963175 1928.0 
 0.963180 2132.0 
 0.963186 1740.0 
 0.963192 2284.0 
 0.963198 1980.0 
 0.963204 1948.0 
 0.963210 1638.0 
 0.963216 1512.0 
 0.963222 1688.0 
 0.963228 1976.0 
 0.963234 1992.0 
 0.963239 2232.0 
 0.963245 2172.0 
 0.963251 1996.0 
 0.963257 2076.0 
 0.963263 1872.0 
 0.963269 1732.0 
 0.963275 2128.0 
 0.963281 2076.0 
 0.963287 2132.0 
 0.963293 2076.0 
 0.963298 2360.0 
 0.963304 1984.0 
 0.963310 2108.0 
 0.963316 2228.0 
 0.963322 2120.0 
 0.963328 1916.0 
 0.963334 2288.0 
 0.963340 2000.0 
 0.963346 1988.0 
 0.963351 2240.0 
 0.963357 1612.0 
 0.963363 2548.0 
 0.963369 2156.0 
 0.963375 2060.0 
 0.963381 2636.0 
 0.963387 2192.0 
 0.963393 2176.0 
 0.963399 2126.0 
 0.963405 2110.0 
 0.963410 1798.0 
 0.963416 2432.0 
 0.963422 2072.0 
 0.963428 2416.0 
 0.963434 1900.0 
 0.963440 1984.0 
 0.963446 2216.0 
 0.963452 2188.0 
 0.963458 1988.0 
 0.963463 2088.0 
 0.963469 2232.0 
 0.963475 2208.0 
 0.963481 2120.0 
 0.963487 2252.0 
 0.963493 2280.0 
 0.963499 1968.0 
 0.963505 2120.0 
 0.963511 2312.0 
 0.963517 2252.0 
 0.963522 2424.0 
 0.963528 2042.0 
 0.963534 1768.0 
 0.963540 2534.0 
 0.963546 2264.0 
 0.963552 2896.0 
 0.963558 2736.0 
 0.963564 2316.0 
 0.963570 2056.0 
 0.963575 2516.0 
 0.963581 2480.0 
 0.963587 2244.0 
 0.963593 2288.0 
 0.963599 2428.0 
 0.963605 2262.0 
 0.963611 2160.0 
 0.963617 2632.0 
 0.963623 2340.0 
 0.963629 2280.0 
 0.963634 2644.0 
 0.963640 2304.0 
 0.963646 1988.0 
 0.963652 2212.0 
 0.963658 2472.0 
 0.963664 2316.0 
 0.963670 2492.0 
 0.963676 2560.0 
 0.963682 2736.0 
 0.963687 2672.0 
 0.963693 2572.0 
 0.963699 2636.0 
 0.963705 2104.0 
 0.963711 2492.0 
 0.963717 2568.0 
 0.963723 2342.0 
 0.963729 2560.0 
 0.963735 2836.0 
 0.963741 2452.0 
 0.963746 2932.0 
 0.963752 2812.0 
 0.963758 2548.0 
 0.963764 2640.0 
 0.963770 2512.0 
 0.963776 2572.0 
 0.963782 2640.0 
 0.963788 2748.0 
 0.963794 2404.0 
 0.963800 2496.0 
 0.963805 2448.0 
 0.963811 2300.0 
 0.963817 2732.0 
 0.963823 3016.0 
 0.963829 2924.0 
 0.963835 2588.0 
 0.963841 2264.0 
 0.963847 2840.0 
 0.963853 2460.0 
 0.963858 2636.0 
 0.963864 2856.0 
 0.963870 2576.0 
 0.963876 3064.0 
 0.963882 2888.0 
 0.963888 2672.0 
 0.963894 2668.0 
 0.963900 2900.0 
 0.963906 2844.0 
 0.963912 2872.0 
 0.963917 2980.0 
 0.963923 3000.0 
 0.963929 3024.0 
 0.963935 3472.0 
 0.963941 3184.0 
 0.963947 3632.0 
 0.963953 2868.0 
 0.963959 3120.0 
 0.963965 3080.0 
 0.963970 3132.0 
 0.963976 2788.0 
 0.963982 2604.0 
 0.963988 3292.0 
 0.963994 2960.0 
 0.964000 2788.0 
 0.964006 3416.0 
 0.964012 3100.0 
 0.964018 3436.0 
 0.964024 3468.0 
 0.964029 3216.0 
 0.964035 3064.0 
 0.964041 3512.0 
 0.964047 3544.0 
 0.964053 3684.0 
 0.964059 3264.0 
 0.964065 3184.0 
 0.964071 3676.0 
 0.964077 3600.0 
 0.964082 3712.0 
 0.964088 4012.0 
 0.964094 3440.0 
 0.964100 3484.0 
