 0.917287 2208.0 
 0.917293 2136.0 
 0.917298 2012.0 
 0.917304 1944.0 
 0.917309 1916.0 
 0.917315 2340.0 
 0.917320 2060.0 
 0.917326 1944.0 
 0.917332 2044.0 
 0.917337 1956.0 
 0.917343 1868.0 
 0.917348 1992.0 
 0.917354 1780.0 
 0.917359 2116.0 
 0.917365 1892.0 
 0.917370 1912.0 
 0.917376 1788.0 
 0.917381 2064.0 
 0.917387 1992.0 
 0.917392 1904.0 
 0.917398 2064.0 
 0.917403 2068.0 
 0.917409 2244.0 
 0.917414 1956.0 
 0.917420 2204.0 
 0.917425 2144.0 
 0.917431 2152.0 
 0.917436 2244.0 
 0.917442 1944.0 
 0.917447 1876.0 
 0.917453 2252.0 
 0.917458 2054.0 
 0.917464 1968.0 
 0.917469 2076.0 
 0.917475 1808.0 
 0.917480 2312.0 
 0.917486 2284.0 
 0.917491 2072.0 
 0.917497 2004.0 
 0.917502 2152.0 
 0.917508 2052.0 
 0.917514 2172.0 
 0.917519 2124.0 
 0.917525 2100.0 
 0.917530 1980.0 
 0.917536 1812.0 
 0.917541 2116.0 
 0.917547 2052.0 
 0.917552 2288.0 
 0.917558 2060.0 
 0.917563 1872.0 
 0.917569 2260.0 
 0.917574 2188.0 
 0.917580 2252.0 
 0.917585 2308.0 
 0.917591 2080.0 
 0.917596 1848.0 
 0.917602 2064.0 
 0.917607 2100.0 
 0.917613 2328.0 
 0.917618 2060.0 
 0.917624 2160.0 
 0.917629 2028.0 
 0.917635 2164.0 
 0.917640 2100.0 
 0.917646 2336.0 
 0.917651 2272.0 
 0.917657 2276.0 
 0.917662 2328.0 
 0.917668 2228.0 
 0.917673 2124.0 
 0.917679 1992.0 
 0.917684 2248.0 
 0.917690 2308.0 
 0.917696 2100.0 
 0.917701 2144.0 
 0.917707 2208.0 
 0.917712 2032.0 
 0.917718 2448.0 
 0.917723 2000.0 
 0.917729 2296.0 
 0.917734 2256.0 
 0.917740 2156.0 
 0.917745 2260.0 
 0.917751 2268.0 
 0.917756 2344.0 
 0.917762 2044.0 
 0.917767 2188.0 
 0.917773 2536.0 
 0.917778 2352.0 
 0.917784 2244.0 
 0.917789 1896.0 
 0.917795 2080.0 
 0.917800 2312.0 
 0.917806 2728.0 
 0.917811 2480.0 
 0.917817 2296.0 
 0.917822 2068.0 
 0.917828 2368.0 
 0.917833 2368.0 
 0.917839 2306.0 
 0.917844 2324.0 
 0.917850 2344.0 
 0.917855 2272.0 
 0.917861 2320.0 
 0.917866 2416.0 
 0.917872 2288.0 
 0.917878 2456.0 
 0.917883 2460.0 
 0.917889 2264.0 
 0.917894 2496.0 
 0.917900 2384.0 
 0.917905 2218.0 
 0.917911 2360.0 
 0.917916 2496.0 
 0.917922 2332.0 
 0.917927 2440.0 
 0.917933 2596.0 
 0.917938 2452.0 
 0.917944 2464.0 
 0.917949 2532.0 
 0.917955 2284.0 
 0.917960 2420.0 
 0.917966 2364.0 
 0.917971 2664.0 
 0.917977 2432.0 
 0.917982 2484.0 
 0.917988 2224.0 
 0.917993 2324.0 
 0.917999 2188.0 
 0.918004 2236.0 
 0.918010 1996.0 
 0.918015 2220.0 
 0.918021 2096.0 
 0.918026 1896.0 
 0.918032 1832.0 
 0.918037 1996.0 
 0.918043 2008.0 
 0.918048 2140.0 
 0.918054 1916.0 
 0.918059 2220.0 
 0.918065 2040.0 
 0.918071 2224.0 
 0.918076 2388.0 
 0.918082 2336.0 
 0.918087 2280.0 
 0.918093 2332.0 
 0.918098 2692.0 
 0.918104 2484.0 
 0.918109 2232.0 
 0.918115 2456.0 
 0.918120 2340.0 
 0.918126 2628.0 
 0.918131 2364.0 
 0.918137 2548.0 
 0.918142 2452.0 
 0.918148 2568.0 
 0.918153 2468.0 
 0.918159 2516.0 
 0.918164 2592.0 
 0.918170 2400.0 
 0.918175 2448.0 
 0.918181 2204.0 
 0.918186 2452.0 
 0.918192 2496.0 
 0.918197 2300.0 
 0.918203 2348.0 
 0.918208 2308.0 
 0.918214 2588.0 
 0.918219 2368.0 
 0.918225 2548.0 
 0.918230 2572.0 
 0.918236 2664.0 
 0.918241 2420.0 
 0.918247 2512.0 
 0.918253 2372.0 
 0.918258 2524.0 
 0.918264 2796.0 
 0.918269 2792.0 
 0.918275 2688.0 
 0.918280 2676.0 
 0.918286 2612.0 
 0.918291 2424.0 
 0.918297 2784.0 
 0.918302 2520.0 
 0.918308 2568.0 
 0.918313 2396.0 
 0.918319 2576.0 
 0.918324 2496.0 
 0.918330 2656.0 
 0.918335 2644.0 
 0.918341 2820.0 
 0.918346 2236.0 
 0.918352 2220.0 
 0.918357 2216.0 
 0.918363 2324.0 
 0.918368 2236.0 
 0.918374 2184.0 
 0.918379 2252.0 
 0.918385 2432.0 
 0.918390 2696.0 
 0.918396 2440.0 
 0.918401 2796.0 
 0.918407 2732.0 
 0.918412 2568.0 
 0.918418 2628.0 
 0.918423 2672.0 
 0.918429 2648.0 
 0.918435 2760.0 
 0.918440 2912.0 
 0.918446 2688.0 
 0.918451 2696.0 
 0.918457 2520.0 
 0.918462 2912.0 
 0.918468 2592.0 
 0.918473 2704.0 
 0.918479 2588.0 
 0.918484 2416.0 
 0.918490 2948.0 
 0.918495 2844.0 
 0.918501 2656.0 
 0.918506 2780.0 
 0.918512 2652.0 
 0.918517 2976.0 
 0.918523 2900.0 
 0.918528 2820.0 
 0.918534 2612.0 
 0.918539 2844.0 
 0.918545 2732.0 
 0.918550 3008.0 
 0.918556 2804.0 
 0.918561 2480.0 
 0.918567 2836.0 
 0.918572 2924.0 
 0.918578 2776.0 
 0.918583 2792.0 
 0.918589 2792.0 
 0.918594 2916.0 
 0.918600 2836.0 
 0.918605 2584.0 
 0.918611 3020.0 
 0.918617 2896.0 
 0.918622 2968.0 
 0.918628 2576.0 
 0.918633 2576.0 
 0.918639 3020.0 
 0.918644 2480.0 
 0.918650 2792.0 
 0.918655 2728.0 
 0.918661 2880.0 
 0.918666 2892.0 
 0.918672 2872.0 
 0.918677 2588.0 
 0.918683 2560.0 
 0.918688 2892.0 
 0.918694 2912.0 
 0.918699 2944.0 
 0.918705 2796.0 
 0.918710 3184.0 
 0.918716 2820.0 
 0.918721 2356.0 
 0.918727 2988.0 
 0.918732 2796.0 
 0.918738 2804.0 
 0.918743 2680.0 
 0.918749 3040.0 
 0.918754 2920.0 
 0.918760 3004.0 
 0.918765 2896.0 
 0.918771 2836.0 
 0.918776 2984.0 
 0.918782 3084.0 
 0.918787 3052.0 
 0.918793 2760.0 
 0.918799 3120.0 
 0.918804 2784.0 
 0.918810 2776.0 
 0.918815 2900.0 
 0.918821 2776.0 
 0.918826 2592.0 
 0.918832 2716.0 
 0.918837 2420.0 
 0.918843 2348.0 
 0.918848 2600.0 
 0.918854 2672.0 
 0.918859 2644.0 
 0.918865 2744.0 
 0.918870 3220.0 
 0.918876 3100.0 
 0.918881 3104.0 
 0.918887 2872.0 
 0.918892 3008.0 
 0.918898 2612.0 
 0.918903 2928.0 
 0.918909 3080.0 
 0.918914 3236.0 
 0.918920 3020.0 
 0.918925 3064.0 
 0.918931 3164.0 
 0.918936 2876.0 
 0.918942 2992.0 
 0.918947 2920.0 
 0.918953 3008.0 
 0.918958 2992.0 
 0.918964 3128.0 
 0.918969 3020.0 
 0.918975 2960.0 
 0.918981 2608.0 
 0.918986 2976.0 
 0.918992 3060.0 
 0.918997 3148.0 
 0.919003 3036.0 
 0.919008 2888.0 
 0.919014 3012.0 
 0.919019 3028.0 
 0.919025 3024.0 
 0.919030 3028.0 
 0.919036 3048.0 
 0.919041 2784.0 
 0.919047 2776.0 
 0.919052 3104.0 
 0.919058 2976.0 
 0.919063 2968.0 
 0.919069 3104.0 
 0.919074 3080.0 
 0.919080 3004.0 
 0.919085 3044.0 
 0.919091 3160.0 
 0.919096 3116.0 
 0.919102 3052.0 
 0.919107 3048.0 
 0.919113 2884.0 
 0.919118 3088.0 
 0.919124 3016.0 
 0.919129 3092.0 
 0.919135 3216.0 
 0.919140 2872.0 
 0.919146 3128.0 
 0.919151 2892.0 
 0.919157 2836.0 
 0.919163 3004.0 
 0.919168 2852.0 
 0.919174 3048.0 
 0.919179 3080.0 
 0.919185 3032.0 
 0.919190 2932.0 
 0.919196 2904.0 
 0.919201 3116.0 
 0.919207 2884.0 
 0.919212 2980.0 
 0.919218 3000.0 
 0.919223 3020.0 
 0.919229 3052.0 
 0.919234 2936.0 
 0.919240 3120.0 
 0.919245 2968.0 
 0.919251 3112.0 
 0.919256 3064.0 
 0.919262 3148.0 
 0.919267 3116.0 
 0.919273 3124.0 
 0.919278 3072.0 
 0.919284 3140.0 
 0.919289 2924.0 
 0.919295 2868.0 
 0.919300 3200.0 
 0.919306 3044.0 
 0.919311 3084.0 
 0.919317 3304.0 
 0.919322 2936.0 
 0.919328 3108.0 
 0.919333 3388.0 
 0.919339 2984.0 
 0.919345 3132.0 
 0.919350 3180.0 
 0.919356 3244.0 
 0.919361 3192.0 
 0.919367 3300.0 
 0.919372 3040.0 
 0.919378 3456.0 
 0.919383 2856.0 
 0.919389 3140.0 
 0.919394 3248.0 
 0.919400 3284.0 
 0.919405 3468.0 
 0.919411 3424.0 
 0.919416 2952.0 
 0.919422 3164.0 
 0.919427 3168.0 
 0.919433 3404.0 
 0.919438 3540.0 
 0.919444 3228.0 
 0.919449 3320.0 
 0.919455 3352.0 
 0.919460 3348.0 
 0.919466 3184.0 
 0.919471 3120.0 
 0.919477 3172.0 
 0.919482 3064.0 
 0.919488 3384.0 
 0.919493 3200.0 
 0.919499 3076.0 
 0.919504 3156.0 
 0.919510 3072.0 
 0.919515 3348.0 
 0.919521 3184.0 
 0.919527 3332.0 
 0.919532 3380.0 
 0.919538 3192.0 
 0.919543 3288.0 
 0.919549 3268.0 
 0.919554 2952.0 
 0.919560 3364.0 
 0.919565 3512.0 
 0.919571 3360.0 
 0.919576 3144.0 
 0.919582 3192.0 
 0.919587 3312.0 
 0.919593 3352.0 
 0.919598 3364.0 
 0.919604 3256.0 
 0.919609 3592.0 
 0.919615 3356.0 
 0.919620 3228.0 
 0.919626 3260.0 
 0.919631 3488.0 
 0.919637 3284.0 
 0.919642 3468.0 
 0.919648 3332.0 
 0.919653 3236.0 
 0.919659 3020.0 
 0.919664 3200.0 
 0.919670 3344.0 
 0.919675 2808.0 
 0.919681 3084.0 
 0.919686 2948.0 
 0.919692 2652.0 
 0.919697 2428.0 
 0.919703 2768.0 
 0.919709 2584.0 
 0.919714 2868.0 
 0.919720 2796.0 
 0.919725 2820.0 
 0.919731 2732.0 
 0.919736 3096.0 
 0.919742 3048.0 
 0.919747 3140.0 
 0.919753 3112.0 
 0.919758 3256.0 
 0.919764 2812.0 
 0.919769 3052.0 
 0.919775 3128.0 
 0.919780 3228.0 
 0.919786 3076.0 
 0.919791 3044.0 
 0.919797 3312.0 
 0.919802 3032.0 
 0.919808 3144.0 
 0.919813 3300.0 
 0.919819 3336.0 
 0.919824 3024.0 
 0.919830 3660.0 
 0.919835 3484.0 
 0.919841 3088.0 
 0.919846 2820.0 
 0.919852 3080.0 
 0.919857 3016.0 
 0.919863 2796.0 
 0.919868 2948.0 
 0.919874 2732.0 
 0.919879 2732.0 
 0.919885 2768.0 
 0.919891 2512.0 
 0.919896 2548.0 
 0.919902 2392.0 
 0.919907 2496.0 
 0.919913 2412.0 
 0.919918 2784.0 
 0.919924 2912.0 
 0.919929 3120.0 
 0.919935 3104.0 
 0.919940 3008.0 
 0.919946 3272.0 
 0.919951 3348.0 
 0.919957 3000.0 
 0.919962 3208.0 
 0.919968 3232.0 
 0.919973 2868.0 
 0.919979 3076.0 
 0.919984 3196.0 
 0.919990 3440.0 
 0.919995 3368.0 
 0.920001 3460.0 
 0.920006 3140.0 
 0.920012 3388.0 
 0.920017 3208.0 
 0.920023 3528.0 
 0.920028 3452.0 
 0.920034 2988.0 
 0.920039 3224.0 
 0.920045 3624.0 
 0.920050 3164.0 
 0.920056 3088.0 
 0.920061 3144.0 
 0.920067 3512.0 
 0.920073 3556.0 
 0.920078 3424.0 
 0.920084 3372.0 
 0.920089 3144.0 
 0.920095 3704.0 
 0.920100 3428.0 
 0.920106 2952.0 
 0.920111 3564.0 
 0.920117 3488.0 
 0.920122 3428.0 
 0.920128 3852.0 
 0.920133 3756.0 
 0.920139 3528.0 
 0.920144 3440.0 
 0.920150 3428.0 
 0.920155 3732.0 
 0.920161 3784.0 
 0.920166 3752.0 
 0.920172 3584.0 
 0.920177 3436.0 
 0.920183 3336.0 
 0.920188 3248.0 
 0.920194 2864.0 
 0.920199 2912.0 
 0.920205 2956.0 
 0.920210 2812.0 
 0.920216 2624.0 
 0.920221 2648.0 
 0.920227 2688.0 
 0.920232 2620.0 
 0.920238 2832.0 
 0.920243 2800.0 
 0.920249 2840.0 
 0.920255 2976.0 
 0.920260 3176.0 
 0.920266 3352.0 
 0.920271 3028.0 
 0.920277 3192.0 
 0.920282 3536.0 
 0.920288 3504.0 
 0.920293 3680.0 
 0.920299 3420.0 
 0.920304 3276.0 
 0.920310 3416.0 
 0.920315 3628.0 
 0.920321 3508.0 
 0.920326 3688.0 
 0.920332 3640.0 
 0.920337 3836.0 
 0.920343 3524.0 
 0.920348 3560.0 
 0.920354 3500.0 
 0.920359 3832.0 
 0.920365 3652.0 
 0.920370 3564.0 
 0.920376 3440.0 
 0.920381 3508.0 
 0.920387 3764.0 
 0.920392 3664.0 
 0.920398 3452.0 
 0.920403 3340.0 
 0.920409 3424.0 
 0.920414 3320.0 
 0.920420 3356.0 
 0.920425 3492.0 
 0.920431 3732.0 
 0.920437 3732.0 
 0.920442 3520.0 
 0.920448 3704.0 
 0.920453 3676.0 
 0.920459 3640.0 
 0.920464 3568.0 
 0.920470 3520.0 
 0.920475 3756.0 
 0.920481 3804.0 
 0.920486 3776.0 
 0.920492 3712.0 
 0.920497 3848.0 
 0.920503 3576.0 
 0.920508 3392.0 
 0.920514 3724.0 
 0.920519 3260.0 
 0.920525 3272.0 
 0.920530 3616.0 
 0.920536 3572.0 
 0.920541 3352.0 
 0.920547 3464.0 
 0.920552 3436.0 
 0.920558 3308.0 
 0.920563 3488.0 
 0.920569 3648.0 
 0.920574 3452.0 
 0.920580 3496.0 
 0.920585 3600.0 
 0.920591 3596.0 
 0.920596 3704.0 
 0.920602 3496.0 
 0.920607 3672.0 
 0.920613 3772.0 
 0.920619 3608.0 
 0.920624 3668.0 
 0.920630 3792.0 
 0.920635 3472.0 
 0.920641 3572.0 
 0.920646 3772.0 
 0.920652 3596.0 
 0.920657 3864.0 
 0.920663 3564.0 
 0.920668 3308.0 
 0.920674 3436.0 
 0.920679 3620.0 
 0.920685 3748.0 
 0.920690 3592.0 
 0.920696 3448.0 
 0.920701 3912.0 
 0.920707 3352.0 
 0.920712 3756.0 
 0.920718 3732.0 
 0.920723 3628.0 
 0.920729 3672.0 
 0.920734 3648.0 
 0.920740 3692.0 
 0.920745 3572.0 
 0.920751 3632.0 
 0.920756 3740.0 
 0.920762 3568.0 
 0.920767 3380.0 
 0.920773 3952.0 
 0.920778 3916.0 
 0.920784 3388.0 
 0.920789 3632.0 
 0.920795 3760.0 
 0.920801 3832.0 
 0.920806 3720.0 
 0.920812 3724.0 
 0.920817 3916.0 
 0.920823 3760.0 
 0.920828 3676.0 
 0.920834 3404.0 
 0.920839 3908.0 
 0.920845 3648.0 
 0.920850 3244.0 
 0.920856 3548.0 
 0.920861 3776.0 
 0.920867 3536.0 
 0.920872 3756.0 
 0.920878 3816.0 
 0.920883 3764.0 
 0.920889 3844.0 
 0.920894 3668.0 
 0.920900 3740.0 
 0.920905 3584.0 
 0.920911 4080.0 
 0.920916 3732.0 
 0.920922 3784.0 
 0.920927 3648.0 
 0.920933 3776.0 
 0.920938 3452.0 
 0.920944 3680.0 
 0.920949 3784.0 
 0.920955 3704.0 
 0.920960 3576.0 
 0.920966 3648.0 
 0.920971 3592.0 
 0.920977 3516.0 
 0.920983 3788.0 
 0.920988 3592.0 
 0.920994 3584.0 
 0.920999 3564.0 
 0.921005 4052.0 
 0.921010 3660.0 
 0.921016 3736.0 
 0.921021 3844.0 
 0.921027 3780.0 
 0.921032 3768.0 
 0.921038 3512.0 
 0.921043 3468.0 
 0.921049 3708.0 
 0.921054 3760.0 
 0.921060 3576.0 
 0.921065 3520.0 
 0.921071 3268.0 
 0.921076 3392.0 
 0.921082 3464.0 
 0.921087 3536.0 
 0.921093 3668.0 
 0.921098 3580.0 
 0.921104 3556.0 
 0.921109 3256.0 
 0.921115 3760.0 
 0.921120 3672.0 
 0.921126 3636.0 
 0.921131 3656.0 
 0.921137 3644.0 
 0.921142 3596.0 
 0.921148 3916.0 
 0.921153 3752.0 
 0.921159 3820.0 
 0.921165 3728.0 
 0.921170 3452.0 
 0.921176 3340.0 
 0.921181 3836.0 
 0.921187 3456.0 
 0.921192 3708.0 
 0.921198 3692.0 
 0.921203 3704.0 
 0.921209 3992.0 
 0.921214 3784.0 
 0.921220 3404.0 
 0.921225 3668.0 
 0.921231 3900.0 
 0.921236 3724.0 
 0.921242 3748.0 
 0.921247 3752.0 
 0.921253 3338.0 
 0.921258 3628.0 
 0.921264 3848.0 
 0.921269 3302.0 
 0.921275 3552.0 
 0.921280 3496.0 
 0.921286 3280.0 
 0.921291 3488.0 
 0.921297 3432.0 
 0.921302 3804.0 
 0.921308 3540.0 
 0.921313 3848.0 
 0.921319 3708.0 
 0.921324 3980.0 
 0.921330 3624.0 
 0.921335 3972.0 
 0.921341 3816.0 
 0.921347 3824.0 
 0.921352 3388.0 
 0.921358 3536.0 
 0.921363 3596.0 
 0.921369 3684.0 
 0.921374 4016.0 
 0.921380 3836.0 
 0.921385 3500.0 
 0.921391 3488.0 
 0.921396 3700.0 
 0.921402 3448.0 
 0.921407 3472.0 
 0.921413 3832.0 
 0.921418 3672.0 
 0.921424 3696.0 
 0.921429 3696.0 
 0.921435 3548.0 
 0.921440 3760.0 
 0.921446 3488.0 
 0.921451 3628.0 
 0.921457 3812.0 
 0.921462 3696.0 
 0.921468 3844.0 
 0.921473 3712.0 
 0.921479 3552.0 
 0.921484 3712.0 
 0.921490 3572.0 
 0.921495 3224.0 
 0.921501 3632.0 
 0.921506 3500.0 
 0.921512 3640.0 
 0.921517 3388.0 
 0.921523 3332.0 
 0.921529 3496.0 
 0.921534 3456.0 
 0.921540 3516.0 
 0.921545 3720.0 
 0.921551 3700.0 
 0.921556 3628.0 
 0.921562 3580.0 
 0.921567 3700.0 
 0.921573 3452.0 
 0.921578 3908.0 
 0.921584 3524.0 
 0.921589 3648.0 
 0.921595 3644.0 
 0.921600 3768.0 
 0.921606 3764.0 
 0.921611 3460.0 
 0.921617 3468.0 
 0.921622 3472.0 
 0.921628 3204.0 
 0.921633 3592.0 
 0.921639 3348.0 
 0.921644 3224.0 
 0.921650 3104.0 
 0.921655 2856.0 
 0.921661 2696.0 
 0.921666 2704.0 
 0.921672 2912.0 
 0.921677 2832.0 
 0.921683 3172.0 
 0.921688 3436.0 
 0.921694 3516.0 
 0.921699 3684.0 
 0.921705 3472.0 
 0.921711 3552.0 
 0.921716 3604.0 
 0.921722 3556.0 
 0.921727 3444.0 
 0.921733 3524.0 
 0.921738 3564.0 
 0.921744 3652.0 
 0.921749 3348.0 
 0.921755 3436.0 
 0.921760 3304.0 
 0.921766 3392.0 
 0.921771 3448.0 
 0.921777 3296.0 
 0.921782 3324.0 
 0.921788 3348.0 
 0.921793 3180.0 
 0.921799 3300.0 
 0.921804 3700.0 
 0.921810 3332.0 
 0.921815 3248.0 
 0.921821 3056.0 
 0.921826 3268.0 
 0.921832 3696.0 
 0.921837 3712.0 
 0.921843 3688.0 
 0.921848 3672.0 
 0.921854 4000.0 
 0.921859 3684.0 
 0.921865 3440.0 
 0.921870 3592.0 
 0.921876 3792.0 
 0.921881 3672.0 
 0.921887 3768.0 
 0.921893 3824.0 
 0.921898 3816.0 
 0.921904 3472.0 
 0.921909 3636.0 
 0.921915 3496.0 
 0.921920 3840.0 
 0.921926 3872.0 
 0.921931 4008.0 
 0.921937 3768.0 
 0.921942 3768.0 
 0.921948 3784.0 
 0.921953 3472.0 
 0.921959 3596.0 
 0.921964 3652.0 
 0.921970 3720.0 
 0.921975 3544.0 
 0.921981 3412.0 
 0.921986 3372.0 
 0.921992 3404.0 
 0.921997 3520.0 
 0.922003 3648.0 
 0.922008 3612.0 
 0.922014 3600.0 
 0.922019 3384.0 
 0.922025 3452.0 
 0.922030 3612.0 
 0.922036 3552.0 
 0.922041 3592.0 
 0.922047 3628.0 
 0.922052 3468.0 
 0.922058 3776.0 
 0.922063 3744.0 
 0.922069 3700.0 
 0.922075 3708.0 
 0.922080 3712.0 
 0.922086 3932.0 
 0.922091 3656.0 
 0.922097 3844.0 
 0.922102 4072.0 
 0.922108 3916.0 
 0.922113 3772.0 
 0.922119 3992.0 
 0.922124 3420.0 
 0.922130 3316.0 
 0.922135 3252.0 
 0.922141 3576.0 
 0.922146 3648.0 
 0.922152 3484.0 
 0.922157 3712.0 
 0.922163 3680.0 
 0.922168 3472.0 
 0.922174 3400.0 
 0.922179 3460.0 
 0.922185 3476.0 
 0.922190 3580.0 
 0.922196 3724.0 
 0.922201 3680.0 
 0.922207 3620.0 
 0.922212 3568.0 
 0.922218 3776.0 
 0.922223 3800.0 
 0.922229 3712.0 
 0.922234 3708.0 
 0.922240 3540.0 
 0.922245 3740.0 
 0.922251 3636.0 
 0.922257 3604.0 
 0.922262 3512.0 
 0.922268 3376.0 
 0.922273 3228.0 
 0.922279 3056.0 
 0.922284 3008.0 
 0.922290 3112.0 
 0.922295 2904.0 
 0.922301 2824.0 
 0.922306 3036.0 
 0.922312 2996.0 
 0.922317 3280.0 
 0.922323 3252.0 
 0.922328 3280.0 
 0.922334 3416.0 
 0.922339 3668.0 
 0.922345 3448.0 
 0.922350 3648.0 
 0.922356 3620.0 
 0.922361 3584.0 
 0.922367 3460.0 
 0.922372 3520.0 
 0.922378 3412.0 
 0.922383 3908.0 
 0.922389 3604.0 
 0.922394 3464.0 
 0.922400 3668.0 
 0.922405 3780.0 
 0.922411 3396.0 
 0.922416 3528.0 
 0.922422 3596.0 
 0.922427 3668.0 
 0.922433 3416.0 
 0.922439 3396.0 
 0.922444 3200.0 
 0.922450 3300.0 
 0.922455 3212.0 
 0.922461 3068.0 
 0.922466 3688.0 
 0.922472 3412.0 
 0.922477 3372.0 
 0.922483 3400.0 
 0.922488 3144.0 
 0.922494 3628.0 
 0.922499 3684.0 
 0.922505 3420.0 
 0.922510 3492.0 
 0.922516 3604.0 
 0.922521 3588.0 
 0.922527 3576.0 
 0.922532 3816.0 
 0.922538 3516.0 
 0.922543 3644.0 
 0.922549 3568.0 
 0.922554 3552.0 
 0.922560 3564.0 
 0.922565 3900.0 
 0.922571 3800.0 
 0.922576 3612.0 
 0.922582 3684.0 
 0.922587 3676.0 
 0.922593 3424.0 
 0.922598 3300.0 
 0.922604 3408.0 
 0.922609 3468.0 
 0.922615 3452.0 
 0.922621 3380.0 
 0.922626 3420.0 
 0.922632 3380.0 
 0.922637 3104.0 
 0.922643 3088.0 
 0.922648 3432.0 
 0.922654 3924.0 
 0.922659 3652.0 
 0.922665 3616.0 
 0.922670 3412.0 
 0.922676 3692.0 
 0.922681 3580.0 
 0.922687 3720.0 
 0.922692 3364.0 
 0.922698 3524.0 
 0.922703 3744.0 
 0.922709 3676.0 
 0.922714 3504.0 
 0.922720 3364.0 
 0.922725 3588.0 
 0.922731 3552.0 
 0.922736 3748.0 
 0.922742 3484.0 
 0.922747 3660.0 
 0.922753 3636.0 
 0.922758 3716.0 
 0.922764 3444.0 
 0.922769 3520.0 
 0.922775 3352.0 
 0.922780 3452.0 
 0.922786 3372.0 
 0.922791 3568.0 
 0.922797 3576.0 
 0.922803 3392.0 
 0.922808 3188.0 
 0.922814 3340.0 
 0.922819 3280.0 
 0.922825 3404.0 
 0.922830 3776.0 
 0.922836 3648.0 
 0.922841 3836.0 
 0.922847 3720.0 
 0.922852 3636.0 
 0.922858 3480.0 
 0.922863 3320.0 
 0.922869 3408.0 
 0.922874 3812.0 
 0.922880 3612.0 
 0.922885 3804.0 
 0.922891 3608.0 
 0.922896 3540.0 
 0.922902 3592.0 
 0.922907 3680.0 
 0.922913 3316.0 
 0.922918 3628.0 
 0.922924 3504.0 
 0.922929 3368.0 
 0.922935 3536.0 
 0.922940 3432.0 
 0.922946 3380.0 
 0.922951 3128.0 
 0.922957 3140.0 
 0.922962 3248.0 
 0.922968 2968.0 
 0.922973 3156.0 
 0.922979 3392.0 
 0.922985 3432.0 
 0.922990 3444.0 
 0.922996 3344.0 
 0.923001 3408.0 
 0.923007 3900.0 
 0.923012 3500.0 
 0.923018 3740.0 
 0.923023 3680.0 
 0.923029 3308.0 
 0.923034 3484.0 
 0.923040 3644.0 
 0.923045 3356.0 
 0.923051 3492.0 
 0.923056 3408.0 
 0.923062 3328.0 
 0.923067 3628.0 
 0.923073 3564.0 
 0.923078 3560.0 
 0.923084 3632.0 
 0.923089 3628.0 
 0.923095 3340.0 
 0.923100 3232.0 
 0.923106 3256.0 
 0.923111 3476.0 
 0.923117 3468.0 
 0.923122 3348.0 
 0.923128 3188.0 
 0.923133 3024.0 
 0.923139 3152.0 
 0.923144 3472.0 
 0.923150 3088.0 
 0.923155 3228.0 
 0.923161 3628.0 
 0.923167 3140.0 
 0.923172 3200.0 
 0.923178 3232.0 
 0.923183 3368.0 
 0.923189 3492.0 
 0.923194 3448.0 
 0.923200 3492.0 
 0.923205 3380.0 
 0.923211 3744.0 
 0.923216 3480.0 
 0.923222 3452.0 
 0.923227 3572.0 
 0.923233 3444.0 
 0.923238 3312.0 
 0.923244 3452.0 
 0.923249 3488.0 
 0.923255 3728.0 
 0.923260 3816.0 
 0.923266 3148.0 
 0.923271 3228.0 
 0.923277 3120.0 
 0.923282 3020.0 
 0.923288 2988.0 
 0.923293 3076.0 
 0.923299 3176.0 
 0.923304 3240.0 
 0.923310 3008.0 
 0.923315 3048.0 
 0.923321 3136.0 
 0.923326 3208.0 
 0.923332 3064.0 
 0.923337 3156.0 
 0.923343 2964.0 
 0.923349 2880.0 
 0.923354 2988.0 
 0.923360 2700.0 
 0.923365 2904.0 
 0.923371 3028.0 
 0.923376 3060.0 
 0.923382 3424.0 
 0.923387 3228.0 
 0.923393 3676.0 
 0.923398 3216.0 
 0.923404 3076.0 
 0.923409 3176.0 
 0.923415 3156.0 
 0.923420 3392.0 
 0.923426 3484.0 
 0.923431 3660.0 
 0.923437 3528.0 
 0.923442 3088.0 
 0.923448 3496.0 
 0.923453 3284.0 
 0.923459 3396.0 
 0.923464 3724.0 
 0.923470 3364.0 
 0.923475 3420.0 
 0.923481 3292.0 
 0.923486 3276.0 
 0.923492 3356.0 
 0.923497 3400.0 
 0.923503 3544.0 
 0.923508 3372.0 
 0.923514 3260.0 
 0.923519 3240.0 
 0.923525 3424.0 
 0.923531 3296.0 
 0.923536 3280.0 
 0.923542 3084.0 
 0.923547 3372.0 
 0.923553 3460.0 
 0.923558 3236.0 
 0.923564 3376.0 
 0.923569 3024.0 
 0.923575 3404.0 
 0.923580 2984.0 
 0.923586 3152.0 
 0.923591 3048.0 
 0.923597 3252.0 
 0.923602 3228.0 
 0.923608 2996.0 
 0.923613 2868.0 
 0.923619 2760.0 
 0.923624 2612.0 
 0.923630 2648.0 
 0.923635 2720.0 
 0.923641 2752.0 
 0.923646 2912.0 
 0.923652 2780.0 
 0.923657 2740.0 
 0.923663 2944.0 
 0.923668 3160.0 
 0.923674 2884.0 
 0.923679 2884.0 
 0.923685 2940.0 
 0.923690 2984.0 
 0.923696 2904.0 
 0.923701 2892.0 
 0.923707 3192.0 
 0.923713 3268.0 
 0.923718 3300.0 
 0.923724 3160.0 
 0.923729 3388.0 
 0.923735 3272.0 
 0.923740 3396.0 
 0.923746 3360.0 
 0.923751 3188.0 
 0.923757 3360.0 
 0.923762 3476.0 
 0.923768 3396.0 
 0.923773 3236.0 
 0.923779 3276.0 
 0.923784 3576.0 
 0.923790 3468.0 
 0.923795 3356.0 
 0.923801 3488.0 
 0.923806 3452.0 
 0.923812 3432.0 
 0.923817 3256.0 
 0.923823 3436.0 
 0.923828 3216.0 
 0.923834 3312.0 
 0.923839 3212.0 
 0.923845 3228.0 
 0.923850 3304.0 
 0.923856 3440.0 
 0.923861 3204.0 
 0.923867 3280.0 
 0.923872 3212.0 
 0.923878 3220.0 
 0.923883 3168.0 
 0.923889 2768.0 
 0.923895 2780.0 
 0.923900 2320.0 
 0.923906 2536.0 
 0.923911 2568.0 
 0.923917 2404.0 
 0.923922 2920.0 
 0.923928 2512.0 
 0.923933 2872.0 
 0.923939 2804.0 
 0.923944 2716.0 
 0.923950 2740.0 
 0.923955 2820.0 
 0.923961 2832.0 
 0.923966 2416.0 
 0.923972 2648.0 
 0.923977 2764.0 
 0.923983 2548.0 
 0.923988 2692.0 
 0.923994 2836.0 
 0.923999 2916.0 
 0.924005 3260.0 
 0.924010 2996.0 
 0.924016 3184.0 
 0.924021 3272.0 
 0.924027 2936.0 
 0.924032 3100.0 
 0.924038 3240.0 
 0.924043 3264.0 
 0.924049 2780.0 
 0.924054 3092.0 
 0.924060 3140.0 
 0.924065 2820.0 
 0.924071 2988.0 
 0.924077 2784.0 
 0.924082 2844.0 
 0.924088 3084.0 
 0.924093 3068.0 
 0.924099 3188.0 
 0.924104 3260.0 
 0.924110 3276.0 
 0.924115 3180.0 
 0.924121 3084.0 
 0.924126 3184.0 
 0.924132 3264.0 
 0.924137 3312.0 
 0.924143 3152.0 
 0.924148 3360.0 
 0.924154 3392.0 
 0.924159 3016.0 
 0.924165 2980.0 
 0.924170 3228.0 
 0.924176 3144.0 
 0.924181 3696.0 
 0.924187 3480.0 
 0.924192 3332.0 
 0.924198 3184.0 
 0.924203 3256.0 
 0.924209 3224.0 
 0.924214 3012.0 
 0.924220 2984.0 
 0.924225 3164.0 
 0.924231 3148.0 
 0.924236 2744.0 
 0.924242 3008.0 
 0.924247 2868.0 
 0.924253 2828.0 
 0.924259 2316.0 
 0.924264 2208.0 
 0.924270 2068.0 
 0.924275 1976.0 
 0.924281 2476.0 
 0.924286 2320.0 
 0.924292 2804.0 
 0.924297 2700.0 
 0.924303 2796.0 
 0.924308 3136.0 
 0.924314 2824.0 
 0.924319 2976.0 
 0.924325 3108.0 
 0.924330 3064.0 
 0.924336 2732.0 
 0.924341 2964.0 
 0.924347 3020.0 
 0.924352 3248.0 
 0.924358 3052.0 
 0.924363 3360.0 
 0.924369 3004.0 
 0.924374 3208.0 
 0.924380 3148.0 
 0.924385 2928.0 
 0.924391 3048.0 
 0.924396 2884.0 
 0.924402 2960.0 
 0.924407 3180.0 
 0.924413 3060.0 
 0.924418 3180.0 
 0.924424 3080.0 
 0.924429 2984.0 
 0.924435 2968.0 
 0.924441 3464.0 
 0.924446 3088.0 
 0.924452 3276.0 
 0.924457 3196.0 
 0.924463 3356.0 
 0.924468 3300.0 
 0.924474 3316.0 
 0.924479 3456.0 
 0.924485 3232.0 
 0.924490 2964.0 
 0.924496 3256.0 
 0.924501 3180.0 
 0.924507 3336.0 
 0.924512 3448.0 
 0.924518 3080.0 
 0.924523 3092.0 
 0.924529 3016.0 
 0.924534 3228.0 
 0.924540 2936.0 
 0.924545 3440.0 
 0.924551 3180.0 
 0.924556 2952.0 
 0.924562 3068.0 
 0.924567 3148.0 
 0.924573 3124.0 
 0.924578 2908.0 
 0.924584 3092.0 
 0.924589 2964.0 
 0.924595 2988.0 
 0.924600 2800.0 
 0.924606 3036.0 
 0.924611 2604.0 
 0.924617 2788.0 
 0.924623 2720.0 
 0.924628 2916.0 
 0.924634 2748.0 
 0.924639 3032.0 
 0.924645 3068.0 
 0.924650 2936.0 
 0.924656 3096.0 
 0.924661 2708.0 
 0.924667 3164.0 
 0.924672 3132.0 
 0.924678 2772.0 
 0.924683 2968.0 
 0.924689 2640.0 
 0.924694 2340.0 
 0.924700 2196.0 
 0.924705 2336.0 
 0.924711 1964.0 
 0.924716 1836.0 
 0.924722 2112.0 
 0.924727 1980.0 
 0.924733 1996.0 
 0.924738 2400.0 
 0.924744 2464.0 
 0.924749 2684.0 
 0.924755 2752.0 
 0.924760 2820.0 
 0.924766 2972.0 
 0.924771 2992.0 
 0.924777 3100.0 
 0.924782 3000.0 
 0.924788 3012.0 
 0.924793 3192.0 
 0.924799 3100.0 
 0.924805 2988.0 
 0.924810 2796.0 
 0.924816 2564.0 
 0.924821 2776.0 
 0.924827 2584.0 
 0.924832 2540.0 
 0.924838 2512.0 
 0.924843 2268.0 
 0.924849 2152.0 
 0.924854 2084.0 
 0.924860 1708.0 
 0.924865 1540.0 
 0.924871 1516.0 
 0.924876 1732.0 
 0.924882 1796.0 
 0.924887 1992.0 
 0.924893 2108.0 
 0.924898 2220.0 
 0.924904 2464.0 
 0.924909 2608.0 
 0.924915 2788.0 
 0.924920 2788.0 
 0.924926 3004.0 
 0.924931 2744.0 
 0.924937 3168.0 
 0.924942 3000.0 
 0.924948 2944.0 
 0.924953 3152.0 
 0.924959 2900.0 
 0.924964 3112.0 
 0.924970 2836.0 
 0.924975 2992.0 
 0.924981 3112.0 
 0.924987 3068.0 
 0.924992 2872.0 
 0.924998 2992.0 
 0.925003 3028.0 
 0.925009 2796.0 
 0.925014 3244.0 
 0.925020 3064.0 
 0.925025 2748.0 
 0.925031 2752.0 
 0.925036 2616.0 
 0.925042 2832.0 
 0.925047 2804.0 
 0.925053 2480.0 
 0.925058 2592.0 
 0.925064 2764.0 
 0.925069 2708.0 
 0.925075 2840.0 
 0.925080 2796.0 
 0.925086 2824.0 
 0.925091 2516.0 
 0.925097 2628.0 
 0.925102 2428.0 
 0.925108 2584.0 
 0.925113 2600.0 
 0.925119 2956.0 
 0.925124 2836.0 
 0.925130 2860.0 
 0.925135 3116.0 
 0.925141 2860.0 
 0.925146 2944.0 
 0.925152 2992.0 
 0.925157 3252.0 
 0.925163 2824.0 
 0.925169 3152.0 
 0.925174 2860.0 
 0.925180 2956.0 
 0.925185 2964.0 
 0.925191 2368.0 
 0.925196 2836.0 
 0.925202 2436.0 
 0.925207 2804.0 
 0.925213 2332.0 
 0.925218 2700.0 
 0.925224 2828.0 
 0.925229 2688.0 
 0.925235 2868.0 
 0.925240 2748.0 
 0.925246 2916.0 
 0.925251 2968.0 
 0.925257 3104.0 
 0.925262 3044.0 
 0.925268 3012.0 
 0.925273 3224.0 
 0.925279 3060.0 
 0.925284 3316.0 
 0.925290 3032.0 
 0.925295 3112.0 
 0.925301 3008.0 
 0.925306 3052.0 
 0.925312 2972.0 
 0.925317 2936.0 
 0.925323 3208.0 
 0.925328 3048.0 
 0.925334 3044.0 
 0.925339 3048.0 
 0.925345 3108.0 
 0.925351 2656.0 
 0.925356 2780.0 
 0.925362 2956.0 
 0.925367 2900.0 
 0.925373 2964.0 
 0.925378 2748.0 
 0.925384 3020.0 
 0.925389 3096.0 
 0.925395 3108.0 
 0.925400 3024.0 
 0.925406 2964.0 
 0.925411 3104.0 
 0.925417 2916.0 
 0.925422 2926.0 
 0.925428 3180.0 
 0.925433 2720.0 
 0.925439 3096.0 
 0.925444 2604.0 
 0.925450 2340.0 
 0.925455 2560.0 
 0.925461 2356.0 
 0.925466 2024.0 
 0.925472 1906.0 
 0.925477 2048.0 
 0.925483 2296.0 
 0.925488 2520.0 
 0.925494 2580.0 
 0.925499 2908.0 
 0.925505 2788.0 
 0.925510 2776.0 
 0.925516 3004.0 
 0.925521 2800.0 
 0.925527 2876.0 
 0.925533 2544.0 
 0.925538 2272.0 
 0.925544 2188.0 
 0.925549 1788.0 
 0.925555 1936.0 
 0.925560 1996.0 
 0.925566 1796.0 
 0.925571 2084.0 
 0.925577 2120.0 
 0.925582 1676.0 
 0.925588 2040.0 
 0.925593 1780.0 
 0.925599 1912.0 
 0.925604 1852.0 
 0.925610 1928.0 
 0.925615 1916.0 
 0.925621 1840.0 
 0.925626 1904.0 
 0.925632 1708.0 
 0.925637 1340.0 
 0.925643 1584.0 
 0.925648 1500.0 
 0.925654 1456.0 
 0.925659 1440.0 
 0.925665 1588.0 
 0.925670 1644.0 
 0.925676 1920.0 
 0.925681 2072.0 
 0.925687 2384.0 
 0.925692 2384.0 
 0.925698 2332.0 
 0.925703 2528.0 
 0.925709 2756.0 
 0.925714 2656.0 
 0.925720 2672.0 
 0.925726 2596.0 
 0.925731 3052.0 
 0.925737 3080.0 
 0.925742 3168.0 
 0.925748 2884.0 
 0.925753 2916.0 
 0.925759 3016.0 
 0.925764 2840.0 
 0.925770 3000.0 
 0.925775 2900.0 
 0.925781 2988.0 
 0.925786 2816.0 
 0.925792 2844.0 
 0.925797 2812.0 
 0.925803 2472.0 
 0.925808 2784.0 
 0.925814 2400.0 
 0.925819 2712.0 
 0.925825 2436.0 
 0.925830 2600.0 
 0.925836 2504.0 
 0.925841 2692.0 
 0.925847 2828.0 
 0.925852 2352.0 
 0.925858 2376.0 
 0.925863 1992.0 
 0.925869 2008.0 
 0.925874 2120.0 
 0.925880 1684.0 
 0.925885 1504.0 
 0.925891 1340.0 
 0.925896 1448.0 
 0.925902 1700.0 
 0.925908 1524.0 
 0.925913 1996.0 
 0.925919 2204.0 
 0.925924 2076.0 
 0.925930 2352.0 
 0.925935 2504.0 
 0.925941 2572.0 
 0.925946 2656.0 
 0.925952 2604.0 
 0.925957 2508.0 
 0.925963 2596.0 
 0.925968 2744.0 
 0.925974 2444.0 
 0.925979 2620.0 
 0.925985 2368.0 
 0.925990 2628.0 
 0.925996 2296.0 
 0.926001 2184.0 
 0.926007 2272.0 
 0.926012 2304.0 
 0.926018 2476.0 
 0.926023 2564.0 
 0.926029 2572.0 
 0.926034 2412.0 
 0.926040 2696.0 
 0.926045 2984.0 
 0.926051 2620.0 
 0.926056 2600.0 
 0.926062 2564.0 
 0.926067 2484.0 
 0.926073 2420.0 
 0.926078 2528.0 
 0.926084 2440.0 
 0.926090 2708.0 
 0.926095 2660.0 
 0.926101 2840.0 
 0.926106 2716.0 
 0.926112 2972.0 
 0.926117 2664.0 
 0.926123 2704.0 
 0.926128 3064.0 
 0.926134 2672.0 
 0.926139 2912.0 
 0.926145 2632.0 
 0.926150 2816.0 
 0.926156 2632.0 
 0.926161 2860.0 
 0.926167 2868.0 
 0.926172 2592.0 
 0.926178 2984.0 
 0.926183 2764.0 
 0.926189 2660.0 
 0.926194 2672.0 
 0.926200 2500.0 
 0.926205 2712.0 
 0.926211 2276.0 
 0.926216 2548.0 
 0.926222 2320.0 
 0.926227 2268.0 
 0.926233 2400.0 
 0.926238 2528.0 
 0.926244 3368.0 
 0.926249 2126.0 
 0.926255 2340.0 
 0.926260 1996.0 
 0.926266 2236.0 
 0.926272 2372.0 
 0.926277 2380.0 
 0.926283 2560.0 
 0.926288 2552.0 
 0.926294 2620.0 
 0.926299 2332.0 
 0.926305 2544.0 
 0.926310 2244.0 
 0.926316 2084.0 
 0.926321 2108.0 
 0.926327 2140.0 
 0.926332 1820.0 
 0.926338 2132.0 
 0.926343 2216.0 
 0.926349 2316.0 
 0.926354 2252.0 
 0.926360 2632.0 
 0.926365 2736.0 
 0.926371 2732.0 
 0.926376 2816.0 
 0.926382 2984.0 
 0.926387 2768.0 
 0.926393 2848.0 
 0.926398 2828.0 
 0.926404 2524.0 
 0.926409 2492.0 
 0.926415 2220.0 
 0.926420 2008.0 
 0.926426 2276.0 
 0.926431 2112.0 
 0.926437 1864.0 
 0.926442 1996.0 
 0.926448 1984.0 
 0.926454 2048.0 
 0.926459 2552.0 
 0.926465 2348.0 
 0.926470 2536.0 
 0.926476 2636.0 
 0.926481 2708.0 
 0.926487 2608.0 
 0.926492 2488.0 
 0.926498 2252.0 
 0.926503 2264.0 
 0.926509 2048.0 
 0.926514 1828.0 
 0.926520 1840.0 
 0.926525 1930.0 
 0.926531 1556.0 
 0.926536 1868.0 
 0.926542 1704.0 
 0.926547 1576.0 
 0.926553 1596.0 
 0.926558 1418.0 
 0.926564 1328.0 
 0.926569 1304.0 
 0.926575 1346.0 
 0.926580 1352.0 
 0.926586 1504.0 
 0.926591 1360.0 
 0.926597 1324.0 
 0.926602 1504.0 
 0.926608 1864.0 
 0.926613 2036.0 
 0.926619 2008.0 
 0.926624 2264.0 
 0.926630 2392.0 
 0.926636 2560.0 
 0.926641 2504.0 
 0.926647 2260.0 
 0.926652 2612.0 
 0.926658 2352.0 
 0.926663 2508.0 
 0.926669 2440.0 
 0.926674 2548.0 
 0.926680 2520.0 
 0.926685 2588.0 
 0.926691 2716.0 
 0.926696 2656.0 
 0.926702 2804.0 
 0.926707 2480.0 
 0.926713 2728.0 
 0.926718 2816.0 
 0.926724 2562.0 
 0.926729 2756.0 
 0.926735 2744.0 
 0.926740 2744.0 
 0.926746 2796.0 
 0.926751 2768.0 
 0.926757 2808.0 
 0.926762 2548.0 
 0.926768 2616.0 
 0.926773 2356.0 
 0.926779 2524.0 
 0.926784 2312.0 
 0.926790 2316.0 
 0.926795 2396.0 
 0.926801 2212.0 
 0.926806 1996.0 
 0.926812 1944.0 
 0.926818 1616.0 
 0.926823 1556.0 
 0.926829 1712.0 
 0.926834 1992.0 
 0.926840 1852.0 
 0.926845 1924.0 
 0.926851 1892.0 
 0.926856 2220.0 
 0.926862 2260.0 
 0.926867 1988.0 
 0.926873 2152.0 
 0.926878 2288.0 
 0.926884 2550.0 
 0.926889 2040.0 
 0.926895 2308.0 
 0.926900 2236.0 
 0.926906 2210.0 
 0.926911 2188.0 
 0.926917 2356.0 
 0.926922 2104.0 
 0.926928 2378.0 
 0.926933 2128.0 
 0.926939 2360.0 
 0.926944 2268.0 
 0.926950 2456.0 
 0.926955 2548.0 
 0.926961 2804.0 
 0.926966 2748.0 
 0.926972 2652.0 
 0.926977 2548.0 
 0.926983 2896.0 
 0.926988 2676.0 
 0.926994 2828.0 
 0.927000 2828.0 
 0.927005 2820.0 
 0.927011 2980.0 
 0.927016 2620.0 
 0.927022 2624.0 
 0.927027 2792.0 
 0.927033 2820.0 
 0.927038 3072.0 
 0.927044 2844.0 
 0.927049 2736.0 
 0.927055 2796.0 
 0.927060 2592.0 
 0.927066 2568.0 
 0.927071 2668.0 
 0.927077 2844.0 
 0.927082 2736.0 
 0.927088 2648.0 
 0.927093 2588.0 
 0.927099 2772.0 
 0.927104 2316.0 
 0.927110 2612.0 
 0.927115 2500.0 
 0.927121 2588.0 
 0.927126 2424.0 
 0.927132 2588.0 
 0.927137 2472.0 
 0.927143 2584.0 
 0.927148 2692.0 
 0.927154 2396.0 
 0.927159 2476.0 
 0.927165 2292.0 
 0.927170 2068.0 
 0.927176 2160.0 
 0.927182 2392.0 
 0.927187 2400.0 
 0.927193 2480.0 
 0.927198 2644.0 
 0.927204 2304.0 
 0.927209 2296.0 
 0.927215 2032.0 
 0.927220 1972.0 
 0.927226 1900.0 
 0.927231 2120.0 
 0.927237 1904.0 
 0.927242 2088.0 
 0.927248 2384.0 
 0.927253 2288.0 
 0.927259 2492.0 
 0.927264 2632.0 
 0.927270 2280.0 
 0.927275 2700.0 
 0.927281 2660.0 
 0.927286 2812.0 
 0.927292 2600.0 
 0.927297 2756.0 
 0.927303 2756.0 
 0.927308 2876.0 
 0.927314 2836.0 
 0.927319 2980.0 
 0.927325 2488.0 
 0.927330 2604.0 
 0.927336 2716.0 
 0.927341 2708.0 
 0.927347 2812.0 
 0.927352 2640.0 
 0.927358 2672.0 
 0.927364 2704.0 
 0.927369 2676.0 
 0.927375 2496.0 
 0.927380 2736.0 
 0.927386 2468.0 
 0.927391 2536.0 
 0.927397 2528.0 
 0.927402 2508.0 
 0.927408 2340.0 
 0.927413 2516.0 
 0.927419 2320.0 
 0.927424 1928.0 
 0.927430 2012.0 
 0.927435 1664.0 
 0.927441 1436.0 
 0.927446 1620.0 
 0.927452 1272.0 
 0.927457 1388.0 
 0.927463 1476.0 
 0.927468 1548.0 
 0.927474 1696.0 
 0.927479 1800.0 
 0.927485 1764.0 
 0.927490 2100.0 
 0.927496 2076.0 
 0.927501 2176.0 
 0.927507 2156.0 
 0.927512 2220.0 
 0.927518 2172.0 
 0.927523 2152.0 
 0.927529 2208.0 
 0.927534 1904.0 
 0.927540 1756.0 
 0.927546 1628.0 
 0.927551 1648.0 
 0.927557 1200.0 
 0.927562 988.0 
 0.927568 1176.0 
 0.927573 1476.0 
 0.927579 1564.0 
 0.927584 1852.0 
 0.927590 1940.0 
 0.927595 2184.0 
 0.927601 2216.0 
 0.927606 2096.0 
 0.927612 2212.0 
 0.927617 2404.0 
 0.927623 2420.0 
 0.927628 2596.0 
 0.927634 2424.0 
 0.927639 2888.0 
 0.927645 2620.0 
 0.927650 2368.0 
 0.927656 2524.0 
 0.927661 2536.0 
 0.927667 2388.0 
 0.927672 2132.0 
 0.927678 2264.0 
 0.927683 2260.0 
 0.927689 2236.0 
 0.927694 2336.0 
 0.927700 2196.0 
 0.927705 2348.0 
 0.927711 2148.0 
 0.927716 1924.0 
 0.927722 2156.0 
 0.927728 1684.0 
 0.927733 1976.0 
 0.927739 1912.0 
 0.927744 2164.0 
 0.927750 2168.0 
 0.927755 2224.0 
 0.927761 2240.0 
 0.927766 2436.0 
 0.927772 2492.0 
 0.927777 2144.0 
 0.927783 2252.0 
 0.927788 2232.0 
 0.927794 2192.0 
 0.927799 2276.0 
 0.927805 2448.0 
 0.927810 2408.0 
 0.927816 2040.0 
 0.927821 2204.0 
 0.927827 2028.0 
 0.927832 2084.0 
 0.927838 2092.0 
 0.927843 1876.0 
 0.927849 2040.0 
 0.927854 2264.0 
 0.927860 2328.0 
 0.927865 2192.0 
 0.927871 2116.0 
 0.927876 2072.0 
 0.927882 2416.0 
 0.927887 1914.0 
 0.927893 2348.0 
 0.927898 2244.0 
 0.927904 1712.0 
 0.927910 2100.0 
 0.927915 2164.0 
 0.927921 2076.0 
 0.927926 2356.0 
 0.927932 2296.0 
 0.927937 2404.0 
 0.927943 2236.0 
 0.927948 2396.0 
 0.927954 2376.0 
 0.927959 2380.0 
 0.927965 2268.0 
 0.927970 2352.0 
 0.927976 1968.0 
 0.927981 2044.0 
 0.927987 1736.0 
 0.927992 1660.0 
 0.927998 1896.0 
 0.928003 2202.0 
 0.928009 2196.0 
 0.928014 2260.0 
 0.928020 2332.0 
 0.928025 2340.0 
 0.928031 2516.0 
 0.928036 2232.0 
 0.928042 2088.0 
 0.928047 2284.0 
 0.928053 2052.0 
 0.928058 1868.0 
 0.928064 1744.0 
 0.928069 1412.0 
 0.928075 1640.0 
 0.928080 1572.0 
 0.928086 1220.0 
 0.928092 1188.0 
 0.928097 1332.0 
 0.928103 1416.0 
 0.928108 1648.0 
 0.928114 1880.0 
 0.928119 1852.0 
 0.928125 1896.0 
 0.928130 1972.0 
 0.928136 2576.0 
 0.928141 2220.0 
 0.928147 2504.0 
 0.928152 2376.0 
 0.928158 2812.0 
 0.928163 2380.0 
 0.928169 2688.0 
 0.928174 2680.0 
 0.928180 2588.0 
 0.928185 2296.0 
 0.928191 2316.0 
 0.928196 2540.0 
 0.928202 2568.0 
 0.928207 2456.0 
 0.928213 2552.0 
 0.928218 2568.0 
 0.928224 2664.0 
 0.928229 2804.0 
 0.928235 2536.0 
 0.928240 2648.0 
 0.928246 2792.0 
 0.928251 2656.0 
 0.928257 2704.0 
 0.928262 2676.0 
 0.928268 2580.0 
 0.928274 2940.0 
 0.928279 2468.0 
 0.928285 2296.0 
 0.928290 2612.0 
 0.928296 2836.0 
 0.928301 2456.0 
 0.928307 2692.0 
 0.928312 2440.0 
 0.928318 2572.0 
 0.928323 2104.0 
 0.928329 2328.0 
 0.928334 2336.0 
 0.928340 2560.0 
 0.928345 2420.0 
 0.928351 2728.0 
 0.928356 2332.0 
 0.928362 2284.0 
 0.928367 2504.0 
 0.928373 2208.0 
 0.928378 2532.0 
 0.928384 2244.0 
 0.928389 2076.0 
 0.928395 2116.0 
 0.928400 1900.0 
 0.928406 1888.0 
 0.928411 1672.0 
 0.928417 1166.0 
 0.928422 1166.0 
 0.928428 1108.0 
 0.928433 932.0 
 0.928439 652.0 
 0.928444 670.0 
 0.928450 800.0 
 0.928456 1032.0 
 0.928461 1012.0 
 0.928467 1172.0 
 0.928472 1456.0 
 0.928478 1624.0 
 0.928483 1796.0 
 0.928489 1884.0 
 0.928494 1796.0 
 0.928500 1888.0 
 0.928505 2018.0 
 0.928511 2042.0 
 0.928516 2032.0 
 0.928522 2028.0 
 0.928527 1864.0 
 0.928533 1700.0 
 0.928538 1492.0 
 0.928544 1352.0 
 0.928549 1264.0 
 0.928555 1424.0 
 0.928560 1512.0 
 0.928566 1652.0 
 0.928571 1492.0 
 0.928577 1612.0 
 0.928582 1620.0 
 0.928588 1448.0 
 0.928593 1416.0 
 0.928599 1552.0 
 0.928604 1168.0 
 0.928610 1108.0 
 0.928615 1146.0 
 0.928621 1084.0 
 0.928626 1380.0 
 0.928632 1496.0 
 0.928638 1510.0 
 0.928643 1940.0 
 0.928649 2020.0 
 0.928654 1968.0 
 0.928660 2484.0 
 0.928665 2064.0 
 0.928671 2048.0 
 0.928676 2076.0 
 0.928682 2200.0 
 0.928687 2112.0 
 0.928693 2176.0 
 0.928698 1920.0 
 0.928704 2064.0 
 0.928709 1806.0 
 0.928715 2204.0 
 0.928720 2132.0 
 0.928726 1900.0 
 0.928731 1756.0 
 0.928737 1592.0 
 0.928742 1252.0 
 0.928748 1064.0 
 0.928753 1084.0 
 0.928759 716.0 
 0.928764 730.0 
 0.928770 1052.0 
 0.928775 840.0 
 0.928781 876.0 
 0.928786 1276.0 
 0.928792 1556.0 
 0.928797 1172.0 
 0.928803 1672.0 
 0.928808 1598.0 
 0.928814 1700.0 
 0.928820 1968.0 
 0.928825 1876.0 
 0.928831 1992.0 
 0.928836 1992.0 
 0.928842 2296.0 
 0.928847 2222.0 
 0.928853 2284.0 
 0.928858 2408.0 
 0.928864 2320.0 
 0.928869 2368.0 
 0.928875 2196.0 
 0.928880 2356.0 
 0.928886 2216.0 
 0.928891 2032.0 
 0.928897 2044.0 
 0.928902 2152.0 
 0.928908 2096.0 
 0.928913 1992.0 
 0.928919 2160.0 
 0.928924 2208.0 
 0.928930 2056.0 
 0.928935 2112.0 
 0.928941 1980.0 
 0.928946 2200.0 
 0.928952 2108.0 
 0.928957 2104.0 
 0.928963 1980.0 
 0.928968 2040.0 
 0.928974 2224.0 
 0.928979 2134.0 
 0.928985 2236.0 
 0.928990 2094.0 
 0.928996 2192.0 
 0.929002 2464.0 
 0.929007 2456.0 
 0.929013 2456.0 
 0.929018 2528.0 
 0.929024 2700.0 
 0.929029 2464.0 
 0.929035 2416.0 
 0.929040 2552.0 
 0.929046 2704.0 
 0.929051 2568.0 
 0.929057 2184.0 
 0.929062 2552.0 
 0.929068 2428.0 
 0.929073 2264.0 
 0.929079 2332.0 
 0.929084 2508.0 
 0.929090 2396.0 
 0.929095 2336.0 
 0.929101 2352.0 
 0.929106 2284.0 
 0.929112 2200.0 
 0.929117 2118.0 
 0.929123 2156.0 
 0.929128 1932.0 
 0.929134 2044.0 
 0.929139 2532.0 
 0.929145 2124.0 
 0.929150 2452.0 
 0.929156 2428.0 
 0.929161 2108.0 
 0.929167 2624.0 
 0.929172 2480.0 
 0.929178 2504.0 
 0.929184 2440.0 
 0.929189 2880.0 
 0.929195 2504.0 
 0.929200 2524.0 
 0.929206 2596.0 
 0.929211 2628.0 
 0.929217 2584.0 
 0.929222 2704.0 
 0.929228 2552.0 
 0.929233 2684.0 
 0.929239 2628.0 
 0.929244 2592.0 
 0.929250 2632.0 
 0.929255 2612.0 
 0.929261 2580.0 
 0.929266 2488.0 
 0.929272 2548.0 
 0.929277 2692.0 
 0.929283 2704.0 
 0.929288 2180.0 
 0.929294 2436.0 
 0.929299 2268.0 
 0.929305 2352.0 
 0.929310 2260.0 
 0.929316 2384.0 
 0.929321 2348.0 
 0.929327 2424.0 
 0.929332 2400.0 
 0.929338 2704.0 
 0.929343 2568.0 
 0.929349 2628.0 
 0.929354 2724.0 
 0.929360 2264.0 
 0.929366 2628.0 
 0.929371 2776.0 
 0.929377 2592.0 
 0.929382 2480.0 
 0.929388 2556.0 
 0.929393 2640.0 
 0.929399 2588.0 
 0.929404 2860.0 
 0.929410 2480.0 
 0.929415 2712.0 
 0.929421 2788.0 
 0.929426 2528.0 
 0.929432 2800.0 
 0.929437 2596.0 
 0.929443 2456.0 
 0.929448 2892.0 
 0.929454 2832.0 
 0.929459 2760.0 
 0.929465 2372.0 
 0.929470 2516.0 
 0.929476 2824.0 
 0.929481 2692.0 
 0.929487 2736.0 
 0.929492 2572.0 
 0.929498 2564.0 
 0.929503 2492.0 
 0.929509 3068.0 
 0.929514 2816.0 
 0.929520 2452.0 
 0.929525 2476.0 
 0.929531 2584.0 
 0.929536 2780.0 
 0.929542 2540.0 
 0.929548 2476.0 
 0.929553 2408.0 
 0.929559 2548.0 
 0.929564 2452.0 
 0.929570 2128.0 
 0.929575 2068.0 
 0.929581 2152.0 
 0.929586 1660.0 
 0.929592 1564.0 
 0.929597 1864.0 
 0.929603 1720.0 
 0.929608 2012.0 
 0.929614 1820.0 
 0.929619 1760.0 
 0.929625 2016.0 
 0.929630 1708.0 
 0.929636 1748.0 
 0.929641 1764.0 
 0.929647 1364.0 
 0.929652 1516.0 
 0.929658 1632.0 
 0.929663 1484.0 
 0.929669 1616.0 
 0.929674 1832.0 
 0.929680 1480.0 
 0.929685 1744.0 
 0.929691 1712.0 
 0.929696 1876.0 
 0.929702 1764.0 
 0.929707 1496.0 
 0.929713 1288.0 
 0.929718 1256.0 
 0.929724 1378.0 
 0.929730 1220.0 
 0.929735 1082.0 
 0.929741 1112.0 
 0.929746 1448.0 
 0.929752 1468.0 
 0.929757 1256.0 
 0.929763 1640.0 
 0.929768 1612.0 
 0.929774 1720.0 
 0.929779 2044.0 
 0.929785 1744.0 
 0.929790 1892.0 
 0.929796 2168.0 
 0.929801 2188.0 
 0.929807 2300.0 
 0.929812 2132.0 
 0.929818 2132.0 
 0.929823 2132.0 
 0.929829 2264.0 
 0.929834 2332.0 
 0.929840 2156.0 
 0.929845 2316.0 
 0.929851 2044.0 
 0.929856 2132.0 
 0.929862 2208.0 
 0.929867 2612.0 
 0.929873 2412.0 
 0.929878 2508.0 
 0.929884 2664.0 
 0.929889 2540.0 
 0.929895 2320.0 
 0.929900 2212.0 
 0.929906 2472.0 
 0.929912 2524.0 
 0.929917 2580.0 
 0.929923 2352.0 
 0.929928 2180.0 
 0.929934 2208.0 
 0.929939 2336.0 
 0.929945 1892.0 
 0.929950 2100.0 
 0.929956 2356.0 
 0.929961 2116.0 
 0.929967 2384.0 
 0.929972 2344.0 
 0.929978 2304.0 
 0.929983 2304.0 
 0.929989 2288.0 
 0.929994 2064.0 
 0.930000 2144.0 
 0.930005 2372.0 
 0.930011 2188.0 
 0.930016 2036.0 
 0.930022 2472.0 
 0.930027 2520.0 
 0.930033 2032.0 
 0.930038 2044.0 
 0.930044 2404.0 
 0.930049 1836.0 
 0.930055 2148.0 
 0.930060 1836.0 
 0.930066 1796.0 
 0.930071 1568.0 
 0.930077 1440.0 
 0.930082 1420.0 
 0.930088 1056.0 
 0.930094 1114.0 
 0.930099 900.0 
 0.930105 866.0 
 0.930110 1032.0 
 0.930116 844.0 
 0.930121 880.0 
 0.930127 1000.0 
 0.930132 1176.0 
 0.930138 1316.0 
 0.930143 1492.0 
 0.930149 1580.0 
 0.930154 1876.0 
 0.930160 1712.0 
 0.930165 1840.0 
 0.930171 1544.0 
 0.930176 1572.0 
 0.930182 1532.0 
 0.930187 1596.0 
 0.930193 1480.0 
 0.930198 1356.0 
 0.930204 1372.0 
 0.930209 898.0 
 0.930215 1388.0 
 0.930220 1076.0 
 0.930226 1336.0 
 0.930231 1232.0 
 0.930237 1216.0 
 0.930242 1096.0 
 0.930248 1436.0 
 0.930253 1804.0 
 0.930259 2016.0 
 0.930264 2096.0 
 0.930270 2200.0 
 0.930276 2384.0 
 0.930281 2084.0 
 0.930287 2344.0 
 0.930292 2504.0 
 0.930298 2416.0 
 0.930303 2400.0 
 0.930309 2612.0 
 0.930314 2316.0 
 0.930320 2284.0 
 0.930325 2612.0 
 0.930331 2640.0 
 0.930336 2756.0 
 0.930342 2460.0 
 0.930347 2608.0 
 0.930353 2664.0 
 0.930358 2584.0 
 0.930364 2736.0 
 0.930369 2512.0 
 0.930375 2496.0 
 0.930380 2652.0 
 0.930386 2596.0 
 0.930391 2432.0 
 0.930397 2464.0 
 0.930402 2648.0 
 0.930408 2264.0 
 0.930413 2632.0 
 0.930419 2208.0 
 0.930424 2484.0 
 0.930430 2076.0 
 0.930435 2158.0 
 0.930441 2260.0 
 0.930446 2168.0 
 0.930452 2328.0 
 0.930458 2112.0 
 0.930463 1892.0 
 0.930469 2242.0 
 0.930474 2192.0 
 0.930480 2158.0 
 0.930485 1960.0 
 0.930491 2156.0 
 0.930496 2328.0 
 0.930502 2268.0 
 0.930507 2184.0 
 0.930513 2180.0 
 0.930518 2220.0 
 0.930524 2252.0 
 0.930529 2572.0 
 0.930535 2296.0 
 0.930540 2476.0 
 0.930546 2496.0 
 0.930551 2352.0 
 0.930557 2352.0 
 0.930562 2352.0 
 0.930568 2472.0 
 0.930573 2596.0 
 0.930579 1976.0 
 0.930584 2262.0 
 0.930590 2302.0 
 0.930595 2440.0 
 0.930601 2488.0 
 0.930606 2432.0 
 0.930612 2468.0 
 0.930617 2764.0 
 0.930623 2512.0 
 0.930628 2444.0 
 0.930634 2720.0 
 0.930640 2442.0 
 0.930645 2456.0 
 0.930651 2592.0 
 0.930656 2800.0 
 0.930662 2448.0 
 0.930667 2928.0 
 0.930673 2824.0 
 0.930678 3020.0 
 0.930684 2788.0 
 0.930689 2824.0 
 0.930695 2812.0 
 0.930700 2880.0 
 0.930706 2752.0 
 0.930711 2744.0 
 0.930717 2788.0 
 0.930722 2888.0 
 0.930728 2784.0 
 0.930733 2732.0 
 0.930739 2696.0 
 0.930744 2444.0 
 0.930750 2760.0 
 0.930755 2900.0 
 0.930761 2920.0 
 0.930766 2836.0 
 0.930772 2668.0 
 0.930777 2604.0 
 0.930783 2588.0 
 0.930788 2688.0 
 0.930794 2920.0 
 0.930799 2984.0 
 0.930805 2722.0 
 0.930810 2816.0 
 0.930816 2944.0 
 0.930822 2772.0 
 0.930827 2788.0 
 0.930833 2688.0 
 0.930838 2500.0 
 0.930844 2756.0 
 0.930849 2820.0 
 0.930855 2668.0 
 0.930860 2964.0 
 0.930866 2520.0 
 0.930871 2628.0 
 0.930877 2720.0 
 0.930882 2544.0 
 0.930888 2392.0 
 0.930893 2252.0 
 0.930899 2452.0 
 0.930904 1984.0 
 0.930910 1796.0 
 0.930915 1700.0 
 0.930921 1724.0 
 0.930926 1692.0 
 0.930932 1412.0 
 0.930937 1640.0 
 0.930943 1888.0 
 0.930948 2032.0 
 0.930954 2144.0 
 0.930959 2368.0 
 0.930965 2512.0 
 0.930970 2776.0 
 0.930976 2684.0 
 0.930981 2680.0 
 0.930987 3008.0 
 0.930992 2852.0 
 0.930998 2524.0 
 0.931004 2704.0 
 0.931009 2820.0 
 0.931015 2944.0 
 0.931020 2672.0 
 0.931026 2784.0 
 0.931031 2780.0 
 0.931037 2600.0 
 0.931042 2824.0 
 0.931048 2904.0 
 0.931053 2444.0 
 0.931059 2116.0 
 0.931064 2268.0 
 0.931070 2128.0 
 0.931075 1752.0 
 0.931081 1604.0 
 0.931086 1528.0 
 0.931092 1676.0 
 0.931097 1448.0 
 0.931103 1476.0 
 0.931108 1636.0 
 0.931114 1680.0 
 0.931119 1780.0 
 0.931125 2032.0 
 0.931130 2196.0 
 0.931136 2272.0 
 0.931141 2604.0 
 0.931147 2468.0 
 0.931152 2196.0 
 0.931158 2892.0 
 0.931163 2688.0 
 0.931169 2396.0 
 0.931174 2700.0 
 0.931180 3128.0 
 0.931186 2516.0 
 0.931191 2664.0 
 0.931197 2752.0 
 0.931202 2516.0 
 0.931208 2684.0 
 0.931213 2952.0 
 0.931219 2692.0 
 0.931224 2680.0 
 0.931230 2872.0 
 0.931235 2880.0 
 0.931241 2684.0 
 0.931246 2584.0 
 0.931252 2668.0 
 0.931257 2428.0 
 0.931263 2916.0 
 0.931268 2660.0 
 0.931274 2606.0 
 0.931279 2492.0 
 0.931285 2324.0 
 0.931290 2636.0 
 0.931296 2756.0 
 0.931301 2568.0 
 0.931307 2816.0 
 0.931312 2812.0 
 0.931318 2672.0 
 0.931323 2940.0 
 0.931329 3056.0 
 0.931334 3124.0 
 0.931340 2912.0 
 0.931345 2700.0 
 0.931351 2656.0 
 0.931356 3264.0 
 0.931362 2704.0 
 0.931368 2804.0 
 0.931373 2924.0 
 0.931379 2544.0 
 0.931384 2804.0 
 0.931390 2376.0 
 0.931395 2512.0 
 0.931401 2252.0 
 0.931406 2116.0 
 0.931412 2188.0 
 0.931417 1680.0 
 0.931423 1612.0 
 0.931428 1384.0 
 0.931434 1188.0 
 0.931439 1240.0 
 0.931445 1316.0 
 0.931450 1324.0 
 0.931456 1520.0 
 0.931461 1548.0 
 0.931467 1932.0 
 0.931472 2134.0 
 0.931478 2312.0 
 0.931483 2640.0 
 0.931489 2164.0 
 0.931494 2616.0 
 0.931500 2440.0 
 0.931505 2644.0 
 0.931511 2492.0 
 0.931516 2636.0 
 0.931522 2532.0 
 0.931527 2644.0 
 0.931533 2424.0 
 0.931538 2784.0 
 0.931544 2732.0 
 0.931550 2812.0 
 0.931555 2816.0 
 0.931561 2812.0 
 0.931566 2852.0 
 0.931572 3084.0 
 0.931577 2672.0 
 0.931583 2708.0 
 0.931588 2704.0 
 0.931594 2888.0 
 0.931599 2332.0 
 0.931605 2252.0 
 0.931610 2484.0 
 0.931616 2136.0 
 0.931621 2060.0 
 0.931627 1740.0 
 0.931632 1856.0 
 0.931638 1920.0 
 0.931643 1788.0 
 0.931649 1728.0 
 0.931654 1206.0 
 0.931660 1084.0 
 0.931665 1164.0 
 0.931671 1106.0 
 0.931676 1192.0 
 0.931682 1066.0 
 0.931687 1524.0 
 0.931693 1384.0 
 0.931698 1544.0 
 0.931704 1784.0 
 0.931709 1752.0 
 0.931715 1936.0 
 0.931720 2216.0 
 0.931726 2412.0 
 0.931732 2828.0 
 0.931737 2388.0 
 0.931743 2504.0 
 0.931748 2816.0 
 0.931754 2564.0 
 0.931759 2508.0 
 0.931765 2796.0 
 0.931770 2452.0 
 0.931776 2892.0 
 0.931781 2932.0 
 0.931787 2492.0 
 0.931792 2496.0 
 0.931798 2628.0 
 0.931803 2176.0 
 0.931809 2776.0 
 0.931814 2724.0 
 0.931820 3124.0 
 0.931825 2680.0 
 0.931831 2600.0 
 0.931836 2892.0 
 0.931842 2776.0 
 0.931847 2536.0 
 0.931853 2396.0 
 0.931858 2560.0 
 0.931864 2852.0 
 0.931869 2876.0 
 0.931875 3040.0 
 0.931880 3112.0 
 0.931886 2868.0 
 0.931891 3240.0 
 0.931897 3112.0 
 0.931902 2996.0 
 0.931908 3228.0 
 0.931914 3184.0 
 0.931919 2916.0 
 0.931925 2976.0 
 0.931930 3488.0 
 0.931936 3460.0 
 0.931941 3088.0 
 0.931947 2956.0 
 0.931952 3412.0 
 0.931958 3032.0 
 0.931963 2756.0 
 0.931969 2920.0 
 0.931974 2860.0 
 0.931980 2756.0 
 0.931985 2728.0 
 0.931991 2828.0 
 0.931996 2704.0 
 0.932002 2832.0 
 0.932007 3012.0 
 0.932013 2632.0 
 0.932018 2772.0 
 0.932024 2826.0 
 0.932029 2434.0 
 0.932035 2340.0 
 0.932040 2800.0 
 0.932046 2936.0 
 0.932051 2484.0 
 0.932057 2780.0 
 0.932062 2740.0 
 0.932068 2924.0 
 0.932073 3064.0 
 0.932079 2532.0 
 0.932084 2696.0 
 0.932090 2728.0 
 0.932096 2624.0 
 0.932101 2528.0 
 0.932107 2600.0 
 0.932112 2744.0 
 0.932118 2884.0 
 0.932123 2764.0 
 0.932129 2844.0 
 0.932134 2704.0 
 0.932140 3180.0 
 0.932145 3324.0 
 0.932151 3044.0 
 0.932156 3256.0 
 0.932162 3180.0 
 0.932167 2976.0 
 0.932173 3128.0 
 0.932178 3076.0 
 0.932184 3172.0 
 0.932189 3644.0 
 0.932195 3124.0 
 0.932200 3356.0 
 0.932206 2796.0 
 0.932211 3016.0 
 0.932217 3316.0 
 0.932222 2980.0 
 0.932228 3256.0 
 0.932233 3368.0 
 0.932239 2948.0 
 0.932244 3396.0 
 0.932250 3064.0 
 0.932255 2948.0 
 0.932261 3128.0 
 0.932266 3056.0 
 0.932272 3116.0 
 0.932278 2908.0 
 0.932283 2940.0 
 0.932289 3172.0 
 0.932294 2840.0 
 0.932300 2956.0 
 0.932305 3156.0 
 0.932311 3128.0 
 0.932316 2848.0 
 0.932322 3212.0 
 0.932327 2912.0 
 0.932333 2664.0 
 0.932338 2612.0 
 0.932344 2400.0 
 0.932349 2128.0 
 0.932355 2140.0 
 0.932360 1604.0 
 0.932366 1340.0 
 0.932371 1510.0 
 0.932377 1616.0 
 0.932382 1636.0 
 0.932388 1788.0 
 0.932393 1604.0 
 0.932399 1968.0 
 0.932404 1820.0 
 0.932410 2052.0 
 0.932415 2584.0 
 0.932421 2400.0 
 0.932426 2792.0 
 0.932432 3292.0 
 0.932437 3024.0 
