 0.948059 1212.0 
 0.948064 1238.0 
 0.948070 1180.0 
 0.948076 1112.0 
 0.948082 1060.0 
 0.948088 1188.0 
 0.948094 1160.0 
 0.948100 1048.0 
 0.948106 1004.0 
 0.948112 1360.0 
 0.948118 1194.0 
 0.948123 1196.0 
 0.948129 1022.0 
 0.948135 1050.0 
 0.948141 1064.0 
 0.948147 1416.0 
 0.948153 1128.0 
 0.948159 1232.0 
 0.948165 1316.0 
 0.948171 1308.0 
 0.948176 1304.0 
 0.948182 1160.0 
 0.948188 1380.0 
 0.948194 1316.0 
 0.948200 1420.0 
 0.948206 1220.0 
 0.948212 1428.0 
 0.948218 1192.0 
 0.948224 1612.0 
 0.948230 1376.0 
 0.948235 1360.0 
 0.948241 1164.0 
 0.948247 1208.0 
 0.948253 1336.0 
 0.948259 1116.0 
 0.948265 1216.0 
 0.948271 1432.0 
 0.948277 1072.0 
 0.948283 1452.0 
 0.948288 1280.0 
 0.948294 1324.0 
 0.948300 1316.0 
 0.948306 1392.0 
 0.948312 1360.0 
 0.948318 1440.0 
 0.948324 1756.0 
 0.948330 1464.0 
 0.948336 1520.0 
 0.948342 1448.0 
 0.948347 1492.0 
 0.948353 1604.0 
 0.948359 1420.0 
 0.948365 1242.0 
 0.948371 1456.0 
 0.948377 1484.0 
 0.948383 1336.0 
 0.948389 1428.0 
 0.948395 1604.0 
 0.948401 1572.0 
 0.948406 1268.0 
 0.948412 1596.0 
 0.948418 1616.0 
 0.948424 1480.0 
 0.948430 1716.0 
 0.948436 1414.0 
 0.948442 1642.0 
 0.948448 1628.0 
 0.948454 1772.0 
 0.948459 1352.0 
 0.948465 1766.0 
 0.948471 1700.0 
 0.948477 1656.0 
 0.948483 1464.0 
 0.948489 1920.0 
 0.948495 1744.0 
 0.948501 1580.0 
 0.948507 1612.0 
 0.948513 1624.0 
 0.948518 1674.0 
 0.948524 1656.0 
 0.948530 1604.0 
 0.948536 1644.0 
 0.948542 1640.0 
 0.948548 1644.0 
 0.948554 1568.0 
 0.948560 1612.0 
 0.948566 1952.0 
 0.948571 1780.0 
 0.948577 1756.0 
 0.948583 1784.0 
 0.948589 1584.0 
 0.948595 1628.0 
 0.948601 1704.0 
 0.948607 1552.0 
 0.948613 1668.0 
 0.948619 1704.0 
 0.948625 1736.0 
 0.948630 1580.0 
 0.948636 1608.0 
 0.948642 1542.0 
 0.948648 1672.0 
 0.948654 1860.0 
 0.948660 1596.0 
 0.948666 1748.0 
 0.948672 1556.0 
 0.948678 1688.0 
 0.948683 1580.0 
 0.948689 1784.0 
 0.948695 1624.0 
 0.948701 1596.0 
 0.948707 1664.0 
 0.948713 1552.0 
 0.948719 1400.0 
 0.948725 1320.0 
 0.948731 968.0 
 0.948737 916.0 
 0.948742 1068.0 
 0.948748 1184.0 
 0.948754 1120.0 
 0.948760 1100.0 
 0.948766 1472.0 
 0.948772 1296.0 
 0.948778 1464.0 
 0.948784 1434.0 
 0.948790 1364.0 
 0.948795 1316.0 
 0.948801 1572.0 
 0.948807 1480.0 
 0.948813 1384.0 
 0.948819 1588.0 
 0.948825 1552.0 
 0.948831 1576.0 
 0.948837 1494.0 
 0.948843 1480.0 
 0.948849 1480.0 
 0.948854 1488.0 
 0.948860 1452.0 
 0.948866 1352.0 
 0.948872 1512.0 
 0.948878 1576.0 
 0.948884 1506.0 
 0.948890 1508.0 
 0.948896 1524.0 
 0.948902 2040.0 
 0.948908 1632.0 
 0.948913 1556.0 
 0.948919 1980.0 
 0.948925 1696.0 
 0.948931 1860.0 
 0.948937 1524.0 
 0.948943 1740.0 
 0.948949 1644.0 
 0.948955 1812.0 
 0.948961 1688.0 
 0.948966 1604.0 
 0.948972 1812.0 
 0.948978 1824.0 
 0.948984 2004.0 
 0.948990 1700.0 
 0.948996 1636.0 
 0.949002 1612.0 
 0.949008 1532.0 
 0.949014 1488.0 
 0.949020 1652.0 
 0.949025 1540.0 
 0.949031 1516.0 
 0.949037 1556.0 
 0.949043 1556.0 
 0.949049 1708.0 
 0.949055 1680.0 
 0.949061 2124.0 
 0.949067 1776.0 
 0.949073 1704.0 
 0.949078 1776.0 
 0.949084 1484.0 
 0.949090 1580.0 
 0.949096 1548.0 
 0.949102 1788.0 
 0.949108 1596.0 
 0.949114 1400.0 
 0.949120 1392.0 
 0.949126 1320.0 
 0.949132 1256.0 
 0.949137 1340.0 
 0.949143 1256.0 
 0.949149 1052.0 
 0.949155 1328.0 
 0.949161 1360.0 
 0.949167 1444.0 
 0.949173 1632.0 
 0.949179 1528.0 
 0.949185 1628.0 
 0.949190 1736.0 
 0.949196 1732.0 
 0.949202 1912.0 
 0.949208 1892.0 
 0.949214 2044.0 
 0.949220 1692.0 
 0.949226 1964.0 
 0.949232 1864.0 
 0.949238 1952.0 
 0.949244 1680.0 
 0.949249 1784.0 
 0.949255 1676.0 
 0.949261 1768.0 
 0.949267 1776.0 
 0.949273 1976.0 
 0.949279 1648.0 
 0.949285 1648.0 
 0.949291 1824.0 
 0.949297 1692.0 
 0.949302 1872.0 
 0.949308 1688.0 
 0.949314 1704.0 
 0.949320 2196.0 
 0.949326 2000.0 
 0.949332 1844.0 
 0.949338 2076.0 
 0.949344 1758.0 
 0.949350 1992.0 
 0.949356 1960.0 
 0.949361 2052.0 
 0.949367 2116.0 
 0.949373 2208.0 
 0.949379 1908.0 
 0.949385 2040.0 
 0.949391 2004.0 
 0.949397 2048.0 
 0.949403 2028.0 
 0.949409 2116.0 
 0.949415 1980.0 
 0.949420 2180.0 
 0.949426 2140.0 
 0.949432 1920.0 
 0.949438 2008.0 
 0.949444 2380.0 
 0.949450 2384.0 
 0.949456 2372.0 
 0.949462 1832.0 
 0.949468 2196.0 
 0.949473 1988.0 
 0.949479 2016.0 
 0.949485 2144.0 
 0.949491 2052.0 
 0.949497 2120.0 
 0.949503 2100.0 
 0.949509 2032.0 
 0.949515 2072.0 
 0.949521 2312.0 
 0.949527 2368.0 
 0.949532 2096.0 
 0.949538 2140.0 
 0.949544 2076.0 
 0.949550 2168.0 
 0.949556 2280.0 
 0.949562 2300.0 
 0.949568 2328.0 
 0.949574 2052.0 
 0.949580 1996.0 
 0.949585 2120.0 
 0.949591 1822.0 
 0.949597 2056.0 
 0.949603 2144.0 
 0.949609 2380.0 
 0.949615 2268.0 
 0.949621 2108.0 
 0.949627 2176.0 
 0.949633 2452.0 
 0.949639 2072.0 
 0.949644 2196.0 
 0.949650 1920.0 
 0.949656 2076.0 
 0.949662 2016.0 
 0.949668 2112.0 
 0.949674 1940.0 
 0.949680 1940.0 
 0.949686 1696.0 
 0.949692 1696.0 
 0.949697 1660.0 
 0.949703 1616.0 
 0.949709 1852.0 
 0.949715 1776.0 
 0.949721 1820.0 
 0.949727 2040.0 
 0.949733 2100.0 
 0.949739 2228.0 
 0.949745 1948.0 
 0.949751 2324.0 
 0.949756 2106.0 
 0.949762 2356.0 
 0.949768 2208.0 
 0.949774 2192.0 
 0.949780 2172.0 
 0.949786 2316.0 
 0.949792 2216.0 
 0.949798 2072.0 
 0.949804 1952.0 
 0.949810 1864.0 
 0.949815 1744.0 
 0.949821 1688.0 
 0.949827 1740.0 
 0.949833 1784.0 
 0.949839 1616.0 
 0.949845 1784.0 
 0.949851 1920.0 
 0.949857 2060.0 
 0.949863 2232.0 
 0.949868 2300.0 
 0.949874 2212.0 
 0.949880 2332.0 
 0.949886 2304.0 
 0.949892 2240.0 
 0.949898 2116.0 
 0.949904 2132.0 
 0.949910 2176.0 
 0.949916 2112.0 
 0.949922 1964.0 
 0.949927 1584.0 
 0.949933 1560.0 
 0.949939 1520.0 
 0.949945 1720.0 
 0.949951 1416.0 
 0.949957 1312.0 
 0.949963 1568.0 
 0.949969 1716.0 
 0.949975 1688.0 
 0.949980 2004.0 
 0.949986 2184.0 
 0.949992 2032.0 
 0.949998 2140.0 
 0.950004 2276.0 
 0.950010 2344.0 
 0.950016 2200.0 
 0.950022 2236.0 
 0.950028 2088.0 
 0.950034 2260.0 
 0.950039 2180.0 
 0.950045 2048.0 
 0.950051 1976.0 
 0.950057 2040.0 
 0.950063 2252.0 
 0.950069 1868.0 
 0.950075 2156.0 
 0.950081 1716.0 
 0.950087 1560.0 
 0.950092 1556.0 
 0.950098 1436.0 
 0.950104 1316.0 
 0.950110 1092.0 
 0.950116 1252.0 
 0.950122 1250.0 
 0.950128 1584.0 
 0.950134 1552.0 
 0.950140 1660.0 
 0.950146 1896.0 
 0.950151 1812.0 
 0.950157 1824.0 
 0.950163 1944.0 
 0.950169 2200.0 
 0.950175 2528.0 
 0.950181 2120.0 
 0.950187 2128.0 
 0.950193 2492.0 
 0.950199 2320.0 
 0.950204 2260.0 
 0.950210 2204.0 
 0.950216 2084.0 
 0.950222 2224.0 
 0.950228 2104.0 
 0.950234 2268.0 
 0.950240 2420.0 
 0.950246 2156.0 
 0.950252 2236.0 
 0.950258 2408.0 
 0.950263 2268.0 
 0.950269 2016.0 
 0.950275 2120.0 
 0.950281 2036.0 
 0.950287 2400.0 
 0.950293 2296.0 
 0.950299 2152.0 
 0.950305 2092.0 
 0.950311 2252.0 
 0.950317 2108.0 
 0.950322 2044.0 
 0.950328 2104.0 
 0.950334 2056.0 
 0.950340 1928.0 
 0.950346 1636.0 
 0.950352 1620.0 
 0.950358 1740.0 
 0.950364 2008.0 
 0.950370 2016.0 
 0.950375 2020.0 
 0.950381 2380.0 
 0.950387 2300.0 
 0.950393 2404.0 
 0.950399 2540.0 
 0.950405 2448.0 
 0.950411 2224.0 
 0.950417 2396.0 
 0.950423 2352.0 
 0.950429 2432.0 
 0.950434 2364.0 
 0.950440 2200.0 
 0.950446 2260.0 
 0.950452 2272.0 
 0.950458 2156.0 
 0.950464 2100.0 
 0.950470 2268.0 
 0.950476 2456.0 
 0.950482 2148.0 
 0.950487 2264.0 
 0.950493 2104.0 
 0.950499 2160.0 
 0.950505 2068.0 
 0.950511 2464.0 
 0.950517 2252.0 
 0.950523 2304.0 
 0.950529 2240.0 
 0.950535 2180.0 
 0.950541 2420.0 
 0.950546 2188.0 
 0.950552 2496.0 
 0.950558 2240.0 
 0.950564 2232.0 
 0.950570 2060.0 
 0.950576 2128.0 
 0.950582 2324.0 
 0.950588 1812.0 
 0.950594 1796.0 
 0.950599 1684.0 
 0.950605 2104.0 
 0.950611 1924.0 
 0.950617 1972.0 
 0.950623 2000.0 
 0.950629 2080.0 
 0.950635 2304.0 
 0.950641 2200.0 
 0.950647 2328.0 
 0.950653 2468.0 
 0.950658 2384.0 
 0.950664 2592.0 
 0.950670 2448.0 
 0.950676 2436.0 
 0.950682 2324.0 
 0.950688 2372.0 
 0.950694 2460.0 
 0.950700 2314.0 
 0.950706 2280.0 
 0.950711 2380.0 
 0.950717 2420.0 
 0.950723 2320.0 
 0.950729 2316.0 
 0.950735 2272.0 
 0.950741 2504.0 
 0.950747 2336.0 
 0.950753 1900.0 
 0.950759 1884.0 
 0.950765 2156.0 
 0.950770 2564.0 
 0.950776 2328.0 
 0.950782 2552.0 
 0.950788 2328.0 
 0.950794 2398.0 
 0.950800 2340.0 
 0.950806 2612.0 
 0.950812 2756.0 
 0.950818 2728.0 
 0.950824 2284.0 
 0.950829 2420.0 
 0.950835 2432.0 
 0.950841 2592.0 
 0.950847 2480.0 
 0.950853 2540.0 
 0.950859 2512.0 
 0.950865 2576.0 
 0.950871 2260.0 
 0.950877 2392.0 
 0.950882 2392.0 
 0.950888 2572.0 
 0.950894 2632.0 
 0.950900 2168.0 
 0.950906 2636.0 
 0.950912 2172.0 
 0.950918 2236.0 
 0.950924 2336.0 
 0.950930 2440.0 
 0.950936 2528.0 
 0.950941 2676.0 
 0.950947 2344.0 
 0.950953 2620.0 
 0.950959 2240.0 
 0.950965 2444.0 
 0.950971 2396.0 
 0.950977 2284.0 
 0.950983 2660.0 
 0.950989 2440.0 
 0.950994 2592.0 
 0.951000 2504.0 
 0.951006 2676.0 
 0.951012 2652.0 
 0.951018 2396.0 
 0.951024 2696.0 
 0.951030 2652.0 
 0.951036 2692.0 
 0.951042 2344.0 
 0.951048 2420.0 
 0.951053 2608.0 
 0.951059 2396.0 
 0.951065 2384.0 
 0.951071 2524.0 
 0.951077 2372.0 
 0.951083 2564.0 
 0.951089 2692.0 
 0.951095 2628.0 
 0.951101 2592.0 
 0.951106 2736.0 
 0.951112 2460.0 
 0.951118 2648.0 
 0.951124 2540.0 
 0.951130 2412.0 
 0.951136 2424.0 
 0.951142 2460.0 
 0.951148 2660.0 
 0.951154 2292.0 
 0.951160 2368.0 
 0.951165 2648.0 
 0.951171 2620.0 
 0.951177 2260.0 
 0.951183 2400.0 
 0.951189 2756.0 
 0.951195 2368.0 
 0.951201 2176.0 
 0.951207 2296.0 
 0.951213 2228.0 
 0.951218 2568.0 
 0.951224 2536.0 
 0.951230 2480.0 
 0.951236 2480.0 
 0.951242 2604.0 
 0.951248 2556.0 
 0.951254 2468.0 
 0.951260 2704.0 
 0.951266 2572.0 
 0.951272 2300.0 
 0.951277 2708.0 
 0.951283 2272.0 
 0.951289 2332.0 
 0.951295 2684.0 
 0.951301 2544.0 
 0.951307 2608.0 
 0.951313 2680.0 
 0.951319 2520.0 
 0.951325 2380.0 
 0.951331 2564.0 
 0.951336 2356.0 
 0.951342 2624.0 
 0.951348 2684.0 
 0.951354 2472.0 
 0.951360 2340.0 
 0.951366 2512.0 
 0.951372 2836.0 
 0.951378 2604.0 
 0.951384 2564.0 
 0.951389 2344.0 
 0.951395 2428.0 
 0.951401 2392.0 
 0.951407 2536.0 
 0.951413 2512.0 
 0.951419 2332.0 
 0.951425 2644.0 
 0.951431 2264.0 
 0.951437 2448.0 
 0.951443 2532.0 
 0.951448 2264.0 
 0.951454 2368.0 
 0.951460 2504.0 
 0.951466 2412.0 
 0.951472 2228.0 
 0.951478 2084.0 
 0.951484 2108.0 
 0.951490 1916.0 
 0.951496 1832.0 
 0.951501 1528.0 
 0.951507 1624.0 
 0.951513 1736.0 
 0.951519 1700.0 
 0.951525 2064.0 
 0.951531 2216.0 
 0.951537 2040.0 
 0.951543 2104.0 
 0.951549 2084.0 
 0.951555 2292.0 
 0.951560 2656.0 
 0.951566 2188.0 
 0.951572 2456.0 
 0.951578 2468.0 
 0.951584 2224.0 
 0.951590 2388.0 
 0.951596 1884.0 
 0.951602 2108.0 
 0.951608 2032.0 
 0.951613 1692.0 
 0.951619 1664.0 
 0.951625 1776.0 
 0.951631 1480.0 
 0.951637 1480.0 
 0.951643 1468.0 
 0.951649 1912.0 
 0.951655 1920.0 
 0.951661 2156.0 
 0.951667 2452.0 
 0.951672 2052.0 
 0.951678 2188.0 
 0.951684 2224.0 
 0.951690 2180.0 
 0.951696 2056.0 
 0.951702 1832.0 
 0.951708 2184.0 
 0.951714 2208.0 
 0.951720 2284.0 
 0.951725 2240.0 
 0.951731 2312.0 
 0.951737 2304.0 
 0.951743 2484.0 
 0.951749 2528.0 
 0.951755 2680.0 
 0.951761 2436.0 
 0.951767 2312.0 
 0.951773 2456.0 
 0.951779 2544.0 
 0.951784 2484.0 
 0.951790 2244.0 
 0.951796 2456.0 
 0.951802 2244.0 
 0.951808 2588.0 
 0.951814 2444.0 
 0.951820 1928.0 
 0.951826 2504.0 
 0.951832 2576.0 
 0.951838 2700.0 
 0.951843 2496.0 
 0.951849 2472.0 
 0.951855 2480.0 
 0.951861 2476.0 
 0.951867 2664.0 
 0.951873 2456.0 
 0.951879 2380.0 
 0.951885 2400.0 
 0.951891 2976.0 
 0.951896 2376.0 
 0.951902 2588.0 
 0.951908 2500.0 
 0.951914 2300.0 
 0.951920 2692.0 
 0.951926 2632.0 
 0.951932 2496.0 
 0.951938 2620.0 
 0.951944 2416.0 
 0.951950 2496.0 
 0.951955 2352.0 
 0.951961 2380.0 
 0.951967 2372.0 
 0.951973 2404.0 
 0.951979 2464.0 
 0.951985 2476.0 
 0.951991 2288.0 
 0.951997 2464.0 
 0.952003 2668.0 
 0.952008 2624.0 
 0.952014 2344.0 
 0.952020 2528.0 
 0.952026 2780.0 
 0.952032 2616.0 
 0.952038 2328.0 
 0.952044 2284.0 
 0.952050 2532.0 
 0.952056 2656.0 
 0.952062 2344.0 
 0.952067 2504.0 
 0.952073 2372.0 
 0.952079 2620.0 
 0.952085 2804.0 
 0.952091 2600.0 
 0.952097 2420.0 
 0.952103 2472.0 
 0.952109 2228.0 
 0.952115 2522.0 
 0.952120 2396.0 
 0.952126 2160.0 
 0.952132 2040.0 
 0.952138 2388.0 
 0.952144 2472.0 
 0.952150 2560.0 
 0.952156 2516.0 
 0.952162 2404.0 
 0.952168 2600.0 
 0.952174 2276.0 
 0.952179 2524.0 
 0.952185 2332.0 
 0.952191 2312.0 
 0.952197 2428.0 
 0.952203 2440.0 
 0.952209 2600.0 
 0.952215 2512.0 
 0.952221 2304.0 
 0.952227 2412.0 
 0.952233 2352.0 
 0.952238 2700.0 
 0.952244 2436.0 
 0.952250 2408.0 
 0.952256 2428.0 
 0.952262 2088.0 
 0.952268 2132.0 
 0.952274 2264.0 
 0.952280 2180.0 
 0.952286 2496.0 
 0.952291 2576.0 
 0.952297 2724.0 
 0.952303 2268.0 
 0.952309 2468.0 
 0.952315 2516.0 
 0.952321 2564.0 
 0.952327 2736.0 
 0.952333 2824.0 
 0.952339 2360.0 
 0.952345 2444.0 
 0.952350 2440.0 
 0.952356 2668.0 
 0.952362 2524.0 
 0.952368 2292.0 
 0.952374 2444.0 
 0.952380 2464.0 
 0.952386 2208.0 
 0.952392 2256.0 
 0.952398 2252.0 
 0.952403 1984.0 
 0.952409 2060.0 
 0.952415 2124.0 
 0.952421 2056.0 
 0.952427 2300.0 
 0.952433 2192.0 
 0.952439 2180.0 
 0.952445 1916.0 
 0.952451 1948.0 
 0.952457 1860.0 
 0.952462 1748.0 
 0.952468 1764.0 
 0.952474 1584.0 
 0.952480 1840.0 
 0.952486 1884.0 
 0.952492 1968.0 
 0.952498 2024.0 
 0.952504 2172.0 
 0.952510 2128.0 
 0.952515 2072.0 
 0.952521 2032.0 
 0.952527 2236.0 
 0.952533 2456.0 
 0.952539 2236.0 
 0.952545 2500.0 
 0.952551 2316.0 
 0.952557 2268.0 
 0.952563 2008.0 
 0.952569 2244.0 
 0.952574 2280.0 
 0.952580 1756.0 
 0.952586 1896.0 
 0.952592 1968.0 
 0.952598 1832.0 
 0.952604 1800.0 
 0.952610 2008.0 
 0.952616 2186.0 
 0.952622 2396.0 
 0.952627 2300.0 
 0.952633 2488.0 
 0.952639 2392.0 
 0.952645 2416.0 
 0.952651 2400.0 
 0.952657 2484.0 
 0.952663 2388.0 
 0.952669 2544.0 
 0.952675 2512.0 
 0.952681 2264.0 
 0.952686 2072.0 
 0.952692 1944.0 
 0.952698 1854.0 
 0.952704 1784.0 
 0.952710 2040.0 
 0.952716 2188.0 
 0.952722 2120.0 
 0.952728 1956.0 
 0.952734 2404.0 
 0.952740 2336.0 
 0.952745 2156.0 
 0.952751 2156.0 
 0.952757 2236.0 
 0.952763 2324.0 
 0.952769 1980.0 
 0.952775 2036.0 
 0.952781 2156.0 
 0.952787 2060.0 
 0.952793 1988.0 
 0.952798 2192.0 
 0.952804 2200.0 
 0.952810 1952.0 
 0.952816 1966.0 
 0.952822 1896.0 
 0.952828 1624.0 
 0.952834 1740.0 
 0.952840 1614.0 
 0.952846 1720.0 
 0.952852 1740.0 
 0.952857 1900.0 
 0.952863 2168.0 
 0.952869 2044.0 
 0.952875 2268.0 
 0.952881 2188.0 
 0.952887 2428.0 
 0.952893 2324.0 
 0.952899 2308.0 
 0.952905 2628.0 
 0.952910 2464.0 
 0.952916 2444.0 
 0.952922 2444.0 
 0.952928 2504.0 
 0.952934 2268.0 
 0.952940 2280.0 
 0.952946 2252.0 
 0.952952 2520.0 
 0.952958 2448.0 
 0.952964 2564.0 
 0.952969 2560.0 
 0.952975 2596.0 
 0.952981 2484.0 
 0.952987 2320.0 
 0.952993 2036.0 
 0.952999 2420.0 
 0.953005 2156.0 
 0.953011 2060.0 
 0.953017 2420.0 
 0.953022 2224.0 
 0.953028 2112.0 
 0.953034 2120.0 
 0.953040 2320.0 
 0.953046 2068.0 
 0.953052 2206.0 
 0.953058 2272.0 
 0.953064 2412.0 
 0.953070 2128.0 
 0.953076 2312.0 
 0.953081 2256.0 
 0.953087 2124.0 
 0.953093 2504.0 
 0.953099 2272.0 
 0.953105 2416.0 
 0.953111 2552.0 
 0.953117 2392.0 
 0.953123 2296.0 
 0.953129 2316.0 
 0.953134 2588.0 
 0.953140 2520.0 
 0.953146 2580.0 
 0.953152 2572.0 
 0.953158 1964.0 
 0.953164 2732.0 
 0.953170 2556.0 
 0.953176 2432.0 
 0.953182 2504.0 
 0.953188 2496.0 
 0.953193 2372.0 
 0.953199 2248.0 
 0.953205 2408.0 
 0.953211 2416.0 
 0.953217 2260.0 
 0.953223 2632.0 
 0.953229 2104.0 
 0.953235 2072.0 
 0.953241 2468.0 
 0.953247 2364.0 
 0.953252 2248.0 
 0.953258 2044.0 
 0.953264 2304.0 
 0.953270 2300.0 
 0.953276 2332.0 
 0.953282 2440.0 
 0.953288 2388.0 
 0.953294 2316.0 
 0.953300 2372.0 
 0.953305 2312.0 
 0.953311 2496.0 
 0.953317 2572.0 
 0.953323 2408.0 
 0.953329 2344.0 
 0.953335 2392.0 
 0.953341 2292.0 
 0.953347 2108.0 
 0.953353 2296.0 
 0.953359 2232.0 
 0.953364 2276.0 
 0.953370 2112.0 
 0.953376 2152.0 
 0.953382 2240.0 
 0.953388 2228.0 
 0.953394 2008.0 
 0.953400 2116.0 
 0.953406 2160.0 
 0.953412 2212.0 
 0.953417 1844.0 
 0.953423 2064.0 
 0.953429 1836.0 
 0.953435 1964.0 
 0.953441 2228.0 
 0.953447 2312.0 
 0.953453 2300.0 
 0.953459 2188.0 
 0.953465 2112.0 
 0.953471 2244.0 
 0.953476 2200.0 
 0.953482 2316.0 
 0.953488 2256.0 
 0.953494 1976.0 
 0.953500 2032.0 
 0.953506 1924.0 
 0.953512 1888.0 
 0.953518 1928.0 
 0.953524 1992.0 
 0.953529 2252.0 
 0.953535 2080.0 
 0.953541 2152.0 
 0.953547 2416.0 
 0.953553 2192.0 
 0.953559 2388.0 
 0.953565 2456.0 
 0.953571 2440.0 
 0.953577 2328.0 
 0.953583 2424.0 
 0.953588 2248.0 
 0.953594 2140.0 
 0.953600 2536.0 
 0.953606 2360.0 
 0.953612 2336.0 
 0.953618 2268.0 
 0.953624 2368.0 
 0.953630 2368.0 
 0.953636 2456.0 
 0.953641 2060.0 
 0.953647 2296.0 
 0.953653 2440.0 
 0.953659 2416.0 
 0.953665 2360.0 
 0.953671 2452.0 
 0.953677 2432.0 
 0.953683 2308.0 
 0.953689 2080.0 
 0.953695 2356.0 
 0.953700 2344.0 
 0.953706 2416.0 
 0.953712 2280.0 
 0.953718 2440.0 
 0.953724 2388.0 
 0.953730 2572.0 
 0.953736 2300.0 
 0.953742 2204.0 
 0.953748 2180.0 
 0.953754 2380.0 
 0.953759 2084.0 
 0.953765 2248.0 
 0.953771 2424.0 
 0.953777 2136.0 
 0.953783 2136.0 
 0.953789 2088.0 
 0.953795 2408.0 
 0.953801 2460.0 
 0.953807 2036.0 
 0.953812 2132.0 
 0.953818 2020.0 
 0.953824 2376.0 
 0.953830 2176.0 
 0.953836 2144.0 
 0.953842 2080.0 
 0.953848 2200.0 
 0.953854 1930.0 
 0.953860 2040.0 
 0.953866 2042.0 
 0.953871 2136.0 
 0.953877 2220.0 
 0.953883 2276.0 
 0.953889 2008.0 
 0.953895 2228.0 
 0.953901 2348.0 
 0.953907 2388.0 
 0.953913 2332.0 
 0.953919 2184.0 
 0.953924 2120.0 
 0.953930 2268.0 
 0.953936 2380.0 
 0.953942 2416.0 
 0.953948 2160.0 
 0.953954 2528.0 
 0.953960 2368.0 
 0.953966 2152.0 
 0.953972 2532.0 
 0.953978 2444.0 
 0.953983 2224.0 
 0.953989 2456.0 
 0.953995 2556.0 
 0.954001 2504.0 
 0.954007 2308.0 
 0.954013 2284.0 
 0.954019 2272.0 
 0.954025 2444.0 
 0.954031 2364.0 
 0.954036 2428.0 
 0.954042 2176.0 
 0.954048 2476.0 
 0.954054 2436.0 
 0.954060 2380.0 
 0.954066 2260.0 
 0.954072 2308.0 
 0.954078 2376.0 
 0.954084 2348.0 
 0.954090 2300.0 
 0.954095 2480.0 
 0.954101 2368.0 
 0.954107 2304.0 
 0.954113 2024.0 
 0.954119 2088.0 
 0.954125 2128.0 
 0.954131 2092.0 
 0.954137 2040.0 
 0.954143 2140.0 
 0.954148 2076.0 
 0.954154 2044.0 
 0.954160 2012.0 
 0.954166 2048.0 
 0.954172 1892.0 
 0.954178 1810.0 
 0.954184 1496.0 
 0.954190 1564.0 
 0.954196 1628.0 
 0.954202 1692.0 
 0.954207 1550.0 
 0.954213 2024.0 
 0.954219 2040.0 
 0.954225 2304.0 
 0.954231 2444.0 
 0.954237 2472.0 
 0.954243 2392.0 
 0.954249 2256.0 
 0.954255 2212.0 
 0.954261 2300.0 
 0.954266 2436.0 
 0.954272 2060.0 
 0.954278 2168.0 
 0.954284 2104.0 
 0.954290 2068.0 
 0.954296 2100.0 
 0.954302 2024.0 
 0.954308 1796.0 
 0.954314 2036.0 
 0.954319 1968.0 
 0.954325 2220.0 
 0.954331 2092.0 
 0.954337 2312.0 
 0.954343 2292.0 
 0.954349 2140.0 
 0.954355 2332.0 
 0.954361 2516.0 
 0.954367 2608.0 
 0.954373 2324.0 
 0.954378 2440.0 
 0.954384 2532.0 
 0.954390 2920.0 
 0.954396 2432.0 
 0.954402 2424.0 
 0.954408 2136.0 
 0.954414 2208.0 
 0.954420 2644.0 
 0.954426 2424.0 
 0.954431 2468.0 
 0.954437 2400.0 
 0.954443 2196.0 
 0.954449 2144.0 
 0.954455 2120.0 
 0.954461 2296.0 
 0.954467 2208.0 
 0.954473 2196.0 
 0.954479 2080.0 
 0.954485 2020.0 
 0.954490 2304.0 
 0.954496 2204.0 
 0.954502 2232.0 
 0.954508 2044.0 
 0.954514 1776.0 
 0.954520 1940.0 
 0.954526 2320.0 
 0.954532 2112.0 
 0.954538 2352.0 
 0.954543 1936.0 
 0.954549 2248.0 
 0.954555 2248.0 
 0.954561 2272.0 
 0.954567 2388.0 
 0.954573 2192.0 
 0.954579 2236.0 
 0.954585 2304.0 
 0.954591 2420.0 
 0.954597 2420.0 
 0.954602 2420.0 
 0.954608 2236.0 
 0.954614 2172.0 
 0.954620 2252.0 
 0.954626 2480.0 
 0.954632 2302.0 
 0.954638 2320.0 
 0.954644 2276.0 
 0.954650 2136.0 
 0.954655 2248.0 
 0.954661 2132.0 
 0.954667 2564.0 
 0.954673 2112.0 
 0.954679 2136.0 
 0.954685 2336.0 
 0.954691 2172.0 
 0.954697 2156.0 
 0.954703 2224.0 
 0.954709 1916.0 
 0.954714 1752.0 
 0.954720 1948.0 
 0.954726 2004.0 
 0.954732 2112.0 
 0.954738 2032.0 
 0.954744 2108.0 
 0.954750 2060.0 
 0.954756 2144.0 
 0.954762 2236.0 
 0.954768 2440.0 
 0.954773 1988.0 
 0.954779 2396.0 
 0.954785 2308.0 
 0.954791 2256.0 
 0.954797 2160.0 
 0.954803 2196.0 
 0.954809 2392.0 
 0.954815 2276.0 
 0.954821 2172.0 
 0.954826 2452.0 
 0.954832 2172.0 
 0.954838 2296.0 
 0.954844 2212.0 
 0.954850 2144.0 
 0.954856 2200.0 
 0.954862 2392.0 
 0.954868 2076.0 
 0.954874 2088.0 
 0.954880 2384.0 
 0.954885 2228.0 
 0.954891 2308.0 
 0.954897 2208.0 
 0.954903 2336.0 
 0.954909 2400.0 
 0.954915 2312.0 
 0.954921 2500.0 
 0.954927 2264.0 
 0.954933 2396.0 
 0.954938 2180.0 
 0.954944 2304.0 
 0.954950 2092.0 
 0.954956 2220.0 
 0.954962 2396.0 
 0.954968 2292.0 
 0.954974 2308.0 
 0.954980 2420.0 
 0.954986 2112.0 
 0.954992 2320.0 
 0.954997 2604.0 
 0.955003 2420.0 
 0.955009 2288.0 
 0.955015 2368.0 
 0.955021 2244.0 
 0.955027 2360.0 
 0.955033 2288.0 
 0.955039 2512.0 
 0.955045 2356.0 
 0.955050 2432.0 
 0.955056 2576.0 
 0.955062 2112.0 
 0.955068 2288.0 
 0.955074 2172.0 
 0.955080 2492.0 
 0.955086 2376.0 
 0.955092 2572.0 
 0.955098 2256.0 
 0.955104 2376.0 
 0.955109 2224.0 
 0.955115 2056.0 
 0.955121 2324.0 
 0.955127 2132.0 
 0.955133 2144.0 
 0.955139 2000.0 
 0.955145 2112.0 
 0.955151 2256.0 
 0.955157 2000.0 
 0.955163 2604.0 
 0.955168 2384.0 
 0.955174 2192.0 
 0.955180 2136.0 
 0.955186 2352.0 
 0.955192 2232.0 
 0.955198 2244.0 
 0.955204 2460.0 
 0.955210 2456.0 
 0.955216 2140.0 
 0.955221 2108.0 
 0.955227 2104.0 
 0.955233 2040.0 
 0.955239 1892.0 
 0.955245 2020.0 
 0.955251 1640.0 
 0.955257 1828.0 
 0.955263 1740.0 
 0.955269 1800.0 
 0.955275 1844.0 
 0.955280 2092.0 
 0.955286 2072.0 
 0.955292 1940.0 
 0.955298 1848.0 
 0.955304 1632.0 
 0.955310 1640.0 
 0.955316 1804.0 
 0.955322 1916.0 
 0.955328 2036.0 
 0.955333 2048.0 
 0.955339 2360.0 
 0.955345 2200.0 
 0.955351 2472.0 
 0.955357 2212.0 
 0.955363 2292.0 
 0.955369 2404.0 
 0.955375 2288.0 
 0.955381 2280.0 
 0.955387 2120.0 
 0.955392 2336.0 
 0.955398 2164.0 
 0.955404 2192.0 
 0.955410 2248.0 
 0.955416 2176.0 
 0.955422 2020.0 
 0.955428 2352.0 
 0.955434 2376.0 
 0.955440 2188.0 
 0.955445 2272.0 
 0.955451 2284.0 
 0.955457 2248.0 
 0.955463 2372.0 
 0.955469 2476.0 
 0.955475 2508.0 
 0.955481 2196.0 
 0.955487 2492.0 
 0.955493 2216.0 
 0.955499 1828.0 
 0.955504 2112.0 
 0.955510 2136.0 
 0.955516 2352.0 
 0.955522 2268.0 
 0.955528 2136.0 
 0.955534 2384.0 
 0.955540 2332.0 
 0.955546 2208.0 
 0.955552 2452.0 
 0.955557 2276.0 
 0.955563 2272.0 
 0.955569 1868.0 
 0.955575 1740.0 
 0.955581 1896.0 
 0.955587 2024.0 
 0.955593 2008.0 
 0.955599 1616.0 
 0.955605 1656.0 
 0.955611 1912.0 
 0.955616 1960.0 
 0.955622 1920.0 
 0.955628 2168.0 
 0.955634 2152.0 
 0.955640 2088.0 
 0.955646 2408.0 
 0.955652 2080.0 
 0.955658 2040.0 
 0.955664 2160.0 
 0.955670 2272.0 
 0.955675 1996.0 
 0.955681 2180.0 
 0.955687 2148.0 
 0.955693 2236.0 
 0.955699 2252.0 
 0.955705 1956.0 
 0.955711 2092.0 
 0.955717 1940.0 
 0.955723 1836.0 
 0.955728 1984.0 
 0.955734 1800.0 
 0.955740 1920.0 
 0.955746 1708.0 
 0.955752 1624.0 
 0.955758 1920.0 
 0.955764 1656.0 
 0.955770 1852.0 
 0.955776 1556.0 
 0.955782 1674.0 
 0.955787 1740.0 
 0.955793 1700.0 
 0.955799 1606.0 
 0.955805 1608.0 
 0.955811 1744.0 
 0.955817 1844.0 
 0.955823 1820.0 
 0.955829 1860.0 
 0.955835 2284.0 
 0.955840 2340.0 
 0.955846 2152.0 
 0.955852 1892.0 
 0.955858 2104.0 
 0.955864 2108.0 
 0.955870 2064.0 
 0.955876 1918.0 
 0.955882 2244.0 
 0.955888 1996.0 
 0.955894 1948.0 
 0.955899 1864.0 
 0.955905 1952.0 
 0.955911 1976.0 
 0.955917 1704.0 
 0.955923 1428.0 
 0.955929 1544.0 
 0.955935 1472.0 
 0.955941 1440.0 
 0.955947 1500.0 
 0.955952 1634.0 
 0.955958 1640.0 
 0.955964 1980.0 
 0.955970 2068.0 
 0.955976 2080.0 
 0.955982 2064.0 
 0.955988 2068.0 
 0.955994 2036.0 
 0.956000 2132.0 
 0.956006 2100.0 
 0.956011 2116.0 
 0.956017 1948.0 
 0.956023 2020.0 
 0.956029 2064.0 
 0.956035 2068.0 
 0.956041 2192.0 
 0.956047 2220.0 
 0.956053 2132.0 
 0.956059 2156.0 
 0.956064 2080.0 
 0.956070 1964.0 
 0.956076 1892.0 
 0.956082 1772.0 
 0.956088 1472.0 
 0.956094 1440.0 
 0.956100 1196.0 
 0.956106 1404.0 
 0.956112 1656.0 
 0.956118 1792.0 
 0.956123 1814.0 
 0.956129 1650.0 
 0.956135 2072.0 
 0.956141 2128.0 
 0.956147 2048.0 
 0.956153 2044.0 
 0.956159 2092.0 
 0.956165 2136.0 
 0.956171 2100.0 
 0.956177 2156.0 
 0.956182 2192.0 
 0.956188 2132.0 
 0.956194 2308.0 
 0.956200 2488.0 
 0.956206 2280.0 
 0.956212 2156.0 
 0.956218 2392.0 
 0.956224 2060.0 
 0.956230 1992.0 
 0.956235 2024.0 
 0.956241 2028.0 
 0.956247 2044.0 
 0.956253 2144.0 
 0.956259 1760.0 
 0.956265 2020.0 
 0.956271 2096.0 
 0.956277 1768.0 
 0.956283 2136.0 
 0.956289 1996.0 
 0.956294 2008.0 
 0.956300 1908.0 
 0.956306 1908.0 
 0.956312 1972.0 
 0.956318 1964.0 
 0.956324 1916.0 
 0.956330 1936.0 
 0.956336 2092.0 
 0.956342 2008.0 
 0.956347 2108.0 
 0.956353 2064.0 
 0.956359 2080.0 
 0.956365 1932.0 
 0.956371 1964.0 
 0.956377 1940.0 
 0.956383 2136.0 
 0.956389 2196.0 
 0.956395 1780.0 
 0.956401 2204.0 
 0.956406 2304.0 
 0.956412 1836.0 
 0.956418 1896.0 
 0.956424 1896.0 
 0.956430 1896.0 
 0.956436 1728.0 
 0.956442 1812.0 
 0.956448 1892.0 
 0.956454 1752.0 
 0.956459 1988.0 
 0.956465 1852.0 
 0.956471 1906.0 
 0.956477 1508.0 
 0.956483 1640.0 
 0.956489 1556.0 
 0.956495 1464.0 
 0.956501 1608.0 
 0.956507 1648.0 
 0.956513 1488.0 
 0.956518 2048.0 
 0.956524 1744.0 
 0.956530 2020.0 
 0.956536 2056.0 
 0.956542 1984.0 
 0.956548 1948.0 
 0.956554 2252.0 
 0.956560 1904.0 
 0.956566 2260.0 
 0.956571 2036.0 
 0.956577 2200.0 
 0.956583 1944.0 
 0.956589 2116.0 
 0.956595 1776.0 
 0.956601 1972.0 
 0.956607 2100.0 
 0.956613 2264.0 
 0.956619 1636.0 
 0.956625 2140.0 
 0.956630 1868.0 
 0.956636 2080.0 
 0.956642 1848.0 
 0.956648 2160.0 
 0.956654 2076.0 
 0.956660 1752.0 
 0.956666 1776.0 
 0.956672 1724.0 
 0.956678 1844.0 
 0.956684 1892.0 
 0.956689 1904.0 
 0.956695 1948.0 
 0.956701 2328.0 
 0.956707 2072.0 
 0.956713 2256.0 
 0.956719 2036.0 
 0.956725 1972.0 
 0.956731 1892.0 
 0.956737 1968.0 
 0.956742 2052.0 
 0.956748 1984.0 
 0.956754 2024.0 
 0.956760 1872.0 
 0.956766 1860.0 
 0.956772 1956.0 
 0.956778 2016.0 
 0.956784 2084.0 
 0.956790 1904.0 
 0.956796 1880.0 
 0.956801 1782.0 
 0.956807 1752.0 
 0.956813 1880.0 
 0.956819 1604.0 
 0.956825 1696.0 
 0.956831 1564.0 
 0.956837 2112.0 
 0.956843 1976.0 
 0.956849 1868.0 
 0.956854 2004.0 
 0.956860 2036.0 
 0.956866 1916.0 
 0.956872 2136.0 
 0.956878 1708.0 
 0.956884 2052.0 
 0.956890 1980.0 
 0.956896 2288.0 
 0.956902 2096.0 
 0.956908 1996.0 
 0.956913 1944.0 
 0.956919 2156.0 
 0.956925 2072.0 
 0.956931 1992.0 
 0.956937 1920.0 
 0.956943 1968.0 
 0.956949 1988.0 
 0.956955 1748.0 
 0.956961 2124.0 
 0.956966 1680.0 
 0.956972 2064.0 
 0.956978 2024.0 
 0.956984 1968.0 
 0.956990 1828.0 
 0.956996 2124.0 
 0.957002 1732.0 
 0.957008 1940.0 
 0.957014 1728.0 
 0.957020 1912.0 
 0.957025 1732.0 
 0.957031 1880.0 
 0.957037 1764.0 
 0.957043 1908.0 
 0.957049 1932.0 
 0.957055 2200.0 
 0.957061 2108.0 
 0.957067 1928.0 
 0.957073 1916.0 
 0.957078 2052.0 
 0.957084 1872.0 
 0.957090 1912.0 
 0.957096 1850.0 
 0.957102 1900.0 
 0.957108 2220.0 
 0.957114 1848.0 
 0.957120 2108.0 
 0.957126 2004.0 
 0.957132 2020.0 
 0.957137 1876.0 
 0.957143 1876.0 
 0.957149 2012.0 
 0.957155 1796.0 
 0.957161 2104.0 
 0.957167 2000.0 
 0.957173 1908.0 
 0.957179 1820.0 
 0.957185 2072.0 
 0.957191 1908.0 
 0.957196 2056.0 
 0.957202 1940.0 
 0.957208 1992.0 
 0.957214 2012.0 
 0.957220 2084.0 
 0.957226 1916.0 
 0.957232 1952.0 
 0.957238 2112.0 
 0.957244 2056.0 
 0.957249 2060.0 
 0.957255 1940.0 
 0.957261 1636.0 
 0.957267 1816.0 
 0.957273 1972.0 
 0.957279 1924.0 
 0.957285 2012.0 
 0.957291 1932.0 
 0.957297 1916.0 
 0.957303 1798.0 
 0.957308 2012.0 
 0.957314 1900.0 
 0.957320 1860.0 
 0.957326 1872.0 
 0.957332 1788.0 
 0.957338 1772.0 
 0.957344 1948.0 
 0.957350 1504.0 
 0.957356 1940.0 
 0.957361 1848.0 
 0.957367 1856.0 
 0.957373 1916.0 
 0.957379 1748.0 
 0.957385 2144.0 
 0.957391 1816.0 
 0.957397 1968.0 
 0.957403 2024.0 
 0.957409 2032.0 
 0.957415 1836.0 
 0.957420 1656.0 
 0.957426 2012.0 
 0.957432 2044.0 
 0.957438 1976.0 
 0.957444 2084.0 
 0.957450 1936.0 
 0.957456 1920.0 
 0.957462 1852.0 
 0.957468 1984.0 
 0.957473 1748.0 
 0.957479 1976.0 
 0.957485 1860.0 
 0.957491 1820.0 
 0.957497 1912.0 
 0.957503 1864.0 
 0.957509 1812.0 
 0.957515 1884.0 
 0.957521 1892.0 
 0.957527 1836.0 
 0.957532 1792.0 
 0.957538 1768.0 
 0.957544 1788.0 
 0.957550 1732.0 
 0.957556 1884.0 
 0.957562 1620.0 
 0.957568 1784.0 
 0.957574 1512.0 
 0.957580 1740.0 
 0.957586 1672.0 
 0.957591 1588.0 
 0.957597 1788.0 
 0.957603 1812.0 
 0.957609 1900.0 
 0.957615 1696.0 
 0.957621 1716.0 
 0.957627 2008.0 
 0.957633 1716.0 
 0.957639 1780.0 
 0.957644 1720.0 
 0.957650 1968.0 
 0.957656 1916.0 
 0.957662 1652.0 
 0.957668 2048.0 
 0.957674 1800.0 
 0.957680 1644.0 
 0.957686 1720.0 
 0.957692 1780.0 
 0.957698 1600.0 
 0.957703 1788.0 
 0.957709 1176.0 
 0.957715 1356.0 
 0.957721 1308.0 
 0.957727 1072.0 
 0.957733 1452.0 
 0.957739 1372.0 
 0.957745 1496.0 
 0.957751 1456.0 
 0.957756 1484.0 
 0.957762 1680.0 
 0.957768 1512.0 
 0.957774 1696.0 
 0.957780 1928.0 
 0.957786 1940.0 
 0.957792 1812.0 
 0.957798 1768.0 
 0.957804 1796.0 
 0.957810 1832.0 
 0.957815 1588.0 
 0.957821 1812.0 
 0.957827 1904.0 
 0.957833 1640.0 
 0.957839 1864.0 
 0.957845 1788.0 
 0.957851 1808.0 
 0.957857 1924.0 
 0.957863 1868.0 
 0.957868 1740.0 
 0.957874 1828.0 
 0.957880 1856.0 
 0.957886 1920.0 
 0.957892 2040.0 
 0.957898 1624.0 
 0.957904 1980.0 
 0.957910 1964.0 
 0.957916 1912.0 
 0.957922 1900.0 
 0.957927 2204.0 
 0.957933 1876.0 
 0.957939 1892.0 
 0.957945 1796.0 
 0.957951 1940.0 
 0.957957 1960.0 
 0.957963 1888.0 
 0.957969 1912.0 
 0.957975 1996.0 
 0.957980 2080.0 
 0.957986 1984.0 
 0.957992 1996.0 
 0.957998 1744.0 
 0.958004 1672.0 
 0.958010 1752.0 
 0.958016 1864.0 
 0.958022 1864.0 
 0.958028 1684.0 
 0.958034 1588.0 
 0.958039 1720.0 
 0.958045 1740.0 
 0.958051 1488.0 
 0.958057 1792.0 
 0.958063 1684.0 
 0.958069 1492.0 
 0.958075 1542.0 
 0.958081 1696.0 
 0.958087 1528.0 
 0.958093 1724.0 
 0.958098 1852.0 
 0.958104 1608.0 
 0.958110 1752.0 
 0.958116 1900.0 
 0.958122 1768.0 
 0.958128 1932.0 
 0.958134 1960.0 
 0.958140 1860.0 
 0.958146 1692.0 
 0.958151 1752.0 
 0.958157 1896.0 
 0.958163 1868.0 
 0.958169 1904.0 
 0.958175 1760.0 
 0.958181 1764.0 
 0.958187 1648.0 
 0.958193 1492.0 
 0.958199 1840.0 
 0.958205 1720.0 
 0.958210 1856.0 
 0.958216 2060.0 
 0.958222 1824.0 
 0.958228 1660.0 
 0.958234 1700.0 
 0.958240 1912.0 
 0.958246 2064.0 
 0.958252 1724.0 
 0.958258 1984.0 
 0.958263 1816.0 
 0.958269 2100.0 
 0.958275 1804.0 
 0.958281 1932.0 
 0.958287 1868.0 
 0.958293 1968.0 
 0.958299 2100.0 
 0.958305 2256.0 
 0.958311 1820.0 
 0.958317 1916.0 
 0.958322 1828.0 
 0.958328 1828.0 
 0.958334 1920.0 
 0.958340 1956.0 
 0.958346 1748.0 
 0.958352 1708.0 
 0.958358 1880.0 
 0.958364 1752.0 
 0.958370 1864.0 
 0.958375 1824.0 
 0.958381 1996.0 
 0.958387 1752.0 
 0.958393 1792.0 
 0.958399 1996.0 
 0.958405 1840.0 
 0.958411 1764.0 
 0.958417 1936.0 
 0.958423 1780.0 
 0.958429 1720.0 
 0.958434 1832.0 
 0.958440 1928.0 
 0.958446 1900.0 
 0.958452 1636.0 
 0.958458 1932.0 
 0.958464 2192.0 
 0.958470 1908.0 
 0.958476 1804.0 
 0.958482 1872.0 
 0.958487 1644.0 
 0.958493 1704.0 
 0.958499 1904.0 
 0.958505 1960.0 
 0.958511 2068.0 
 0.958517 2008.0 
 0.958523 1800.0 
 0.958529 1672.0 
 0.958535 1788.0 
 0.958541 1908.0 
 0.958546 1628.0 
 0.958552 1648.0 
 0.958558 1740.0 
 0.958564 1480.0 
 0.958570 1624.0 
 0.958576 1272.0 
 0.958582 1512.0 
 0.958588 1444.0 
 0.958594 1516.0 
 0.958600 1372.0 
 0.958605 1476.0 
 0.958611 1512.0 
 0.958617 1516.0 
 0.958623 1188.0 
 0.958629 1352.0 
 0.958635 1468.0 
 0.958641 1620.0 
 0.958647 1512.0 
 0.958653 1412.0 
 0.958658 1572.0 
 0.958664 1664.0 
 0.958670 1814.0 
 0.958676 1860.0 
 0.958682 1760.0 
 0.958688 1584.0 
 0.958694 1728.0 
 0.958700 1532.0 
 0.958706 1564.0 
 0.958712 1710.0 
 0.958717 1792.0 
 0.958723 1496.0 
 0.958729 1176.0 
 0.958735 1440.0 
 0.958741 1576.0 
 0.958747 1336.0 
 0.958753 1756.0 
 0.958759 1628.0 
 0.958765 1756.0 
 0.958770 1624.0 
 0.958776 1676.0 
 0.958782 1616.0 
 0.958788 1684.0 
 0.958794 1892.0 
 0.958800 1720.0 
 0.958806 1828.0 
 0.958812 1736.0 
 0.958818 1532.0 
 0.958824 1872.0 
 0.958829 1924.0 
 0.958835 1832.0 
 0.958841 1888.0 
 0.958847 1688.0 
 0.958853 1712.0 
 0.958859 1872.0 
 0.958865 1956.0 
 0.958871 1532.0 
 0.958877 1540.0 
 0.958882 1628.0 
 0.958888 1740.0 
 0.958894 1388.0 
 0.958900 1360.0 
 0.958906 1742.0 
 0.958912 1848.0 
 0.958918 1820.0 
 0.958924 1516.0 
 0.958930 1720.0 
 0.958936 1568.0 
 0.958941 1736.0 
 0.958947 1768.0 
 0.958953 1536.0 
 0.958959 1712.0 
 0.958965 1600.0 
 0.958971 1600.0 
 0.958977 1576.0 
 0.958983 1864.0 
 0.958989 1704.0 
 0.958994 1760.0 
 0.959000 1766.0 
 0.959006 1672.0 
 0.959012 1632.0 
 0.959018 1784.0 
 0.959024 2004.0 
 0.959030 1540.0 
 0.959036 1964.0 
 0.959042 1816.0 
 0.959048 1540.0 
 0.959053 1848.0 
 0.959059 1744.0 
 0.959065 1624.0 
 0.959071 1584.0 
 0.959077 1584.0 
 0.959083 1820.0 
 0.959089 1688.0 
 0.959095 1888.0 
 0.959101 1576.0 
 0.959107 1528.0 
 0.959112 2032.0 
 0.959118 1684.0 
 0.959124 2028.0 
 0.959130 1760.0 
 0.959136 1676.0 
 0.959142 1904.0 
 0.959148 1932.0 
 0.959154 1680.0 
 0.959160 1560.0 
 0.959165 1488.0 
 0.959171 2048.0 
 0.959177 1828.0 
 0.959183 1788.0 
 0.959189 1636.0 
 0.959195 1880.0 
 0.959201 1960.0 
 0.959207 1848.0 
 0.959213 1554.0 
 0.959219 1664.0 
 0.959224 1832.0 
 0.959230 1776.0 
 0.959236 1828.0 
 0.959242 1604.0 
 0.959248 1920.0 
 0.959254 1904.0 
 0.959260 1808.0 
 0.959266 1592.0 
 0.959272 2152.0 
 0.959277 1672.0 
 0.959283 1900.0 
 0.959289 2080.0 
 0.959295 1872.0 
 0.959301 1460.0 
 0.959307 1820.0 
 0.959313 1764.0 
 0.959319 1964.0 
 0.959325 1832.0 
 0.959331 1664.0 
 0.959336 1964.0 
 0.959342 1736.0 
 0.959348 1808.0 
 0.959354 1996.0 
 0.959360 1528.0 
 0.959366 1880.0 
 0.959372 1844.0 
 0.959378 1576.0 
 0.959384 1724.0 
 0.959389 1636.0 
 0.959395 1668.0 
 0.959401 1912.0 
 0.959407 1964.0 
 0.959413 1828.0 
 0.959419 1660.0 
 0.959425 1868.0 
 0.959431 1356.0 
 0.959437 1652.0 
 0.959443 1460.0 
 0.959448 1636.0 
 0.959454 1632.0 
 0.959460 1896.0 
 0.959466 1658.0 
 0.959472 1556.0 
 0.959478 1820.0 
 0.959484 1744.0 
 0.959490 1704.0 
 0.959496 1774.0 
 0.959501 1712.0 
 0.959507 1688.0 
 0.959513 1644.0 
 0.959519 1622.0 
 0.959525 1460.0 
 0.959531 1704.0 
 0.959537 1528.0 
 0.959543 1936.0 
 0.959549 1832.0 
 0.959555 1668.0 
 0.959560 1600.0 
 0.959566 1724.0 
 0.959572 1856.0 
 0.959578 1840.0 
 0.959584 1924.0 
 0.959590 1760.0 
 0.959596 1624.0 
 0.959602 1744.0 
 0.959608 1744.0 
 0.959614 1672.0 
 0.959619 1596.0 
 0.959625 1756.0 
 0.959631 1880.0 
 0.959637 1644.0 
 0.959643 1704.0 
 0.959649 1424.0 
 0.959655 1704.0 
 0.959661 1812.0 
 0.959667 1784.0 
 0.959672 1504.0 
 0.959678 1568.0 
 0.959684 1868.0 
 0.959690 1788.0 
 0.959696 1912.0 
 0.959702 1732.0 
 0.959708 1736.0 
 0.959714 1692.0 
 0.959720 1940.0 
 0.959726 1808.0 
 0.959731 1624.0 
 0.959737 1984.0 
 0.959743 1732.0 
 0.959749 1672.0 
 0.959755 1688.0 
 0.959761 1448.0 
 0.959767 1988.0 
 0.959773 1724.0 
 0.959779 1744.0 
 0.959784 1692.0 
 0.959790 1876.0 
 0.959796 1608.0 
 0.959802 1692.0 
 0.959808 1844.0 
 0.959814 1676.0 
 0.959820 1568.0 
 0.959826 1756.0 
 0.959832 1704.0 
 0.959838 1836.0 
 0.959843 1564.0 
 0.959849 1760.0 
 0.959855 1688.0 
 0.959861 1944.0 
 0.959867 1680.0 
 0.959873 1548.0 
 0.959879 1688.0 
 0.959885 1644.0 
 0.959891 1616.0 
 0.959896 1892.0 
 0.959902 1564.0 
 0.959908 1700.0 
 0.959914 1560.0 
 0.959920 1388.0 
 0.959926 1176.0 
 0.959932 1572.0 
 0.959938 1428.0 
 0.959944 1496.0 
 0.959950 1336.0 
 0.959955 1260.0 
 0.959961 1296.0 
 0.959967 1414.0 
 0.959973 1440.0 
 0.959979 1092.0 
 0.959985 1512.0 
 0.959991 1484.0 
 0.959997 1710.0 
 0.960003 1628.0 
 0.960008 1508.0 
 0.960014 1724.0 
 0.960020 1652.0 
 0.960026 1800.0 
 0.960032 1610.0 
 0.960038 2016.0 
 0.960044 1620.0 
 0.960050 1624.0 
 0.960056 1764.0 
 0.960062 1608.0 
 0.960067 1636.0 
 0.960073 1584.0 
 0.960079 1760.0 
 0.960085 1536.0 
 0.960091 1724.0 
 0.960097 1628.0 
 0.960103 1552.0 
 0.960109 1692.0 
 0.960115 1632.0 
 0.960121 1564.0 
 0.960126 1848.0 
 0.960132 1492.0 
 0.960138 1964.0 
 0.960144 1768.0 
 0.960150 1636.0 
 0.960156 1742.0 
 0.960162 1668.0 
 0.960168 1900.0 
 0.960174 1972.0 
 0.960179 1580.0 
 0.960185 1644.0 
 0.960191 1784.0 
 0.960197 1796.0 
 0.960203 1732.0 
 0.960209 1664.0 
 0.960215 1692.0 
 0.960221 1564.0 
 0.960227 1396.0 
 0.960233 1688.0 
 0.960238 1572.0 
 0.960244 1204.0 
 0.960250 1672.0 
 0.960256 1592.0 
 0.960262 1640.0 
 0.960268 1636.0 
 0.960274 1584.0 
 0.960280 1660.0 
 0.960286 1534.0 
 0.960291 1716.0 
 0.960297 1756.0 
 0.960303 1516.0 
 0.960309 1860.0 
 0.960315 1816.0 
 0.960321 1404.0 
 0.960327 1328.0 
 0.960333 1508.0 
 0.960339 1548.0 
 0.960345 1372.0 
 0.960350 1282.0 
 0.960356 1300.0 
 0.960362 1292.0 
 0.960368 1528.0 
 0.960374 1184.0 
 0.960380 1492.0 
 0.960386 1800.0 
 0.960392 1656.0 
 0.960398 1428.0 
 0.960403 1732.0 
 0.960409 1516.0 
 0.960415 1492.0 
 0.960421 1524.0 
 0.960427 1724.0 
 0.960433 1828.0 
 0.960439 1408.0 
 0.960445 1604.0 
 0.960451 1604.0 
 0.960457 1452.0 
 0.960462 1688.0 
 0.960468 1548.0 
 0.960474 1444.0 
 0.960480 1548.0 
 0.960486 1512.0 
 0.960492 1404.0 
 0.960498 1484.0 
 0.960504 1460.0 
 0.960510 1424.0 
 0.960516 1332.0 
 0.960521 1100.0 
 0.960527 1266.0 
 0.960533 1292.0 
 0.960539 1460.0 
 0.960545 1348.0 
 0.960551 1468.0 
 0.960557 1656.0 
 0.960563 1610.0 
 0.960569 1486.0 
 0.960574 1432.0 
 0.960580 1470.0 
 0.960586 1328.0 
 0.960592 1552.0 
 0.960598 1704.0 
 0.960604 1330.0 
 0.960610 1620.0 
 0.960616 1520.0 
 0.960622 1508.0 
 0.960628 1716.0 
 0.960633 1476.0 
 0.960639 1302.0 
 0.960645 1636.0 
 0.960651 1712.0 
 0.960657 1572.0 
 0.960663 1596.0 
 0.960669 1872.0 
 0.960675 1724.0 
 0.960681 1488.0 
 0.960686 1536.0 
 0.960692 1476.0 
 0.960698 1632.0 
 0.960704 1656.0 
 0.960710 1432.0 
 0.960716 1488.0 
 0.960722 1400.0 
 0.960728 1672.0 
 0.960734 1596.0 
 0.960740 1524.0 
 0.960745 1490.0 
 0.960751 1520.0 
 0.960757 1612.0 
 0.960763 1536.0 
 0.960769 1588.0 
 0.960775 1412.0 
 0.960781 1496.0 
 0.960787 1404.0 
 0.960793 1420.0 
 0.960798 1488.0 
 0.960804 1384.0 
 0.960810 1460.0 
 0.960816 1312.0 
 0.960822 1508.0 
 0.960828 1620.0 
 0.960834 1668.0 
 0.960840 1364.0 
 0.960846 1492.0 
 0.960852 1460.0 
 0.960857 1672.0 
 0.960863 1396.0 
 0.960869 1636.0 
 0.960875 1560.0 
 0.960881 1448.0 
 0.960887 1360.0 
 0.960893 1386.0 
 0.960899 1724.0 
 0.960905 1320.0 
 0.960910 1416.0 
 0.960916 1328.0 
 0.960922 1508.0 
 0.960928 1568.0 
 0.960934 1604.0 
 0.960940 1620.0 
 0.960946 1468.0 
 0.960952 1526.0 
 0.960958 1340.0 
 0.960964 1452.0 
 0.960969 1600.0 
 0.960975 1748.0 
 0.960981 1412.0 
 0.960987 1568.0 
 0.960993 1588.0 
 0.960999 1584.0 
 0.961005 1452.0 
 0.961011 1592.0 
 0.961017 1428.0 
 0.961023 1676.0 
 0.961028 1356.0 
 0.961034 1490.0 
 0.961040 1566.0 
 0.961046 1448.0 
 0.961052 1244.0 
 0.961058 1440.0 
 0.961064 1844.0 
 0.961070 1592.0 
 0.961076 1528.0 
 0.961081 1576.0 
 0.961087 1462.0 
 0.961093 1276.0 
 0.961099 1668.0 
 0.961105 1600.0 
 0.961111 1556.0 
 0.961117 1592.0 
 0.961123 1548.0 
 0.961129 1672.0 
 0.961135 1708.0 
 0.961140 1564.0 
 0.961146 1648.0 
 0.961152 1480.0 
 0.961158 1528.0 
 0.961164 1608.0 
 0.961170 1624.0 
 0.961176 1348.0 
 0.961182 1788.0 
 0.961188 1562.0 
 0.961193 1784.0 
 0.961199 1660.0 
 0.961205 1372.0 
 0.961211 1724.0 
 0.961217 1420.0 
 0.961223 1644.0 
 0.961229 1436.0 
 0.961235 1416.0 
 0.961241 1760.0 
 0.961247 1712.0 
 0.961252 1546.0 
 0.961258 1596.0 
 0.961264 1628.0 
 0.961270 1804.0 
 0.961276 1384.0 
 0.961282 1716.0 
 0.961288 1404.0 
 0.961294 1512.0 
 0.961300 1568.0 
 0.961305 1468.0 
 0.961311 1456.0 
 0.961317 1816.0 
 0.961323 1632.0 
 0.961329 1428.0 
 0.961335 1412.0 
 0.961341 1500.0 
 0.961347 1724.0 
 0.961353 1638.0 
 0.961359 1536.0 
 0.961364 1712.0 
 0.961370 1672.0 
 0.961376 1572.0 
 0.961382 1472.0 
 0.961388 1266.0 
 0.961394 1564.0 
 0.961400 1432.0 
 0.961406 1616.0 
 0.961412 1304.0 
 0.961417 1588.0 
 0.961423 1652.0 
 0.961429 1592.0 
 0.961435 1480.0 
 0.961441 1272.0 
 0.961447 1468.0 
 0.961453 1248.0 
 0.961459 1252.0 
 0.961465 1216.0 
 0.961471 1340.0 
 0.961476 1196.0 
 0.961482 1232.0 
 0.961488 1352.0 
 0.961494 1424.0 
 0.961500 1204.0 
 0.961506 1332.0 
 0.961512 1640.0 
 0.961518 1528.0 
 0.961524 1568.0 
 0.961530 1460.0 
 0.961535 1262.0 
 0.961541 1380.0 
 0.961547 1388.0 
 0.961553 1496.0 
 0.961559 1716.0 
 0.961565 1446.0 
 0.961571 1416.0 
 0.961577 1408.0 
 0.961583 1552.0 
 0.961588 1664.0 
 0.961594 1608.0 
 0.961600 1200.0 
 0.961606 1644.0 
 0.961612 1704.0 
 0.961618 1520.0 
 0.961624 1660.0 
 0.961630 1248.0 
 0.961636 1468.0 
 0.961642 1768.0 
 0.961647 1442.0 
 0.961653 1716.0 
 0.961659 1532.0 
 0.961665 1682.0 
 0.961671 1572.0 
 0.961677 1832.0 
 0.961683 1384.0 
 0.961689 1576.0 
 0.961695 1464.0 
 0.961700 1612.0 
 0.961706 1396.0 
 0.961712 1468.0 
 0.961718 1516.0 
 0.961724 1380.0 
 0.961730 1384.0 
 0.961736 1292.0 
 0.961742 1432.0 
 0.961748 1608.0 
 0.961754 1560.0 
 0.961759 1636.0 
 0.961765 1648.0 
 0.961771 1526.0 
 0.961777 1404.0 
 0.961783 1516.0 
 0.961789 1484.0 
 0.961795 1348.0 
 0.961801 1796.0 
 0.961807 1476.0 
 0.961812 1548.0 
 0.961818 1564.0 
 0.961824 1552.0 
 0.961830 1564.0 
 0.961836 1584.0 
 0.961842 1448.0 
 0.961848 1632.0 
 0.961854 1444.0 
 0.961860 1644.0 
 0.961866 1268.0 
 0.961871 1400.0 
 0.961877 1696.0 
 0.961883 1290.0 
 0.961889 1372.0 
 0.961895 1544.0 
 0.961901 1620.0 
 0.961907 1460.0 
 0.961913 1388.0 
 0.961919 1576.0 
 0.961924 1564.0 
 0.961930 1700.0 
 0.961936 1452.0 
 0.961942 1508.0 
 0.961948 1420.0 
 0.961954 1488.0 
 0.961960 1636.0 
 0.961966 1652.0 
 0.961972 1524.0 
 0.961978 1424.0 
 0.961983 1664.0 
 0.961989 1232.0 
 0.961995 1476.0 
 0.962001 1552.0 
 0.962007 1676.0 
 0.962013 1652.0 
 0.962019 1648.0 
 0.962025 1540.0 
 0.962031 1676.0 
 0.962037 1588.0 
 0.962042 1496.0 
 0.962048 1580.0 
 0.962054 1772.0 
 0.962060 1860.0 
 0.962066 1524.0 
 0.962072 1808.0 
 0.962078 1732.0 
 0.962084 1792.0 
 0.962090 1436.0 
 0.962095 1692.0 
 0.962101 1796.0 
 0.962107 1400.0 
 0.962113 1604.0 
 0.962119 1572.0 
 0.962125 1336.0 
 0.962131 1448.0 
 0.962137 1524.0 
 0.962143 1372.0 
 0.962149 1576.0 
 0.962154 1440.0 
 0.962160 1620.0 
 0.962166 1824.0 
 0.962172 1584.0 
 0.962178 1744.0 
 0.962184 1436.0 
 0.962190 1652.0 
 0.962196 1812.0 
 0.962202 1616.0 
 0.962207 1592.0 
 0.962213 1612.0 
 0.962219 1396.0 
 0.962225 1384.0 
 0.962231 1456.0 
 0.962237 1572.0 
 0.962243 1520.0 
 0.962249 1726.0 
 0.962255 1708.0 
 0.962261 1560.0 
 0.962266 1404.0 
 0.962272 1440.0 
 0.962278 1588.0 
 0.962284 1504.0 
 0.962290 1464.0 
 0.962296 1732.0 
 0.962302 1564.0 
 0.962308 1658.0 
 0.962314 1400.0 
 0.962319 1748.0 
 0.962325 1768.0 
 0.962331 1676.0 
 0.962337 1348.0 
 0.962343 1620.0 
 0.962349 1316.0 
 0.962355 1220.0 
 0.962361 1380.0 
 0.962367 1840.0 
 0.962373 1494.0 
 0.962378 1476.0 
 0.962384 1518.0 
 0.962390 1712.0 
 0.962396 1452.0 
 0.962402 1552.0 
 0.962408 1792.0 
 0.962414 1616.0 
 0.962420 1644.0 
 0.962426 1552.0 
 0.962431 1564.0 
 0.962437 1740.0 
 0.962443 1648.0 
 0.962449 1836.0 
 0.962455 1484.0 
 0.962461 1788.0 
 0.962467 1856.0 
 0.962473 1660.0 
 0.962479 1544.0 
 0.962485 1564.0 
 0.962490 1448.0 
 0.962496 1612.0 
 0.962502 1540.0 
 0.962508 1624.0 
 0.962514 1472.0 
 0.962520 1540.0 
 0.962526 1764.0 
 0.962532 1624.0 
 0.962538 1360.0 
 0.962544 1768.0 
 0.962549 1516.0 
 0.962555 1520.0 
 0.962561 1268.0 
 0.962567 1408.0 
 0.962573 1536.0 
 0.962579 1640.0 
 0.962585 1528.0 
 0.962591 1224.0 
 0.962597 1284.0 
 0.962602 1328.0 
 0.962608 1368.0 
 0.962614 1468.0 
 0.962620 1624.0 
 0.962626 1560.0 
 0.962632 1352.0 
 0.962638 1604.0 
 0.962644 1486.0 
 0.962650 1486.0 
 0.962656 1396.0 
 0.962661 1904.0 
 0.962667 1668.0 
 0.962673 1586.0 
 0.962679 1532.0 
 0.962685 1684.0 
 0.962691 1380.0 
 0.962697 1418.0 
 0.962703 1648.0 
 0.962709 1824.0 
 0.962714 1392.0 
 0.962720 1504.0 
 0.962726 1780.0 
 0.962732 1816.0 
 0.962738 1572.0 
 0.962744 1692.0 
 0.962750 1888.0 
 0.962756 1550.0 
 0.962762 1636.0 
 0.962768 1708.0 
 0.962773 1820.0 
 0.962779 1432.0 
 0.962785 1452.0 
 0.962791 1516.0 
 0.962797 1572.0 
 0.962803 1558.0 
 0.962809 1752.0 
 0.962815 1804.0 
 0.962821 1780.0 
 0.962826 1748.0 
 0.962832 1596.0 
 0.962838 1768.0 
 0.962844 1640.0 
 0.962850 1596.0 
 0.962856 1732.0 
 0.962862 1500.0 
 0.962868 1824.0 
 0.962874 1788.0 
 0.962880 1640.0 
 0.962885 1332.0 
 0.962891 1812.0 
 0.962897 1840.0 
 0.962903 1820.0 
 0.962909 1724.0 
 0.962915 1628.0 
 0.962921 1988.0 
 0.962927 1828.0 
 0.962933 1646.0 
 0.962938 1812.0 
 0.962944 1724.0 
 0.962950 1610.0 
 0.962956 1564.0 
 0.962962 1824.0 
 0.962968 1618.0 
 0.962974 1980.0 
 0.962980 1584.0 
 0.962986 1706.0 
 0.962992 1852.0 
 0.962997 1434.0 
 0.963003 1568.0 
 0.963009 1636.0 
 0.963015 1770.0 
 0.963021 2072.0 
 0.963027 1784.0 
 0.963033 1908.0 
 0.963039 1592.0 
 0.963045 1968.0 
 0.963051 1660.0 
 0.963056 1820.0 
 0.963062 1664.0 
 0.963068 1708.0 
 0.963074 1872.0 
 0.963080 2058.0 
 0.963086 1788.0 
 0.963092 1952.0 
 0.963098 1960.0 
 0.963104 1712.0 
 0.963109 2064.0 
 0.963115 2096.0 
 0.963121 1528.0 
 0.963127 1852.0 
 0.963133 1912.0 
 0.963139 1844.0 
 0.963145 1840.0 
 0.963151 2008.0 
 0.963157 1696.0 
 0.963163 1888.0 
 0.963168 2056.0 
 0.963174 1916.0 
 0.963180 2024.0 
 0.963186 1878.0 
 0.963192 1752.0 
 0.963198 2160.0 
 0.963204 1848.0 
 0.963210 1704.0 
 0.963216 1562.0 
 0.963221 1842.0 
 0.963227 2128.0 
 0.963233 2088.0 
 0.963239 1988.0 
 0.963245 2204.0 
 0.963251 2228.0 
 0.963257 1772.0 
 0.963263 2024.0 
 0.963269 2088.0 
 0.963275 1752.0 
 0.963280 1944.0 
 0.963286 1884.0 
 0.963292 1884.0 
 0.963298 1988.0 
 0.963304 1800.0 
 0.963310 2128.0 
 0.963316 1596.0 
 0.963322 2260.0 
 0.963328 1952.0 
 0.963333 2348.0 
 0.963339 2016.0 
 0.963345 1940.0 
 0.963351 1756.0 
 0.963357 1904.0 
 0.963363 2136.0 
 0.963369 2156.0 
 0.963375 2176.0 
 0.963381 2112.0 
 0.963387 2024.0 
 0.963392 2120.0 
 0.963398 1976.0 
 0.963404 2160.0 
 0.963410 2152.0 
 0.963416 2080.0 
 0.963422 1804.0 
 0.963428 2308.0 
 0.963434 1664.0 
 0.963440 2316.0 
 0.963446 2256.0 
 0.963451 2144.0 
 0.963457 2124.0 
 0.963463 2004.0 
 0.963469 2068.0 
 0.963475 1984.0 
 0.963481 1948.0 
 0.963487 1972.0 
 0.963493 2000.0 
 0.963499 2020.0 
 0.963504 2280.0 
 0.963510 2112.0 
 0.963516 2204.0 
 0.963522 1964.0 
 0.963528 2208.0 
 0.963534 2196.0 
 0.963540 2124.0 
 0.963546 2144.0 
 0.963552 1998.0 
 0.963558 2296.0 
 0.963563 2232.0 
 0.963569 2088.0 
 0.963575 2084.0 
 0.963581 1780.0 
 0.963587 2532.0 
 0.963593 2268.0 
 0.963599 2484.0 
 0.963605 2092.0 
 0.963611 2368.0 
 0.963616 2032.0 
 0.963622 2236.0 
 0.963628 2160.0 
 0.963634 2684.0 
 0.963640 2132.0 
 0.963646 2540.0 
 0.963652 1988.0 
 0.963658 2240.0 
 0.963664 2328.0 
 0.963670 2228.0 
 0.963675 2392.0 
 0.963681 2440.0 
 0.963687 2468.0 
 0.963693 2560.0 
 0.963699 2228.0 
 0.963705 2528.0 
 0.963711 2660.0 
 0.963717 2656.0 
 0.963723 2440.0 
 0.963728 2724.0 
 0.963734 2312.0 
 0.963740 2400.0 
 0.963746 2548.0 
 0.963752 2292.0 
 0.963758 2500.0 
 0.963764 2780.0 
 0.963770 2508.0 
 0.963776 2556.0 
 0.963782 2360.0 
 0.963787 2668.0 
 0.963793 2592.0 
 0.963799 2652.0 
 0.963805 2432.0 
 0.963811 2540.0 
 0.963817 2584.0 
 0.963823 2724.0 
 0.963829 2912.0 
 0.963835 2652.0 
 0.963840 2712.0 
 0.963846 2824.0 
 0.963852 2744.0 
 0.963858 2356.0 
 0.963864 2544.0 
 0.963870 2500.0 
 0.963876 2628.0 
 0.963882 2948.0 
 0.963888 2516.0 
 0.963894 2688.0 
 0.963899 2936.0 
 0.963905 2972.0 
 0.963911 2648.0 
 0.963917 2460.0 
 0.963923 2584.0 
 0.963929 2828.0 
 0.963935 2844.0 
 0.963941 3076.0 
 0.963947 2492.0 
 0.963953 2812.0 
 0.963958 2632.0 
 0.963964 3112.0 
 0.963970 3052.0 
 0.963976 2732.0 
 0.963982 2576.0 
 0.963988 2812.0 
 0.963994 2716.0 
 0.964000 2996.0 
 0.964006 2940.0 
 0.964011 2768.0 
 0.964017 3144.0 
 0.964023 2880.0 
 0.964029 2972.0 
 0.964035 2928.0 
 0.964041 3364.0 
 0.964047 3116.0 
 0.964053 3008.0 
 0.964059 2880.0 
 0.964065 3132.0 
 0.964070 3196.0 
 0.964076 3224.0 
 0.964082 3324.0 
 0.964088 3380.0 
 0.964094 3336.0 
 0.964100 3332.0 
 0.964106 3448.0 
 0.964112 3288.0 
 0.964118 3484.0 
 0.964123 3424.0 
 0.964129 3436.0 
 0.964135 3328.0 
 0.964141 3008.0 
 0.964147 3348.0 
 0.964153 3112.0 
 0.964159 3484.0 
 0.964165 3528.0 
 0.964171 3460.0 
 0.964177 3316.0 
 0.964182 3336.0 
 0.964188 3140.0 
 0.964194 3576.0 
 0.964200 3024.0 
 0.964206 3400.0 
 0.964212 3668.0 
 0.964218 3660.0 
 0.964224 4036.0 
 0.964230 3428.0 
 0.964235 4352.0 
 0.964241 3848.0 
 0.964247 3288.0 
 0.964253 3584.0 
