 0.932037 2248.0 
 0.932043 2240.0 
 0.932048 2068.0 
 0.932054 2344.0 
 0.932060 2040.0 
 0.932065 2000.0 
 0.932071 1876.0 
 0.932077 1680.0 
 0.932082 1788.0 
 0.932088 1812.0 
 0.932094 1640.0 
 0.932100 1988.0 
 0.932105 2034.0 
 0.932111 2004.0 
 0.932117 1828.0 
 0.932122 2028.0 
 0.932128 1680.0 
 0.932134 1788.0 
 0.932139 1960.0 
 0.932145 2020.0 
 0.932151 1736.0 
 0.932157 2240.0 
 0.932162 2064.0 
 0.932168 1764.0 
 0.932174 1816.0 
 0.932179 1664.0 
 0.932185 1796.0 
 0.932191 1584.0 
 0.932196 1328.0 
 0.932202 1296.0 
 0.932208 1394.0 
 0.932214 1168.0 
 0.932219 1344.0 
 0.932225 1300.0 
 0.932231 1210.0 
 0.932236 1484.0 
 0.932242 1456.0 
 0.932248 1304.0 
 0.932253 1420.0 
 0.932259 1568.0 
 0.932265 1616.0 
 0.932271 1808.0 
 0.932276 1900.0 
 0.932282 1952.0 
 0.932288 2084.0 
 0.932293 2144.0 
 0.932299 1976.0 
 0.932305 1882.0 
 0.932310 1840.0 
 0.932316 1916.0 
 0.932322 1848.0 
 0.932328 1804.0 
 0.932333 1668.0 
 0.932339 1920.0 
 0.932345 1836.0 
 0.932350 2124.0 
 0.932356 1800.0 
 0.932362 1904.0 
 0.932367 1916.0 
 0.932373 1976.0 
 0.932379 2036.0 
 0.932385 2340.0 
 0.932390 1900.0 
 0.932396 1916.0 
 0.932402 1844.0 
 0.932407 1882.0 
 0.932413 1764.0 
 0.932419 2020.0 
 0.932424 1940.0 
 0.932430 2072.0 
 0.932436 2160.0 
 0.932442 2140.0 
 0.932447 2008.0 
 0.932453 2096.0 
 0.932459 2108.0 
 0.932464 2308.0 
 0.932470 2120.0 
 0.932476 1936.0 
 0.932481 1972.0 
 0.932487 2244.0 
 0.932493 1720.0 
 0.932499 2072.0 
 0.932504 2020.0 
 0.932510 2084.0 
 0.932516 2096.0 
 0.932521 1888.0 
 0.932527 2068.0 
 0.932533 1848.0 
 0.932538 2256.0 
 0.932544 2424.0 
 0.932550 1956.0 
 0.932556 1944.0 
 0.932561 2084.0 
 0.932567 2084.0 
 0.932573 1760.0 
 0.932578 1976.0 
 0.932584 1964.0 
 0.932590 2032.0 
 0.932596 1996.0 
 0.932601 2304.0 
 0.932607 2224.0 
 0.932613 1940.0 
 0.932618 1788.0 
 0.932624 2100.0 
 0.932630 2084.0 
 0.932635 2016.0 
 0.932641 2052.0 
 0.932647 2184.0 
 0.932653 1782.0 
 0.932658 1700.0 
 0.932664 1976.0 
 0.932670 2124.0 
 0.932675 1884.0 
 0.932681 1748.0 
 0.932687 1916.0 
 0.932692 1872.0 
 0.932698 1576.0 
 0.932704 1812.0 
 0.932710 1740.0 
 0.932715 1916.0 
 0.932721 1764.0 
 0.932727 1720.0 
 0.932732 1880.0 
 0.932738 1712.0 
 0.932744 1638.0 
 0.932749 2044.0 
 0.932755 1984.0 
 0.932761 2200.0 
 0.932767 2120.0 
 0.932772 2048.0 
 0.932778 2168.0 
 0.932784 2172.0 
 0.932789 2004.0 
 0.932795 2036.0 
 0.932801 2104.0 
 0.932806 2100.0 
 0.932812 2160.0 
 0.932818 1956.0 
 0.932824 2092.0 
 0.932829 2268.0 
 0.932835 2108.0 
 0.932841 1808.0 
 0.932846 2002.0 
 0.932852 2204.0 
 0.932858 2156.0 
 0.932863 1916.0 
 0.932869 1816.0 
 0.932875 2188.0 
 0.932881 1856.0 
 0.932886 1896.0 
 0.932892 2068.0 
 0.932898 1840.0 
 0.932903 2088.0 
 0.932909 2184.0 
 0.932915 2092.0 
 0.932920 2128.0 
 0.932926 1840.0 
 0.932932 1940.0 
 0.932938 2292.0 
 0.932943 1948.0 
 0.932949 2252.0 
 0.932955 1920.0 
 0.932960 1868.0 
 0.932966 2356.0 
 0.932972 1868.0 
 0.932977 2028.0 
 0.932983 1972.0 
 0.932989 1896.0 
 0.932995 2064.0 
 0.933000 2076.0 
 0.933006 1872.0 
 0.933012 2124.0 
 0.933017 2044.0 
 0.933023 1972.0 
 0.933029 2084.0 
 0.933034 1840.0 
 0.933040 1936.0 
 0.933046 2052.0 
 0.933052 1916.0 
 0.933057 1972.0 
 0.933063 2044.0 
 0.933069 2016.0 
 0.933074 1760.0 
 0.933080 2012.0 
 0.933086 1980.0 
 0.933091 2164.0 
 0.933097 1654.0 
 0.933103 2156.0 
 0.933109 2000.0 
 0.933114 1672.0 
 0.933120 1988.0 
 0.933126 2068.0 
 0.933131 1660.0 
 0.933137 1828.0 
 0.933143 1700.0 
 0.933148 1804.0 
 0.933154 1740.0 
 0.933160 1660.0 
 0.933166 1880.0 
 0.933171 1892.0 
 0.933177 1774.0 
 0.933183 1608.0 
 0.933188 1668.0 
 0.933194 1708.0 
 0.933200 1696.0 
 0.933205 1792.0 
 0.933211 1924.0 
 0.933217 1816.0 
 0.933223 2032.0 
 0.933228 1784.0 
 0.933234 1612.0 
 0.933240 1860.0 
 0.933245 2084.0 
 0.933251 1860.0 
 0.933257 1736.0 
 0.933262 1808.0 
 0.933268 1708.0 
 0.933274 1816.0 
 0.933280 1876.0 
 0.933285 2064.0 
 0.933291 1960.0 
 0.933297 1808.0 
 0.933302 2076.0 
 0.933308 1670.0 
 0.933314 2052.0 
 0.933319 1840.0 
 0.933325 1888.0 
 0.933331 1756.0 
 0.933337 1484.0 
 0.933342 1752.0 
 0.933348 1720.0 
 0.933354 1888.0 
 0.933359 1968.0 
 0.933365 2052.0 
 0.933371 1672.0 
 0.933376 1868.0 
 0.933382 1736.0 
 0.933388 1788.0 
 0.933394 1678.0 
 0.933399 1680.0 
 0.933405 1504.0 
 0.933411 1692.0 
 0.933416 1780.0 
 0.933422 1792.0 
 0.933428 1692.0 
 0.933433 1556.0 
 0.933439 1696.0 
 0.933445 1464.0 
 0.933451 1460.0 
 0.933456 1388.0 
 0.933462 1728.0 
 0.933468 1468.0 
 0.933473 1548.0 
 0.933479 1568.0 
 0.933485 1628.0 
 0.933490 1296.0 
 0.933496 1584.0 
 0.933502 1724.0 
 0.933508 1660.0 
 0.933513 1824.0 
 0.933519 1792.0 
 0.933525 2060.0 
 0.933530 1924.0 
 0.933536 1852.0 
 0.933542 1814.0 
 0.933547 1608.0 
 0.933553 1976.0 
 0.933559 1528.0 
 0.933565 1576.0 
 0.933570 1624.0 
 0.933576 1512.0 
 0.933582 1592.0 
 0.933587 1724.0 
 0.933593 1498.0 
 0.933599 1832.0 
 0.933604 1680.0 
 0.933610 1884.0 
 0.933616 1760.0 
 0.933622 1876.0 
 0.933627 1844.0 
 0.933633 1748.0 
 0.933639 1844.0 
 0.933644 1764.0 
 0.933650 1932.0 
 0.933656 2036.0 
 0.933661 1944.0 
 0.933667 1788.0 
 0.933673 1660.0 
 0.933679 1658.0 
 0.933684 1920.0 
 0.933690 1812.0 
 0.933696 1700.0 
 0.933701 1644.0 
 0.933707 1688.0 
 0.933713 1488.0 
 0.933719 1408.0 
 0.933724 1604.0 
 0.933730 1700.0 
 0.933736 1488.0 
 0.933741 1624.0 
 0.933747 1620.0 
 0.933753 1692.0 
 0.933758 1804.0 
 0.933764 1888.0 
 0.933770 1752.0 
 0.933776 1640.0 
 0.933781 1760.0 
 0.933787 1808.0 
 0.933793 1772.0 
 0.933798 1668.0 
 0.933804 1492.0 
 0.933810 1740.0 
 0.933815 1896.0 
 0.933821 1928.0 
 0.933827 1732.0 
 0.933833 1700.0 
 0.933838 1852.0 
 0.933844 1932.0 
 0.933850 1704.0 
 0.933855 1696.0 
 0.933861 1596.0 
 0.933867 1676.0 
 0.933872 1516.0 
 0.933878 1724.0 
 0.933884 1568.0 
 0.933890 1792.0 
 0.933895 1412.0 
 0.933901 1708.0 
 0.933907 1648.0 
 0.933912 1652.0 
 0.933918 1856.0 
 0.933924 1708.0 
 0.933929 1740.0 
 0.933935 1596.0 
 0.933941 1800.0 
 0.933947 1540.0 
 0.933952 1412.0 
 0.933958 1764.0 
 0.933964 1690.0 
 0.933969 1592.0 
 0.933975 1804.0 
 0.933981 1804.0 
 0.933986 1664.0 
 0.933992 1756.0 
 0.933998 1572.0 
 0.934004 1520.0 
 0.934009 1652.0 
 0.934015 1392.0 
 0.934021 1444.0 
 0.934026 1524.0 
 0.934032 1304.0 
 0.934038 1452.0 
 0.934043 1384.0 
 0.934049 1536.0 
 0.934055 1588.0 
 0.934061 1744.0 
 0.934066 1460.0 
 0.934072 1800.0 
 0.934078 1596.0 
 0.934083 1676.0 
 0.934089 1708.0 
 0.934095 1632.0 
 0.934100 1912.0 
 0.934106 1940.0 
 0.934112 1744.0 
 0.934118 1704.0 
 0.934123 1652.0 
 0.934129 1808.0 
 0.934135 1512.0 
 0.934140 1604.0 
 0.934146 1806.0 
 0.934152 1868.0 
 0.934157 1668.0 
 0.934163 1672.0 
 0.934169 1740.0 
 0.934175 1712.0 
 0.934180 1720.0 
 0.934186 1712.0 
 0.934192 1740.0 
 0.934197 1776.0 
 0.934203 1728.0 
 0.934209 1824.0 
 0.934214 1804.0 
 0.934220 1860.0 
 0.934226 1840.0 
 0.934232 1692.0 
 0.934237 1908.0 
 0.934243 1676.0 
 0.934249 1560.0 
 0.934254 1756.0 
 0.934260 1420.0 
 0.934266 1528.0 
 0.934271 1484.0 
 0.934277 1548.0 
 0.934283 1532.0 
 0.934289 1480.0 
 0.934294 1576.0 
 0.934300 1552.0 
 0.934306 1428.0 
 0.934311 1416.0 
 0.934317 1532.0 
 0.934323 1708.0 
 0.934328 1556.0 
 0.934334 1768.0 
 0.934340 1692.0 
 0.934346 1696.0 
 0.934351 1888.0 
 0.934357 1808.0 
 0.934363 1568.0 
 0.934368 1872.0 
 0.934374 1692.0 
 0.934380 1776.0 
 0.934385 1868.0 
 0.934391 1696.0 
 0.934397 1864.0 
 0.934403 1952.0 
 0.934408 1864.0 
 0.934414 1724.0 
 0.934420 1792.0 
 0.934425 1692.0 
 0.934431 1856.0 
 0.934437 1660.0 
 0.934442 2012.0 
 0.934448 1752.0 
 0.934454 1528.0 
 0.934460 1660.0 
 0.934465 1684.0 
 0.934471 1520.0 
 0.934477 1524.0 
 0.934482 1484.0 
 0.934488 1556.0 
 0.934494 1484.0 
 0.934499 1744.0 
 0.934505 1644.0 
 0.934511 1736.0 
 0.934517 1668.0 
 0.934522 1608.0 
 0.934528 1556.0 
 0.934534 1728.0 
 0.934539 1880.0 
 0.934545 1448.0 
 0.934551 1908.0 
 0.934556 1896.0 
 0.934562 1984.0 
 0.934568 1648.0 
 0.934574 1704.0 
 0.934579 1924.0 
 0.934585 1772.0 
 0.934591 1460.0 
 0.934596 1564.0 
 0.934602 1624.0 
 0.934608 1344.0 
 0.934613 1448.0 
 0.934619 1280.0 
 0.934625 1214.0 
 0.934631 944.0 
 0.934636 1096.0 
 0.934642 1100.0 
 0.934648 1308.0 
 0.934653 1232.0 
 0.934659 1720.0 
 0.934665 1232.0 
 0.934670 1580.0 
 0.934676 1676.0 
 0.934682 1660.0 
 0.934688 1612.0 
 0.934693 1808.0 
 0.934699 1708.0 
 0.934705 1828.0 
 0.934710 1984.0 
 0.934716 1772.0 
 0.934722 1552.0 
 0.934727 1600.0 
 0.934733 1860.0 
 0.934739 1496.0 
 0.934745 1704.0 
 0.934750 1732.0 
 0.934756 1904.0 
 0.934762 1748.0 
 0.934767 1568.0 
 0.934773 1752.0 
 0.934779 1720.0 
 0.934784 1720.0 
 0.934790 1636.0 
 0.934796 1528.0 
 0.934802 1948.0 
 0.934807 1472.0 
 0.934813 1488.0 
 0.934819 1708.0 
 0.934824 1748.0 
 0.934830 2020.0 
 0.934836 1700.0 
 0.934841 1740.0 
 0.934847 1732.0 
 0.934853 1426.0 
 0.934859 1900.0 
 0.934864 1816.0 
 0.934870 1644.0 
 0.934876 1728.0 
 0.934881 1660.0 
 0.934887 1748.0 
 0.934893 1664.0 
 0.934899 1516.0 
 0.934904 1812.0 
 0.934910 1824.0 
 0.934916 1840.0 
 0.934921 1712.0 
 0.934927 1888.0 
 0.934933 1588.0 
 0.934938 1484.0 
 0.934944 1844.0 
 0.934950 1626.0 
 0.934956 1920.0 
 0.934961 1780.0 
 0.934967 1628.0 
 0.934973 1820.0 
 0.934978 1464.0 
 0.934984 1664.0 
 0.934990 1676.0 
 0.934995 1780.0 
 0.935001 1508.0 
 0.935007 1748.0 
 0.935013 1668.0 
 0.935018 1540.0 
 0.935024 1376.0 
 0.935030 1400.0 
 0.935035 1448.0 
 0.935041 1548.0 
 0.935047 1656.0 
 0.935052 1408.0 
 0.935058 1420.0 
 0.935064 1500.0 
 0.935070 1680.0 
 0.935075 1710.0 
 0.935081 1756.0 
 0.935087 1648.0 
 0.935092 1860.0 
 0.935098 1668.0 
 0.935104 1740.0 
 0.935109 1776.0 
 0.935115 2092.0 
 0.935121 1764.0 
 0.935127 1944.0 
 0.935132 1684.0 
 0.935138 1880.0 
 0.935144 1972.0 
 0.935149 1724.0 
 0.935155 2152.0 
 0.935161 2160.0 
 0.935166 1988.0 
 0.935172 1648.0 
 0.935178 1744.0 
 0.935184 1804.0 
 0.935189 1740.0 
 0.935195 2016.0 
 0.935201 1912.0 
 0.935206 1732.0 
 0.935212 1688.0 
 0.935218 1950.0 
 0.935223 1792.0 
 0.935229 1798.0 
 0.935235 1736.0 
 0.935241 1876.0 
 0.935246 1916.0 
 0.935252 1512.0 
 0.935258 1948.0 
 0.935263 1832.0 
 0.935269 1700.0 
 0.935275 2060.0 
 0.935280 1624.0 
 0.935286 2040.0 
 0.935292 1676.0 
 0.935298 1720.0 
 0.935303 1744.0 
 0.935309 1880.0 
 0.935315 1664.0 
 0.935320 1708.0 
 0.935326 1796.0 
 0.935332 1620.0 
 0.935337 1688.0 
 0.935343 1740.0 
 0.935349 1664.0 
 0.935355 1452.0 
 0.935360 1268.0 
 0.935366 1352.0 
 0.935372 1180.0 
 0.935377 1196.0 
 0.935383 1244.0 
 0.935389 1380.0 
 0.935394 1108.0 
 0.935400 1240.0 
 0.935406 1132.0 
 0.935412 1656.0 
 0.935417 1596.0 
 0.935423 1544.0 
 0.935429 1836.0 
 0.935434 1716.0 
 0.935440 1672.0 
 0.935446 1652.0 
 0.935451 1572.0 
 0.935457 1496.0 
 0.935463 1400.0 
 0.935469 1612.0 
 0.935474 1696.0 
 0.935480 1624.0 
 0.935486 1648.0 
 0.935491 1372.0 
 0.935497 1912.0 
 0.935503 1560.0 
 0.935508 1660.0 
 0.935514 1828.0 
 0.935520 1552.0 
 0.935526 1736.0 
 0.935531 1832.0 
 0.935537 1736.0 
 0.935543 1688.0 
 0.935548 1684.0 
 0.935554 1720.0 
 0.935560 1780.0 
 0.935565 1516.0 
 0.935571 1796.0 
 0.935577 1908.0 
 0.935583 1628.0 
 0.935588 1944.0 
 0.935594 1724.0 
 0.935600 1924.0 
 0.935605 1908.0 
 0.935611 1764.0 
 0.935617 1876.0 
 0.935622 1752.0 
 0.935628 1676.0 
 0.935634 1696.0 
 0.935640 1904.0 
 0.935645 1682.0 
 0.935651 1656.0 
 0.935657 1832.0 
 0.935662 1616.0 
 0.935668 1576.0 
 0.935674 1884.0 
 0.935679 1852.0 
 0.935685 1652.0 
 0.935691 1768.0 
 0.935697 1628.0 
 0.935702 1624.0 
 0.935708 1792.0 
 0.935714 1712.0 
 0.935719 1684.0 
 0.935725 1888.0 
 0.935731 1536.0 
 0.935736 1980.0 
 0.935742 2024.0 
 0.935748 1848.0 
 0.935754 1676.0 
 0.935759 1660.0 
 0.935765 1972.0 
 0.935771 1698.0 
 0.935776 1812.0 
 0.935782 1812.0 
 0.935788 1422.0 
 0.935793 1504.0 
 0.935799 1484.0 
 0.935805 1456.0 
 0.935811 1176.0 
 0.935816 1464.0 
 0.935822 1522.0 
 0.935828 1500.0 
 0.935833 1644.0 
 0.935839 1472.0 
 0.935845 1496.0 
 0.935850 1604.0 
 0.935856 1544.0 
 0.935862 1864.0 
 0.935868 1808.0 
 0.935873 1648.0 
 0.935879 2052.0 
 0.935885 1644.0 
 0.935890 1544.0 
 0.935896 1760.0 
 0.935902 1760.0 
 0.935907 1760.0 
 0.935913 1864.0 
 0.935919 1684.0 
 0.935925 1716.0 
 0.935930 1576.0 
 0.935936 1756.0 
 0.935942 1704.0 
 0.935947 1808.0 
 0.935953 1768.0 
 0.935959 1488.0 
 0.935964 1576.0 
 0.935970 1580.0 
 0.935976 1660.0 
 0.935982 1244.0 
 0.935987 1560.0 
 0.935993 1724.0 
 0.935999 1504.0 
 0.936004 1712.0 
 0.936010 1576.0 
 0.936016 1552.0 
 0.936022 1672.0 
 0.936027 1320.0 
 0.936033 1488.0 
 0.936039 1480.0 
 0.936044 1596.0 
 0.936050 1400.0 
 0.936056 1640.0 
 0.936061 1772.0 
 0.936067 1768.0 
 0.936073 1796.0 
 0.936079 1604.0 
 0.936084 1544.0 
 0.936090 1628.0 
 0.936096 1604.0 
 0.936101 1624.0 
 0.936107 1410.0 
 0.936113 1730.0 
 0.936118 1736.0 
 0.936124 1524.0 
 0.936130 1640.0 
 0.936136 1404.0 
 0.936141 1564.0 
 0.936147 1468.0 
 0.936153 1328.0 
 0.936158 1496.0 
 0.936164 1624.0 
 0.936170 1428.0 
 0.936175 1542.0 
 0.936181 1512.0 
 0.936187 1728.0 
 0.936193 1592.0 
 0.936198 1450.0 
 0.936204 1636.0 
 0.936210 1392.0 
 0.936215 1448.0 
 0.936221 1708.0 
 0.936227 1732.0 
 0.936232 1788.0 
 0.936238 1474.0 
 0.936244 1664.0 
 0.936250 1840.0 
 0.936255 1652.0 
 0.936261 1596.0 
 0.936267 1520.0 
 0.936272 1484.0 
 0.936278 1656.0 
 0.936284 1612.0 
 0.936289 1472.0 
 0.936295 1356.0 
 0.936301 1472.0 
 0.936307 1018.0 
 0.936312 1240.0 
 0.936318 1010.0 
 0.936324 892.0 
 0.936329 1050.0 
 0.936335 980.0 
 0.936341 1008.0 
 0.936346 936.0 
 0.936352 944.0 
 0.936358 1212.0 
 0.936364 1056.0 
 0.936369 1076.0 
 0.936375 1164.0 
 0.936381 1336.0 
 0.936386 1336.0 
 0.936392 1204.0 
 0.936398 1396.0 
 0.936403 1344.0 
 0.936409 1358.0 
 0.936415 1416.0 
 0.936421 1412.0 
 0.936426 1558.0 
 0.936432 1364.0 
 0.936438 1464.0 
 0.936443 1322.0 
 0.936449 1420.0 
 0.936455 1248.0 
 0.936460 1400.0 
 0.936466 1282.0 
 0.936472 1060.0 
 0.936478 1040.0 
 0.936483 936.0 
 0.936489 1080.0 
 0.936495 980.0 
 0.936500 844.0 
 0.936506 1436.0 
 0.936512 1412.0 
 0.936517 1392.0 
 0.936523 1308.0 
 0.936529 1540.0 
 0.936535 1760.0 
 0.936540 1376.0 
 0.936546 1412.0 
 0.936552 1776.0 
 0.936557 1968.0 
 0.936563 1856.0 
 0.936569 1536.0 
 0.936574 1594.0 
 0.936580 1404.0 
 0.936586 1568.0 
 0.936592 1428.0 
 0.936597 1656.0 
 0.936603 1880.0 
 0.936609 1980.0 
 0.936614 1656.0 
 0.936620 1744.0 
 0.936626 1616.0 
 0.936631 1752.0 
 0.936637 1596.0 
 0.936643 1684.0 
 0.936649 1760.0 
 0.936654 1696.0 
 0.936660 1764.0 
 0.936666 1720.0 
 0.936671 1628.0 
 0.936677 1812.0 
 0.936683 1538.0 
 0.936688 1416.0 
 0.936694 1516.0 
 0.936700 1668.0 
 0.936706 1444.0 
 0.936711 1372.0 
 0.936717 1228.0 
 0.936723 960.0 
 0.936728 1044.0 
 0.936734 1146.0 
 0.936740 1264.0 
 0.936745 1252.0 
 0.936751 1396.0 
 0.936757 1356.0 
 0.936763 1692.0 
 0.936768 1592.0 
 0.936774 1784.0 
 0.936780 1708.0 
 0.936785 1816.0 
 0.936791 1888.0 
 0.936797 1912.0 
 0.936802 1744.0 
 0.936808 1808.0 
 0.936814 2036.0 
 0.936820 1944.0 
 0.936825 1800.0 
 0.936831 1724.0 
 0.936837 1804.0 
 0.936842 1992.0 
 0.936848 1640.0 
 0.936854 1964.0 
 0.936859 1536.0 
 0.936865 1652.0 
 0.936871 1772.0 
 0.936877 1680.0 
 0.936882 1904.0 
 0.936888 1836.0 
 0.936894 1792.0 
 0.936899 1724.0 
 0.936905 1634.0 
 0.936911 1860.0 
 0.936916 1792.0 
 0.936922 1852.0 
 0.936928 1768.0 
 0.936934 1840.0 
 0.936939 1660.0 
 0.936945 1868.0 
 0.936951 1904.0 
 0.936956 1820.0 
 0.936962 1636.0 
 0.936968 1736.0 
 0.936973 1680.0 
 0.936979 1968.0 
 0.936985 1684.0 
 0.936991 1768.0 
 0.936996 1568.0 
 0.937002 1756.0 
 0.937008 1756.0 
 0.937013 1852.0 
 0.937019 1796.0 
 0.937025 1860.0 
 0.937030 1800.0 
 0.937036 1536.0 
 0.937042 1612.0 
 0.937048 1792.0 
 0.937053 1712.0 
 0.937059 1932.0 
 0.937065 1776.0 
 0.937070 1976.0 
 0.937076 1740.0 
 0.937082 1852.0 
 0.937087 1680.0 
 0.937093 1584.0 
 0.937099 1680.0 
 0.937105 1620.0 
 0.937110 1908.0 
 0.937116 1746.0 
 0.937122 1748.0 
 0.937127 1488.0 
 0.937133 1588.0 
 0.937139 1588.0 
 0.937145 1600.0 
 0.937150 1632.0 
 0.937156 1500.0 
 0.937162 1590.0 
 0.937167 1472.0 
 0.937173 1668.0 
 0.937179 1508.0 
 0.937184 1544.0 
 0.937190 1656.0 
 0.937196 1748.0 
 0.937202 1792.0 
 0.937207 1700.0 
 0.937213 1872.0 
 0.937219 2020.0 
 0.937224 1796.0 
 0.937230 1944.0 
 0.937236 1704.0 
 0.937241 1612.0 
 0.937247 1696.0 
 0.937253 1744.0 
 0.937259 1920.0 
 0.937264 1660.0 
 0.937270 1872.0 
 0.937276 1772.0 
 0.937281 1900.0 
 0.937287 1764.0 
 0.937293 1488.0 
 0.937298 1560.0 
 0.937304 1480.0 
 0.937310 1716.0 
 0.937316 1752.0 
 0.937321 1720.0 
 0.937327 1804.0 
 0.937333 1676.0 
 0.937338 1400.0 
 0.937344 1760.0 
 0.937350 1500.0 
 0.937355 1784.0 
 0.937361 1796.0 
 0.937367 1668.0 
 0.937373 1376.0 
 0.937378 1844.0 
 0.937384 1736.0 
 0.937390 1650.0 
 0.937395 1504.0 
 0.937401 1612.0 
 0.937407 1592.0 
 0.937412 1604.0 
 0.937418 1486.0 
 0.937424 1540.0 
 0.937430 1664.0 
 0.937435 1520.0 
 0.937441 1156.0 
 0.937447 1088.0 
 0.937452 1164.0 
 0.937458 1056.0 
 0.937464 964.0 
 0.937469 752.0 
 0.937475 702.0 
 0.937481 946.0 
 0.937487 924.0 
 0.937492 958.0 
 0.937498 822.0 
 0.937504 1004.0 
 0.937509 1016.0 
 0.937515 1020.0 
 0.937521 1308.0 
 0.937526 940.0 
 0.937532 1256.0 
 0.937538 1452.0 
 0.937544 1664.0 
 0.937549 1584.0 
 0.937555 1656.0 
 0.937561 1676.0 
 0.937566 1636.0 
 0.937572 1812.0 
 0.937578 1700.0 
 0.937583 1664.0 
 0.937589 1924.0 
 0.937595 1796.0 
 0.937601 1876.0 
 0.937606 1804.0 
 0.937612 1792.0 
 0.937618 1680.0 
 0.937623 1872.0 
 0.937629 1744.0 
 0.937635 1528.0 
 0.937640 1504.0 
 0.937646 1718.0 
 0.937652 1476.0 
 0.937658 1746.0 
 0.937663 1516.0 
 0.937669 1928.0 
 0.937675 1732.0 
 0.937680 1684.0 
 0.937686 1636.0 
 0.937692 1680.0 
 0.937697 1388.0 
 0.937703 1636.0 
 0.937709 1492.0 
 0.937715 1532.0 
 0.937720 1578.0 
 0.937726 1310.0 
 0.937732 1480.0 
 0.937737 1488.0 
 0.937743 1184.0 
 0.937749 1360.0 
 0.937754 1432.0 
 0.937760 1228.0 
 0.937766 1172.0 
 0.937772 1252.0 
 0.937777 1180.0 
 0.937783 1068.0 
 0.937789 996.0 
 0.937794 966.0 
 0.937800 992.0 
 0.937806 1152.0 
 0.937811 1068.0 
 0.937817 1052.0 
 0.937823 938.0 
 0.937829 960.0 
 0.937834 1012.0 
 0.937840 968.0 
 0.937846 1096.0 
 0.937851 1314.0 
 0.937857 1208.0 
 0.937863 1320.0 
 0.937868 1444.0 
 0.937874 1428.0 
 0.937880 1662.0 
 0.937886 1640.0 
 0.937891 1632.0 
 0.937897 1992.0 
 0.937903 1672.0 
 0.937908 1678.0 
 0.937914 1724.0 
 0.937920 1592.0 
 0.937925 1632.0 
 0.937931 1976.0 
 0.937937 1824.0 
 0.937943 1888.0 
 0.937948 1640.0 
 0.937954 1816.0 
 0.937960 1740.0 
 0.937965 1800.0 
 0.937971 1576.0 
 0.937977 1708.0 
 0.937982 1616.0 
 0.937988 1480.0 
 0.937994 1772.0 
 0.938000 1580.0 
 0.938005 1492.0 
 0.938011 1692.0 
 0.938017 1664.0 
 0.938022 1608.0 
 0.938028 1744.0 
 0.938034 1616.0 
 0.938039 1464.0 
 0.938045 1352.0 
 0.938051 1370.0 
 0.938057 1304.0 
 0.938062 1108.0 
 0.938068 1144.0 
 0.938074 1216.0 
 0.938079 1336.0 
 0.938085 1544.0 
 0.938091 1320.0 
 0.938096 1816.0 
 0.938102 1940.0 
 0.938108 1868.0 
 0.938114 1608.0 
 0.938119 1660.0 
 0.938125 1636.0 
 0.938131 1876.0 
 0.938136 1876.0 
 0.938142 2084.0 
 0.938148 1844.0 
 0.938153 2112.0 
 0.938159 1956.0 
 0.938165 2076.0 
 0.938171 1720.0 
 0.938176 1936.0 
 0.938182 1700.0 
 0.938188 1676.0 
 0.938193 1700.0 
 0.938199 1776.0 
 0.938205 1764.0 
 0.938210 1724.0 
 0.938216 1892.0 
 0.938222 1632.0 
 0.938228 1820.0 
 0.938233 1796.0 
 0.938239 2000.0 
 0.938245 2020.0 
 0.938250 1828.0 
 0.938256 2156.0 
 0.938262 1892.0 
 0.938267 2200.0 
 0.938273 1888.0 
 0.938279 1896.0 
 0.938285 1768.0 
 0.938290 1796.0 
 0.938296 1784.0 
 0.938302 1924.0 
 0.938307 1640.0 
 0.938313 2088.0 
 0.938319 1628.0 
 0.938325 1880.0 
 0.938330 1744.0 
 0.938336 1892.0 
 0.938342 1728.0 
 0.938347 1460.0 
 0.938353 1436.0 
 0.938359 1552.0 
 0.938364 1440.0 
 0.938370 1564.0 
 0.938376 1688.0 
 0.938382 1708.0 
 0.938387 1836.0 
 0.938393 2068.0 
 0.938399 1884.0 
 0.938404 1668.0 
 0.938410 1720.0 
 0.938416 1988.0 
 0.938421 2036.0 
 0.938427 1694.0 
 0.938433 2100.0 
 0.938439 1752.0 
 0.938444 2072.0 
 0.938450 1660.0 
 0.938456 1544.0 
 0.938461 1820.0 
 0.938467 1664.0 
 0.938473 2120.0 
 0.938478 1956.0 
 0.938484 1968.0 
 0.938490 1936.0 
 0.938496 1768.0 
 0.938501 1900.0 
 0.938507 1996.0 
 0.938513 1928.0 
 0.938518 2136.0 
 0.938524 1844.0 
 0.938530 1844.0 
 0.938535 1684.0 
 0.938541 1852.0 
 0.938547 1676.0 
 0.938553 1808.0 
 0.938558 2020.0 
 0.938564 2132.0 
 0.938570 2048.0 
 0.938575 1900.0 
 0.938581 1892.0 
 0.938587 2020.0 
 0.938592 1716.0 
 0.938598 2068.0 
 0.938604 1848.0 
 0.938610 1832.0 
 0.938615 2160.0 
 0.938621 1744.0 
 0.938627 2140.0 
 0.938632 1820.0 
 0.938638 1816.0 
 0.938644 1976.0 
 0.938649 1996.0 
 0.938655 2176.0 
 0.938661 1788.0 
 0.938667 1848.0 
 0.938672 1644.0 
 0.938678 1696.0 
 0.938684 1736.0 
 0.938689 1676.0 
 0.938695 1836.0 
 0.938701 1908.0 
 0.938706 1924.0 
 0.938712 1820.0 
 0.938718 1972.0 
 0.938724 1964.0 
 0.938729 1800.0 
 0.938735 1952.0 
 0.938741 1792.0 
 0.938746 1932.0 
 0.938752 1700.0 
 0.938758 1992.0 
 0.938763 2056.0 
 0.938769 2152.0 
 0.938775 1820.0 
 0.938781 1752.0 
 0.938786 1592.0 
 0.938792 2068.0 
 0.938798 1604.0 
 0.938803 1528.0 
 0.938809 1556.0 
 0.938815 1660.0 
 0.938820 1580.0 
 0.938826 1900.0 
 0.938832 1560.0 
 0.938838 1616.0 
 0.938843 1472.0 
 0.938849 1812.0 
 0.938855 1804.0 
 0.938860 1540.0 
 0.938866 1848.0 
 0.938872 1496.0 
 0.938877 1760.0 
 0.938883 1808.0 
 0.938889 2008.0 
 0.938895 1468.0 
 0.938900 1912.0 
 0.938906 1764.0 
 0.938912 1788.0 
 0.938917 1684.0 
 0.938923 1860.0 
 0.938929 1888.0 
 0.938934 1760.0 
 0.938940 1928.0 
 0.938946 1860.0 
 0.938952 1972.0 
 0.938957 1832.0 
 0.938963 1980.0 
 0.938969 1778.0 
 0.938974 1996.0 
 0.938980 2172.0 
 0.938986 1960.0 
 0.938991 1864.0 
 0.938997 1948.0 
 0.939003 2064.0 
 0.939009 1816.0 
 0.939014 1800.0 
 0.939020 2064.0 
 0.939026 2000.0 
 0.939031 2040.0 
 0.939037 1820.0 
 0.939043 1624.0 
 0.939048 1744.0 
 0.939054 1656.0 
 0.939060 1712.0 
 0.939066 1836.0 
 0.939071 1828.0 
 0.939077 1652.0 
 0.939083 1568.0 
 0.939088 1764.0 
 0.939094 1692.0 
 0.939100 1624.0 
 0.939105 1444.0 
 0.939111 1616.0 
 0.939117 1720.0 
 0.939123 1896.0 
 0.939128 1600.0 
 0.939134 1580.0 
 0.939140 1732.0 
 0.939145 1672.0 
 0.939151 1876.0 
 0.939157 1880.0 
 0.939162 1748.0 
 0.939168 1712.0 
 0.939174 1980.0 
 0.939180 1964.0 
 0.939185 1892.0 
 0.939191 1816.0 
 0.939197 1492.0 
 0.939202 1332.0 
 0.939208 1584.0 
 0.939214 1512.0 
 0.939219 1708.0 
 0.939225 1704.0 
 0.939231 1628.0 
 0.939237 1500.0 
 0.939242 1640.0 
 0.939248 1348.0 
 0.939254 1636.0 
 0.939259 1636.0 
 0.939265 1428.0 
 0.939271 1596.0 
 0.939276 1376.0 
 0.939282 1364.0 
 0.939288 1514.0 
 0.939294 1224.0 
 0.939299 1388.0 
 0.939305 1330.0 
 0.939311 1752.0 
 0.939316 1724.0 
 0.939322 1960.0 
 0.939328 1760.0 
 0.939333 2028.0 
 0.939339 2084.0 
 0.939345 2200.0 
 0.939351 1960.0 
 0.939356 1856.0 
 0.939362 1812.0 
 0.939368 1880.0 
 0.939373 1996.0 
 0.939379 1828.0 
 0.939385 1800.0 
 0.939390 1748.0 
 0.939396 1840.0 
 0.939402 1664.0 
 0.939408 1776.0 
 0.939413 1760.0 
 0.939419 1568.0 
 0.939425 1598.0 
 0.939430 1512.0 
 0.939436 1288.0 
 0.939442 1284.0 
 0.939448 1296.0 
 0.939453 1328.0 
 0.939459 1552.0 
 0.939465 1756.0 
 0.939470 1628.0 
 0.939476 1600.0 
 0.939482 1708.0 
 0.939487 1408.0 
 0.939493 1666.0 
 0.939499 1652.0 
 0.939505 1592.0 
 0.939510 1520.0 
 0.939516 1696.0 
 0.939522 1332.0 
 0.939527 1622.0 
 0.939533 1784.0 
 0.939539 1668.0 
 0.939544 1580.0 
 0.939550 1824.0 
 0.939556 1664.0 
 0.939562 1772.0 
 0.939567 1764.0 
 0.939573 1780.0 
 0.939579 1744.0 
 0.939584 1816.0 
 0.939590 1716.0 
 0.939596 1600.0 
 0.939601 1980.0 
 0.939607 1668.0 
 0.939613 1832.0 
 0.939619 1700.0 
 0.939624 1488.0 
 0.939630 1596.0 
 0.939636 1762.0 
 0.939641 1832.0 
 0.939647 1608.0 
 0.939653 1604.0 
 0.939658 1812.0 
 0.939664 1460.0 
 0.939670 1684.0 
 0.939676 1684.0 
 0.939681 1932.0 
 0.939687 1812.0 
 0.939693 1904.0 
 0.939698 1924.0 
 0.939704 1976.0 
 0.939710 1978.0 
 0.939715 1600.0 
 0.939721 2056.0 
 0.939727 1804.0 
 0.939733 1808.0 
 0.939738 1868.0 
 0.939744 1908.0 
 0.939750 2020.0 
 0.939755 2176.0 
 0.939761 2096.0 
 0.939767 1984.0 
 0.939772 1648.0 
 0.939778 1724.0 
 0.939784 1756.0 
 0.939790 1852.0 
 0.939795 1556.0 
 0.939801 1684.0 
 0.939807 1724.0 
 0.939812 1692.0 
 0.939818 1636.0 
 0.939824 1400.0 
 0.939829 1392.0 
 0.939835 1132.0 
 0.939841 1012.0 
 0.939847 1152.0 
 0.939852 1104.0 
 0.939858 1264.0 
 0.939864 1172.0 
 0.939869 1228.0 
 0.939875 1448.0 
 0.939881 1412.0 
 0.939886 1600.0 
 0.939892 1540.0 
 0.939898 1864.0 
 0.939904 1848.0 
 0.939909 1780.0 
 0.939915 1732.0 
 0.939921 2012.0 
 0.939926 1604.0 
 0.939932 1580.0 
 0.939938 1560.0 
 0.939943 1460.0 
 0.939949 1580.0 
 0.939955 1592.0 
 0.939961 1664.0 
 0.939966 1432.0 
 0.939972 1448.0 
 0.939978 1362.0 
 0.939983 1424.0 
 0.939989 1244.0 
 0.939995 1322.0 
 0.940000 1212.0 
 0.940006 1232.0 
 0.940012 1308.0 
 0.940018 1760.0 
 0.940023 1396.0 
 0.940029 1640.0 
 0.940035 1812.0 
 0.940040 1884.0 
 0.940046 2096.0 
 0.940052 1912.0 
 0.940057 1996.0 
 0.940063 2052.0 
 0.940069 1834.0 
 0.940075 1916.0 
 0.940080 1832.0 
 0.940086 1804.0 
 0.940092 1964.0 
 0.940097 1796.0 
 0.940103 2028.0 
 0.940109 2200.0 
 0.940114 2024.0 
 0.940120 2036.0 
 0.940126 1968.0 
 0.940132 1936.0 
 0.940137 2056.0 
 0.940143 2244.0 
 0.940149 2124.0 
 0.940154 2164.0 
 0.940160 2228.0 
 0.940166 2144.0 
 0.940171 2248.0 
 0.940177 2048.0 
 0.940183 2188.0 
 0.940189 2052.0 
 0.940194 2164.0 
 0.940200 2324.0 
 0.940206 1896.0 
 0.940211 2024.0 
 0.940217 2192.0 
 0.940223 2096.0 
 0.940228 2292.0 
 0.940234 2040.0 
 0.940240 2064.0 
 0.940246 1984.0 
 0.940251 2204.0 
 0.940257 2024.0 
 0.940263 2016.0 
 0.940268 1940.0 
 0.940274 2132.0 
 0.940280 1992.0 
 0.940285 1952.0 
 0.940291 1952.0 
 0.940297 1868.0 
 0.940303 1888.0 
 0.940308 1916.0 
 0.940314 1608.0 
 0.940320 2080.0 
 0.940325 2288.0 
 0.940331 2200.0 
 0.940337 1892.0 
 0.940342 2168.0 
 0.940348 2072.0 
 0.940354 2000.0 
 0.940360 2156.0 
 0.940365 1988.0 
 0.940371 1892.0 
 0.940377 1848.0 
 0.940382 2008.0 
 0.940388 1808.0 
 0.940394 2008.0 
 0.940399 1794.0 
 0.940405 1912.0 
 0.940411 2020.0 
 0.940417 1944.0 
 0.940422 2040.0 
 0.940428 1824.0 
 0.940434 1724.0 
 0.940439 1744.0 
 0.940445 1680.0 
 0.940451 1464.0 
 0.940456 1944.0 
 0.940462 1924.0 
 0.940468 1736.0 
 0.940474 1980.0 
 0.940479 1960.0 
 0.940485 1544.0 
 0.940491 2036.0 
 0.940496 1656.0 
 0.940502 1852.0 
 0.940508 2088.0 
 0.940513 1696.0 
 0.940519 1836.0 
 0.940525 1700.0 
 0.940531 1708.0 
 0.940536 1792.0 
 0.940542 2092.0 
 0.940548 1756.0 
 0.940553 1824.0 
 0.940559 1936.0 
 0.940565 1712.0 
 0.940571 2096.0 
 0.940576 1924.0 
 0.940582 1940.0 
 0.940588 1996.0 
 0.940593 2056.0 
 0.940599 1864.0 
 0.940605 1840.0 
 0.940610 2040.0 
 0.940616 1980.0 
 0.940622 2176.0 
 0.940628 2000.0 
 0.940633 2032.0 
 0.940639 1800.0 
 0.940645 1956.0 
 0.940650 1940.0 
 0.940656 2236.0 
 0.940662 2028.0 
 0.940667 1976.0 
 0.940673 2276.0 
 0.940679 1772.0 
 0.940685 2012.0 
 0.940690 1760.0 
 0.940696 1972.0 
 0.940702 1864.0 
 0.940707 2140.0 
 0.940713 1824.0 
 0.940719 1800.0 
 0.940724 2044.0 
 0.940730 1872.0 
 0.940736 2060.0 
 0.940742 1824.0 
 0.940747 2068.0 
 0.940753 2028.0 
 0.940759 2076.0 
 0.940764 2016.0 
 0.940770 1780.0 
 0.940776 1756.0 
 0.940781 1796.0 
 0.940787 1916.0 
 0.940793 1572.0 
 0.940799 1764.0 
 0.940804 1756.0 
 0.940810 1684.0 
 0.940816 2040.0 
 0.940821 1828.0 
 0.940827 1596.0 
 0.940833 1816.0 
 0.940838 1992.0 
 0.940844 1596.0 
 0.940850 1700.0 
 0.940856 1732.0 
 0.940861 1576.0 
 0.940867 1276.0 
 0.940873 1456.0 
 0.940878 1224.0 
 0.940884 1368.0 
 0.940890 1588.0 
 0.940895 1776.0 
 0.940901 1588.0 
 0.940907 1736.0 
 0.940913 1960.0 
 0.940918 1860.0 
 0.940924 1892.0 
 0.940930 2160.0 
 0.940935 2156.0 
 0.940941 1972.0 
 0.940947 1692.0 
 0.940952 2232.0 
 0.940958 2020.0 
 0.940964 2112.0 
 0.940970 1884.0 
 0.940975 1944.0 
 0.940981 1812.0 
 0.940987 1830.0 
 0.940992 1952.0 
 0.940998 1864.0 
 0.941004 1788.0 
 0.941009 2172.0 
 0.941015 1948.0 
 0.941021 2236.0 
 0.941027 1948.0 
 0.941032 1828.0 
 0.941038 1944.0 
 0.941044 2244.0 
 0.941049 2016.0 
 0.941055 2136.0 
 0.941061 2060.0 
 0.941066 2120.0 
 0.941072 1892.0 
 0.941078 2236.0 
 0.941084 1712.0 
 0.941089 1924.0 
 0.941095 2104.0 
 0.941101 1876.0 
 0.941106 1712.0 
 0.941112 1952.0 
 0.941118 1960.0 
 0.941123 2072.0 
 0.941129 1964.0 
 0.941135 2048.0 
 0.941141 2268.0 
 0.941146 2064.0 
 0.941152 2128.0 
 0.941158 1984.0 
 0.941163 2048.0 
 0.941169 1828.0 
 0.941175 1904.0 
 0.941180 1852.0 
 0.941186 2024.0 
 0.941192 1934.0 
 0.941198 2016.0 
 0.941203 2048.0 
 0.941209 1876.0 
 0.941215 1824.0 
 0.941220 1916.0 
 0.941226 2048.0 
 0.941232 2336.0 
 0.941237 1688.0 
 0.941243 1924.0 
 0.941249 1700.0 
 0.941255 2224.0 
 0.941260 2208.0 
 0.941266 2192.0 
 0.941272 2208.0 
 0.941277 2336.0 
 0.941283 2156.0 
 0.941289 2040.0 
 0.941294 1892.0 
 0.941300 1704.0 
 0.941306 2068.0 
 0.941312 2148.0 
 0.941317 2048.0 
 0.941323 2108.0 
 0.941329 2140.0 
 0.941334 1744.0 
 0.941340 1888.0 
 0.941346 1992.0 
 0.941351 1852.0 
 0.941357 1972.0 
 0.941363 2040.0 
 0.941369 1840.0 
 0.941374 2132.0 
 0.941380 1900.0 
 0.941386 1944.0 
 0.941391 1832.0 
 0.941397 1756.0 
 0.941403 1828.0 
 0.941408 1728.0 
 0.941414 1584.0 
 0.941420 1428.0 
 0.941426 1364.0 
 0.941431 1700.0 
 0.941437 1468.0 
 0.941443 1752.0 
 0.941448 1804.0 
 0.941454 1872.0 
 0.941460 1744.0 
 0.941465 1896.0 
 0.941471 1500.0 
 0.941477 1780.0 
 0.941483 1972.0 
 0.941488 1916.0 
 0.941494 1600.0 
 0.941500 1968.0 
 0.941505 1688.0 
 0.941511 2096.0 
 0.941517 1720.0 
 0.941522 1960.0 
 0.941528 1896.0 
 0.941534 1848.0 
 0.941540 1952.0 
 0.941545 1808.0 
 0.941551 1960.0 
 0.941557 2136.0 
 0.941562 2132.0 
 0.941568 2192.0 
 0.941574 1766.0 
 0.941579 1804.0 
 0.941585 1792.0 
 0.941591 1780.0 
 0.941597 2116.0 
 0.941602 1762.0 
 0.941608 2088.0 
 0.941614 2112.0 
 0.941619 2136.0 
 0.941625 2000.0 
 0.941631 1944.0 
 0.941636 2016.0 
 0.941642 2160.0 
 0.941648 1864.0 
 0.941654 2074.0 
 0.941659 1848.0 
 0.941665 1624.0 
 0.941671 1852.0 
 0.941676 2044.0 
 0.941682 1628.0 
 0.941688 1640.0 
 0.941693 1876.0 
 0.941699 1900.0 
 0.941705 1824.0 
 0.941711 1856.0 
 0.941716 1616.0 
 0.941722 1884.0 
 0.941728 1932.0 
 0.941733 1992.0 
 0.941739 1828.0 
 0.941745 2164.0 
 0.941751 1948.0 
 0.941756 2016.0 
 0.941762 2048.0 
 0.941768 1904.0 
 0.941773 2052.0 
 0.941779 1904.0 
 0.941785 2036.0 
 0.941790 2004.0 
 0.941796 2076.0 
 0.941802 1960.0 
 0.941808 1904.0 
 0.941813 1868.0 
 0.941819 1888.0 
 0.941825 2112.0 
 0.941830 1848.0 
 0.941836 1804.0 
 0.941842 1688.0 
 0.941847 1740.0 
 0.941853 1728.0 
 0.941859 1696.0 
 0.941865 1884.0 
 0.941870 1692.0 
 0.941876 1640.0 
 0.941882 1748.0 
 0.941887 1568.0 
 0.941893 1816.0 
 0.941899 1828.0 
 0.941904 2020.0 
 0.941910 1624.0 
 0.941916 1648.0 
 0.941922 1816.0 
 0.941927 1728.0 
 0.941933 1928.0 
 0.941939 1956.0 
 0.941944 1680.0 
 0.941950 1828.0 
 0.941956 2076.0 
 0.941961 1620.0 
 0.941967 1800.0 
 0.941973 1876.0 
 0.941979 1816.0 
 0.941984 1896.0 
 0.941990 1868.0 
 0.941996 1796.0 
 0.942001 1592.0 
 0.942007 1784.0 
 0.942013 1540.0 
 0.942018 1872.0 
 0.942024 1620.0 
 0.942030 1524.0 
 0.942036 1412.0 
 0.942041 1268.0 
 0.942047 1080.0 
 0.942053 1272.0 
 0.942058 1332.0 
 0.942064 1132.0 
 0.942070 1060.0 
 0.942075 1256.0 
 0.942081 1216.0 
 0.942087 1532.0 
 0.942093 1480.0 
 0.942098 1548.0 
 0.942104 1796.0 
 0.942110 1708.0 
 0.942115 1972.0 
 0.942121 1844.0 
 0.942127 1904.0 
 0.942132 1544.0 
 0.942138 1748.0 
 0.942144 1836.0 
 0.942150 1672.0 
 0.942155 1724.0 
 0.942161 1664.0 
 0.942167 1960.0 
 0.942172 1580.0 
 0.942178 1684.0 
 0.942184 1522.0 
 0.942189 1586.0 
 0.942195 1472.0 
 0.942201 1360.0 
 0.942207 960.0 
 0.942212 1280.0 
 0.942218 1080.0 
 0.942224 1200.0 
 0.942229 1328.0 
 0.942235 1124.0 
 0.942241 1420.0 
 0.942246 1436.0 
 0.942252 1304.0 
 0.942258 1778.0 
 0.942264 1460.0 
 0.942269 1720.0 
 0.942275 1684.0 
 0.942281 1788.0 
 0.942286 1680.0 
 0.942292 1568.0 
 0.942298 1820.0 
 0.942303 1528.0 
 0.942309 1576.0 
 0.942315 1840.0 
 0.942321 2048.0 
 0.942326 1764.0 
 0.942332 1952.0 
 0.942338 1856.0 
 0.942343 1936.0 
 0.942349 1924.0 
 0.942355 1904.0 
 0.942360 2036.0 
 0.942366 1988.0 
 0.942372 1964.0 
 0.942378 2024.0 
 0.942383 1956.0 
 0.942389 2008.0 
 0.942395 2112.0 
 0.942400 2060.0 
 0.942406 2020.0 
 0.942412 2092.0 
 0.942417 1948.0 
 0.942423 1976.0 
 0.942429 2056.0 
 0.942435 2016.0 
 0.942440 1976.0 
 0.942446 2020.0 
 0.942452 1808.0 
 0.942457 1900.0 
 0.942463 1956.0 
 0.942469 2136.0 
 0.942474 2184.0 
 0.942480 2112.0 
 0.942486 2036.0 
 0.942492 2036.0 
 0.942497 1952.0 
 0.942503 2220.0 
 0.942509 1924.0 
 0.942514 2024.0 
 0.942520 1852.0 
 0.942526 2156.0 
 0.942531 1628.0 
 0.942537 2212.0 
 0.942543 2140.0 
 0.942549 2384.0 
 0.942554 2232.0 
 0.942560 2092.0 
 0.942566 2256.0 
 0.942571 2112.0 
 0.942577 2072.0 
 0.942583 2048.0 
 0.942588 1784.0 
 0.942594 1864.0 
 0.942600 2044.0 
 0.942606 2064.0 
 0.942611 2112.0 
 0.942617 1944.0 
 0.942623 1808.0 
 0.942628 2208.0 
 0.942634 2136.0 
 0.942640 2348.0 
 0.942645 2168.0 
 0.942651 2168.0 
 0.942657 2080.0 
 0.942663 2016.0 
 0.942668 1672.0 
 0.942674 1888.0 
 0.942680 1752.0 
 0.942685 1952.0 
 0.942691 1840.0 
 0.942697 1838.0 
 0.942702 1740.0 
 0.942708 1800.0 
 0.942714 2092.0 
 0.942720 1856.0 
 0.942725 1912.0 
 0.942731 2028.0 
 0.942737 2104.0 
 0.942742 2092.0 
 0.942748 1972.0 
 0.942754 2060.0 
 0.942759 2020.0 
 0.942765 2116.0 
 0.942771 1844.0 
 0.942777 1800.0 
 0.942782 2140.0 
 0.942788 2160.0 
 0.942794 1812.0 
 0.942799 2220.0 
 0.942805 2168.0 
 0.942811 2128.0 
 0.942816 2012.0 
 0.942822 1892.0 
 0.942828 2060.0 
 0.942834 1984.0 
 0.942839 1968.0 
 0.942845 1948.0 
 0.942851 2052.0 
 0.942856 1940.0 
 0.942862 1840.0 
 0.942868 1888.0 
 0.942874 1972.0 
 0.942879 2012.0 
 0.942885 1932.0 
 0.942891 1972.0 
 0.942896 1996.0 
 0.942902 2012.0 
 0.942908 1892.0 
 0.942913 1984.0 
 0.942919 2016.0 
 0.942925 2288.0 
 0.942931 2032.0 
 0.942936 2244.0 
 0.942942 2036.0 
 0.942948 2112.0 
 0.942953 2148.0 
 0.942959 2232.0 
 0.942965 2000.0 
 0.942970 2008.0 
 0.942976 1968.0 
 0.942982 2096.0 
 0.942988 2312.0 
 0.942993 2004.0 
 0.942999 2200.0 
 0.943005 1928.0 
 0.943010 2072.0 
 0.943016 2232.0 
 0.943022 1972.0 
 0.943027 2096.0 
 0.943033 2364.0 
 0.943039 2296.0 
 0.943045 2136.0 
 0.943050 1996.0 
 0.943056 2028.0 
 0.943062 1976.0 
 0.943067 2088.0 
 0.943073 2200.0 
 0.943079 2068.0 
 0.943084 2308.0 
 0.943090 1988.0 
 0.943096 2068.0 
 0.943102 1980.0 
 0.943107 1780.0 
 0.943113 1900.0 
 0.943119 1996.0 
 0.943124 1964.0 
 0.943130 1960.0 
 0.943136 2008.0 
 0.943141 1980.0 
 0.943147 1920.0 
 0.943153 1800.0 
 0.943159 1964.0 
 0.943164 1964.0 
 0.943170 1796.0 
 0.943176 1876.0 
 0.943181 2032.0 
 0.943187 1816.0 
 0.943193 1872.0 
 0.943198 1896.0 
 0.943204 1882.0 
 0.943210 1880.0 
 0.943216 1976.0 
 0.943221 1880.0 
 0.943227 1688.0 
 0.943233 1884.0 
 0.943238 1660.0 
 0.943244 1644.0 
 0.943250 1596.0 
 0.943255 1508.0 
 0.943261 1740.0 
 0.943267 1594.0 
 0.943273 1636.0 
 0.943278 1716.0 
 0.943284 1652.0 
 0.943290 1528.0 
 0.943295 1604.0 
 0.943301 1924.0 
 0.943307 1860.0 
 0.943312 1760.0 
 0.943318 1748.0 
 0.943324 1920.0 
 0.943330 1988.0 
 0.943335 2052.0 
 0.943341 1916.0 
 0.943347 2004.0 
 0.943352 2120.0 
 0.943358 1944.0 
 0.943364 1948.0 
 0.943369 2108.0 
 0.943375 2064.0 
 0.943381 1732.0 
 0.943387 2072.0 
 0.943392 2120.0 
 0.943398 2148.0 
 0.943404 1676.0 
 0.943409 1828.0 
 0.943415 1792.0 
 0.943421 1848.0 
 0.943426 1940.0 
 0.943432 1620.0 
 0.943438 2020.0 
 0.943444 1968.0 
 0.943449 2272.0 
 0.943455 1758.0 
 0.943461 2076.0 
 0.943466 1868.0 
 0.943472 1808.0 
 0.943478 1884.0 
 0.943483 1760.0 
 0.943489 1696.0 
 0.943495 1444.0 
 0.943501 1456.0 
 0.943506 1516.0 
 0.943512 1392.0 
 0.943518 1532.0 
 0.943523 1652.0 
 0.943529 1344.0 
 0.943535 1508.0 
 0.943540 1628.0 
 0.943546 1592.0 
 0.943552 1578.0 
 0.943558 1544.0 
 0.943563 1624.0 
 0.943569 1480.0 
 0.943575 1384.0 
 0.943580 1240.0 
 0.943586 1260.0 
 0.943592 1380.0 
 0.943597 1208.0 
 0.943603 1324.0 
 0.943609 876.0 
 0.943615 872.0 
 0.943620 1012.0 
 0.943626 986.0 
 0.943632 1016.0 
 0.943637 1140.0 
 0.943643 1364.0 
 0.943649 1632.0 
 0.943654 1472.0 
 0.943660 1400.0 
 0.943666 1720.0 
 0.943672 1820.0 
 0.943677 1824.0 
 0.943683 1728.0 
 0.943689 1816.0 
 0.943694 1936.0 
 0.943700 2212.0 
 0.943706 1996.0 
 0.943711 1900.0 
 0.943717 1808.0 
 0.943723 1658.0 
 0.943729 2132.0 
 0.943734 2152.0 
 0.943740 1836.0 
 0.943746 1952.0 
 0.943751 2252.0 
 0.943757 1832.0 
 0.943763 1960.0 
 0.943768 1876.0 
 0.943774 2140.0 
 0.943780 1928.0 
 0.943786 1624.0 
 0.943791 1704.0 
 0.943797 1892.0 
 0.943803 1816.0 
 0.943808 1896.0 
 0.943814 1544.0 
 0.943820 1828.0 
 0.943825 1900.0 
 0.943831 1800.0 
 0.943837 1972.0 
 0.943843 1752.0 
 0.943848 1560.0 
 0.943854 1792.0 
 0.943860 1588.0 
 0.943865 1492.0 
 0.943871 1536.0 
 0.943877 1844.0 
 0.943882 1592.0 
 0.943888 1696.0 
 0.943894 1576.0 
 0.943900 1732.0 
 0.943905 1840.0 
 0.943911 1688.0 
 0.943917 1672.0 
 0.943922 1428.0 
 0.943928 1712.0 
 0.943934 1472.0 
 0.943939 1696.0 
 0.943945 1512.0 
 0.943951 1432.0 
 0.943957 1012.0 
 0.943962 1092.0 
 0.943968 1104.0 
 0.943974 1112.0 
 0.943979 1076.0 
 0.943985 1326.0 
 0.943991 1160.0 
 0.943997 1436.0 
 0.944002 1392.0 
 0.944008 1148.0 
 0.944014 1616.0 
 0.944019 1592.0 
 0.944025 1556.0 
 0.944031 1484.0 
 0.944036 1712.0 
 0.944042 1788.0 
 0.944048 1676.0 
 0.944054 1884.0 
 0.944059 1646.0 
 0.944065 1736.0 
 0.944071 1580.0 
 0.944076 1692.0 
 0.944082 1572.0 
 0.944088 1744.0 
 0.944093 1556.0 
 0.944099 1664.0 
 0.944105 1852.0 
 0.944111 1836.0 
 0.944116 1732.0 
 0.944122 1928.0 
 0.944128 1572.0 
 0.944133 1548.0 
 0.944139 1672.0 
 0.944145 1528.0 
 0.944150 1824.0 
 0.944156 1796.0 
 0.944162 1628.0 
 0.944168 1568.0 
 0.944173 1768.0 
 0.944179 1576.0 
 0.944185 1548.0 
 0.944190 1490.0 
 0.944196 1580.0 
 0.944202 1552.0 
 0.944207 1764.0 
 0.944213 1716.0 
 0.944219 1768.0 
 0.944225 1268.0 
 0.944230 1628.0 
 0.944236 1420.0 
 0.944242 1776.0 
 0.944247 1644.0 
 0.944253 1512.0 
 0.944259 1476.0 
 0.944264 1684.0 
 0.944270 1736.0 
 0.944276 1912.0 
 0.944282 1572.0 
 0.944287 1684.0 
 0.944293 1820.0 
 0.944299 1404.0 
 0.944304 1492.0 
 0.944310 1312.0 
 0.944316 1240.0 
 0.944321 1148.0 
 0.944327 1088.0 
 0.944333 1308.0 
 0.944339 1372.0 
 0.944344 1252.0 
 0.944350 1126.0 
 0.944356 996.0 
 0.944361 880.0 
 0.944367 1424.0 
 0.944373 1020.0 
 0.944378 1160.0 
 0.944384 1340.0 
 0.944390 1528.0 
 0.944396 1528.0 
 0.944401 1536.0 
 0.944407 1676.0 
 0.944413 1464.0 
 0.944418 1432.0 
 0.944424 1524.0 
 0.944430 1376.0 
 0.944435 1186.0 
 0.944441 1396.0 
 0.944447 1280.0 
 0.944453 1324.0 
 0.944458 1360.0 
 0.944464 1552.0 
 0.944470 1556.0 
 0.944475 1348.0 
 0.944481 1728.0 
 0.944487 1708.0 
 0.944492 1792.0 
 0.944498 2000.0 
 0.944504 2020.0 
 0.944510 1884.0 
 0.944515 1904.0 
 0.944521 2036.0 
 0.944527 1884.0 
 0.944532 2016.0 
 0.944538 1908.0 
 0.944544 1784.0 
 0.944549 2004.0 
 0.944555 1860.0 
 0.944561 1932.0 
 0.944567 2088.0 
 0.944572 1968.0 
 0.944578 1920.0 
 0.944584 2124.0 
 0.944589 1964.0 
 0.944595 1976.0 
 0.944601 1776.0 
 0.944606 2160.0 
 0.944612 1748.0 
 0.944618 2096.0 
 0.944624 1816.0 
 0.944629 2008.0 
 0.944635 1884.0 
 0.944641 1632.0 
 0.944646 2148.0 
 0.944652 1956.0 
 0.944658 2028.0 
 0.944663 1968.0 
 0.944669 1932.0 
 0.944675 2064.0 
 0.944681 1736.0 
 0.944686 1800.0 
 0.944692 1888.0 
 0.944698 2104.0 
 0.944703 1852.0 
 0.944709 1844.0 
 0.944715 1900.0 
 0.944720 2032.0 
 0.944726 1932.0 
 0.944732 1876.0 
 0.944738 1980.0 
 0.944743 1912.0 
 0.944749 1876.0 
 0.944755 1728.0 
 0.944760 1972.0 
 0.944766 1828.0 
 0.944772 2128.0 
 0.944777 1988.0 
 0.944783 2232.0 
 0.944789 1824.0 
 0.944795 2008.0 
 0.944800 1888.0 
 0.944806 1968.0 
 0.944812 1844.0 
 0.944817 2280.0 
 0.944823 2060.0 
 0.944829 2048.0 
 0.944834 1808.0 
 0.944840 1996.0 
 0.944846 1996.0 
 0.944852 1924.0 
 0.944857 1920.0 
 0.944863 2024.0 
 0.944869 1996.0 
 0.944874 1790.0 
 0.944880 1852.0 
 0.944886 1724.0 
 0.944891 1932.0 
 0.944897 1736.0 
 0.944903 1872.0 
 0.944909 1740.0 
 0.944914 1680.0 
 0.944920 2048.0 
 0.944926 1872.0 
 0.944931 1880.0 
 0.944937 1948.0 
 0.944943 2096.0 
 0.944948 2028.0 
 0.944954 1764.0 
 0.944960 2000.0 
 0.944966 2056.0 
 0.944971 1868.0 
 0.944977 1820.0 
 0.944983 2152.0 
 0.944988 2040.0 
 0.944994 2020.0 
 0.945000 2152.0 
 0.945005 1792.0 
 0.945011 2108.0 
 0.945017 2136.0 
 0.945023 1936.0 
 0.945028 2044.0 
 0.945034 1944.0 
 0.945040 2124.0 
 0.945045 2032.0 
 0.945051 2044.0 
 0.945057 2046.0 
 0.945062 2156.0 
 0.945068 1936.0 
 0.945074 1916.0 
 0.945080 2264.0 
 0.945085 1976.0 
 0.945091 2108.0 
 0.945097 2008.0 
 0.945102 1856.0 
 0.945108 1916.0 
 0.945114 2132.0 
 0.945119 2000.0 
 0.945125 2108.0 
 0.945131 2120.0 
 0.945137 1876.0 
 0.945142 1828.0 
 0.945148 1960.0 
 0.945154 2296.0 
 0.945159 2064.0 
 0.945165 2024.0 
 0.945171 2024.0 
 0.945177 1816.0 
 0.945182 1968.0 
 0.945188 2148.0 
 0.945194 1820.0 
 0.945199 2016.0 
 0.945205 1976.0 
 0.945211 2268.0 
 0.945216 1892.0 
 0.945222 2044.0 
 0.945228 1884.0 
 0.945234 2040.0 
 0.945239 2132.0 
 0.945245 2012.0 
 0.945251 2180.0 
 0.945256 1944.0 
 0.945262 2132.0 
 0.945268 2120.0 
 0.945273 2040.0 
 0.945279 2032.0 
 0.945285 1948.0 
 0.945291 2288.0 
 0.945296 2088.0 
 0.945302 1780.0 
 0.945308 2132.0 
 0.945313 1928.0 
 0.945319 1980.0 
 0.945325 2060.0 
 0.945330 1760.0 
 0.945336 1832.0 
 0.945342 2040.0 
 0.945348 2108.0 
 0.945353 2072.0 
 0.945359 1876.0 
 0.945365 2032.0 
 0.945370 2004.0 
 0.945376 1880.0 
 0.945382 2012.0 
 0.945387 1960.0 
 0.945393 2052.0 
 0.945399 2096.0 
 0.945405 1780.0 
 0.945410 2068.0 
 0.945416 2476.0 
 0.945422 1908.0 
 0.945427 2308.0 
 0.945433 2036.0 
 0.945439 1920.0 
 0.945444 2072.0 
 0.945450 1960.0 
 0.945456 2088.0 
 0.945462 1936.0 
 0.945467 2026.0 
 0.945473 2070.0 
 0.945479 1880.0 
 0.945484 1910.0 
 0.945490 1820.0 
 0.945496 2000.0 
 0.945501 1780.0 
 0.945507 2132.0 
 0.945513 2036.0 
 0.945519 1900.0 
 0.945524 1892.0 
 0.945530 1868.0 
 0.945536 2012.0 
 0.945541 2216.0 
 0.945547 1888.0 
 0.945553 2084.0 
 0.945558 2292.0 
 0.945564 2004.0 
 0.945570 2044.0 
 0.945576 1830.0 
 0.945581 2068.0 
 0.945587 2020.0 
 0.945593 2292.0 
 0.945598 2088.0 
 0.945604 2034.0 
 0.945610 2104.0 
 0.945615 1864.0 
 0.945621 2324.0 
 0.945627 2032.0 
 0.945633 1988.0 
 0.945638 2296.0 
 0.945644 2060.0 
 0.945650 1728.0 
 0.945655 1948.0 
 0.945661 2052.0 
 0.945667 2048.0 
 0.945672 1996.0 
 0.945678 1872.0 
 0.945684 1824.0 
 0.945690 1884.0 
 0.945695 2188.0 
 0.945701 2016.0 
 0.945707 2084.0 
 0.945712 1852.0 
 0.945718 2016.0 
 0.945724 2324.0 
 0.945729 2088.0 
 0.945735 1980.0 
 0.945741 1968.0 
 0.945747 1976.0 
 0.945752 2100.0 
 0.945758 1880.0 
 0.945764 2084.0 
 0.945769 1860.0 
 0.945775 1768.0 
 0.945781 1492.0 
 0.945786 1748.0 
 0.945792 1712.0 
 0.945798 1652.0 
 0.945804 1624.0 
 0.945809 1552.0 
 0.945815 1560.0 
 0.945821 1456.0 
 0.945826 1844.0 
 0.945832 1824.0 
 0.945838 1880.0 
 0.945843 1676.0 
 0.945849 1572.0 
 0.945855 1716.0 
 0.945861 1428.0 
 0.945866 2200.0 
 0.945872 1760.0 
 0.945878 2192.0 
 0.945883 1892.0 
 0.945889 1756.0 
 0.945895 1860.0 
 0.945900 1748.0 
 0.945906 1812.0 
 0.945912 1860.0 
 0.945918 1952.0 
 0.945923 1896.0 
 0.945929 1948.0 
 0.945935 1908.0 
 0.945940 1976.0 
 0.945946 1840.0 
 0.945952 1920.0 
 0.945957 2024.0 
 0.945963 1768.0 
 0.945969 1838.0 
 0.945975 1980.0 
 0.945980 1996.0 
 0.945986 1648.0 
 0.945992 1836.0 
 0.945997 1856.0 
 0.946003 1920.0 
 0.946009 1860.0 
 0.946014 1956.0 
 0.946020 1904.0 
 0.946026 1856.0 
 0.946032 2004.0 
 0.946037 1384.0 
 0.946043 1948.0 
 0.946049 1632.0 
 0.946054 1636.0 
 0.946060 1796.0 
 0.946066 1700.0 
 0.946071 1708.0 
 0.946077 1668.0 
 0.946083 1628.0 
 0.946089 1652.0 
 0.946094 1554.0 
 0.946100 1592.0 
 0.946106 1380.0 
 0.946111 1712.0 
 0.946117 1692.0 
 0.946123 1564.0 
 0.946128 1580.0 
 0.946134 1734.0 
 0.946140 1480.0 
 0.946146 1772.0 
 0.946151 1480.0 
 0.946157 1310.0 
 0.946163 1258.0 
 0.946168 1172.0 
 0.946174 1124.0 
 0.946180 1140.0 
 0.946185 1252.0 
 0.946191 1532.0 
 0.946197 1484.0 
 0.946203 1400.0 
 0.946208 1488.0 
 0.946214 1528.0 
 0.946220 1632.0 
 0.946225 1620.0 
 0.946231 1588.0 
 0.946237 1888.0 
 0.946242 1438.0 
 0.946248 1620.0 
 0.946254 1404.0 
 0.946260 1454.0 
 0.946265 1636.0 
 0.946271 1812.0 
 0.946277 1560.0 
 0.946282 1768.0 
 0.946288 1476.0 
 0.946294 1836.0 
 0.946300 1700.0 
 0.946305 1524.0 
 0.946311 1768.0 
 0.946317 1688.0 
 0.946322 2008.0 
 0.946328 1768.0 
 0.946334 1772.0 
 0.946339 1696.0 
 0.946345 1932.0 
 0.946351 1448.0 
 0.946357 1692.0 
 0.946362 1752.0 
 0.946368 1680.0 
 0.946374 1572.0 
 0.946379 1560.0 
 0.946385 1708.0 
 0.946391 1656.0 
 0.946396 1656.0 
 0.946402 1704.0 
 0.946408 1504.0 
 0.946414 1316.0 
 0.946419 1496.0 
 0.946425 1384.0 
 0.946431 1542.0 
 0.946436 1428.0 
 0.946442 1368.0 
 0.946448 1256.0 
 0.946453 1416.0 
 0.946459 1368.0 
 0.946465 1200.0 
 0.946471 1496.0 
 0.946476 1432.0 
 0.946482 1768.0 
 0.946488 1476.0 
 0.946493 1600.0 
 0.946499 1916.0 
 0.946505 1596.0 
 0.946510 1668.0 
 0.946516 1636.0 
 0.946522 1728.0 
 0.946528 1872.0 
 0.946533 1824.0 
 0.946539 1796.0 
 0.946545 2060.0 
 0.946550 1724.0 
 0.946556 1756.0 
 0.946562 1744.0 
 0.946567 1912.0 
 0.946573 1856.0 
 0.946579 1542.0 
 0.946585 1752.0 
 0.946590 1554.0 
 0.946596 1520.0 
 0.946602 1724.0 
 0.946607 1512.0 
 0.946613 1826.0 
 0.946619 1908.0 
 0.946624 1708.0 
 0.946630 1660.0 
 0.946636 1976.0 
 0.946642 1752.0 
 0.946647 1728.0 
 0.946653 2060.0 
 0.946659 1420.0 
 0.946664 1732.0 
 0.946670 1532.0 
 0.946676 2016.0 
 0.946681 1876.0 
 0.946687 1792.0 
 0.946693 1632.0 
 0.946699 1872.0 
 0.946704 1696.0 
 0.946710 1952.0 
 0.946716 1828.0 
 0.946721 1604.0 
 0.946727 1724.0 
 0.946733 1960.0 
 0.946738 1800.0 
 0.946744 1412.0 
 0.946750 1404.0 
 0.946756 1264.0 
 0.946761 1240.0 
 0.946767 1272.0 
 0.946773 1628.0 
 0.946778 1268.0 
 0.946784 1356.0 
 0.946790 1446.0 
 0.946795 1416.0 
 0.946801 1420.0 
 0.946807 1548.0 
 0.946813 1648.0 
 0.946818 1708.0 
 0.946824 1484.0 
 0.946830 1792.0 
 0.946835 1800.0 
 0.946841 1832.0 
 0.946847 1516.0 
 0.946852 2112.0 
 0.946858 1772.0 
 0.946864 2076.0 
 0.946870 1908.0 
 0.946875 1768.0 
 0.946881 2100.0 
 0.946887 1764.0 
 0.946892 2092.0 
 0.946898 1952.0 
 0.946904 1848.0 
 0.946909 2208.0 
 0.946915 2024.0 
 0.946921 1852.0 
 0.946927 1948.0 
 0.946932 1792.0 
 0.946938 1688.0 
 0.946944 1780.0 
 0.946949 1636.0 
 0.946955 1682.0 
 0.946961 1712.0 
 0.946966 1824.0 
 0.946972 1900.0 
 0.946978 1876.0 
 0.946984 1972.0 
 0.946989 2292.0 
 0.946995 1796.0 
 0.947001 2026.0 
 0.947006 1976.0 
 0.947012 1848.0 
 0.947018 2016.0 
 0.947023 1788.0 
 0.947029 1924.0 
 0.947035 2032.0 
 0.947041 1704.0 
 0.947046 1892.0 
 0.947052 1620.0 
 0.947058 1990.0 
 0.947063 1624.0 
 0.947069 1888.0 
 0.947075 1576.0 
 0.947080 1816.0 
 0.947086 1636.0 
 0.947092 1756.0 
 0.947098 1878.0 
 0.947103 1296.0 
 0.947109 1514.0 
 0.947115 1672.0 
 0.947120 1692.0 
 0.947126 1540.0 
 0.947132 1472.0 
 0.947137 1328.0 
 0.947143 1732.0 
 0.947149 1980.0 
 0.947155 1628.0 
 0.947160 1534.0 
 0.947166 1928.0 
 0.947172 1828.0 
 0.947177 1676.0 
 0.947183 1704.0 
 0.947189 1892.0 
 0.947194 2020.0 
 0.947200 1768.0 
 0.947206 1756.0 
 0.947212 1644.0 
 0.947217 1932.0 
 0.947223 1820.0 
 0.947229 2212.0 
 0.947234 1980.0 
 0.947240 1744.0 
 0.947246 1684.0 
 0.947251 2144.0 
 0.947257 1912.0 
 0.947263 1760.0 
 0.947269 1760.0 
 0.947274 1808.0 
 0.947280 1880.0 
 0.947286 2032.0 
 0.947291 2012.0 
 0.947297 1860.0 
 0.947303 1600.0 
 0.947308 1804.0 
 0.947314 1752.0 
 0.947320 2196.0 
 0.947326 2232.0 
 0.947331 1940.0 
 0.947337 1896.0 
 0.947343 2056.0 
 0.947348 2100.0 
 0.947354 2128.0 
 0.947360 1976.0 
 0.947365 1552.0 
 0.947371 2068.0 
 0.947377 2208.0 
 0.947383 2060.0 
 0.947388 1936.0 
 0.947394 1612.0 
 0.947400 1772.0 
 0.947405 1556.0 
 0.947411 1928.0 
 0.947417 2168.0 
 0.947423 1976.0 
 0.947428 1824.0 
 0.947434 2048.0 
 0.947440 1754.0 
 0.947445 2376.0 
 0.947451 1832.0 
 0.947457 1904.0 
 0.947462 2236.0 
 0.947468 2168.0 
 0.947474 2160.0 
 0.947480 1912.0 
 0.947485 2024.0 
 0.947491 2196.0 
 0.947497 2140.0 
 0.947502 2216.0 
 0.947508 1488.0 
 0.947514 1836.0 
 0.947519 2088.0 
 0.947525 1988.0 
 0.947531 2040.0 
 0.947537 2000.0 
 0.947542 2446.0 
 0.947548 2012.0 
 0.947554 2060.0 
 0.947559 2360.0 
 0.947565 2084.0 
 0.947571 2068.0 
 0.947576 2352.0 
 0.947582 2064.0 
 0.947588 2232.0 
 0.947594 2160.0 
 0.947599 2368.0 
 0.947605 1868.0 
 0.947611 2228.0 
 0.947616 1984.0 
 0.947622 2084.0 
 0.947628 2044.0 
 0.947633 2268.0 
 0.947639 1864.0 
 0.947645 1936.0 
 0.947651 2200.0 
 0.947656 2060.0 
 0.947662 2144.0 
 0.947668 2308.0 
 0.947673 2504.0 
 0.947679 2164.0 
 0.947685 2288.0 
 0.947690 2072.0 
 0.947696 1960.0 
