 0.948130 1212.0 
 0.948135 1186.0 
 0.948141 1430.0 
 0.948147 1478.0 
 0.948153 1296.0 
 0.948159 1356.0 
 0.948165 1432.0 
 0.948171 1408.0 
 0.948177 1660.0 
 0.948183 1684.0 
 0.948189 1532.0 
 0.948194 1576.0 
 0.948200 1552.0 
 0.948206 1396.0 
 0.948212 1458.0 
 0.948218 1308.0 
 0.948224 1328.0 
 0.948230 1596.0 
 0.948236 1480.0 
 0.948242 1396.0 
 0.948247 1300.0 
 0.948253 1388.0 
 0.948259 1280.0 
 0.948265 1214.0 
 0.948271 1348.0 
 0.948277 1540.0 
 0.948283 1632.0 
 0.948289 1372.0 
 0.948295 1552.0 
 0.948301 1640.0 
 0.948306 1560.0 
 0.948312 1632.0 
 0.948318 1584.0 
 0.948324 1504.0 
 0.948330 1532.0 
 0.948336 1460.0 
 0.948342 1776.0 
 0.948348 1464.0 
 0.948354 1576.0 
 0.948359 1432.0 
 0.948365 1376.0 
 0.948371 1452.0 
 0.948377 1708.0 
 0.948383 1224.0 
 0.948389 1756.0 
 0.948395 1484.0 
 0.948401 1520.0 
 0.948407 1624.0 
 0.948413 1876.0 
 0.948418 1548.0 
 0.948424 1592.0 
 0.948430 1560.0 
 0.948436 1684.0 
 0.948442 1790.0 
 0.948448 1596.0 
 0.948454 1960.0 
 0.948460 1620.0 
 0.948466 1716.0 
 0.948472 1664.0 
 0.948477 1688.0 
 0.948483 1756.0 
 0.948489 1680.0 
 0.948495 1804.0 
 0.948501 1708.0 
 0.948507 2028.0 
 0.948513 2084.0 
 0.948519 2092.0 
 0.948525 2100.0 
 0.948530 2080.0 
 0.948536 1964.0 
 0.948542 1932.0 
 0.948548 1696.0 
 0.948554 1804.0 
 0.948560 1872.0 
 0.948566 1920.0 
 0.948572 1644.0 
 0.948578 1640.0 
 0.948584 1732.0 
 0.948589 1724.0 
 0.948595 1708.0 
 0.948601 1592.0 
 0.948607 2044.0 
 0.948613 1928.0 
 0.948619 2132.0 
 0.948625 1704.0 
 0.948631 1948.0 
 0.948637 2108.0 
 0.948642 1700.0 
 0.948648 1892.0 
 0.948654 2028.0 
 0.948660 1848.0 
 0.948666 1968.0 
 0.948672 2024.0 
 0.948678 1820.0 
 0.948684 1872.0 
 0.948690 1904.0 
 0.948696 1860.0 
 0.948701 1708.0 
 0.948707 1704.0 
 0.948713 1564.0 
 0.948719 1496.0 
 0.948725 1112.0 
 0.948731 1340.0 
 0.948737 908.0 
 0.948743 1216.0 
 0.948749 1228.0 
 0.948754 1312.0 
 0.948760 1492.0 
 0.948766 1404.0 
 0.948772 1704.0 
 0.948778 1724.0 
 0.948784 1456.0 
 0.948790 1604.0 
 0.948796 1584.0 
 0.948802 1784.0 
 0.948808 1612.0 
 0.948813 1832.0 
 0.948819 1876.0 
 0.948825 1736.0 
 0.948831 1740.0 
 0.948837 1688.0 
 0.948843 1424.0 
 0.948849 1584.0 
 0.948855 1802.0 
 0.948861 1664.0 
 0.948866 1824.0 
 0.948872 2016.0 
 0.948878 1972.0 
 0.948884 2160.0 
 0.948890 2100.0 
 0.948896 2084.0 
 0.948902 2128.0 
 0.948908 1984.0 
 0.948914 1964.0 
 0.948920 1940.0 
 0.948925 2052.0 
 0.948931 2088.0 
 0.948937 2148.0 
 0.948943 2188.0 
 0.948949 2036.0 
 0.948955 2016.0 
 0.948961 2108.0 
 0.948967 2192.0 
 0.948973 1872.0 
 0.948979 2276.0 
 0.948984 1908.0 
 0.948990 2128.0 
 0.948996 1816.0 
 0.949002 1740.0 
 0.949008 1908.0 
 0.949014 1712.0 
 0.949020 1968.0 
 0.949026 1700.0 
 0.949032 2112.0 
 0.949037 1932.0 
 0.949043 1984.0 
 0.949049 1988.0 
 0.949055 2104.0 
 0.949061 1900.0 
 0.949067 1888.0 
 0.949073 1910.0 
 0.949079 1772.0 
 0.949085 1628.0 
 0.949091 1988.0 
 0.949096 1744.0 
 0.949102 1724.0 
 0.949108 1792.0 
 0.949114 1640.0 
 0.949120 1440.0 
 0.949126 1428.0 
 0.949132 1348.0 
 0.949138 1408.0 
 0.949144 1352.0 
 0.949149 1448.0 
 0.949155 1284.0 
 0.949161 1544.0 
 0.949167 1816.0 
 0.949173 1644.0 
 0.949179 1956.0 
 0.949185 1960.0 
 0.949191 1888.0 
 0.949197 2236.0 
 0.949203 2168.0 
 0.949208 2164.0 
 0.949214 2204.0 
 0.949220 2120.0 
 0.949226 2184.0 
 0.949232 2256.0 
 0.949238 2052.0 
 0.949244 2120.0 
 0.949250 2108.0 
 0.949256 1980.0 
 0.949261 2158.0 
 0.949267 2148.0 
 0.949273 2408.0 
 0.949279 2140.0 
 0.949285 2064.0 
 0.949291 1880.0 
 0.949297 2120.0 
 0.949303 2112.0 
 0.949309 2276.0 
 0.949315 2388.0 
 0.949320 2084.0 
 0.949326 2456.0 
 0.949332 2256.0 
 0.949338 2184.0 
 0.949344 2208.0 
 0.949350 2254.0 
 0.949356 2400.0 
 0.949362 2352.0 
 0.949368 2512.0 
 0.949373 2500.0 
 0.949379 2204.0 
 0.949385 2484.0 
 0.949391 2396.0 
 0.949397 2240.0 
 0.949403 2596.0 
 0.949409 2520.0 
 0.949415 2400.0 
 0.949421 2436.0 
 0.949427 2388.0 
 0.949432 2236.0 
 0.949438 2236.0 
 0.949444 2188.0 
 0.949450 2358.0 
 0.949456 2544.0 
 0.949462 2164.0 
 0.949468 2290.0 
 0.949474 2260.0 
 0.949480 2420.0 
 0.949486 2224.0 
 0.949491 2148.0 
 0.949497 2464.0 
 0.949503 2156.0 
 0.949509 2308.0 
 0.949515 2348.0 
 0.949521 2236.0 
 0.949527 2448.0 
 0.949533 2508.0 
 0.949539 2352.0 
 0.949544 2532.0 
 0.949550 2560.0 
 0.949556 2508.0 
 0.949562 2492.0 
 0.949568 2516.0 
 0.949574 2504.0 
 0.949580 2464.0 
 0.949586 2256.0 
 0.949592 2256.0 
 0.949598 2616.0 
 0.949603 2288.0 
 0.949609 2188.0 
 0.949615 2356.0 
 0.949621 2488.0 
 0.949627 2708.0 
 0.949633 2392.0 
 0.949639 2280.0 
 0.949645 2484.0 
 0.949651 2468.0 
 0.949656 2352.0 
 0.949662 2336.0 
 0.949668 1888.0 
 0.949674 2236.0 
 0.949680 1964.0 
 0.949686 2000.0 
 0.949692 2184.0 
 0.949698 2144.0 
 0.949704 1788.0 
 0.949710 1960.0 
 0.949715 2116.0 
 0.949721 2056.0 
 0.949727 2520.0 
 0.949733 2572.0 
 0.949739 2512.0 
 0.949745 2388.0 
 0.949751 2776.0 
 0.949757 2412.0 
 0.949763 2684.0 
 0.949768 2536.0 
 0.949774 2420.0 
 0.949780 2660.0 
 0.949786 2596.0 
 0.949792 2608.0 
 0.949798 2392.0 
 0.949804 2116.0 
 0.949810 2052.0 
 0.949816 1980.0 
 0.949822 2180.0 
 0.949827 2056.0 
 0.949833 2212.0 
 0.949839 2124.0 
 0.949845 2372.0 
 0.949851 2452.0 
 0.949857 2458.0 
 0.949863 2624.0 
 0.949869 2476.0 
 0.949875 2664.0 
 0.949881 2616.0 
 0.949886 2860.0 
 0.949892 2444.0 
 0.949898 2352.0 
 0.949904 2524.0 
 0.949910 2504.0 
 0.949916 2520.0 
 0.949922 2248.0 
 0.949928 1744.0 
 0.949934 1480.0 
 0.949939 1740.0 
 0.949945 1700.0 
 0.949951 1680.0 
 0.949957 1936.0 
 0.949963 2124.0 
 0.949969 2316.0 
 0.949975 2444.0 
 0.949981 2288.0 
 0.949987 2508.0 
 0.949993 2764.0 
 0.949998 2528.0 
 0.950004 2420.0 
 0.950010 2664.0 
 0.950016 2700.0 
 0.950022 2340.0 
 0.950028 2564.0 
 0.950034 2492.0 
 0.950040 2436.0 
 0.950046 2432.0 
 0.950051 2420.0 
 0.950057 2504.0 
 0.950063 2376.0 
 0.950069 2208.0 
 0.950075 2044.0 
 0.950081 1824.0 
 0.950087 2200.0 
 0.950093 1740.0 
 0.950099 1760.0 
 0.950105 1614.0 
 0.950110 1368.0 
 0.950116 1388.0 
 0.950122 1328.0 
 0.950128 1416.0 
 0.950134 2028.0 
 0.950140 1952.0 
 0.950146 2300.0 
 0.950152 2404.0 
 0.950158 2440.0 
 0.950163 2236.0 
 0.950169 2348.0 
 0.950175 2696.0 
 0.950181 2632.0 
 0.950187 2420.0 
 0.950193 2564.0 
 0.950199 2528.0 
 0.950205 2696.0 
 0.950211 2692.0 
 0.950217 2720.0 
 0.950222 2796.0 
 0.950228 2740.0 
 0.950234 2532.0 
 0.950240 2620.0 
 0.950246 2580.0 
 0.950252 2732.0 
 0.950258 2868.0 
 0.950264 2744.0 
 0.950270 2552.0 
 0.950275 2408.0 
 0.950281 2492.0 
 0.950287 2456.0 
 0.950293 2060.0 
 0.950299 2612.0 
 0.950305 2624.0 
 0.950311 2504.0 
 0.950317 2436.0 
 0.950323 2296.0 
 0.950329 2416.0 
 0.950334 2264.0 
 0.950340 2088.0 
 0.950346 2348.0 
 0.950352 1968.0 
 0.950358 2092.0 
 0.950364 2416.0 
 0.950370 2460.0 
 0.950376 2612.0 
 0.950382 2584.0 
 0.950388 2628.0 
 0.950393 2732.0 
 0.950399 2504.0 
 0.950405 2668.0 
 0.950411 2656.0 
 0.950417 2638.0 
 0.950423 2872.0 
 0.950429 2438.0 
 0.950435 2936.0 
 0.950441 2458.0 
 0.950446 2442.0 
 0.950452 2392.0 
 0.950458 2792.0 
 0.950464 2376.0 
 0.950470 2500.0 
 0.950476 2556.0 
 0.950482 2644.0 
 0.950488 2820.0 
 0.950494 2696.0 
 0.950500 2720.0 
 0.950505 2688.0 
 0.950511 2708.0 
 0.950517 2744.0 
 0.950523 2808.0 
 0.950529 2660.0 
 0.950535 2472.0 
 0.950541 2672.0 
 0.950547 2328.0 
 0.950553 2684.0 
 0.950558 2720.0 
 0.950564 2664.0 
 0.950570 2760.0 
 0.950576 2556.0 
 0.950582 2368.0 
 0.950588 2320.0 
 0.950594 1984.0 
 0.950600 2172.0 
 0.950606 2224.0 
 0.950612 2420.0 
 0.950617 2684.0 
 0.950623 2628.0 
 0.950629 2704.0 
 0.950635 2544.0 
 0.950641 2840.0 
 0.950647 2696.0 
 0.950653 2976.0 
 0.950659 2788.0 
 0.950665 2764.0 
 0.950670 2604.0 
 0.950676 2564.0 
 0.950682 2748.0 
 0.950688 2724.0 
 0.950694 2604.0 
 0.950700 2744.0 
 0.950706 2872.0 
 0.950712 2608.0 
 0.950718 2780.0 
 0.950724 2920.0 
 0.950729 2928.0 
 0.950735 2936.0 
 0.950741 2640.0 
 0.950747 2688.0 
 0.950753 2716.0 
 0.950759 2904.0 
 0.950765 2776.0 
 0.950771 2764.0 
 0.950777 2672.0 
 0.950782 3076.0 
 0.950788 2844.0 
 0.950794 3272.0 
 0.950800 2936.0 
 0.950806 2916.0 
 0.950812 3160.0 
 0.950818 2828.0 
 0.950824 3080.0 
 0.950830 2892.0 
 0.950836 2980.0 
 0.950841 2648.0 
 0.950847 2716.0 
 0.950853 2772.0 
 0.950859 2668.0 
 0.950865 2972.0 
 0.950871 3100.0 
 0.950877 2936.0 
 0.950883 2656.0 
 0.950889 2752.0 
 0.950895 2992.0 
 0.950900 2912.0 
 0.950906 2988.0 
 0.950912 2868.0 
 0.950918 2812.0 
 0.950924 2896.0 
 0.950930 2652.0 
 0.950936 2712.0 
 0.950942 2732.0 
 0.950948 2592.0 
 0.950953 2840.0 
 0.950959 2812.0 
 0.950965 3048.0 
 0.950971 3064.0 
 0.950977 3016.0 
 0.950983 3268.0 
 0.950989 2960.0 
 0.950995 2920.0 
 0.951001 2888.0 
 0.951007 3020.0 
 0.951012 2992.0 
 0.951018 2824.0 
 0.951024 2712.0 
 0.951030 3000.0 
 0.951036 2884.0 
 0.951042 2948.0 
 0.951048 2812.0 
 0.951054 2732.0 
 0.951060 2628.0 
 0.951065 2980.0 
 0.951071 2824.0 
 0.951077 2608.0 
 0.951083 2952.0 
 0.951089 2724.0 
 0.951095 3140.0 
 0.951101 2824.0 
 0.951107 3092.0 
 0.951113 3020.0 
 0.951119 3060.0 
 0.951124 3088.0 
 0.951130 3224.0 
 0.951136 2944.0 
 0.951142 2876.0 
 0.951148 2910.0 
 0.951154 2844.0 
 0.951160 3092.0 
 0.951166 2992.0 
 0.951172 2952.0 
 0.951177 2888.0 
 0.951183 3160.0 
 0.951189 2700.0 
 0.951195 2596.0 
 0.951201 2860.0 
 0.951207 2840.0 
 0.951213 2944.0 
 0.951219 2964.0 
 0.951225 2632.0 
 0.951231 3000.0 
 0.951236 2824.0 
 0.951242 2904.0 
 0.951248 2924.0 
 0.951254 3040.0 
 0.951260 2872.0 
 0.951266 3184.0 
 0.951272 2852.0 
 0.951278 3000.0 
 0.951284 2968.0 
 0.951289 2932.0 
 0.951295 3108.0 
 0.951301 2820.0 
 0.951307 2924.0 
 0.951313 3172.0 
 0.951319 2788.0 
 0.951325 3104.0 
 0.951331 3020.0 
 0.951337 2976.0 
 0.951343 3112.0 
 0.951348 2740.0 
 0.951354 3072.0 
 0.951360 2944.0 
 0.951366 2932.0 
 0.951372 2396.0 
 0.951378 2948.0 
 0.951384 3136.0 
 0.951390 2920.0 
 0.951396 3332.0 
 0.951402 2912.0 
 0.951407 2568.0 
 0.951413 2952.0 
 0.951419 2792.0 
 0.951425 2656.0 
 0.951431 2764.0 
 0.951437 2540.0 
 0.951443 2796.0 
 0.951449 2540.0 
 0.951455 2672.0 
 0.951460 2552.0 
 0.951466 2672.0 
 0.951472 2548.0 
 0.951478 2236.0 
 0.951484 2140.0 
 0.951490 1960.0 
 0.951496 1976.0 
 0.951502 1972.0 
 0.951508 2120.0 
 0.951514 2016.0 
 0.951519 2248.0 
 0.951525 2072.0 
 0.951531 2312.0 
 0.951537 2420.0 
 0.951543 2412.0 
 0.951549 2772.0 
 0.951555 2684.0 
 0.951561 3032.0 
 0.951567 2752.0 
 0.951572 2864.0 
 0.951578 2784.0 
 0.951584 2496.0 
 0.951590 2532.0 
 0.951596 2744.0 
 0.951602 2636.0 
 0.951608 2332.0 
 0.951614 1936.0 
 0.951620 1848.0 
 0.951626 1632.0 
 0.951631 1876.0 
 0.951637 1864.0 
 0.951643 2124.0 
 0.951649 2216.0 
 0.951655 2184.0 
 0.951661 2572.0 
 0.951667 2672.0 
 0.951673 2552.0 
 0.951679 2640.0 
 0.951684 2564.0 
 0.951690 2400.0 
 0.951696 2212.0 
 0.951702 2304.0 
 0.951708 2692.0 
 0.951714 2708.0 
 0.951720 2592.0 
 0.951726 3016.0 
 0.951732 2808.0 
 0.951738 2760.0 
 0.951743 2980.0 
 0.951749 3272.0 
 0.951755 3072.0 
 0.951761 2924.0 
 0.951767 2972.0 
 0.951773 2780.0 
 0.951779 3100.0 
 0.951785 3184.0 
 0.951791 2696.0 
 0.951796 2976.0 
 0.951802 3156.0 
 0.951808 3132.0 
 0.951814 2920.0 
 0.951820 3040.0 
 0.951826 2856.0 
 0.951832 3072.0 
 0.951838 2848.0 
 0.951844 2540.0 
 0.951850 3024.0 
 0.951855 2636.0 
 0.951861 2596.0 
 0.951867 2956.0 
 0.951873 2656.0 
 0.951879 2720.0 
 0.951885 3048.0 
 0.951891 3200.0 
 0.951897 3096.0 
 0.951903 2740.0 
 0.951909 2956.0 
 0.951914 2648.0 
 0.951920 2812.0 
 0.951926 2940.0 
 0.951932 2768.0 
 0.951938 2756.0 
 0.951944 2664.0 
 0.951950 2992.0 
 0.951956 3068.0 
 0.951962 2796.0 
 0.951967 2980.0 
 0.951973 2664.0 
 0.951979 2512.0 
 0.951985 2768.0 
 0.951991 2928.0 
 0.951997 2868.0 
 0.952003 3196.0 
 0.952009 3268.0 
 0.952015 2724.0 
 0.952021 2732.0 
 0.952026 2984.0 
 0.952032 2748.0 
 0.952038 3092.0 
 0.952044 2872.0 
 0.952050 2956.0 
 0.952056 2656.0 
 0.952062 3016.0 
 0.952068 2764.0 
 0.952074 3104.0 
 0.952079 3028.0 
 0.952085 3032.0 
 0.952091 2936.0 
 0.952097 3120.0 
 0.952103 3064.0 
 0.952109 3004.0 
 0.952115 3048.0 
 0.952121 2752.0 
 0.952127 2572.0 
 0.952133 2724.0 
 0.952138 2616.0 
 0.952144 3220.0 
 0.952150 2968.0 
 0.952156 2952.0 
 0.952162 2740.0 
 0.952168 2968.0 
 0.952174 3056.0 
 0.952180 2996.0 
 0.952186 2948.0 
 0.952191 2804.0 
 0.952197 3268.0 
 0.952203 2876.0 
 0.952209 3124.0 
 0.952215 2860.0 
 0.952221 2928.0 
 0.952227 3060.0 
 0.952233 3092.0 
 0.952239 2848.0 
 0.952245 2780.0 
 0.952250 2784.0 
 0.952256 2724.0 
 0.952262 2524.0 
 0.952268 2628.0 
 0.952274 2624.0 
 0.952280 2980.0 
 0.952286 2856.0 
 0.952292 2984.0 
 0.952298 2944.0 
 0.952304 3080.0 
 0.952309 3024.0 
 0.952315 3264.0 
 0.952321 2776.0 
 0.952327 3024.0 
 0.952333 2952.0 
 0.952339 2860.0 
 0.952345 3236.0 
 0.952351 2936.0 
 0.952357 2892.0 
 0.952362 3144.0 
 0.952368 2976.0 
 0.952374 2692.0 
 0.952380 2804.0 
 0.952386 2892.0 
 0.952392 2592.0 
 0.952398 2348.0 
 0.952404 2428.0 
 0.952410 2392.0 
 0.952416 2400.0 
 0.952421 2228.0 
 0.952427 2416.0 
 0.952433 2720.0 
 0.952439 2424.0 
 0.952445 2476.0 
 0.952451 2416.0 
 0.952457 2104.0 
 0.952463 2144.0 
 0.952469 1856.0 
 0.952474 2008.0 
 0.952480 2112.0 
 0.952486 2396.0 
 0.952492 2556.0 
 0.952498 2316.0 
 0.952504 2460.0 
 0.952510 2636.0 
 0.952516 2576.0 
 0.952522 2544.0 
 0.952528 2532.0 
 0.952533 2816.0 
 0.952539 2764.0 
 0.952545 2748.0 
 0.952551 2628.0 
 0.952557 2620.0 
 0.952563 2648.0 
 0.952569 2516.0 
 0.952575 2436.0 
 0.952581 2428.0 
 0.952586 2360.0 
 0.952592 2300.0 
 0.952598 2340.0 
 0.952604 2376.0 
 0.952610 2632.0 
 0.952616 2936.0 
 0.952622 2796.0 
 0.952628 2784.0 
 0.952634 2808.0 
 0.952640 2576.0 
 0.952645 2940.0 
 0.952651 2824.0 
 0.952657 2972.0 
 0.952663 2676.0 
 0.952669 2768.0 
 0.952675 2444.0 
 0.952681 2744.0 
 0.952687 2148.0 
 0.952693 2408.0 
 0.952698 2200.0 
 0.952704 2132.0 
 0.952710 2332.0 
 0.952716 2404.0 
 0.952722 2508.0 
 0.952728 2616.0 
 0.952734 2860.0 
 0.952740 2700.0 
 0.952746 2608.0 
 0.952752 2600.0 
 0.952757 2572.0 
 0.952763 2148.0 
 0.952769 2284.0 
 0.952775 2244.0 
 0.952781 2528.0 
 0.952787 2348.0 
 0.952793 2736.0 
 0.952799 2316.0 
 0.952805 2224.0 
 0.952811 2240.0 
 0.952816 2152.0 
 0.952822 1784.0 
 0.952828 1896.0 
 0.952834 2132.0 
 0.952840 1892.0 
 0.952846 2100.0 
 0.952852 2192.0 
 0.952858 2360.0 
 0.952864 2632.0 
 0.952869 2892.0 
 0.952875 2792.0 
 0.952881 2700.0 
 0.952887 2792.0 
 0.952893 2876.0 
 0.952899 2760.0 
 0.952905 3200.0 
 0.952911 2636.0 
 0.952917 2940.0 
 0.952923 2816.0 
 0.952928 2748.0 
 0.952934 2772.0 
 0.952940 2772.0 
 0.952946 2724.0 
 0.952952 2716.0 
 0.952958 2852.0 
 0.952964 3036.0 
 0.952970 2676.0 
 0.952976 2796.0 
 0.952981 3152.0 
 0.952987 2932.0 
 0.952993 2660.0 
 0.952999 2352.0 
 0.953005 2496.0 
 0.953011 2580.0 
 0.953017 2452.0 
 0.953023 2656.0 
 0.953029 2428.0 
 0.953035 2544.0 
 0.953040 2876.0 
 0.953046 2656.0 
 0.953052 2524.0 
 0.953058 2604.0 
 0.953064 2288.0 
 0.953070 2328.0 
 0.953076 2596.0 
 0.953082 2592.0 
 0.953088 2772.0 
 0.953093 2536.0 
 0.953099 3016.0 
 0.953105 2696.0 
 0.953111 2676.0 
 0.953117 3024.0 
 0.953123 2820.0 
 0.953129 2896.0 
 0.953135 2492.0 
 0.953141 2948.0 
 0.953147 2668.0 
 0.953152 2920.0 
 0.953158 3172.0 
 0.953164 2916.0 
 0.953170 2824.0 
 0.953176 2804.0 
 0.953182 2752.0 
 0.953188 2804.0 
 0.953194 2888.0 
 0.953200 2932.0 
 0.953205 3208.0 
 0.953211 2996.0 
 0.953217 2992.0 
 0.953223 2928.0 
 0.953229 2896.0 
 0.953235 2728.0 
 0.953241 2724.0 
 0.953247 3084.0 
 0.953253 2856.0 
 0.953259 2932.0 
 0.953264 2760.0 
 0.953270 2712.0 
 0.953276 2852.0 
 0.953282 3136.0 
 0.953288 3112.0 
 0.953294 2872.0 
 0.953300 3200.0 
 0.953306 2856.0 
 0.953312 2968.0 
 0.953318 3280.0 
 0.953323 3172.0 
 0.953329 2936.0 
 0.953335 2996.0 
 0.953341 2644.0 
 0.953347 2928.0 
 0.953353 2784.0 
 0.953359 2752.0 
 0.953365 2364.0 
 0.953371 2424.0 
 0.953376 2524.0 
 0.953382 2684.0 
 0.953388 2792.0 
 0.953394 2552.0 
 0.953400 2624.0 
 0.953406 2560.0 
 0.953412 2480.0 
 0.953418 2384.0 
 0.953424 2672.0 
 0.953430 2764.0 
 0.953435 2904.0 
 0.953441 2608.0 
 0.953447 2796.0 
 0.953453 2912.0 
 0.953459 3024.0 
 0.953465 2976.0 
 0.953471 2664.0 
 0.953477 2828.0 
 0.953483 2640.0 
 0.953488 2596.0 
 0.953494 2592.0 
 0.953500 2324.0 
 0.953506 2368.0 
 0.953512 2088.0 
 0.953518 2380.0 
 0.953524 2524.0 
 0.953530 2416.0 
 0.953536 2776.0 
 0.953542 2632.0 
 0.953547 3064.0 
 0.953553 2688.0 
 0.953559 2812.0 
 0.953565 2720.0 
 0.953571 2916.0 
 0.953577 2592.0 
 0.953583 3148.0 
 0.953589 2724.0 
 0.953595 2700.0 
 0.953600 2820.0 
 0.953606 2704.0 
 0.953612 3120.0 
 0.953618 2776.0 
 0.953624 2764.0 
 0.953630 2636.0 
 0.953636 2816.0 
 0.953642 2836.0 
 0.953648 2772.0 
 0.953654 2568.0 
 0.953659 2724.0 
 0.953665 2948.0 
 0.953671 2880.0 
 0.953677 3044.0 
 0.953683 2808.0 
 0.953689 2544.0 
 0.953695 2812.0 
 0.953701 2796.0 
 0.953707 3108.0 
 0.953712 2728.0 
 0.953718 2760.0 
 0.953724 2624.0 
 0.953730 2592.0 
 0.953736 2540.0 
 0.953742 2760.0 
 0.953748 2716.0 
 0.953754 2976.0 
 0.953760 2536.0 
 0.953766 2692.0 
 0.953771 2500.0 
 0.953777 2936.0 
 0.953783 2524.0 
 0.953789 2636.0 
 0.953795 2744.0 
 0.953801 2488.0 
 0.953807 2876.0 
 0.953813 2528.0 
 0.953819 2684.0 
 0.953825 2688.0 
 0.953830 2416.0 
 0.953836 2592.0 
 0.953842 2636.0 
 0.953848 2540.0 
 0.953854 2240.0 
 0.953860 2756.0 
 0.953866 2640.0 
 0.953872 2928.0 
 0.953878 2772.0 
 0.953883 2952.0 
 0.953889 2724.0 
 0.953895 2880.0 
 0.953901 2712.0 
 0.953907 2844.0 
 0.953913 2688.0 
 0.953919 2956.0 
 0.953925 2908.0 
 0.953931 2800.0 
 0.953937 2784.0 
 0.953942 2804.0 
 0.953948 3072.0 
 0.953954 2516.0 
 0.953960 2888.0 
 0.953966 2816.0 
 0.953972 2692.0 
 0.953978 2908.0 
 0.953984 3128.0 
 0.953990 2808.0 
 0.953995 2916.0 
 0.954001 2632.0 
 0.954007 2592.0 
 0.954013 2828.0 
 0.954019 2644.0 
 0.954025 2568.0 
 0.954031 2644.0 
 0.954037 2548.0 
 0.954043 2684.0 
 0.954049 2812.0 
 0.954054 2984.0 
 0.954060 2884.0 
 0.954066 2756.0 
 0.954072 2560.0 
 0.954078 2804.0 
 0.954084 2952.0 
 0.954090 2840.0 
 0.954096 2580.0 
 0.954102 2636.0 
 0.954107 2272.0 
 0.954113 2516.0 
 0.954119 2272.0 
 0.954125 2252.0 
 0.954131 2332.0 
 0.954137 2636.0 
 0.954143 2648.0 
 0.954149 2472.0 
 0.954155 2312.0 
 0.954161 2408.0 
 0.954166 2416.0 
 0.954172 1956.0 
 0.954178 1712.0 
 0.954184 1748.0 
 0.954190 1968.0 
 0.954196 2052.0 
 0.954202 2232.0 
 0.954208 2340.0 
 0.954214 2300.0 
 0.954219 2460.0 
 0.954225 2616.0 
 0.954231 2728.0 
 0.954237 2876.0 
 0.954243 2880.0 
 0.954249 2752.0 
 0.954255 2628.0 
 0.954261 2984.0 
 0.954267 2636.0 
 0.954273 2800.0 
 0.954278 2492.0 
 0.954284 2320.0 
 0.954290 2452.0 
 0.954296 2420.0 
 0.954302 2406.0 
 0.954308 2508.0 
 0.954314 2632.0 
 0.954320 2844.0 
 0.954326 2928.0 
 0.954332 2664.0 
 0.954337 2396.0 
 0.954343 2896.0 
 0.954349 2604.0 
 0.954355 2824.0 
 0.954361 2844.0 
 0.954367 2660.0 
 0.954373 2864.0 
 0.954379 2656.0 
 0.954385 2572.0 
 0.954390 2548.0 
 0.954396 2728.0 
 0.954402 3132.0 
 0.954408 2420.0 
 0.954414 2896.0 
 0.954420 2652.0 
 0.954426 2904.0 
 0.954432 2708.0 
 0.954438 2688.0 
 0.954444 2976.0 
 0.954449 2796.0 
 0.954455 2660.0 
 0.954461 2780.0 
 0.954467 2616.0 
 0.954473 2636.0 
 0.954479 2520.0 
 0.954485 2556.0 
 0.954491 2584.0 
 0.954497 2648.0 
 0.954502 2460.0 
 0.954508 2748.0 
 0.954514 2692.0 
 0.954520 2348.0 
 0.954526 2432.0 
 0.954532 2416.0 
 0.954538 2456.0 
 0.954544 2260.0 
 0.954550 2540.0 
 0.954556 2608.0 
 0.954561 2636.0 
 0.954567 2852.0 
 0.954573 2720.0 
 0.954579 3020.0 
 0.954585 2936.0 
 0.954591 2820.0 
 0.954597 2536.0 
 0.954603 2684.0 
 0.954609 2640.0 
 0.954614 3024.0 
 0.954620 2564.0 
 0.954626 2564.0 
 0.954632 2612.0 
 0.954638 2596.0 
 0.954644 2412.0 
 0.954650 2724.0 
 0.954656 2588.0 
 0.954662 2604.0 
 0.954668 2868.0 
 0.954673 2712.0 
 0.954679 2720.0 
 0.954685 2548.0 
 0.954691 2280.0 
 0.954697 2484.0 
 0.954703 2380.0 
 0.954709 2388.0 
 0.954715 2204.0 
 0.954721 2252.0 
 0.954726 2220.0 
 0.954732 2556.0 
 0.954738 2536.0 
 0.954744 2548.0 
 0.954750 2828.0 
 0.954756 2588.0 
 0.954762 2816.0 
 0.954768 2620.0 
 0.954774 2788.0 
 0.954780 2648.0 
 0.954785 2544.0 
 0.954791 2636.0 
 0.954797 2812.0 
 0.954803 2804.0 
 0.954809 2944.0 
 0.954815 2988.0 
 0.954821 2884.0 
 0.954827 2716.0 
 0.954833 2532.0 
 0.954839 2508.0 
 0.954844 2660.0 
 0.954850 2600.0 
 0.954856 2576.0 
 0.954862 2708.0 
 0.954868 2804.0 
 0.954874 2640.0 
 0.954880 2832.0 
 0.954886 2664.0 
 0.954892 2856.0 
 0.954897 2840.0 
 0.954903 2812.0 
 0.954909 2840.0 
 0.954915 2860.0 
 0.954921 2644.0 
 0.954927 3188.0 
 0.954933 2692.0 
 0.954939 2784.0 
 0.954945 2748.0 
 0.954951 3120.0 
 0.954956 2872.0 
 0.954962 2760.0 
 0.954968 2534.0 
 0.954974 2740.0 
 0.954980 2596.0 
 0.954986 2632.0 
 0.954992 2796.0 
 0.954998 2720.0 
 0.955004 2944.0 
 0.955009 2704.0 
 0.955015 2736.0 
 0.955021 2876.0 
 0.955027 2852.0 
 0.955033 2652.0 
 0.955039 2692.0 
 0.955045 2604.0 
 0.955051 2776.0 
 0.955057 2648.0 
 0.955063 2620.0 
 0.955068 2836.0 
 0.955074 2336.0 
 0.955080 2536.0 
 0.955086 2696.0 
 0.955092 2560.0 
 0.955098 2920.0 
 0.955104 2736.0 
 0.955110 2400.0 
 0.955116 2504.0 
 0.955121 2540.0 
 0.955127 2360.0 
 0.955133 2720.0 
 0.955139 2696.0 
 0.955145 2428.0 
 0.955151 2776.0 
 0.955157 2444.0 
 0.955163 2664.0 
 0.955169 2552.0 
 0.955175 2800.0 
 0.955180 2696.0 
 0.955186 2484.0 
 0.955192 2588.0 
 0.955198 2792.0 
 0.955204 2548.0 
 0.955210 2508.0 
 0.955216 2564.0 
 0.955222 2468.0 
 0.955228 2376.0 
 0.955234 2420.0 
 0.955239 2180.0 
 0.955245 2156.0 
 0.955251 2076.0 
 0.955257 2040.0 
 0.955263 2148.0 
 0.955269 2476.0 
 0.955275 2256.0 
 0.955281 2312.0 
 0.955287 2228.0 
 0.955292 2196.0 
 0.955298 2092.0 
 0.955304 2168.0 
 0.955310 2124.0 
 0.955316 2532.0 
 0.955322 2512.0 
 0.955328 2764.0 
 0.955334 2940.0 
 0.955340 2772.0 
 0.955346 2340.0 
 0.955351 2672.0 
 0.955357 2708.0 
 0.955363 2732.0 
 0.955369 2628.0 
 0.955375 2736.0 
 0.955381 2440.0 
 0.955387 2560.0 
 0.955393 2648.0 
 0.955399 2536.0 
 0.955404 2572.0 
 0.955410 2692.0 
 0.955416 2728.0 
 0.955422 2752.0 
 0.955428 2664.0 
 0.955434 2744.0 
 0.955440 2852.0 
 0.955446 2696.0 
 0.955452 2564.0 
 0.955458 2404.0 
 0.955463 2652.0 
 0.955469 2676.0 
 0.955475 2500.0 
 0.955481 2376.0 
 0.955487 2740.0 
 0.955493 2836.0 
 0.955499 2532.0 
 0.955505 2536.0 
 0.955511 2664.0 
 0.955516 2364.0 
 0.955522 2472.0 
 0.955528 2540.0 
 0.955534 2588.0 
 0.955540 2624.0 
 0.955546 2604.0 
 0.955552 2612.0 
 0.955558 2504.0 
 0.955564 2456.0 
 0.955570 2324.0 
 0.955575 2112.0 
 0.955581 2028.0 
 0.955587 1976.0 
 0.955593 1992.0 
 0.955599 1964.0 
 0.955605 2100.0 
 0.955611 2164.0 
 0.955617 2332.0 
 0.955623 2360.0 
 0.955628 2504.0 
 0.955634 2428.0 
 0.955640 2588.0 
 0.955646 2708.0 
 0.955652 2552.0 
 0.955658 2412.0 
 0.955664 2320.0 
 0.955670 2380.0 
 0.955676 2524.0 
 0.955682 2536.0 
 0.955687 2796.0 
 0.955693 2548.0 
 0.955699 2396.0 
 0.955705 2272.0 
 0.955711 2200.0 
 0.955717 1952.0 
 0.955723 2340.0 
 0.955729 2184.0 
 0.955735 2048.0 
 0.955741 1984.0 
 0.955746 2180.0 
 0.955752 2160.0 
 0.955758 2056.0 
 0.955764 2132.0 
 0.955770 2140.0 
 0.955776 2116.0 
 0.955782 2036.0 
 0.955788 2116.0 
 0.955794 1956.0 
 0.955799 1924.0 
 0.955805 1980.0 
 0.955811 2260.0 
 0.955817 2332.0 
 0.955823 2388.0 
 0.955829 2244.0 
 0.955835 2480.0 
 0.955841 2792.0 
 0.955847 2556.0 
 0.955853 2264.0 
 0.955858 2488.0 
 0.955864 2628.0 
 0.955870 2328.0 
 0.955876 2660.0 
 0.955882 2312.0 
 0.955888 2244.0 
 0.955894 2224.0 
 0.955900 2388.0 
 0.955906 2016.0 
 0.955911 1872.0 
 0.955917 1624.0 
 0.955923 1704.0 
 0.955929 1592.0 
 0.955935 1468.0 
 0.955941 1956.0 
 0.955947 1848.0 
 0.955953 2036.0 
 0.955959 2216.0 
 0.955965 2388.0 
 0.955970 2456.0 
 0.955976 2376.0 
 0.955982 2384.0 
 0.955988 2368.0 
 0.955994 2264.0 
 0.956000 2528.0 
 0.956006 2408.0 
 0.956012 2516.0 
 0.956018 2324.0 
 0.956023 2584.0 
 0.956029 2304.0 
 0.956035 2308.0 
 0.956041 2572.0 
 0.956047 2348.0 
 0.956053 2268.0 
 0.956059 2236.0 
 0.956065 2248.0 
 0.956071 2220.0 
 0.956077 1900.0 
 0.956082 1820.0 
 0.956088 1832.0 
 0.956094 1548.0 
 0.956100 1856.0 
 0.956106 1776.0 
 0.956112 2192.0 
 0.956118 2372.0 
 0.956124 2252.0 
 0.956130 2392.0 
 0.956135 2252.0 
 0.956141 2024.0 
 0.956147 2352.0 
 0.956153 2512.0 
 0.956159 2428.0 
 0.956165 2476.0 
 0.956171 2252.0 
 0.956177 2664.0 
 0.956183 2280.0 
 0.956189 2728.0 
 0.956194 2300.0 
 0.956200 2908.0 
 0.956206 2392.0 
 0.956212 2424.0 
 0.956218 2320.0 
 0.956224 2300.0 
 0.956230 2484.0 
 0.956236 2872.0 
 0.956242 2484.0 
 0.956248 2448.0 
 0.956253 2400.0 
 0.956259 2300.0 
 0.956265 2424.0 
 0.956271 2348.0 
 0.956277 2088.0 
 0.956283 2324.0 
 0.956289 2292.0 
 0.956295 2028.0 
 0.956301 2268.0 
 0.956306 2368.0 
 0.956312 2420.0 
 0.956318 2212.0 
 0.956324 2360.0 
 0.956330 2436.0 
 0.956336 2512.0 
 0.956342 2236.0 
 0.956348 2228.0 
 0.956354 2372.0 
 0.956360 2440.0 
 0.956365 2268.0 
 0.956371 2536.0 
 0.956377 2340.0 
 0.956383 2316.0 
 0.956389 2120.0 
 0.956395 2288.0 
 0.956401 2488.0 
 0.956407 2104.0 
 0.956413 2032.0 
 0.956418 2584.0 
 0.956424 2084.0 
 0.956430 2240.0 
 0.956436 2108.0 
 0.956442 2044.0 
 0.956448 1940.0 
 0.956454 2240.0 
 0.956460 2068.0 
 0.956466 2092.0 
 0.956472 1988.0 
 0.956477 1708.0 
 0.956483 1712.0 
 0.956489 1848.0 
 0.956495 1876.0 
 0.956501 1828.0 
 0.956507 1904.0 
 0.956513 1980.0 
 0.956519 2084.0 
 0.956525 2248.0 
 0.956530 2292.0 
 0.956536 2536.0 
 0.956542 2348.0 
 0.956548 2472.0 
 0.956554 2320.0 
 0.956560 2412.0 
 0.956566 2376.0 
 0.956572 2460.0 
 0.956578 2444.0 
 0.956584 2308.0 
 0.956589 2508.0 
 0.956595 2504.0 
 0.956601 2460.0 
 0.956607 2676.0 
 0.956613 2428.0 
 0.956619 2452.0 
 0.956625 2396.0 
 0.956631 2228.0 
 0.956637 2400.0 
 0.956642 2280.0 
 0.956648 2408.0 
 0.956654 2404.0 
 0.956660 2224.0 
 0.956666 2224.0 
 0.956672 2316.0 
 0.956678 2276.0 
 0.956684 2240.0 
 0.956690 2424.0 
 0.956696 2356.0 
 0.956701 2188.0 
 0.956707 2288.0 
 0.956713 2364.0 
 0.956719 2368.0 
 0.956725 2188.0 
 0.956731 2160.0 
 0.956737 2128.0 
 0.956743 2256.0 
 0.956749 2144.0 
 0.956755 2028.0 
 0.956760 2352.0 
 0.956766 2364.0 
 0.956772 2476.0 
 0.956778 2488.0 
 0.956784 2360.0 
 0.956790 1932.0 
 0.956796 2316.0 
 0.956802 2192.0 
 0.956808 2148.0 
 0.956813 2416.0 
 0.956819 2288.0 
 0.956825 2236.0 
 0.956831 2116.0 
 0.956837 2276.0 
 0.956843 2188.0 
 0.956849 2196.0 
 0.956855 2112.0 
 0.956861 2356.0 
 0.956867 2316.0 
 0.956872 2402.0 
 0.956878 2228.0 
 0.956884 2392.0 
 0.956890 2428.0 
 0.956896 2224.0 
 0.956902 2324.0 
 0.956908 2408.0 
 0.956914 2152.0 
 0.956920 2260.0 
 0.956925 2256.0 
 0.956931 2392.0 
 0.956937 2012.0 
 0.956943 2108.0 
 0.956949 2140.0 
 0.956955 1980.0 
 0.956961 2164.0 
 0.956967 2244.0 
 0.956973 1984.0 
 0.956979 2232.0 
 0.956984 2200.0 
 0.956990 1916.0 
 0.956996 2224.0 
 0.957002 1896.0 
 0.957008 2160.0 
 0.957014 2204.0 
 0.957020 2512.0 
 0.957026 2252.0 
 0.957032 2112.0 
 0.957037 2116.0 
 0.957043 2168.0 
 0.957049 2132.0 
 0.957055 2480.0 
 0.957061 2236.0 
 0.957067 2376.0 
 0.957073 2504.0 
 0.957079 2064.0 
 0.957085 2240.0 
 0.957091 2208.0 
 0.957096 2040.0 
 0.957102 2188.0 
 0.957108 2404.0 
 0.957114 2268.0 
 0.957120 2352.0 
 0.957126 2056.0 
 0.957132 2428.0 
 0.957138 2328.0 
 0.957144 2528.0 
 0.957149 2104.0 
 0.957155 2256.0 
 0.957161 2404.0 
 0.957167 2328.0 
 0.957173 2352.0 
 0.957179 2176.0 
 0.957185 2204.0 
 0.957191 2288.0 
 0.957197 2408.0 
 0.957203 1924.0 
 0.957208 2228.0 
 0.957214 2598.0 
 0.957220 2208.0 
 0.957226 2296.0 
 0.957232 2300.0 
 0.957238 2280.0 
 0.957244 2404.0 
 0.957250 2144.0 
 0.957256 2398.0 
 0.957262 2228.0 
 0.957267 2008.0 
 0.957273 2344.0 
 0.957279 2028.0 
 0.957285 2108.0 
 0.957291 2120.0 
 0.957297 2060.0 
 0.957303 2260.0 
 0.957309 2100.0 
 0.957315 2328.0 
 0.957320 2228.0 
 0.957326 1980.0 
 0.957332 2296.0 
 0.957338 2128.0 
 0.957344 2172.0 
 0.957350 2232.0 
 0.957356 2316.0 
 0.957362 2232.0 
 0.957368 2416.0 
 0.957374 1904.0 
 0.957379 2108.0 
 0.957385 2520.0 
 0.957391 2284.0 
 0.957397 2136.0 
 0.957403 2112.0 
 0.957409 2260.0 
 0.957415 2176.0 
 0.957421 2072.0 
 0.957427 2316.0 
 0.957432 1948.0 
 0.957438 2044.0 
 0.957444 2180.0 
 0.957450 2296.0 
 0.957456 2120.0 
 0.957462 2292.0 
 0.957468 2140.0 
 0.957474 2124.0 
 0.957480 2280.0 
 0.957486 2168.0 
 0.957491 2324.0 
 0.957497 2076.0 
 0.957503 2168.0 
 0.957509 2280.0 
 0.957515 2212.0 
 0.957521 2184.0 
 0.957527 1936.0 
 0.957533 2108.0 
 0.957539 2108.0 
 0.957544 2060.0 
 0.957550 1976.0 
 0.957556 2200.0 
 0.957562 2148.0 
 0.957568 1988.0 
 0.957574 1860.0 
 0.957580 1756.0 
 0.957586 1844.0 
 0.957592 1812.0 
 0.957598 1900.0 
 0.957603 1944.0 
 0.957609 2120.0 
 0.957615 2000.0 
 0.957621 1940.0 
 0.957627 2160.0 
 0.957633 2016.0 
 0.957639 1852.0 
 0.957645 2204.0 
 0.957651 1760.0 
 0.957657 1992.0 
 0.957662 2024.0 
 0.957668 2040.0 
 0.957674 1860.0 
 0.957680 1840.0 
 0.957686 1612.0 
 0.957692 1832.0 
 0.957698 1636.0 
 0.957704 1408.0 
 0.957710 1376.0 
 0.957715 1416.0 
 0.957721 1540.0 
 0.957727 1768.0 
 0.957733 1872.0 
 0.957739 1696.0 
 0.957745 1756.0 
 0.957751 1808.0 
 0.957757 1844.0 
 0.957763 1892.0 
 0.957769 1988.0 
 0.957774 2256.0 
 0.957780 2168.0 
 0.957786 2172.0 
 0.957792 2232.0 
 0.957798 2356.0 
 0.957804 2148.0 
 0.957810 2348.0 
 0.957816 2136.0 
 0.957822 2070.0 
 0.957827 2068.0 
 0.957833 2136.0 
 0.957839 2168.0 
 0.957845 2344.0 
 0.957851 1968.0 
 0.957857 2194.0 
 0.957863 2260.0 
 0.957869 2144.0 
 0.957875 2260.0 
 0.957881 2068.0 
 0.957886 2076.0 
 0.957892 2234.0 
 0.957898 2320.0 
 0.957904 2064.0 
 0.957910 2036.0 
 0.957916 2184.0 
 0.957922 2364.0 
 0.957928 2028.0 
 0.957934 2224.0 
 0.957939 2028.0 
 0.957945 2104.0 
 0.957951 2016.0 
 0.957957 2108.0 
 0.957963 2204.0 
 0.957969 2072.0 
 0.957975 2332.0 
 0.957981 2180.0 
 0.957987 2144.0 
 0.957993 2004.0 
 0.957998 2040.0 
 0.958004 1840.0 
 0.958010 1728.0 
 0.958016 1844.0 
 0.958022 1780.0 
 0.958028 1988.0 
 0.958034 1926.0 
 0.958040 1904.0 
 0.958046 1872.0 
 0.958051 1936.0 
 0.958057 1784.0 
 0.958063 1588.0 
 0.958069 1940.0 
 0.958075 1580.0 
 0.958081 1448.0 
 0.958087 1752.0 
 0.958093 1868.0 
 0.958099 1980.0 
 0.958105 1932.0 
 0.958110 2240.0 
 0.958116 1916.0 
 0.958122 1900.0 
 0.958128 2064.0 
 0.958134 2084.0 
 0.958140 1880.0 
 0.958146 1916.0 
 0.958152 2072.0 
 0.958158 2164.0 
 0.958164 2132.0 
 0.958169 2164.0 
 0.958175 1916.0 
 0.958181 2380.0 
 0.958187 2136.0 
 0.958193 2284.0 
 0.958199 2132.0 
 0.958205 2076.0 
 0.958211 2156.0 
 0.958217 2224.0 
 0.958222 2188.0 
 0.958228 2064.0 
 0.958234 2192.0 
 0.958240 2232.0 
 0.958246 2288.0 
 0.958252 2296.0 
 0.958258 2176.0 
 0.958264 2344.0 
 0.958270 1948.0 
 0.958276 2240.0 
 0.958281 2108.0 
 0.958287 2140.0 
 0.958293 2444.0 
 0.958299 2232.0 
 0.958305 2284.0 
 0.958311 1844.0 
 0.958317 2156.0 
 0.958323 2068.0 
 0.958329 2228.0 
 0.958334 2112.0 
 0.958340 2272.0 
 0.958346 1996.0 
 0.958352 2248.0 
 0.958358 1952.0 
 0.958364 1988.0 
 0.958370 2152.0 
 0.958376 2128.0 
 0.958382 2160.0 
 0.958388 1844.0 
 0.958393 1904.0 
 0.958399 2272.0 
 0.958405 1984.0 
 0.958411 2068.0 
 0.958417 2068.0 
 0.958423 2140.0 
 0.958429 2088.0 
 0.958435 2164.0 
 0.958441 2184.0 
 0.958446 1996.0 
 0.958452 2328.0 
 0.958458 2024.0 
 0.958464 2180.0 
 0.958470 2340.0 
 0.958476 1904.0 
 0.958482 2176.0 
 0.958488 2060.0 
 0.958494 2068.0 
 0.958500 2184.0 
 0.958505 2024.0 
 0.958511 2076.0 
 0.958517 2152.0 
 0.958523 2168.0 
 0.958529 1912.0 
 0.958535 2228.0 
 0.958541 2188.0 
 0.958547 2112.0 
 0.958553 2016.0 
 0.958558 1856.0 
 0.958564 1640.0 
 0.958570 1796.0 
 0.958576 1904.0 
 0.958582 1756.0 
 0.958588 1596.0 
 0.958594 1700.0 
 0.958600 1592.0 
 0.958606 1620.0 
 0.958612 1560.0 
 0.958617 1440.0 
 0.958623 1596.0 
 0.958629 1496.0 
 0.958635 1520.0 
 0.958641 1628.0 
 0.958647 1840.0 
 0.958653 1880.0 
 0.958659 2020.0 
 0.958665 2148.0 
 0.958671 2000.0 
 0.958676 1620.0 
 0.958682 1940.0 
 0.958688 2084.0 
 0.958694 1848.0 
 0.958700 1894.0 
 0.958706 1940.0 
 0.958712 1660.0 
 0.958718 1708.0 
 0.958724 1492.0 
 0.958729 1652.0 
 0.958735 1772.0 
 0.958741 1944.0 
 0.958747 1760.0 
 0.958753 1744.0 
 0.958759 1908.0 
 0.958765 1880.0 
 0.958771 2184.0 
 0.958777 2004.0 
 0.958783 1980.0 
 0.958788 2000.0 
 0.958794 2200.0 
 0.958800 2112.0 
 0.958806 1808.0 
 0.958812 2172.0 
 0.958818 2040.0 
 0.958824 1752.0 
 0.958830 2396.0 
 0.958836 2192.0 
 0.958841 1740.0 
 0.958847 1980.0 
 0.958853 1944.0 
 0.958859 1856.0 
 0.958865 2256.0 
 0.958871 1988.0 
 0.958877 2248.0 
 0.958883 2192.0 
 0.958889 1932.0 
 0.958895 1824.0 
 0.958900 1776.0 
 0.958906 2020.0 
 0.958912 1764.0 
 0.958918 1912.0 
 0.958924 2112.0 
 0.958930 1964.0 
 0.958936 1824.0 
 0.958942 1712.0 
 0.958948 1776.0 
 0.958953 1580.0 
 0.958959 1384.0 
 0.958965 1568.0 
 0.958971 1464.0 
 0.958977 1728.0 
 0.958983 1752.0 
 0.958989 1866.0 
 0.958995 1668.0 
 0.959001 2004.0 
 0.959007 2284.0 
 0.959012 1756.0 
 0.959018 1812.0 
 0.959024 2104.0 
 0.959030 2292.0 
 0.959036 2028.0 
 0.959042 1728.0 
 0.959048 1808.0 
 0.959054 2080.0 
 0.959060 1996.0 
 0.959065 1964.0 
 0.959071 2164.0 
 0.959077 1716.0 
 0.959083 1944.0 
 0.959089 1852.0 
 0.959095 1912.0 
 0.959101 1880.0 
 0.959107 1760.0 
 0.959113 2024.0 
 0.959119 2080.0 
 0.959124 2036.0 
 0.959130 2240.0 
 0.959136 1912.0 
 0.959142 1840.0 
 0.959148 1792.0 
 0.959154 2112.0 
 0.959160 2088.0 
 0.959166 2184.0 
 0.959172 2064.0 
 0.959178 2136.0 
 0.959183 1964.0 
 0.959189 1912.0 
 0.959195 2060.0 
 0.959201 2164.0 
 0.959207 2204.0 
 0.959213 2016.0 
 0.959219 2224.0 
 0.959225 2248.0 
 0.959231 2136.0 
 0.959236 1884.0 
 0.959242 1880.0 
 0.959248 1956.0 
 0.959254 1994.0 
 0.959260 2252.0 
 0.959266 1888.0 
 0.959272 1852.0 
 0.959278 1788.0 
 0.959284 2268.0 
 0.959290 1924.0 
 0.959295 2116.0 
 0.959301 1904.0 
 0.959307 2208.0 
 0.959313 1932.0 
 0.959319 1828.0 
 0.959325 1820.0 
 0.959331 1956.0 
 0.959337 2068.0 
 0.959343 1856.0 
 0.959348 1956.0 
 0.959354 1856.0 
 0.959360 1908.0 
 0.959366 1796.0 
 0.959372 1940.0 
 0.959378 1924.0 
 0.959384 2064.0 
 0.959390 1896.0 
 0.959396 2004.0 
 0.959402 1988.0 
 0.959407 2116.0 
 0.959413 1720.0 
 0.959419 2152.0 
 0.959425 1900.0 
 0.959431 1768.0 
 0.959437 2032.0 
 0.959443 1744.0 
 0.959449 1748.0 
 0.959455 1932.0 
 0.959460 1948.0 
 0.959466 2004.0 
 0.959472 1856.0 
 0.959478 2168.0 
 0.959484 1848.0 
 0.959490 1928.0 
 0.959496 1924.0 
 0.959502 1972.0 
 0.959508 1960.0 
 0.959514 2108.0 
 0.959519 2104.0 
 0.959525 1888.0 
 0.959531 2032.0 
 0.959537 1988.0 
 0.959543 1852.0 
 0.959549 2052.0 
 0.959555 1852.0 
 0.959561 2176.0 
 0.959567 1912.0 
 0.959572 2084.0 
 0.959578 1956.0 
 0.959584 1728.0 
 0.959590 2008.0 
 0.959596 2092.0 
 0.959602 1892.0 
 0.959608 1892.0 
 0.959614 1832.0 
 0.959620 1908.0 
 0.959626 1748.0 
 0.959631 1752.0 
 0.959637 1984.0 
 0.959643 1672.0 
 0.959649 1664.0 
 0.959655 1760.0 
 0.959661 1684.0 
 0.959667 1984.0 
 0.959673 1964.0 
 0.959679 1908.0 
 0.959685 1748.0 
 0.959690 1920.0 
 0.959696 2044.0 
 0.959702 1976.0 
 0.959708 1756.0 
 0.959714 1988.0 
 0.959720 2122.0 
 0.959726 1704.0 
 0.959732 1740.0 
 0.959738 2000.0 
 0.959743 2280.0 
 0.959749 1900.0 
 0.959755 2044.0 
 0.959761 2208.0 
 0.959767 2036.0 
 0.959773 1916.0 
 0.959779 1888.0 
 0.959785 1856.0 
 0.959791 1812.0 
 0.959797 1844.0 
 0.959802 1712.0 
 0.959808 1744.0 
 0.959814 1684.0 
 0.959820 1860.0 
 0.959826 1916.0 
 0.959832 1500.0 
 0.959838 2004.0 
 0.959844 1932.0 
 0.959850 1656.0 
 0.959855 2036.0 
 0.959861 1940.0 
 0.959867 1772.0 
 0.959873 2116.0 
 0.959879 1724.0 
 0.959885 1764.0 
 0.959891 1824.0 
 0.959897 1552.0 
 0.959903 1532.0 
 0.959909 1804.0 
 0.959914 1534.0 
 0.959920 1690.0 
 0.959926 1504.0 
 0.959932 1352.0 
 0.959938 1608.0 
 0.959944 1456.0 
 0.959950 1556.0 
 0.959956 1460.0 
 0.959962 1732.0 
 0.959967 1700.0 
 0.959973 1720.0 
 0.959979 1908.0 
 0.959985 1652.0 
 0.959991 1708.0 
 0.959997 1700.0 
 0.960003 2240.0 
 0.960009 1856.0 
 0.960015 1856.0 
 0.960021 1876.0 
 0.960026 1732.0 
 0.960032 1796.0 
 0.960038 1766.0 
 0.960044 1572.0 
 0.960050 1640.0 
 0.960056 1848.0 
 0.960062 1988.0 
 0.960068 2024.0 
 0.960074 1504.0 
 0.960079 2012.0 
 0.960085 1716.0 
 0.960091 1808.0 
 0.960097 1664.0 
 0.960103 1924.0 
 0.960109 1812.0 
 0.960115 1832.0 
 0.960121 1884.0 
 0.960127 1912.0 
 0.960133 1664.0 
 0.960138 1752.0 
 0.960144 1908.0 
 0.960150 1820.0 
 0.960156 2016.0 
 0.960162 1964.0 
 0.960168 2016.0 
 0.960174 1988.0 
 0.960180 1772.0 
 0.960186 1820.0 
 0.960192 2000.0 
 0.960197 1956.0 
 0.960203 1672.0 
 0.960209 1900.0 
 0.960215 1360.0 
 0.960221 1712.0 
 0.960227 1684.0 
 0.960233 1700.0 
 0.960239 1600.0 
 0.960245 1664.0 
 0.960250 1400.0 
 0.960256 2008.0 
 0.960262 2000.0 
 0.960268 1712.0 
 0.960274 1676.0 
 0.960280 1572.0 
 0.960286 1580.0 
 0.960292 1844.0 
 0.960298 1532.0 
 0.960304 1972.0 
 0.960309 1764.0 
 0.960315 1904.0 
 0.960321 1800.0 
 0.960327 1724.0 
 0.960333 1668.0 
 0.960339 1516.0 
 0.960345 1432.0 
 0.960351 1572.0 
 0.960357 1756.0 
 0.960362 1700.0 
 0.960368 1824.0 
 0.960374 1876.0 
 0.960380 1944.0 
 0.960386 1852.0 
 0.960392 1960.0 
 0.960398 1776.0 
 0.960404 1672.0 
 0.960410 1804.0 
 0.960416 1800.0 
 0.960421 1804.0 
 0.960427 1868.0 
 0.960433 1908.0 
 0.960439 1588.0 
 0.960445 1732.0 
 0.960451 1876.0 
 0.960457 1860.0 
 0.960463 1984.0 
 0.960469 1638.0 
 0.960474 1700.0 
 0.960480 1488.0 
 0.960486 1696.0 
 0.960492 1216.0 
 0.960498 1382.0 
 0.960504 1504.0 
 0.960510 1348.0 
 0.960516 1448.0 
 0.960522 1480.0 
 0.960528 1700.0 
 0.960533 1400.0 
 0.960539 1720.0 
 0.960545 1768.0 
 0.960551 1648.0 
 0.960557 1660.0 
 0.960563 1930.0 
 0.960569 1700.0 
 0.960575 1612.0 
 0.960581 2056.0 
 0.960587 1748.0 
 0.960592 1680.0 
 0.960598 1800.0 
 0.960604 1460.0 
 0.960610 1816.0 
 0.960616 1728.0 
 0.960622 1364.0 
 0.960628 1728.0 
 0.960634 1668.0 
 0.960640 1676.0 
 0.960645 1820.0 
 0.960651 1676.0 
 0.960657 1624.0 
 0.960663 1614.0 
 0.960669 1756.0 
 0.960675 1664.0 
 0.960681 1916.0 
 0.960687 1700.0 
 0.960693 1644.0 
 0.960699 1788.0 
 0.960704 1636.0 
 0.960710 1740.0 
 0.960716 1506.0 
 0.960722 1736.0 
 0.960728 1784.0 
 0.960734 1608.0 
 0.960740 1804.0 
 0.960746 1672.0 
 0.960752 1432.0 
 0.960757 1396.0 
 0.960763 1680.0 
 0.960769 1544.0 
 0.960775 1492.0 
 0.960781 1576.0 
 0.960787 1548.0 
 0.960793 1400.0 
 0.960799 1612.0 
 0.960805 1688.0 
 0.960811 1700.0 
 0.960816 1656.0 
 0.960822 1928.0 
 0.960828 1668.0 
 0.960834 1684.0 
 0.960840 1580.0 
 0.960846 1534.0 
 0.960852 1660.0 
 0.960858 1652.0 
 0.960864 1884.0 
 0.960869 1844.0 
 0.960875 1632.0 
 0.960881 1508.0 
 0.960887 1920.0 
 0.960893 1836.0 
 0.960899 1656.0 
 0.960905 1784.0 
 0.960911 1788.0 
 0.960917 1756.0 
 0.960923 1640.0 
 0.960928 1532.0 
 0.960934 1716.0 
 0.960940 1648.0 
 0.960946 1728.0 
 0.960952 1788.0 
 0.960958 1552.0 
 0.960964 1764.0 
 0.960970 1840.0 
 0.960976 2052.0 
 0.960981 1704.0 
 0.960987 1864.0 
 0.960993 1744.0 
 0.960999 1768.0 
 0.961005 1636.0 
 0.961011 1684.0 
 0.961017 1716.0 
 0.961023 1788.0 
 0.961029 1744.0 
 0.961035 1768.0 
 0.961040 1632.0 
 0.961046 1756.0 
 0.961052 1656.0 
 0.961058 1636.0 
 0.961064 1940.0 
 0.961070 1652.0 
 0.961076 1640.0 
 0.961082 1644.0 
 0.961088 1684.0 
 0.961094 1652.0 
 0.961099 1864.0 
 0.961105 1708.0 
 0.961111 1670.0 
 0.961117 1592.0 
 0.961123 1488.0 
 0.961129 1496.0 
 0.961135 1796.0 
 0.961141 2228.0 
 0.961147 1932.0 
 0.961152 1600.0 
 0.961158 1740.0 
 0.961164 1512.0 
 0.961170 1816.0 
 0.961176 1956.0 
 0.961182 1732.0 
 0.961188 1876.0 
 0.961194 1820.0 
 0.961200 1708.0 
 0.961206 1532.0 
 0.961211 1656.0 
 0.961217 1616.0 
 0.961223 1740.0 
 0.961229 1792.0 
 0.961235 1818.0 
 0.961241 1748.0 
 0.961247 1984.0 
 0.961253 1692.0 
 0.961259 1896.0 
 0.961264 1848.0 
 0.961270 1764.0 
 0.961276 1748.0 
 0.961282 1824.0 
 0.961288 1632.0 
 0.961294 1836.0 
 0.961300 1908.0 
 0.961306 1592.0 
 0.961312 1736.0 
 0.961318 1736.0 
 0.961323 1756.0 
 0.961329 1760.0 
 0.961335 1706.0 
 0.961341 1648.0 
 0.961347 1690.0 
 0.961353 1464.0 
 0.961359 1884.0 
 0.961365 1668.0 
 0.961371 1500.0 
 0.961376 1564.0 
 0.961382 1372.0 
 0.961388 1652.0 
 0.961394 1444.0 
 0.961400 1500.0 
 0.961406 1540.0 
 0.961412 1584.0 
 0.961418 1844.0 
 0.961424 1544.0 
 0.961430 1500.0 
 0.961435 1432.0 
 0.961441 1556.0 
 0.961447 1276.0 
 0.961453 1404.0 
 0.961459 1492.0 
 0.961465 1572.0 
 0.961471 1476.0 
 0.961477 1428.0 
 0.961483 1342.0 
 0.961488 1600.0 
 0.961494 1748.0 
 0.961500 1672.0 
 0.961506 1540.0 
 0.961512 1668.0 
 0.961518 1668.0 
 0.961524 1632.0 
 0.961530 1668.0 
 0.961536 1764.0 
 0.961542 1620.0 
 0.961547 1492.0 
 0.961553 1616.0 
 0.961559 1512.0 
 0.961565 1744.0 
 0.961571 1580.0 
 0.961577 1644.0 
 0.961583 1568.0 
 0.961589 1784.0 
 0.961595 1996.0 
 0.961601 1624.0 
 0.961606 1868.0 
 0.961612 1780.0 
 0.961618 1588.0 
 0.961624 1636.0 
 0.961630 1752.0 
 0.961636 1720.0 
 0.961642 1492.0 
 0.961648 1644.0 
 0.961654 1980.0 
 0.961659 1716.0 
 0.961665 1436.0 
 0.961671 1796.0 
 0.961677 1776.0 
 0.961683 1572.0 
 0.961689 1624.0 
 0.961695 1438.0 
 0.961701 1664.0 
 0.961707 1504.0 
 0.961713 1720.0 
 0.961718 1500.0 
 0.961724 1636.0 
 0.961730 1684.0 
 0.961736 1792.0 
 0.961742 1692.0 
 0.961748 1824.0 
 0.961754 1852.0 
 0.961760 1540.0 
 0.961766 1840.0 
 0.961771 1616.0 
 0.961777 1492.0 
 0.961783 1592.0 
 0.961789 1612.0 
 0.961795 1496.0 
 0.961801 1550.0 
 0.961807 1476.0 
 0.961813 1532.0 
 0.961819 1616.0 
 0.961825 1466.0 
 0.961830 1568.0 
 0.961836 1494.0 
 0.961842 1776.0 
 0.961848 1656.0 
 0.961854 1580.0 
 0.961860 1488.0 
 0.961866 1708.0 
 0.961872 1600.0 
 0.961878 1900.0 
 0.961883 1812.0 
 0.961889 1600.0 
 0.961895 1888.0 
 0.961901 2008.0 
 0.961907 1624.0 
 0.961913 1694.0 
 0.961919 1528.0 
 0.961925 1752.0 
 0.961931 1504.0 
 0.961937 1796.0 
 0.961942 1584.0 
 0.961948 1732.0 
 0.961954 1756.0 
 0.961960 1640.0 
 0.961966 1584.0 
 0.961972 1616.0 
 0.961978 1816.0 
 0.961984 1744.0 
 0.961990 1792.0 
 0.961995 1622.0 
 0.962001 1676.0 
 0.962007 1538.0 
 0.962013 1720.0 
 0.962019 1920.0 
 0.962025 1760.0 
 0.962031 1682.0 
 0.962037 1652.0 
 0.962043 1732.0 
 0.962049 1602.0 
 0.962054 1624.0 
 0.962060 1696.0 
 0.962066 1848.0 
 0.962072 1736.0 
 0.962078 1580.0 
 0.962084 1550.0 
 0.962090 1596.0 
 0.962096 1468.0 
 0.962102 1888.0 
 0.962108 1784.0 
 0.962113 1700.0 
 0.962119 1804.0 
 0.962125 1700.0 
 0.962131 1644.0 
 0.962137 1716.0 
 0.962143 1720.0 
 0.962149 1848.0 
 0.962155 1812.0 
 0.962161 1494.0 
 0.962166 1688.0 
 0.962172 1560.0 
 0.962178 1944.0 
 0.962184 1884.0 
 0.962190 1752.0 
 0.962196 1832.0 
 0.962202 1696.0 
 0.962208 1888.0 
 0.962214 1708.0 
 0.962220 1876.0 
 0.962225 1736.0 
 0.962231 2052.0 
 0.962237 1704.0 
 0.962243 1660.0 
 0.962249 1884.0 
 0.962255 1656.0 
 0.962261 1620.0 
 0.962267 1420.0 
 0.962273 1872.0 
 0.962278 1904.0 
 0.962284 1784.0 
 0.962290 1652.0 
 0.962296 1748.0 
 0.962302 1792.0 
 0.962308 1680.0 
 0.962314 1992.0 
 0.962320 1728.0 
 0.962326 1788.0 
 0.962332 1744.0 
 0.962337 1788.0 
 0.962343 1724.0 
 0.962349 1636.0 
 0.962355 1740.0 
 0.962361 1820.0 
 0.962367 1896.0 
 0.962373 1884.0 
 0.962379 1792.0 
 0.962385 1780.0 
 0.962390 1764.0 
 0.962396 1612.0 
 0.962402 1860.0 
 0.962408 1720.0 
 0.962414 1800.0 
 0.962420 2036.0 
 0.962426 1756.0 
 0.962432 1620.0 
 0.962438 1652.0 
 0.962444 1776.0 
 0.962449 1760.0 
 0.962455 1760.0 
 0.962461 1952.0 
 0.962467 1616.0 
 0.962473 1772.0 
 0.962479 1892.0 
 0.962485 1420.0 
 0.962491 1816.0 
 0.962497 1920.0 
 0.962502 1600.0 
 0.962508 1732.0 
 0.962514 2060.0 
 0.962520 1740.0 
 0.962526 1960.0 
 0.962532 1616.0 
 0.962538 1496.0 
 0.962544 1728.0 
 0.962550 1844.0 
 0.962556 2020.0 
 0.962561 1756.0 
 0.962567 1624.0 
 0.962573 1528.0 
 0.962579 1708.0 
 0.962585 1388.0 
 0.962591 1312.0 
 0.962597 1400.0 
 0.962603 1424.0 
 0.962609 1660.0 
 0.962615 1710.0 
 0.962620 2060.0 
 0.962626 1752.0 
 0.962632 1936.0 
 0.962638 1892.0 
 0.962644 1670.0 
 0.962650 1876.0 
 0.962656 1576.0 
 0.962662 1576.0 
 0.962668 1788.0 
 0.962673 1672.0 
 0.962679 1952.0 
 0.962685 1764.0 
 0.962691 1684.0 
 0.962697 1808.0 
 0.962703 1928.0 
 0.962709 1744.0 
 0.962715 1688.0 
 0.962721 1504.0 
 0.962727 1528.0 
 0.962732 1896.0 
 0.962738 1624.0 
 0.962744 1864.0 
 0.962750 1476.0 
 0.962756 1652.0 
 0.962762 1828.0 
 0.962768 2024.0 
 0.962774 1936.0 
 0.962780 1616.0 
 0.962785 2012.0 
 0.962791 1774.0 
 0.962797 1512.0 
 0.962803 1708.0 
 0.962809 1928.0 
 0.962815 1764.0 
 0.962821 1856.0 
 0.962827 1792.0 
 0.962833 1948.0 
 0.962839 2012.0 
 0.962844 1568.0 
 0.962850 1888.0 
 0.962856 1960.0 
 0.962862 2032.0 
 0.962868 1796.0 
 0.962874 1944.0 
 0.962880 1860.0 
 0.962886 1960.0 
 0.962892 1864.0 
 0.962897 1896.0 
 0.962903 1928.0 
 0.962909 1752.0 
 0.962915 2052.0 
 0.962921 1628.0 
 0.962927 1482.0 
 0.962933 1880.0 
 0.962939 1740.0 
 0.962945 1896.0 
 0.962951 2244.0 
 0.962956 1660.0 
 0.962962 1496.0 
 0.962968 1628.0 
 0.962974 1720.0 
 0.962980 2284.0 
 0.962986 1976.0 
 0.962992 1880.0 
 0.962998 2108.0 
 0.963004 1624.0 
 0.963009 1784.0 
 0.963015 1796.0 
 0.963021 1952.0 
 0.963027 1856.0 
 0.963033 1620.0 
 0.963039 1788.0 
 0.963045 2128.0 
 0.963051 2092.0 
 0.963057 2004.0 
 0.963063 1816.0 
 0.963068 1776.0 
 0.963074 2192.0 
 0.963080 1984.0 
 0.963086 2048.0 
 0.963092 1668.0 
 0.963098 2224.0 
 0.963104 1908.0 
 0.963110 2072.0 
 0.963116 1904.0 
 0.963122 1952.0 
 0.963127 2044.0 
 0.963133 2228.0 
 0.963139 1956.0 
 0.963145 1740.0 
 0.963151 2148.0 
 0.963157 2080.0 
 0.963163 1896.0 
 0.963169 2044.0 
 0.963175 1892.0 
 0.963180 1866.0 
 0.963186 2108.0 
 0.963192 2192.0 
 0.963198 1908.0 
 0.963204 1896.0 
 0.963210 2256.0 
 0.963216 1948.0 
 0.963222 1644.0 
 0.963228 2028.0 
 0.963234 2196.0 
 0.963239 2052.0 
 0.963245 2512.0 
 0.963251 2116.0 
 0.963257 1836.0 
 0.963263 2004.0 
 0.963269 2032.0 
 0.963275 2000.0 
 0.963281 2092.0 
 0.963287 2348.0 
 0.963292 2096.0 
 0.963298 1822.0 
 0.963304 2196.0 
 0.963310 2280.0 
 0.963316 2012.0 
 0.963322 2000.0 
 0.963328 1944.0 
 0.963334 2364.0 
 0.963340 2084.0 
 0.963346 1856.0 
 0.963351 2294.0 
 0.963357 2128.0 
 0.963363 2084.0 
 0.963369 2204.0 
 0.963375 2352.0 
 0.963381 2396.0 
 0.963387 2400.0 
 0.963393 2172.0 
 0.963399 2088.0 
 0.963404 2312.0 
 0.963410 2288.0 
 0.963416 1970.0 
 0.963422 2048.0 
 0.963428 2364.0 
 0.963434 2388.0 
 0.963440 1804.0 
 0.963446 1996.0 
 0.963452 2140.0 
 0.963458 2328.0 
 0.963463 2436.0 
 0.963469 2120.0 
 0.963475 2176.0 
 0.963481 2184.0 
 0.963487 2420.0 
 0.963493 2212.0 
 0.963499 2200.0 
 0.963505 2448.0 
 0.963511 2056.0 
 0.963517 2596.0 
 0.963522 2360.0 
 0.963528 2340.0 
 0.963534 1992.0 
 0.963540 2372.0 
 0.963546 2304.0 
 0.963552 2180.0 
 0.963558 2240.0 
 0.963564 2400.0 
 0.963570 2556.0 
 0.963575 2284.0 
 0.963581 1788.0 
 0.963587 2576.0 
 0.963593 2272.0 
 0.963599 2192.0 
 0.963605 2392.0 
 0.963611 2324.0 
 0.963617 2220.0 
 0.963623 2644.0 
 0.963629 2512.0 
 0.963634 2424.0 
 0.963640 2264.0 
 0.963646 2272.0 
 0.963652 2228.0 
 0.963658 2172.0 
 0.963664 2052.0 
 0.963670 2056.0 
 0.963676 2448.0 
 0.963682 2292.0 
 0.963687 2188.0 
 0.963693 2788.0 
 0.963699 2672.0 
 0.963705 2204.0 
 0.963711 2436.0 
 0.963717 2616.0 
 0.963723 2032.0 
 0.963729 2132.0 
 0.963735 2136.0 
 0.963741 2508.0 
 0.963746 2596.0 
 0.963752 2608.0 
 0.963758 2464.0 
 0.963764 2676.0 
 0.963770 2476.0 
 0.963776 2672.0 
 0.963782 2932.0 
 0.963788 2740.0 
 0.963794 2176.0 
 0.963799 2568.0 
 0.963805 2704.0 
 0.963811 2436.0 
 0.963817 2372.0 
 0.963823 2424.0 
 0.963829 2480.0 
 0.963835 2236.0 
 0.963841 2596.0 
 0.963847 2376.0 
 0.963853 2756.0 
 0.963858 2808.0 
 0.963864 2436.0 
 0.963870 2480.0 
 0.963876 2548.0 
 0.963882 2672.0 
 0.963888 2676.0 
 0.963894 2352.0 
 0.963900 3244.0 
 0.963906 2664.0 
 0.963911 2572.0 
 0.963917 2612.0 
 0.963923 2452.0 
 0.963929 2508.0 
 0.963935 2348.0 
 0.963941 2816.0 
 0.963947 2944.0 
 0.963953 2588.0 
 0.963959 2664.0 
 0.963965 2852.0 
 0.963970 3172.0 
 0.963976 3080.0 
 0.963982 2644.0 
 0.963988 2864.0 
 0.963994 2788.0 
 0.964000 2904.0 
 0.964006 3232.0 
 0.964012 2760.0 
 0.964018 2644.0 
 0.964024 2840.0 
 0.964029 2624.0 
 0.964035 2564.0 
 0.964041 2832.0 
 0.964047 2988.0 
 0.964053 2904.0 
 0.964059 2776.0 
 0.964065 2992.0 
 0.964071 2764.0 
 0.964077 2704.0 
 0.964082 2744.0 
 0.964088 3352.0 
 0.964094 3064.0 
 0.964100 3228.0 
 0.964106 2864.0 
 0.964112 3160.0 
 0.964118 3036.0 
 0.964124 3544.0 
 0.964130 2884.0 
 0.964136 3400.0 
 0.964141 2984.0 
 0.964147 3432.0 
 0.964153 2952.0 
 0.964159 3504.0 
 0.964165 3172.0 
 0.964171 3384.0 
 0.964177 3452.0 
 0.964183 3344.0 
 0.964189 3380.0 
 0.964194 3656.0 
 0.964200 3116.0 
 0.964206 3224.0 
 0.964212 3576.0 
 0.964218 3464.0 
 0.964224 3232.0 
 0.964230 3580.0 
 0.964236 3596.0 
 0.964242 3296.0 
 0.964248 3692.0 
 0.964253 3624.0 
 0.964259 3772.0 
 0.964265 3220.0 
 0.964271 3292.0 
 0.964277 3732.0 
 0.964283 3392.0 
 0.964289 3488.0 
 0.964295 3436.0 
 0.964301 3636.0 
 0.964306 3784.0 
 0.964312 3896.0 
 0.964318 3640.0 
 0.964324 3240.0 
