 0.947700 812.0 
 0.947705 876.0 
 0.947711 804.0 
 0.947717 842.0 
 0.947723 860.0 
 0.947729 596.0 
 0.947735 828.0 
 0.947741 756.0 
 0.947747 696.0 
 0.947753 802.0 
 0.947759 606.0 
 0.947764 726.0 
 0.947770 696.0 
 0.947776 672.0 
 0.947782 688.0 
 0.947788 816.0 
 0.947794 646.0 
 0.947800 512.0 
 0.947806 1012.0 
 0.947812 802.0 
 0.947817 804.0 
 0.947823 1068.0 
 0.947829 884.0 
 0.947835 908.0 
 0.947841 852.0 
 0.947847 744.0 
 0.947853 940.0 
 0.947859 936.0 
 0.947865 972.0 
 0.947871 892.0 
 0.947876 1016.0 
 0.947882 1084.0 
 0.947888 900.0 
 0.947894 1216.0 
 0.947900 984.0 
 0.947906 1038.0 
 0.947912 1252.0 
 0.947918 914.0 
 0.947924 1016.0 
 0.947929 1122.0 
 0.947935 956.0 
 0.947941 932.0 
 0.947947 754.0 
 0.947953 1014.0 
 0.947959 726.0 
 0.947965 1134.0 
 0.947971 1104.0 
 0.947977 1064.0 
 0.947983 916.0 
 0.947988 1304.0 
 0.947994 1116.0 
 0.948000 984.0 
 0.948006 944.0 
 0.948012 942.0 
 0.948018 1032.0 
 0.948024 1112.0 
 0.948030 1000.0 
 0.948036 1108.0 
 0.948042 1052.0 
 0.948047 1128.0 
 0.948053 1256.0 
 0.948059 1128.0 
 0.948065 1080.0 
 0.948071 1370.0 
 0.948077 892.0 
 0.948083 1284.0 
 0.948089 1042.0 
 0.948095 1218.0 
 0.948100 1088.0 
 0.948106 1086.0 
 0.948112 1278.0 
 0.948118 1168.0 
 0.948124 1288.0 
 0.948130 1192.0 
 0.948136 1164.0 
 0.948142 1120.0 
 0.948148 1252.0 
 0.948154 1152.0 
 0.948159 1342.0 
 0.948165 1082.0 
 0.948171 1254.0 
 0.948177 1282.0 
 0.948183 1204.0 
 0.948189 1360.0 
 0.948195 1140.0 
 0.948201 1076.0 
 0.948207 1256.0 
 0.948212 1552.0 
 0.948218 1130.0 
 0.948224 1318.0 
 0.948230 1140.0 
 0.948236 1188.0 
 0.948242 1272.0 
 0.948248 1088.0 
 0.948254 1136.0 
 0.948260 1112.0 
 0.948266 1264.0 
 0.948271 1072.0 
 0.948277 1120.0 
 0.948283 1338.0 
 0.948289 1204.0 
 0.948295 1404.0 
 0.948301 1232.0 
 0.948307 1476.0 
 0.948313 1244.0 
 0.948319 1452.0 
 0.948324 1316.0 
 0.948330 1504.0 
 0.948336 1340.0 
 0.948342 1236.0 
 0.948348 1208.0 
 0.948354 1110.0 
 0.948360 1212.0 
 0.948366 1228.0 
 0.948372 1216.0 
 0.948378 1184.0 
 0.948383 952.0 
 0.948389 1024.0 
 0.948395 1216.0 
 0.948401 1156.0 
 0.948407 1176.0 
 0.948413 1124.0 
 0.948419 1444.0 
 0.948425 1366.0 
 0.948431 1386.0 
 0.948436 1196.0 
 0.948442 1124.0 
 0.948448 1204.0 
 0.948454 1152.0 
 0.948460 1260.0 
 0.948466 1408.0 
 0.948472 1260.0 
 0.948478 1320.0 
 0.948484 1240.0 
 0.948490 1192.0 
 0.948495 1336.0 
 0.948501 1228.0 
 0.948507 1372.0 
 0.948513 1144.0 
 0.948519 1452.0 
 0.948525 1234.0 
 0.948531 1280.0 
 0.948537 1172.0 
 0.948543 1400.0 
 0.948549 1316.0 
 0.948554 1604.0 
 0.948560 1280.0 
 0.948566 1432.0 
 0.948572 984.0 
 0.948578 1116.0 
 0.948584 1164.0 
 0.948590 1232.0 
 0.948596 1328.0 
 0.948602 1216.0 
 0.948607 1224.0 
 0.948613 1520.0 
 0.948619 1460.0 
 0.948625 1236.0 
 0.948631 1436.0 
 0.948637 1136.0 
 0.948643 1260.0 
 0.948649 1100.0 
 0.948655 1360.0 
 0.948661 1070.0 
 0.948666 1148.0 
 0.948672 1234.0 
 0.948678 1328.0 
 0.948684 1260.0 
 0.948690 1204.0 
 0.948696 1016.0 
 0.948702 1076.0 
 0.948708 1104.0 
 0.948714 1040.0 
 0.948719 976.0 
 0.948725 892.0 
 0.948731 1048.0 
 0.948737 932.0 
 0.948743 1128.0 
 0.948749 1092.0 
 0.948755 1200.0 
 0.948761 1192.0 
 0.948767 1236.0 
 0.948773 988.0 
 0.948778 1088.0 
 0.948784 964.0 
 0.948790 1052.0 
 0.948796 1168.0 
 0.948802 1068.0 
 0.948808 1260.0 
 0.948814 1356.0 
 0.948820 1128.0 
 0.948826 1224.0 
 0.948831 1008.0 
 0.948837 1208.0 
 0.948843 1392.0 
 0.948849 1236.0 
 0.948855 1588.0 
 0.948861 1368.0 
 0.948867 1432.0 
 0.948873 1334.0 
 0.948879 1296.0 
 0.948885 1368.0 
 0.948890 1324.0 
 0.948896 1180.0 
 0.948902 1396.0 
 0.948908 1188.0 
 0.948914 1512.0 
 0.948920 1588.0 
 0.948926 1320.0 
 0.948932 1256.0 
 0.948938 1388.0 
 0.948943 1308.0 
 0.948949 1404.0 
 0.948955 1428.0 
 0.948961 1416.0 
 0.948967 1408.0 
 0.948973 1304.0 
 0.948979 1262.0 
 0.948985 1222.0 
 0.948991 1368.0 
 0.948997 1240.0 
 0.949002 1276.0 
 0.949008 1422.0 
 0.949014 1316.0 
 0.949020 1352.0 
 0.949026 1194.0 
 0.949032 1396.0 
 0.949038 1652.0 
 0.949044 1852.0 
 0.949050 1524.0 
 0.949056 1280.0 
 0.949061 1556.0 
 0.949067 1312.0 
 0.949073 1332.0 
 0.949079 1492.0 
 0.949085 1344.0 
 0.949091 1472.0 
 0.949097 1432.0 
 0.949103 916.0 
 0.949109 1276.0 
 0.949114 1298.0 
 0.949120 1108.0 
 0.949126 1140.0 
 0.949132 1204.0 
 0.949138 1150.0 
 0.949144 1344.0 
 0.949150 1484.0 
 0.949156 1504.0 
 0.949162 1552.0 
 0.949168 1460.0 
 0.949173 1712.0 
 0.949179 1600.0 
 0.949185 1546.0 
 0.949191 1612.0 
 0.949197 1604.0 
 0.949203 1672.0 
 0.949209 1744.0 
 0.949215 1516.0 
 0.949221 1616.0 
 0.949226 1594.0 
 0.949232 1454.0 
 0.949238 1596.0 
 0.949244 1432.0 
 0.949250 1524.0 
 0.949256 1508.0 
 0.949262 1548.0 
 0.949268 1576.0 
 0.949274 1656.0 
 0.949280 1636.0 
 0.949285 1804.0 
 0.949291 1392.0 
 0.949297 1532.0 
 0.949303 1476.0 
 0.949309 1596.0 
 0.949315 1696.0 
 0.949321 1656.0 
 0.949327 1612.0 
 0.949333 1564.0 
 0.949338 1592.0 
 0.949344 1516.0 
 0.949350 1632.0 
 0.949356 1538.0 
 0.949362 1496.0 
 0.949368 1580.0 
 0.949374 1604.0 
 0.949380 1632.0 
 0.949386 1612.0 
 0.949392 1692.0 
 0.949397 1618.0 
 0.949403 1600.0 
 0.949409 1476.0 
 0.949415 1708.0 
 0.949421 1652.0 
 0.949427 1824.0 
 0.949433 1572.0 
 0.949439 1612.0 
 0.949445 1564.0 
 0.949451 1536.0 
 0.949456 1624.0 
 0.949462 1544.0 
 0.949468 1556.0 
 0.949474 1564.0 
 0.949480 1460.0 
 0.949486 1572.0 
 0.949492 1464.0 
 0.949498 1552.0 
 0.949504 1580.0 
 0.949509 1660.0 
 0.949515 1664.0 
 0.949521 1580.0 
 0.949527 1616.0 
 0.949533 1656.0 
 0.949539 1532.0 
 0.949545 1864.0 
 0.949551 1624.0 
 0.949557 1488.0 
 0.949563 1672.0 
 0.949568 1560.0 
 0.949574 1536.0 
 0.949580 1656.0 
 0.949586 1472.0 
 0.949592 1508.0 
 0.949598 1388.0 
 0.949604 1436.0 
 0.949610 1344.0 
 0.949616 1536.0 
 0.949621 1492.0 
 0.949627 1556.0 
 0.949633 1536.0 
 0.949639 1500.0 
 0.949645 1624.0 
 0.949651 1672.0 
 0.949657 1392.0 
 0.949663 1448.0 
 0.949669 1368.0 
 0.949675 1456.0 
 0.949680 1118.0 
 0.949686 1616.0 
 0.949692 1272.0 
 0.949698 1238.0 
 0.949704 1524.0 
 0.949710 1460.0 
 0.949716 1576.0 
 0.949722 1568.0 
 0.949728 1624.0 
 0.949733 1728.0 
 0.949739 1460.0 
 0.949745 1536.0 
 0.949751 1320.0 
 0.949757 1404.0 
 0.949763 1408.0 
 0.949769 1624.0 
 0.949775 1448.0 
 0.949781 1524.0 
 0.949787 1308.0 
 0.949792 1312.0 
 0.949798 1240.0 
 0.949804 1296.0 
 0.949810 1192.0 
 0.949816 1656.0 
 0.949822 1652.0 
 0.949828 1424.0 
 0.949834 1452.0 
 0.949840 1680.0 
 0.949845 1452.0 
 0.949851 1420.0 
 0.949857 1404.0 
 0.949863 1564.0 
 0.949869 1712.0 
 0.949875 1752.0 
 0.949881 1740.0 
 0.949887 1536.0 
 0.949893 1556.0 
 0.949899 1596.0 
 0.949904 1660.0 
 0.949910 1448.0 
 0.949916 1252.0 
 0.949922 1692.0 
 0.949928 1288.0 
 0.949934 1428.0 
 0.949940 1200.0 
 0.949946 1248.0 
 0.949952 1680.0 
 0.949958 1632.0 
 0.949963 1812.0 
 0.949969 1620.0 
 0.949975 1514.0 
 0.949981 1752.0 
 0.949987 1648.0 
 0.949993 1264.0 
 0.949999 1656.0 
 0.950005 1660.0 
 0.950011 1652.0 
 0.950016 1656.0 
 0.950022 1596.0 
 0.950028 1872.0 
 0.950034 1956.0 
 0.950040 1836.0 
 0.950046 1856.0 
 0.950052 1628.0 
 0.950058 1628.0 
 0.950064 1768.0 
 0.950070 1596.0 
 0.950075 1612.0 
 0.950081 1504.0 
 0.950087 1228.0 
 0.950093 1324.0 
 0.950099 1260.0 
 0.950105 1236.0 
 0.950111 1348.0 
 0.950117 1476.0 
 0.950123 1264.0 
 0.950128 1672.0 
 0.950134 1476.0 
 0.950140 1572.0 
 0.950146 1604.0 
 0.950152 1824.0 
 0.950158 1660.0 
 0.950164 1882.0 
 0.950170 1644.0 
 0.950176 1932.0 
 0.950182 1652.0 
 0.950187 1688.0 
 0.950193 1972.0 
 0.950199 1748.0 
 0.950205 1968.0 
 0.950211 1856.0 
 0.950217 1988.0 
 0.950223 1760.0 
 0.950229 1504.0 
 0.950235 1644.0 
 0.950240 1748.0 
 0.950246 1900.0 
 0.950252 1716.0 
 0.950258 1648.0 
 0.950264 1696.0 
 0.950270 1824.0 
 0.950276 1940.0 
 0.950282 1712.0 
 0.950288 1596.0 
 0.950294 1724.0 
 0.950299 1552.0 
 0.950305 1820.0 
 0.950311 1716.0 
 0.950317 1520.0 
 0.950323 1400.0 
 0.950329 1536.0 
 0.950335 1588.0 
 0.950341 1318.0 
 0.950347 1430.0 
 0.950352 1580.0 
 0.950358 1632.0 
 0.950364 1548.0 
 0.950370 1732.0 
 0.950376 1652.0 
 0.950382 1784.0 
 0.950388 1448.0 
 0.950394 1528.0 
 0.950400 1720.0 
 0.950406 1760.0 
 0.950411 2000.0 
 0.950417 1668.0 
 0.950423 1616.0 
 0.950429 1660.0 
 0.950435 1584.0 
 0.950441 1904.0 
 0.950447 1672.0 
 0.950453 1864.0 
 0.950459 1832.0 
 0.950465 1740.0 
 0.950470 1732.0 
 0.950476 1650.0 
 0.950482 1788.0 
 0.950488 1764.0 
 0.950494 1608.0 
 0.950500 1964.0 
 0.950506 1836.0 
 0.950512 1816.0 
 0.950518 1852.0 
 0.950523 1768.0 
 0.950529 1724.0 
 0.950535 1748.0 
 0.950541 1768.0 
 0.950547 1864.0 
 0.950553 1716.0 
 0.950559 1976.0 
 0.950565 1684.0 
 0.950571 1804.0 
 0.950577 1520.0 
 0.950582 1600.0 
 0.950588 1428.0 
 0.950594 1604.0 
 0.950600 1592.0 
 0.950606 1744.0 
 0.950612 1540.0 
 0.950618 1700.0 
 0.950624 1804.0 
 0.950630 1792.0 
 0.950635 1856.0 
 0.950641 1724.0 
 0.950647 1832.0 
 0.950653 1924.0 
 0.950659 1856.0 
 0.950665 1860.0 
 0.950671 1924.0 
 0.950677 1844.0 
 0.950683 1832.0 
 0.950689 1844.0 
 0.950694 2008.0 
 0.950700 1704.0 
 0.950706 1640.0 
 0.950712 1788.0 
 0.950718 1996.0 
 0.950724 1684.0 
 0.950730 1768.0 
 0.950736 2008.0 
 0.950742 1960.0 
 0.950747 1816.0 
 0.950753 1796.0 
 0.950759 1976.0 
 0.950765 1720.0 
 0.950771 1832.0 
 0.950777 1832.0 
 0.950783 1904.0 
 0.950789 1932.0 
 0.950795 1864.0 
 0.950801 1784.0 
 0.950806 1752.0 
 0.950812 1928.0 
 0.950818 2012.0 
 0.950824 1896.0 
 0.950830 2156.0 
 0.950836 2080.0 
 0.950842 1656.0 
 0.950848 1816.0 
 0.950854 2148.0 
 0.950859 2108.0 
 0.950865 1980.0 
 0.950871 2016.0 
 0.950877 1932.0 
 0.950883 1988.0 
 0.950889 2008.0 
 0.950895 1704.0 
 0.950901 1860.0 
 0.950907 1920.0 
 0.950913 1768.0 
 0.950918 2080.0 
 0.950924 1800.0 
 0.950930 1588.0 
 0.950936 1856.0 
 0.950942 1936.0 
 0.950948 1824.0 
 0.950954 1780.0 
 0.950960 1876.0 
 0.950966 1924.0 
 0.950972 1972.0 
 0.950977 1776.0 
 0.950983 1862.0 
 0.950989 1852.0 
 0.950995 1812.0 
 0.951001 1880.0 
 0.951007 1932.0 
 0.951013 1964.0 
 0.951019 1848.0 
 0.951025 1996.0 
 0.951030 1976.0 
 0.951036 2128.0 
 0.951042 1944.0 
 0.951048 1860.0 
 0.951054 1740.0 
 0.951060 1808.0 
 0.951066 1836.0 
 0.951072 1896.0 
 0.951078 1720.0 
 0.951084 1892.0 
 0.951089 1740.0 
 0.951095 1940.0 
 0.951101 2016.0 
 0.951107 2000.0 
 0.951113 1840.0 
 0.951119 1754.0 
 0.951125 1820.0 
 0.951131 1852.0 
 0.951137 1640.0 
 0.951142 1540.0 
 0.951148 1732.0 
 0.951154 1956.0 
 0.951160 1880.0 
 0.951166 1748.0 
 0.951172 1872.0 
 0.951178 1712.0 
 0.951184 1876.0 
 0.951190 1788.0 
 0.951196 1856.0 
 0.951201 1944.0 
 0.951207 1752.0 
 0.951213 1878.0 
 0.951219 1876.0 
 0.951225 1640.0 
 0.951231 1988.0 
 0.951237 1760.0 
 0.951243 1864.0 
 0.951249 1988.0 
 0.951254 1636.0 
 0.951260 1748.0 
 0.951266 1728.0 
 0.951272 1652.0 
 0.951278 1816.0 
 0.951284 1708.0 
 0.951290 1840.0 
 0.951296 1588.0 
 0.951302 1960.0 
 0.951308 1860.0 
 0.951313 1788.0 
 0.951319 1828.0 
 0.951325 1844.0 
 0.951331 1912.0 
 0.951337 1816.0 
 0.951343 1772.0 
 0.951349 1744.0 
 0.951355 1704.0 
 0.951361 1672.0 
 0.951366 1580.0 
 0.951372 1712.0 
 0.951378 1804.0 
 0.951384 1936.0 
 0.951390 1884.0 
 0.951396 1752.0 
 0.951402 1848.0 
 0.951408 1856.0 
 0.951414 1804.0 
 0.951420 1824.0 
 0.951425 1812.0 
 0.951431 1864.0 
 0.951437 1948.0 
 0.951443 1792.0 
 0.951449 1796.0 
 0.951455 1698.0 
 0.951461 1484.0 
 0.951467 1924.0 
 0.951473 1448.0 
 0.951479 1396.0 
 0.951484 1620.0 
 0.951490 1224.0 
 0.951496 1500.0 
 0.951502 1264.0 
 0.951508 1648.0 
 0.951514 1580.0 
 0.951520 1608.0 
 0.951526 1464.0 
 0.951532 1764.0 
 0.951537 1560.0 
 0.951543 1596.0 
 0.951549 1820.0 
 0.951555 1652.0 
 0.951561 1748.0 
 0.951567 1844.0 
 0.951573 2064.0 
 0.951579 1904.0 
 0.951585 1644.0 
 0.951591 1696.0 
 0.951596 1744.0 
 0.951602 1608.0 
 0.951608 1632.0 
 0.951614 1136.0 
 0.951620 1400.0 
 0.951626 1440.0 
 0.951632 1268.0 
 0.951638 1700.0 
 0.951644 1708.0 
 0.951649 1596.0 
 0.951655 1740.0 
 0.951661 1716.0 
 0.951667 1868.0 
 0.951673 1752.0 
 0.951679 1624.0 
 0.951685 1588.0 
 0.951691 1936.0 
 0.951697 1780.0 
 0.951703 1848.0 
 0.951708 1816.0 
 0.951714 1740.0 
 0.951720 1780.0 
 0.951726 2004.0 
 0.951732 1668.0 
 0.951738 1920.0 
 0.951744 1676.0 
 0.951750 1744.0 
 0.951756 1948.0 
 0.951761 2044.0 
 0.951767 1808.0 
 0.951773 1824.0 
 0.951779 1752.0 
 0.951785 1860.0 
 0.951791 1792.0 
 0.951797 2020.0 
 0.951803 1804.0 
 0.951809 2092.0 
 0.951815 1708.0 
 0.951820 1716.0 
 0.951826 1904.0 
 0.951832 1748.0 
 0.951838 1736.0 
 0.951844 1656.0 
 0.951850 1712.0 
 0.951856 1792.0 
 0.951862 1920.0 
 0.951868 1716.0 
 0.951874 2036.0 
 0.951879 1968.0 
 0.951885 1844.0 
 0.951891 1664.0 
 0.951897 1936.0 
 0.951903 1828.0 
 0.951909 1856.0 
 0.951915 1748.0 
 0.951921 1620.0 
 0.951927 1932.0 
 0.951932 1924.0 
 0.951938 1980.0 
 0.951944 1788.0 
 0.951950 1692.0 
 0.951956 1928.0 
 0.951962 1800.0 
 0.951968 2128.0 
 0.951974 1732.0 
 0.951980 1608.0 
 0.951986 1884.0 
 0.951991 1792.0 
 0.951997 1840.0 
 0.952003 1856.0 
 0.952009 1492.0 
 0.952015 2120.0 
 0.952021 2036.0 
 0.952027 1652.0 
 0.952033 1844.0 
 0.952039 1688.0 
 0.952044 1692.0 
 0.952050 1944.0 
 0.952056 1872.0 
 0.952062 1956.0 
 0.952068 1912.0 
 0.952074 2048.0 
 0.952080 1860.0 
 0.952086 1900.0 
 0.952092 1704.0 
 0.952098 1872.0 
 0.952103 1572.0 
 0.952109 1848.0 
 0.952115 1828.0 
 0.952121 1476.0 
 0.952127 1426.0 
 0.952133 1680.0 
 0.952139 1712.0 
 0.952145 1632.0 
 0.952151 1960.0 
 0.952156 1832.0 
 0.952162 1988.0 
 0.952168 1944.0 
 0.952174 1800.0 
 0.952180 1736.0 
 0.952186 1828.0 
 0.952192 2004.0 
 0.952198 1768.0 
 0.952204 1748.0 
 0.952210 1876.0 
 0.952215 2100.0 
 0.952221 1868.0 
 0.952227 1752.0 
 0.952233 1872.0 
 0.952239 1828.0 
 0.952245 1624.0 
 0.952251 1956.0 
 0.952257 1622.0 
 0.952263 1692.0 
 0.952268 1448.0 
 0.952274 1804.0 
 0.952280 1716.0 
 0.952286 1928.0 
 0.952292 1756.0 
 0.952298 1972.0 
 0.952304 1984.0 
 0.952310 1788.0 
 0.952316 2036.0 
 0.952322 1780.0 
 0.952327 1780.0 
 0.952333 1840.0 
 0.952339 1888.0 
 0.952345 1872.0 
 0.952351 1996.0 
 0.952357 1602.0 
 0.952363 1616.0 
 0.952369 1556.0 
 0.952375 1904.0 
 0.952381 1832.0 
 0.952386 1652.0 
 0.952392 1708.0 
 0.952398 1552.0 
 0.952404 1708.0 
 0.952410 1432.0 
 0.952416 1692.0 
 0.952422 1592.0 
 0.952428 1524.0 
 0.952434 1356.0 
 0.952439 1488.0 
 0.952445 1628.0 
 0.952451 1492.0 
 0.952457 1386.0 
 0.952463 1344.0 
 0.952469 1364.0 
 0.952475 1448.0 
 0.952481 1384.0 
 0.952487 1652.0 
 0.952493 1536.0 
 0.952498 1372.0 
 0.952504 1792.0 
 0.952510 1540.0 
 0.952516 1868.0 
 0.952522 1538.0 
 0.952528 1808.0 
 0.952534 1688.0 
 0.952540 1884.0 
 0.952546 1784.0 
 0.952551 1848.0 
 0.952557 1888.0 
 0.952563 1688.0 
 0.952569 1760.0 
 0.952575 1376.0 
 0.952581 1388.0 
 0.952587 1784.0 
 0.952593 1568.0 
 0.952599 1668.0 
 0.952605 1772.0 
 0.952610 1716.0 
 0.952616 1788.0 
 0.952622 1816.0 
 0.952628 1600.0 
 0.952634 1732.0 
 0.952640 1836.0 
 0.952646 1776.0 
 0.952652 1704.0 
 0.952658 1896.0 
 0.952663 1696.0 
 0.952669 1524.0 
 0.952675 1736.0 
 0.952681 1624.0 
 0.952687 1476.0 
 0.952693 1362.0 
 0.952699 1524.0 
 0.952705 1732.0 
 0.952711 1640.0 
 0.952717 1712.0 
 0.952722 1692.0 
 0.952728 1652.0 
 0.952734 1692.0 
 0.952740 1704.0 
 0.952746 1724.0 
 0.952752 1616.0 
 0.952758 1664.0 
 0.952764 1780.0 
 0.952770 1588.0 
 0.952775 1712.0 
 0.952781 1632.0 
 0.952787 1684.0 
 0.952793 1868.0 
 0.952799 1588.0 
 0.952805 1940.0 
 0.952811 1440.0 
 0.952817 1696.0 
 0.952823 1408.0 
 0.952829 1468.0 
 0.952834 1520.0 
 0.952840 1464.0 
 0.952846 1824.0 
 0.952852 1508.0 
 0.952858 1716.0 
 0.952864 1908.0 
 0.952870 1728.0 
 0.952876 1464.0 
 0.952882 1780.0 
 0.952888 1760.0 
 0.952893 1772.0 
 0.952899 1700.0 
 0.952905 1796.0 
 0.952911 1876.0 
 0.952917 1920.0 
 0.952923 1816.0 
 0.952929 1708.0 
 0.952935 1548.0 
 0.952941 1768.0 
 0.952946 1812.0 
 0.952952 1720.0 
 0.952958 1816.0 
 0.952964 1868.0 
 0.952970 1828.0 
 0.952976 1796.0 
 0.952982 1824.0 
 0.952988 1564.0 
 0.952994 1800.0 
 0.953000 1664.0 
 0.953005 1424.0 
 0.953011 1544.0 
 0.953017 1680.0 
 0.953023 1606.0 
 0.953029 1724.0 
 0.953035 1772.0 
 0.953041 1552.0 
 0.953047 1728.0 
 0.953053 1836.0 
 0.953058 1596.0 
 0.953064 1692.0 
 0.953070 1444.0 
 0.953076 1868.0 
 0.953082 1550.0 
 0.953088 1568.0 
 0.953094 1684.0 
 0.953100 1696.0 
 0.953106 1512.0 
 0.953112 1652.0 
 0.953117 1812.0 
 0.953123 1788.0 
 0.953129 1760.0 
 0.953135 1720.0 
 0.953141 1800.0 
 0.953147 1584.0 
 0.953153 1792.0 
 0.953159 1628.0 
 0.953165 1736.0 
 0.953170 1824.0 
 0.953176 1584.0 
 0.953182 1684.0 
 0.953188 2144.0 
 0.953194 1760.0 
 0.953200 1764.0 
 0.953206 1852.0 
 0.953212 1848.0 
 0.953218 1824.0 
 0.953224 1864.0 
 0.953229 1900.0 
 0.953235 1520.0 
 0.953241 1776.0 
 0.953247 1864.0 
 0.953253 1672.0 
 0.953259 1584.0 
 0.953265 1632.0 
 0.953271 1948.0 
 0.953277 1796.0 
 0.953282 1328.0 
 0.953288 1816.0 
 0.953294 1972.0 
 0.953300 1800.0 
 0.953306 1768.0 
 0.953312 1696.0 
 0.953318 1676.0 
 0.953324 1712.0 
 0.953330 1676.0 
 0.953336 1896.0 
 0.953341 1584.0 
 0.953347 1720.0 
 0.953353 1692.0 
 0.953359 1652.0 
 0.953365 1752.0 
 0.953371 1704.0 
 0.953377 1600.0 
 0.953383 1484.0 
 0.953389 1452.0 
 0.953395 1660.0 
 0.953400 1640.0 
 0.953406 1620.0 
 0.953412 1688.0 
 0.953418 1836.0 
 0.953424 1872.0 
 0.953430 1528.0 
 0.953436 1716.0 
 0.953442 1748.0 
 0.953448 2064.0 
 0.953453 1652.0 
 0.953459 1564.0 
 0.953465 1712.0 
 0.953471 1824.0 
 0.953477 1488.0 
 0.953483 1880.0 
 0.953489 1880.0 
 0.953495 1564.0 
 0.953501 1412.0 
 0.953507 1338.0 
 0.953512 1604.0 
 0.953518 1472.0 
 0.953524 1560.0 
 0.953530 1456.0 
 0.953536 1528.0 
 0.953542 1760.0 
 0.953548 1752.0 
 0.953554 1784.0 
 0.953560 1648.0 
 0.953565 1836.0 
 0.953571 1812.0 
 0.953577 1756.0 
 0.953583 1904.0 
 0.953589 1688.0 
 0.953595 1844.0 
 0.953601 1824.0 
 0.953607 1780.0 
 0.953613 1820.0 
 0.953619 2000.0 
 0.953624 1428.0 
 0.953630 1968.0 
 0.953636 1928.0 
 0.953642 2036.0 
 0.953648 1668.0 
 0.953654 1790.0 
 0.953660 1544.0 
 0.953666 1960.0 
 0.953672 1912.0 
 0.953677 1576.0 
 0.953683 1540.0 
 0.953689 1944.0 
 0.953695 1772.0 
 0.953701 1884.0 
 0.953707 1632.0 
 0.953713 1740.0 
 0.953719 1900.0 
 0.953725 1764.0 
 0.953731 1656.0 
 0.953736 1716.0 
 0.953742 1592.0 
 0.953748 1796.0 
 0.953754 1696.0 
 0.953760 1576.0 
 0.953766 1808.0 
 0.953772 1664.0 
 0.953778 1692.0 
 0.953784 1732.0 
 0.953789 1676.0 
 0.953795 1532.0 
 0.953801 1624.0 
 0.953807 1552.0 
 0.953813 1524.0 
 0.953819 1700.0 
 0.953825 1428.0 
 0.953831 1688.0 
 0.953837 1496.0 
 0.953843 1472.0 
 0.953848 1478.0 
 0.953854 1808.0 
 0.953860 1584.0 
 0.953866 1680.0 
 0.953872 1868.0 
 0.953878 1776.0 
 0.953884 1768.0 
 0.953890 2018.0 
 0.953896 1888.0 
 0.953902 1796.0 
 0.953907 1736.0 
 0.953913 1792.0 
 0.953919 1864.0 
 0.953925 1864.0 
 0.953931 1908.0 
 0.953937 1948.0 
 0.953943 1936.0 
 0.953949 1476.0 
 0.953955 1716.0 
 0.953960 1748.0 
 0.953966 1840.0 
 0.953972 1820.0 
 0.953978 1900.0 
 0.953984 1920.0 
 0.953990 1788.0 
 0.953996 1768.0 
 0.954002 1980.0 
 0.954008 1880.0 
 0.954014 1824.0 
 0.954019 1836.0 
 0.954025 1780.0 
 0.954031 2080.0 
 0.954037 1620.0 
 0.954043 1880.0 
 0.954049 1676.0 
 0.954055 1796.0 
 0.954061 1972.0 
 0.954067 1932.0 
 0.954072 1840.0 
 0.954078 2048.0 
 0.954084 1904.0 
 0.954090 1688.0 
 0.954096 1720.0 
 0.954102 1692.0 
 0.954108 1672.0 
 0.954114 1560.0 
 0.954120 1424.0 
 0.954126 1468.0 
 0.954131 1584.0 
 0.954137 1524.0 
 0.954143 1724.0 
 0.954149 1536.0 
 0.954155 1560.0 
 0.954161 1560.0 
 0.954167 1572.0 
 0.954173 1800.0 
 0.954179 1408.0 
 0.954184 1208.0 
 0.954190 1568.0 
 0.954196 1292.0 
 0.954202 1356.0 
 0.954208 1688.0 
 0.954214 1660.0 
 0.954220 1844.0 
 0.954226 1832.0 
 0.954232 1656.0 
 0.954238 1792.0 
 0.954243 1724.0 
 0.954249 1596.0 
 0.954255 1768.0 
 0.954261 1712.0 
 0.954267 1968.0 
 0.954273 1694.0 
 0.954279 1628.0 
 0.954285 1688.0 
 0.954291 1596.0 
 0.954296 1596.0 
 0.954302 1584.0 
 0.954308 1856.0 
 0.954314 1440.0 
 0.954320 1664.0 
 0.954326 1792.0 
 0.954332 1596.0 
 0.954338 1524.0 
 0.954344 1780.0 
 0.954350 1780.0 
 0.954355 1580.0 
 0.954361 1596.0 
 0.954367 1800.0 
 0.954373 1816.0 
 0.954379 1732.0 
 0.954385 1656.0 
 0.954391 1668.0 
 0.954397 1668.0 
 0.954403 1824.0 
 0.954409 1828.0 
 0.954414 1776.0 
 0.954420 1764.0 
 0.954426 1860.0 
 0.954432 1956.0 
 0.954438 1544.0 
 0.954444 1764.0 
 0.954450 1712.0 
 0.954456 1636.0 
 0.954462 1560.0 
 0.954467 1876.0 
 0.954473 1568.0 
 0.954479 1952.0 
 0.954485 1660.0 
 0.954491 1672.0 
 0.954497 1472.0 
 0.954503 1940.0 
 0.954509 1632.0 
 0.954515 1500.0 
 0.954521 1856.0 
 0.954526 1524.0 
 0.954532 1636.0 
 0.954538 1732.0 
 0.954544 1860.0 
 0.954550 1976.0 
 0.954556 1800.0 
 0.954562 1616.0 
 0.954568 1532.0 
 0.954574 1612.0 
 0.954579 1776.0 
 0.954585 1940.0 
 0.954591 1592.0 
 0.954597 1768.0 
 0.954603 1736.0 
 0.954609 1644.0 
 0.954615 1640.0 
 0.954621 1920.0 
 0.954627 1752.0 
 0.954633 1724.0 
 0.954638 1856.0 
 0.954644 1572.0 
 0.954650 1828.0 
 0.954656 1844.0 
 0.954662 1644.0 
 0.954668 1864.0 
 0.954674 1680.0 
 0.954680 1788.0 
 0.954686 1692.0 
 0.954691 1772.0 
 0.954697 1784.0 
 0.954703 1520.0 
 0.954709 1492.0 
 0.954715 1564.0 
 0.954721 1812.0 
 0.954727 1736.0 
 0.954733 1760.0 
 0.954739 1608.0 
 0.954745 1468.0 
 0.954750 1652.0 
 0.954756 1460.0 
 0.954762 1572.0 
 0.954768 1752.0 
 0.954774 1552.0 
 0.954780 1412.0 
 0.954786 1524.0 
 0.954792 1496.0 
 0.954798 1568.0 
 0.954804 1744.0 
 0.954809 1640.0 
 0.954815 1636.0 
 0.954821 1692.0 
 0.954827 1744.0 
 0.954833 1640.0 
 0.954839 1828.0 
 0.954845 1784.0 
 0.954851 1736.0 
 0.954857 1652.0 
 0.954862 1700.0 
 0.954868 1728.0 
 0.954874 1756.0 
 0.954880 1792.0 
 0.954886 1656.0 
 0.954892 1476.0 
 0.954898 1652.0 
 0.954904 1672.0 
 0.954910 1904.0 
 0.954916 1614.0 
 0.954921 1512.0 
 0.954927 1544.0 
 0.954933 1804.0 
 0.954939 1676.0 
 0.954945 1568.0 
 0.954951 1612.0 
 0.954957 1796.0 
 0.954963 1412.0 
 0.954969 1528.0 
 0.954974 1880.0 
 0.954980 1776.0 
 0.954986 1952.0 
 0.954992 1888.0 
 0.954998 1700.0 
 0.955004 1580.0 
 0.955010 1784.0 
 0.955016 1820.0 
 0.955022 1852.0 
 0.955028 1624.0 
 0.955033 1852.0 
 0.955039 1708.0 
 0.955045 1912.0 
 0.955051 1900.0 
 0.955057 1740.0 
 0.955063 1644.0 
 0.955069 1900.0 
 0.955075 1770.0 
 0.955081 1688.0 
 0.955086 1736.0 
 0.955092 1528.0 
 0.955098 1876.0 
 0.955104 1528.0 
 0.955110 1832.0 
 0.955116 1824.0 
 0.955122 1544.0 
 0.955128 1780.0 
 0.955134 1704.0 
 0.955140 1356.0 
 0.955145 1404.0 
 0.955151 1396.0 
 0.955157 1640.0 
 0.955163 1588.0 
 0.955169 1556.0 
 0.955175 1896.0 
 0.955181 1768.0 
 0.955187 1712.0 
 0.955193 1848.0 
 0.955198 1556.0 
 0.955204 1772.0 
 0.955210 1592.0 
 0.955216 1588.0 
 0.955222 1498.0 
 0.955228 1708.0 
 0.955234 1556.0 
 0.955240 1376.0 
 0.955246 1408.0 
 0.955252 1496.0 
 0.955257 1368.0 
 0.955263 1360.0 
 0.955269 1444.0 
 0.955275 1572.0 
 0.955281 1428.0 
 0.955287 1632.0 
 0.955293 1624.0 
 0.955299 1380.0 
 0.955305 1324.0 
 0.955311 1400.0 
 0.955316 1492.0 
 0.955322 1592.0 
 0.955328 1644.0 
 0.955334 1696.0 
 0.955340 1708.0 
 0.955346 1580.0 
 0.955352 1692.0 
 0.955358 1808.0 
 0.955364 1744.0 
 0.955369 1752.0 
 0.955375 1600.0 
 0.955381 1636.0 
 0.955387 1808.0 
 0.955393 1588.0 
 0.955399 1760.0 
 0.955405 1400.0 
 0.955411 1668.0 
 0.955417 1656.0 
 0.955423 1696.0 
 0.955428 1644.0 
 0.955434 1424.0 
 0.955440 1298.0 
 0.955446 1572.0 
 0.955452 1440.0 
 0.955458 1484.0 
 0.955464 1424.0 
 0.955470 1360.0 
 0.955476 1648.0 
 0.955481 1640.0 
 0.955487 1720.0 
 0.955493 1524.0 
 0.955499 1540.0 
 0.955505 1668.0 
 0.955511 1548.0 
 0.955517 1458.0 
 0.955523 1420.0 
 0.955529 1472.0 
 0.955535 1528.0 
 0.955540 1420.0 
 0.955546 1412.0 
 0.955552 1464.0 
 0.955558 1444.0 
 0.955564 1464.0 
 0.955570 1656.0 
 0.955576 1368.0 
 0.955582 1352.0 
 0.955588 1332.0 
 0.955593 1400.0 
 0.955599 1032.0 
 0.955605 1476.0 
 0.955611 1280.0 
 0.955617 1492.0 
 0.955623 1440.0 
 0.955629 1524.0 
 0.955635 1304.0 
 0.955641 1466.0 
 0.955647 1630.0 
 0.955652 1532.0 
 0.955658 1472.0 
 0.955664 1552.0 
 0.955670 1884.0 
 0.955676 1620.0 
 0.955682 1780.0 
 0.955688 1712.0 
 0.955694 1552.0 
 0.955700 1712.0 
 0.955705 1744.0 
 0.955711 1584.0 
 0.955717 1456.0 
 0.955723 1564.0 
 0.955729 1360.0 
 0.955735 1340.0 
 0.955741 1228.0 
 0.955747 1260.0 
 0.955753 1288.0 
 0.955759 1288.0 
 0.955764 1204.0 
 0.955770 1148.0 
 0.955776 1464.0 
 0.955782 1772.0 
 0.955788 1316.0 
 0.955794 1230.0 
 0.955800 1460.0 
 0.955806 1374.0 
 0.955812 1300.0 
 0.955818 1496.0 
 0.955823 1372.0 
 0.955829 1352.0 
 0.955835 1528.0 
 0.955841 1552.0 
 0.955847 1636.0 
 0.955853 1456.0 
 0.955859 1584.0 
 0.955865 1800.0 
 0.955871 1732.0 
 0.955876 1468.0 
 0.955882 1496.0 
 0.955888 1540.0 
 0.955894 1712.0 
 0.955900 1444.0 
 0.955906 1712.0 
 0.955912 1532.0 
 0.955918 1304.0 
 0.955924 1444.0 
 0.955930 1272.0 
 0.955935 1280.0 
 0.955941 1320.0 
 0.955947 1132.0 
 0.955953 1120.0 
 0.955959 1244.0 
 0.955965 1184.0 
 0.955971 1364.0 
 0.955977 1480.0 
 0.955983 1548.0 
 0.955988 1572.0 
 0.955994 1556.0 
 0.956000 1544.0 
 0.956006 1652.0 
 0.956012 1400.0 
 0.956018 1392.0 
 0.956024 1548.0 
 0.956030 1544.0 
 0.956036 1412.0 
 0.956042 1728.0 
 0.956047 1756.0 
 0.956053 1560.0 
 0.956059 1608.0 
 0.956065 1632.0 
 0.956071 1604.0 
 0.956077 1100.0 
 0.956083 1228.0 
 0.956089 1268.0 
 0.956095 1304.0 
 0.956100 1240.0 
 0.956106 1336.0 
 0.956112 1186.0 
 0.956118 1172.0 
 0.956124 1352.0 
 0.956130 1548.0 
 0.956136 1450.0 
 0.956142 1336.0 
 0.956148 1428.0 
 0.956154 1512.0 
 0.956159 1468.0 
 0.956165 1608.0 
 0.956171 1664.0 
 0.956177 1676.0 
 0.956183 1524.0 
 0.956189 1764.0 
 0.956195 1556.0 
 0.956201 1420.0 
 0.956207 1652.0 
 0.956212 1468.0 
 0.956218 1792.0 
 0.956224 1644.0 
 0.956230 1548.0 
 0.956236 1520.0 
 0.956242 1380.0 
 0.956248 1708.0 
 0.956254 1716.0 
 0.956260 1244.0 
 0.956266 1604.0 
 0.956271 1636.0 
 0.956277 2052.0 
 0.956283 1332.0 
 0.956289 1512.0 
 0.956295 1420.0 
 0.956301 1344.0 
 0.956307 1560.0 
 0.956313 1264.0 
 0.956319 1536.0 
 0.956325 1520.0 
 0.956330 1692.0 
 0.956336 1540.0 
 0.956342 1508.0 
 0.956348 1540.0 
 0.956354 1544.0 
 0.956360 1552.0 
 0.956366 1680.0 
 0.956372 1484.0 
 0.956378 1502.0 
 0.956383 1600.0 
 0.956389 1420.0 
 0.956395 1508.0 
 0.956401 1460.0 
 0.956407 1228.0 
 0.956413 1480.0 
 0.956419 1408.0 
 0.956425 1436.0 
 0.956431 1180.0 
 0.956437 1436.0 
 0.956442 1324.0 
 0.956448 1164.0 
 0.956454 1360.0 
 0.956460 1232.0 
 0.956466 1424.0 
 0.956472 1376.0 
 0.956478 1324.0 
 0.956484 1372.0 
 0.956490 1144.0 
 0.956495 1372.0 
 0.956501 1308.0 
 0.956507 1276.0 
 0.956513 1068.0 
 0.956519 1308.0 
 0.956525 1532.0 
 0.956531 1540.0 
 0.956537 1844.0 
 0.956543 1712.0 
 0.956549 1640.0 
 0.956554 1540.0 
 0.956560 1568.0 
 0.956566 1576.0 
 0.956572 1652.0 
 0.956578 1492.0 
 0.956584 1612.0 
 0.956590 1600.0 
 0.956596 1364.0 
 0.956602 1440.0 
 0.956607 1360.0 
 0.956613 1704.0 
 0.956619 1804.0 
 0.956625 1432.0 
 0.956631 1276.0 
 0.956637 1540.0 
 0.956643 1388.0 
 0.956649 1560.0 
 0.956655 1368.0 
 0.956661 1508.0 
 0.956666 1480.0 
 0.956672 1336.0 
 0.956678 1344.0 
 0.956684 1320.0 
 0.956690 1564.0 
 0.956696 1604.0 
 0.956702 1500.0 
 0.956708 1540.0 
 0.956714 1432.0 
 0.956719 1164.0 
 0.956725 1456.0 
 0.956731 1336.0 
 0.956737 1374.0 
 0.956743 1588.0 
 0.956749 1532.0 
 0.956755 1512.0 
 0.956761 1748.0 
 0.956767 1448.0 
 0.956773 1208.0 
 0.956778 1236.0 
 0.956784 1456.0 
 0.956790 1296.0 
 0.956796 1156.0 
 0.956802 1544.0 
 0.956808 1404.0 
 0.956814 1652.0 
 0.956820 1332.0 
 0.956826 1364.0 
 0.956832 1276.0 
 0.956837 1616.0 
 0.956843 1636.0 
 0.956849 1480.0 
 0.956855 1740.0 
 0.956861 1728.0 
 0.956867 1296.0 
 0.956873 1348.0 
 0.956879 1488.0 
 0.956885 1600.0 
 0.956890 1564.0 
 0.956896 1496.0 
 0.956902 1304.0 
 0.956908 1384.0 
 0.956914 1660.0 
 0.956920 1420.0 
 0.956926 1356.0 
 0.956932 1484.0 
 0.956938 1816.0 
 0.956944 1408.0 
 0.956949 1524.0 
 0.956955 1316.0 
 0.956961 1300.0 
 0.956967 1356.0 
 0.956973 1436.0 
 0.956979 1316.0 
 0.956985 1340.0 
 0.956991 1104.0 
 0.956997 1292.0 
 0.957002 1400.0 
 0.957008 1288.0 
 0.957014 1268.0 
 0.957020 1348.0 
 0.957026 1648.0 
 0.957032 1368.0 
 0.957038 1564.0 
 0.957044 1368.0 
 0.957050 1580.0 
 0.957056 1456.0 
 0.957061 1204.0 
 0.957067 1516.0 
 0.957073 1588.0 
 0.957079 1558.0 
 0.957085 1552.0 
 0.957091 1392.0 
 0.957097 1420.0 
 0.957103 1416.0 
 0.957109 1444.0 
 0.957114 1500.0 
 0.957120 1424.0 
 0.957126 1596.0 
 0.957132 1600.0 
 0.957138 1616.0 
 0.957144 1448.0 
 0.957150 1488.0 
 0.957156 1412.0 
 0.957162 1632.0 
 0.957168 1312.0 
 0.957173 1512.0 
 0.957179 1628.0 
 0.957185 1360.0 
 0.957191 1388.0 
 0.957197 1454.0 
 0.957203 1416.0 
 0.957209 1564.0 
 0.957215 1388.0 
 0.957221 1384.0 
 0.957227 1376.0 
 0.957232 1256.0 
 0.957238 1520.0 
 0.957244 1392.0 
 0.957250 1460.0 
 0.957256 1428.0 
 0.957262 1616.0 
 0.957268 1364.0 
 0.957274 1332.0 
 0.957280 1432.0 
 0.957285 1416.0 
 0.957291 1504.0 
 0.957297 1616.0 
 0.957303 1456.0 
 0.957309 1404.0 
 0.957315 1508.0 
 0.957321 1424.0 
 0.957327 1600.0 
 0.957333 1400.0 
 0.957339 1468.0 
 0.957344 1600.0 
 0.957350 1500.0 
 0.957356 1496.0 
 0.957362 1436.0 
 0.957368 1264.0 
 0.957374 1560.0 
 0.957380 1316.0 
 0.957386 1300.0 
 0.957392 1168.0 
 0.957397 1352.0 
 0.957403 1464.0 
 0.957409 1328.0 
 0.957415 1412.0 
 0.957421 1464.0 
 0.957427 1464.0 
 0.957433 1244.0 
 0.957439 1312.0 
 0.957445 1528.0 
 0.957451 1424.0 
 0.957456 1424.0 
 0.957462 1604.0 
 0.957468 1362.0 
 0.957474 1332.0 
 0.957480 1300.0 
 0.957486 1372.0 
 0.957492 1308.0 
 0.957498 1532.0 
 0.957504 1476.0 
 0.957509 1516.0 
 0.957515 1556.0 
 0.957521 1420.0 
 0.957527 1332.0 
 0.957533 1480.0 
 0.957539 1216.0 
 0.957545 1416.0 
 0.957551 1440.0 
 0.957557 1212.0 
 0.957563 1324.0 
 0.957568 1656.0 
 0.957574 1248.0 
 0.957580 1098.0 
 0.957586 1312.0 
 0.957592 1312.0 
 0.957598 1644.0 
 0.957604 1552.0 
 0.957610 1332.0 
 0.957616 1356.0 
 0.957621 1540.0 
 0.957627 1532.0 
 0.957633 1452.0 
 0.957639 1424.0 
 0.957645 1324.0 
 0.957651 1204.0 
 0.957657 1472.0 
 0.957663 1332.0 
 0.957669 1242.0 
 0.957675 1148.0 
 0.957680 1300.0 
 0.957686 1108.0 
 0.957692 948.0 
 0.957698 1336.0 
 0.957704 1252.0 
 0.957710 1204.0 
 0.957716 1118.0 
 0.957722 1164.0 
 0.957728 1128.0 
 0.957734 1178.0 
 0.957739 1124.0 
 0.957745 1062.0 
 0.957751 1120.0 
 0.957757 1112.0 
 0.957763 1180.0 
 0.957769 1306.0 
 0.957775 1392.0 
 0.957781 1376.0 
 0.957787 1476.0 
 0.957792 1412.0 
 0.957798 1276.0 
 0.957804 1316.0 
 0.957810 1424.0 
 0.957816 1284.0 
 0.957822 1404.0 
 0.957828 1332.0 
 0.957834 1416.0 
 0.957840 1456.0 
 0.957846 1188.0 
 0.957851 1428.0 
 0.957857 1320.0 
 0.957863 1364.0 
 0.957869 1376.0 
 0.957875 1204.0 
 0.957881 1452.0 
 0.957887 1428.0 
 0.957893 1300.0 
 0.957899 1444.0 
 0.957904 1328.0 
 0.957910 1374.0 
 0.957916 1448.0 
 0.957922 1588.0 
 0.957928 1420.0 
 0.957934 1402.0 
 0.957940 1446.0 
 0.957946 1352.0 
 0.957952 1480.0 
 0.957958 1400.0 
 0.957963 1404.0 
 0.957969 1472.0 
 0.957975 1424.0 
 0.957981 1236.0 
 0.957987 1364.0 
 0.957993 1488.0 
 0.957999 1404.0 
 0.958005 1428.0 
 0.958011 1532.0 
 0.958016 1228.0 
 0.958022 1384.0 
 0.958028 1344.0 
 0.958034 1456.0 
 0.958040 1500.0 
 0.958046 1324.0 
 0.958052 1064.0 
 0.958058 1368.0 
 0.958064 1416.0 
 0.958070 1272.0 
 0.958075 1420.0 
 0.958081 1228.0 
 0.958087 1208.0 
 0.958093 1324.0 
 0.958099 1376.0 
 0.958105 1396.0 
 0.958111 1156.0 
 0.958117 1452.0 
 0.958123 1544.0 
 0.958128 1428.0 
 0.958134 1348.0 
 0.958140 1424.0 
 0.958146 1460.0 
 0.958152 1640.0 
 0.958158 1524.0 
 0.958164 1640.0 
 0.958170 1340.0 
 0.958176 1340.0 
 0.958182 1292.0 
 0.958187 1396.0 
 0.958193 1318.0 
 0.958199 1384.0 
 0.958205 1008.0 
 0.958211 1300.0 
 0.958217 1116.0 
 0.958223 1376.0 
 0.958229 1300.0 
 0.958235 1348.0 
 0.958241 1348.0 
 0.958246 1544.0 
 0.958252 1324.0 
 0.958258 1476.0 
 0.958264 1220.0 
 0.958270 1112.0 
 0.958276 1300.0 
 0.958282 1312.0 
 0.958288 1444.0 
 0.958294 1364.0 
 0.958299 1396.0 
 0.958305 1504.0 
 0.958311 1326.0 
 0.958317 1456.0 
 0.958323 1532.0 
 0.958329 1364.0 
 0.958335 1476.0 
 0.958341 1432.0 
 0.958347 1528.0 
 0.958353 1192.0 
 0.958358 1352.0 
 0.958364 1468.0 
 0.958370 1256.0 
 0.958376 1208.0 
 0.958382 1356.0 
 0.958388 1280.0 
 0.958394 1520.0 
 0.958400 1432.0 
 0.958406 1208.0 
 0.958411 1264.0 
 0.958417 1228.0 
 0.958423 1388.0 
 0.958429 1364.0 
 0.958435 1344.0 
 0.958441 1384.0 
 0.958447 1460.0 
 0.958453 1396.0 
 0.958459 1094.0 
 0.958465 1352.0 
 0.958470 1456.0 
 0.958476 1274.0 
 0.958482 1336.0 
 0.958488 1224.0 
 0.958494 1240.0 
 0.958500 1268.0 
 0.958506 1472.0 
 0.958512 1100.0 
 0.958518 1228.0 
 0.958523 1328.0 
 0.958529 1424.0 
 0.958535 1060.0 
 0.958541 1132.0 
 0.958547 1298.0 
 0.958553 1160.0 
 0.958559 1188.0 
 0.958565 1088.0 
 0.958571 1252.0 
 0.958577 904.0 
 0.958582 1164.0 
 0.958588 1228.0 
 0.958594 1244.0 
 0.958600 980.0 
 0.958606 1220.0 
 0.958612 1116.0 
 0.958618 1196.0 
 0.958624 1208.0 
 0.958630 1128.0 
 0.958635 1212.0 
 0.958641 1010.0 
 0.958647 1064.0 
 0.958653 1196.0 
 0.958659 924.0 
 0.958665 1456.0 
 0.958671 1210.0 
 0.958677 1482.0 
 0.958683 1320.0 
 0.958689 1054.0 
 0.958694 1664.0 
 0.958700 1504.0 
 0.958706 1328.0 
 0.958712 1144.0 
 0.958718 1364.0 
 0.958724 1360.0 
 0.958730 1188.0 
 0.958736 1070.0 
 0.958742 1112.0 
 0.958748 1236.0 
 0.958753 1448.0 
 0.958759 1228.0 
 0.958765 1382.0 
 0.958771 1248.0 
 0.958777 1180.0 
 0.958783 1260.0 
 0.958789 1164.0 
 0.958795 1164.0 
 0.958801 1232.0 
 0.958806 1180.0 
 0.958812 1282.0 
 0.958818 1428.0 
 0.958824 1360.0 
 0.958830 1436.0 
 0.958836 1284.0 
 0.958842 1520.0 
 0.958848 1468.0 
 0.958854 1306.0 
 0.958860 1336.0 
 0.958865 1316.0 
 0.958871 1328.0 
 0.958877 1204.0 
 0.958883 1308.0 
 0.958889 1472.0 
 0.958895 1284.0 
 0.958901 1278.0 
 0.958907 1240.0 
 0.958913 1336.0 
 0.958918 1200.0 
 0.958924 1360.0 
 0.958930 1484.0 
 0.958936 1212.0 
 0.958942 1404.0 
 0.958948 1444.0 
 0.958954 1308.0 
 0.958960 1156.0 
 0.958966 1476.0 
 0.958972 1164.0 
 0.958977 1200.0 
 0.958983 1520.0 
 0.958989 1328.0 
 0.958995 1276.0 
 0.959001 1152.0 
 0.959007 1416.0 
 0.959013 1262.0 
 0.959019 1312.0 
 0.959025 1256.0 
 0.959030 1172.0 
 0.959036 1288.0 
 0.959042 1264.0 
 0.959048 1520.0 
 0.959054 1408.0 
 0.959060 1072.0 
 0.959066 1360.0 
 0.959072 1104.0 
 0.959078 1284.0 
 0.959084 876.0 
 0.959089 1396.0 
 0.959095 1172.0 
 0.959101 1388.0 
 0.959107 1414.0 
 0.959113 1220.0 
 0.959119 1348.0 
 0.959125 1360.0 
 0.959131 1464.0 
 0.959137 1456.0 
 0.959142 1372.0 
 0.959148 1372.0 
 0.959154 1536.0 
 0.959160 998.0 
 0.959166 1252.0 
 0.959172 1396.0 
 0.959178 1308.0 
 0.959184 1408.0 
 0.959190 1692.0 
 0.959196 1328.0 
 0.959201 1248.0 
 0.959207 1246.0 
 0.959213 1548.0 
 0.959219 1280.0 
 0.959225 1356.0 
 0.959231 1256.0 
 0.959237 1264.0 
 0.959243 1240.0 
 0.959249 1392.0 
 0.959255 1400.0 
 0.959260 1248.0 
 0.959266 1256.0 
 0.959272 1448.0 
 0.959278 1200.0 
 0.959284 1444.0 
 0.959290 1384.0 
 0.959296 1248.0 
 0.959302 1292.0 
 0.959308 1216.0 
 0.959313 1260.0 
 0.959319 1288.0 
 0.959325 1216.0 
 0.959331 1424.0 
 0.959337 1364.0 
 0.959343 1492.0 
 0.959349 1196.0 
 0.959355 1524.0 
 0.959361 1272.0 
 0.959367 1264.0 
 0.959372 1232.0 
 0.959378 1308.0 
 0.959384 1404.0 
 0.959390 1240.0 
 0.959396 972.0 
 0.959402 1272.0 
 0.959408 1460.0 
 0.959414 1408.0 
 0.959420 1276.0 
 0.959425 1332.0 
 0.959431 1264.0 
 0.959437 1220.0 
 0.959443 1224.0 
 0.959449 1492.0 
 0.959455 1046.0 
 0.959461 1196.0 
 0.959467 1284.0 
 0.959473 1340.0 
 0.959479 1368.0 
 0.959484 1312.0 
 0.959490 1540.0 
 0.959496 1278.0 
 0.959502 1544.0 
 0.959508 1228.0 
 0.959514 1308.0 
 0.959520 1228.0 
 0.959526 1524.0 
 0.959532 1368.0 
 0.959537 1628.0 
 0.959543 1276.0 
 0.959549 1224.0 
 0.959555 1336.0 
 0.959561 1222.0 
 0.959567 1312.0 
 0.959573 1268.0 
 0.959579 1512.0 
 0.959585 1288.0 
 0.959591 1300.0 
 0.959596 1120.0 
 0.959602 1236.0 
 0.959608 1226.0 
 0.959614 1140.0 
 0.959620 1196.0 
 0.959626 1316.0 
 0.959632 1212.0 
 0.959638 1182.0 
 0.959644 1080.0 
 0.959649 1244.0 
 0.959655 1348.0 
 0.959661 1356.0 
 0.959667 1268.0 
 0.959673 1132.0 
 0.959679 1196.0 
 0.959685 1186.0 
 0.959691 1120.0 
 0.959697 1432.0 
 0.959703 1232.0 
 0.959708 1232.0 
 0.959714 1172.0 
 0.959720 1384.0 
 0.959726 1260.0 
 0.959732 1386.0 
 0.959738 1172.0 
 0.959744 1280.0 
 0.959750 1444.0 
 0.959756 1100.0 
 0.959762 1320.0 
 0.959767 1180.0 
 0.959773 1276.0 
 0.959779 1508.0 
 0.959785 1248.0 
 0.959791 1252.0 
 0.959797 1238.0 
 0.959803 1168.0 
 0.959809 1436.0 
 0.959815 1244.0 
 0.959820 1152.0 
 0.959826 1360.0 
 0.959832 1244.0 
 0.959838 1572.0 
 0.959844 1516.0 
 0.959850 1300.0 
 0.959856 1118.0 
 0.959862 1188.0 
 0.959868 1020.0 
 0.959874 1404.0 
 0.959879 1028.0 
 0.959885 1224.0 
 0.959891 1200.0 
 0.959897 1136.0 
 0.959903 1116.0 
 0.959909 1204.0 
 0.959915 1172.0 
 0.959921 1360.0 
 0.959927 1270.0 
 0.959932 1212.0 
 0.959938 1240.0 
 0.959944 1008.0 
 0.959950 924.0 
 0.959956 1220.0 
 0.959962 1140.0 
 0.959968 876.0 
 0.959974 1108.0 
 0.959980 1148.0 
 0.959986 1076.0 
 0.959991 1002.0 
 0.959997 1140.0 
 0.960003 1132.0 
 0.960009 1020.0 
 0.960015 1136.0 
 0.960021 1036.0 
 0.960027 1080.0 
 0.960033 1296.0 
 0.960039 1000.0 
 0.960044 1308.0 
 0.960050 1236.0 
 0.960056 1056.0 
 0.960062 1106.0 
 0.960068 1472.0 
 0.960074 1484.0 
 0.960080 1096.0 
 0.960086 1224.0 
 0.960092 1296.0 
 0.960098 1236.0 
 0.960103 1432.0 
 0.960109 1208.0 
 0.960115 1292.0 
 0.960121 1300.0 
 0.960127 1036.0 
 0.960133 1160.0 
 0.960139 1304.0 
 0.960145 1168.0 
 0.960151 1296.0 
 0.960157 1212.0 
 0.960162 1160.0 
 0.960168 1252.0 
 0.960174 1236.0 
 0.960180 1192.0 
 0.960186 1136.0 
 0.960192 1178.0 
 0.960198 1220.0 
 0.960204 1282.0 
 0.960210 1262.0 
 0.960215 1188.0 
 0.960221 1030.0 
 0.960227 1164.0 
 0.960233 1252.0 
 0.960239 1208.0 
 0.960245 1216.0 
 0.960251 1062.0 
 0.960257 1104.0 
 0.960263 1128.0 
 0.960269 1236.0 
 0.960274 1164.0 
 0.960280 1044.0 
 0.960286 1224.0 
 0.960292 1204.0 
 0.960298 1074.0 
 0.960304 1206.0 
 0.960310 1552.0 
 0.960316 1376.0 
 0.960322 1204.0 
 0.960327 1216.0 
 0.960333 1256.0 
 0.960339 1396.0 
 0.960345 1096.0 
 0.960351 1092.0 
 0.960357 1184.0 
 0.960363 1160.0 
 0.960369 1296.0 
 0.960375 1072.0 
 0.960381 1126.0 
 0.960386 990.0 
 0.960392 864.0 
 0.960398 1084.0 
 0.960404 1056.0 
 0.960410 1144.0 
 0.960416 1180.0 
 0.960422 1216.0 
 0.960428 1096.0 
 0.960434 1132.0 
 0.960439 1136.0 
 0.960445 1152.0 
 0.960451 1176.0 
 0.960457 1140.0 
 0.960463 1272.0 
 0.960469 1036.0 
 0.960475 1132.0 
 0.960481 1164.0 
 0.960487 1036.0 
 0.960493 1092.0 
 0.960498 1216.0 
 0.960504 1264.0 
 0.960510 1140.0 
 0.960516 1280.0 
 0.960522 960.0 
 0.960528 916.0 
 0.960534 888.0 
 0.960540 1104.0 
 0.960546 1008.0 
 0.960551 1014.0 
 0.960557 1152.0 
 0.960563 1168.0 
 0.960569 1160.0 
 0.960575 1336.0 
 0.960581 1136.0 
 0.960587 1284.0 
 0.960593 1138.0 
 0.960599 1036.0 
 0.960605 1224.0 
 0.960610 1212.0 
 0.960616 1568.0 
 0.960622 1280.0 
 0.960628 1116.0 
 0.960634 1196.0 
 0.960640 1240.0 
 0.960646 1080.0 
 0.960652 1158.0 
 0.960658 1136.0 
 0.960664 1088.0 
 0.960669 1240.0 
 0.960675 1150.0 
 0.960681 1294.0 
 0.960687 1320.0 
 0.960693 1216.0 
 0.960699 1240.0 
 0.960705 1304.0 
 0.960711 1304.0 
 0.960717 1228.0 
 0.960722 1188.0 
 0.960728 1136.0 
 0.960734 1114.0 
 0.960740 1180.0 
 0.960746 1280.0 
 0.960752 908.0 
 0.960758 1164.0 
 0.960764 1040.0 
 0.960770 1128.0 
 0.960776 1278.0 
 0.960781 1192.0 
 0.960787 1172.0 
 0.960793 1160.0 
 0.960799 1160.0 
 0.960805 1160.0 
 0.960811 1368.0 
 0.960817 1116.0 
 0.960823 1152.0 
 0.960829 1360.0 
 0.960834 1156.0 
 0.960840 1088.0 
 0.960846 1292.0 
 0.960852 1270.0 
 0.960858 1236.0 
 0.960864 1352.0 
 0.960870 1320.0 
 0.960876 1148.0 
 0.960882 1326.0 
 0.960888 1236.0 
 0.960893 1506.0 
 0.960899 1368.0 
 0.960905 1420.0 
 0.960911 1336.0 
 0.960917 1156.0 
 0.960923 1456.0 
 0.960929 1076.0 
 0.960935 1344.0 
 0.960941 1368.0 
 0.960946 1276.0 
 0.960952 1200.0 
 0.960958 1540.0 
 0.960964 1444.0 
 0.960970 1188.0 
 0.960976 1300.0 
 0.960982 1472.0 
 0.960988 1350.0 
 0.960994 968.0 
 0.961000 1158.0 
 0.961005 1420.0 
 0.961011 1240.0 
 0.961017 1292.0 
 0.961023 1292.0 
 0.961029 1106.0 
 0.961035 1292.0 
 0.961041 1240.0 
 0.961047 1604.0 
 0.961053 1196.0 
 0.961058 1268.0 
 0.961064 1312.0 
 0.961070 1288.0 
 0.961076 1124.0 
 0.961082 1100.0 
 0.961088 1356.0 
 0.961094 1160.0 
 0.961100 988.0 
 0.961106 1140.0 
 0.961112 1078.0 
 0.961117 1260.0 
 0.961123 1252.0 
 0.961129 964.0 
 0.961135 1192.0 
 0.961141 1144.0 
 0.961147 1164.0 
 0.961153 1540.0 
 0.961159 1332.0 
 0.961165 1208.0 
 0.961171 1328.0 
 0.961176 1044.0 
 0.961182 1292.0 
 0.961188 1176.0 
 0.961194 1308.0 
 0.961200 1292.0 
 0.961206 1154.0 
 0.961212 1308.0 
 0.961218 1364.0 
 0.961224 1168.0 
 0.961229 1464.0 
 0.961235 1112.0 
 0.961241 1096.0 
 0.961247 1424.0 
 0.961253 1408.0 
 0.961259 1180.0 
 0.961265 1172.0 
 0.961271 1156.0 
 0.961277 968.0 
 0.961283 1278.0 
 0.961288 1400.0 
 0.961294 1436.0 
 0.961300 1264.0 
 0.961306 1378.0 
 0.961312 1284.0 
 0.961318 1320.0 
 0.961324 1092.0 
 0.961330 1316.0 
 0.961336 1348.0 
 0.961341 1420.0 
 0.961347 1144.0 
 0.961353 1260.0 
 0.961359 1312.0 
 0.961365 1256.0 
 0.961371 1174.0 
 0.961377 1190.0 
 0.961383 1140.0 
 0.961389 1476.0 
 0.961395 1284.0 
 0.961400 1344.0 
 0.961406 1324.0 
 0.961412 1030.0 
 0.961418 1184.0 
 0.961424 878.0 
 0.961430 932.0 
 0.961436 1126.0 
 0.961442 1384.0 
 0.961448 1508.0 
 0.961453 1236.0 
 0.961459 1236.0 
 0.961465 1404.0 
 0.961471 1332.0 
 0.961477 1144.0 
 0.961483 1268.0 
 0.961489 1196.0 
 0.961495 1236.0 
 0.961501 1304.0 
 0.961507 1052.0 
 0.961512 1464.0 
 0.961518 1412.0 
 0.961524 1156.0 
 0.961530 1204.0 
 0.961536 1244.0 
 0.961542 1268.0 
 0.961548 1336.0 
 0.961554 1272.0 
 0.961560 1512.0 
 0.961565 1340.0 
 0.961571 1432.0 
 0.961577 1164.0 
 0.961583 1112.0 
 0.961589 1224.0 
 0.961595 1244.0 
 0.961601 1256.0 
 0.961607 1444.0 
 0.961613 1380.0 
 0.961619 1206.0 
 0.961624 1460.0 
 0.961630 1180.0 
 0.961636 1080.0 
 0.961642 1344.0 
 0.961648 1512.0 
 0.961654 1308.0 
 0.961660 1162.0 
 0.961666 1128.0 
 0.961672 1440.0 
 0.961678 1408.0 
 0.961683 1372.0 
 0.961689 1264.0 
 0.961695 1604.0 
 0.961701 1372.0 
 0.961707 1388.0 
 0.961713 1452.0 
 0.961719 1344.0 
 0.961725 1324.0 
 0.961731 1264.0 
 0.961736 1268.0 
 0.961742 1188.0 
 0.961748 1308.0 
 0.961754 1290.0 
 0.961760 1252.0 
 0.961766 1196.0 
 0.961772 1410.0 
 0.961778 1256.0 
 0.961784 1296.0 
 0.961790 1368.0 
 0.961795 1368.0 
 0.961801 1260.0 
 0.961807 1248.0 
 0.961813 1388.0 
 0.961819 1548.0 
 0.961825 1264.0 
 0.961831 1408.0 
 0.961837 1084.0 
 0.961843 1248.0 
 0.961848 1224.0 
 0.961854 1424.0 
 0.961860 1344.0 
 0.961866 1188.0 
 0.961872 1432.0 
 0.961878 1428.0 
 0.961884 1484.0 
 0.961890 1218.0 
 0.961896 1252.0 
 0.961902 1252.0 
 0.961907 1256.0 
 0.961913 1440.0 
 0.961919 1672.0 
 0.961925 1440.0 
 0.961931 1524.0 
 0.961937 1628.0 
 0.961943 1416.0 
 0.961949 1334.0 
 0.961955 1068.0 
 0.961960 1340.0 
 0.961966 1388.0 
 0.961972 1278.0 
 0.961978 1352.0 
 0.961984 1324.0 
 0.961990 1112.0 
 0.961996 1128.0 
 0.962002 1308.0 
 0.962008 1470.0 
 0.962014 1054.0 
 0.962019 1300.0 
 0.962025 1394.0 
 0.962031 1314.0 
 0.962037 1356.0 
 0.962043 1420.0 
 0.962049 1460.0 
 0.962055 1392.0 
 0.962061 1400.0 
 0.962067 1436.0 
 0.962072 1272.0 
 0.962078 1374.0 
 0.962084 1220.0 
 0.962090 1620.0 
 0.962096 1408.0 
 0.962102 1548.0 
 0.962108 1248.0 
 0.962114 1192.0 
 0.962120 1388.0 
 0.962126 1388.0 
 0.962131 1352.0 
 0.962137 1498.0 
 0.962143 1224.0 
 0.962149 1452.0 
 0.962155 1296.0 
 0.962161 1604.0 
 0.962167 1488.0 
 0.962173 1500.0 
 0.962179 1604.0 
 0.962185 1488.0 
 0.962190 1448.0 
 0.962196 1408.0 
 0.962202 1332.0 
 0.962208 1166.0 
 0.962214 1328.0 
 0.962220 1528.0 
 0.962226 1250.0 
 0.962232 1296.0 
 0.962238 1276.0 
 0.962243 1400.0 
 0.962249 1560.0 
 0.962255 1376.0 
 0.962261 1548.0 
 0.962267 1500.0 
 0.962273 1388.0 
 0.962279 1648.0 
 0.962285 1280.0 
 0.962291 1368.0 
 0.962297 1452.0 
 0.962302 1540.0 
 0.962308 1448.0 
 0.962314 1382.0 
 0.962320 1532.0 
 0.962326 1304.0 
 0.962332 1512.0 
 0.962338 1624.0 
 0.962344 1236.0 
 0.962350 1588.0 
 0.962355 1328.0 
 0.962361 1508.0 
 0.962367 1524.0 
 0.962373 1292.0 
 0.962379 1572.0 
 0.962385 1468.0 
 0.962391 1896.0 
 0.962397 1326.0 
 0.962403 1648.0 
 0.962409 1720.0 
 0.962414 1960.0 
 0.962420 1568.0 
 0.962426 1364.0 
 0.962432 1484.0 
 0.962438 1504.0 
 0.962444 1534.0 
 0.962450 1620.0 
 0.962456 1972.0 
 0.962462 1268.0 
 0.962467 1572.0 
 0.962473 1610.0 
 0.962479 1468.0 
 0.962485 1456.0 
 0.962491 1572.0 
 0.962497 1608.0 
 0.962503 1516.0 
 0.962509 1772.0 
 0.962515 1796.0 
 0.962521 1406.0 
 0.962526 1360.0 
 0.962532 1432.0 
 0.962538 1684.0 
 0.962544 1346.0 
 0.962550 1700.0 
 0.962556 1460.0 
 0.962562 1572.0 
 0.962568 1616.0 
 0.962574 1622.0 
 0.962579 1816.0 
 0.962585 1744.0 
 0.962591 1510.0 
 0.962597 1704.0 
 0.962603 1496.0 
 0.962609 1384.0 
 0.962615 1468.0 
 0.962621 1276.0 
 0.962627 1408.0 
 0.962633 1436.0 
 0.962638 1200.0 
 0.962644 1296.0 
 0.962650 1508.0 
 0.962656 1674.0 
 0.962662 1960.0 
 0.962668 1740.0 
 0.962674 1540.0 
 0.962680 1504.0 
 0.962686 1792.0 
 0.962692 1568.0 
 0.962697 1552.0 
 0.962703 1804.0 
 0.962709 1636.0 
 0.962715 1552.0 
 0.962721 1792.0 
 0.962727 1676.0 
 0.962733 1712.0 
 0.962739 1640.0 
 0.962745 1456.0 
 0.962750 2136.0 
 0.962756 1672.0 
 0.962762 1504.0 
 0.962768 1624.0 
 0.962774 1800.0 
 0.962780 1772.0 
 0.962786 1668.0 
 0.962792 1724.0 
 0.962798 1760.0 
 0.962804 2016.0 
 0.962809 1700.0 
 0.962815 1832.0 
 0.962821 1764.0 
 0.962827 1638.0 
 0.962833 1700.0 
 0.962839 1904.0 
 0.962845 1860.0 
 0.962851 1630.0 
 0.962857 1630.0 
 0.962862 1782.0 
 0.962868 1828.0 
 0.962874 2044.0 
 0.962880 1780.0 
 0.962886 1732.0 
 0.962892 1484.0 
 0.962898 1672.0 
 0.962904 1844.0 
 0.962910 1824.0 
 0.962916 1920.0 
 0.962921 1796.0 
 0.962927 1802.0 
 0.962933 1804.0 
 0.962939 1656.0 
 0.962945 1856.0 
 0.962951 2044.0 
 0.962957 1678.0 
 0.962963 2136.0 
 0.962969 2040.0 
 0.962974 2016.0 
 0.962980 1996.0 
 0.962986 2016.0 
 0.962992 1568.0 
 0.962998 1920.0 
 0.963004 1944.0 
 0.963010 1896.0 
 0.963016 1672.0 
 0.963022 1992.0 
 0.963028 1704.0 
 0.963033 2148.0 
 0.963039 1800.0 
 0.963045 2016.0 
 0.963051 1704.0 
 0.963057 1560.0 
 0.963063 1632.0 
 0.963069 1896.0 
 0.963075 1840.0 
 0.963081 1796.0 
 0.963087 2264.0 
 0.963092 1900.0 
 0.963098 2080.0 
 0.963104 1816.0 
 0.963110 1996.0 
 0.963116 1928.0 
 0.963122 1758.0 
 0.963128 2008.0 
 0.963134 1736.0 
 0.963140 1860.0 
 0.963145 2340.0 
 0.963151 2020.0 
 0.963157 1812.0 
 0.963163 1740.0 
 0.963169 2108.0 
 0.963175 2006.0 
 0.963181 2124.0 
 0.963187 1828.0 
 0.963193 2286.0 
 0.963199 2024.0 
 0.963204 2004.0 
 0.963210 1884.0 
 0.963216 2012.0 
 0.963222 1908.0 
 0.963228 2360.0 
 0.963234 1812.0 
 0.963240 2164.0 
 0.963246 2032.0 
 0.963252 2212.0 
 0.963257 1884.0 
 0.963263 1624.0 
 0.963269 2148.0 
 0.963275 2140.0 
 0.963281 2032.0 
 0.963287 2136.0 
 0.963293 2092.0 
 0.963299 2228.0 
 0.963305 2036.0 
 0.963311 2132.0 
 0.963316 2372.0 
 0.963322 2224.0 
 0.963328 2324.0 
 0.963334 2308.0 
 0.963340 2244.0 
 0.963346 2236.0 
 0.963352 2260.0 
 0.963358 2164.0 
 0.963364 2364.0 
 0.963369 2388.0 
 0.963375 2124.0 
 0.963381 2480.0 
 0.963387 2300.0 
 0.963393 2380.0 
 0.963399 2424.0 
 0.963405 2188.0 
 0.963411 2484.0 
 0.963417 2224.0 
 0.963423 2228.0 
 0.963428 2584.0 
 0.963434 2452.0 
 0.963440 2340.0 
 0.963446 2396.0 
 0.963452 2388.0 
 0.963458 2548.0 
 0.963464 2332.0 
 0.963470 2258.0 
 0.963476 2380.0 
 0.963481 2504.0 
 0.963487 2532.0 
 0.963493 2740.0 
 0.963499 2528.0 
 0.963505 2500.0 
 0.963511 2448.0 
 0.963517 2540.0 
 0.963523 2448.0 
 0.963529 2480.0 
 0.963535 2664.0 
 0.963540 2576.0 
 0.963546 2332.0 
 0.963552 2156.0 
 0.963558 2544.0 
 0.963564 2432.0 
 0.963570 2588.0 
 0.963576 2600.0 
 0.963582 2800.0 
 0.963588 2436.0 
 0.963594 2812.0 
 0.963599 2836.0 
 0.963605 2924.0 
 0.963611 2548.0 
 0.963617 2648.0 
 0.963623 2580.0 
 0.963629 2516.0 
 0.963635 2956.0 
 0.963641 2652.0 
 0.963647 2804.0 
 0.963652 2224.0 
 0.963658 2228.0 
 0.963664 2460.0 
 0.963670 2876.0 
 0.963676 2652.0 
 0.963682 2704.0 
 0.963688 2848.0 
 0.963694 2580.0 
 0.963700 2576.0 
 0.963706 2592.0 
 0.963711 2506.0 
 0.963717 2672.0 
 0.963723 2816.0 
 0.963729 2888.0 
 0.963735 2796.0 
 0.963741 2792.0 
 0.963747 2832.0 
 0.963753 2816.0 
 0.963759 2832.0 
 0.963764 3000.0 
 0.963770 3140.0 
 0.963776 2752.0 
 0.963782 2540.0 
 0.963788 3320.0 
 0.963794 3176.0 
 0.963800 3068.0 
 0.963806 2972.0 
 0.963812 3252.0 
 0.963818 2868.0 
 0.963823 3036.0 
 0.963829 2872.0 
 0.963835 2552.0 
 0.963841 2680.0 
 0.963847 3536.0 
 0.963853 2532.0 
 0.963859 3248.0 
 0.963865 3240.0 
 0.963871 2800.0 
 0.963876 3484.0 
 0.963882 3148.0 
 0.963888 2468.0 
 0.963894 3016.0 
