 0.916884 1000.0 
 0.916890 1184.0 
 0.916895 1202.0 
 0.916901 1180.0 
 0.916906 1026.0 
 0.916912 1304.0 
 0.916917 1076.0 
 0.916923 1268.0 
 0.916929 1188.0 
 0.916934 1528.0 
 0.916940 1276.0 
 0.916945 1208.0 
 0.916951 1276.0 
 0.916956 1356.0 
 0.916962 1140.0 
 0.916967 1264.0 
 0.916973 1248.0 
 0.916978 1148.0 
 0.916984 1144.0 
 0.916989 1260.0 
 0.916995 940.0 
 0.917000 1244.0 
 0.917006 1124.0 
 0.917011 1282.0 
 0.917017 1174.0 
 0.917022 1224.0 
 0.917028 1188.0 
 0.917033 1312.0 
 0.917039 1294.0 
 0.917044 1068.0 
 0.917050 1228.0 
 0.917055 1016.0 
 0.917061 1262.0 
 0.917066 1364.0 
 0.917072 1154.0 
 0.917077 1360.0 
 0.917083 1260.0 
 0.917088 1184.0 
 0.917094 1348.0 
 0.917099 1160.0 
 0.917105 1244.0 
 0.917111 1188.0 
 0.917116 1172.0 
 0.917122 1396.0 
 0.917127 1304.0 
 0.917133 1612.0 
 0.917138 1376.0 
 0.917144 1150.0 
 0.917149 1372.0 
 0.917155 1286.0 
 0.917160 1208.0 
 0.917166 1256.0 
 0.917171 1168.0 
 0.917177 1224.0 
 0.917182 1268.0 
 0.917188 1316.0 
 0.917193 1160.0 
 0.917199 1144.0 
 0.917204 1444.0 
 0.917210 1244.0 
 0.917215 1212.0 
 0.917221 1180.0 
 0.917226 1200.0 
 0.917232 1076.0 
 0.917237 1488.0 
 0.917243 1180.0 
 0.917248 1228.0 
 0.917254 1368.0 
 0.917259 1380.0 
 0.917265 1272.0 
 0.917270 1204.0 
 0.917276 1484.0 
 0.917281 1268.0 
 0.917287 1328.0 
 0.917293 1200.0 
 0.917298 1396.0 
 0.917304 1236.0 
 0.917309 1224.0 
 0.917315 1244.0 
 0.917320 1312.0 
 0.917326 1344.0 
 0.917331 1210.0 
 0.917337 1268.0 
 0.917342 1576.0 
 0.917348 1394.0 
 0.917353 1412.0 
 0.917359 1264.0 
 0.917364 1400.0 
 0.917370 1368.0 
 0.917375 1536.0 
 0.917381 1476.0 
 0.917386 1336.0 
 0.917392 1308.0 
 0.917397 1260.0 
 0.917403 1424.0 
 0.917408 1342.0 
 0.917414 1612.0 
 0.917419 1374.0 
 0.917425 1648.0 
 0.917430 1512.0 
 0.917436 1424.0 
 0.917441 1404.0 
 0.917447 1368.0 
 0.917452 1552.0 
 0.917458 1632.0 
 0.917463 1216.0 
 0.917469 1424.0 
 0.917475 1356.0 
 0.917480 1434.0 
 0.917486 1524.0 
 0.917491 1564.0 
 0.917497 1636.0 
 0.917502 1420.0 
 0.917508 1392.0 
 0.917513 1412.0 
 0.917519 1500.0 
 0.917524 1468.0 
 0.917530 1456.0 
 0.917535 1424.0 
 0.917541 1404.0 
 0.917546 1384.0 
 0.917552 1500.0 
 0.917557 1468.0 
 0.917563 1332.0 
 0.917568 1432.0 
 0.917574 1528.0 
 0.917579 1576.0 
 0.917585 1314.0 
 0.917590 1516.0 
 0.917596 1308.0 
 0.917601 1468.0 
 0.917607 1368.0 
 0.917612 1448.0 
 0.917618 1400.0 
 0.917623 1580.0 
 0.917629 1204.0 
 0.917634 1456.0 
 0.917640 1444.0 
 0.917645 1728.0 
 0.917651 1712.0 
 0.917656 1648.0 
 0.917662 1248.0 
 0.917668 1676.0 
 0.917673 1628.0 
 0.917679 1400.0 
 0.917684 1376.0 
 0.917690 1436.0 
 0.917695 1120.0 
 0.917701 1436.0 
 0.917706 1456.0 
 0.917712 1512.0 
 0.917717 1872.0 
 0.917723 1394.0 
 0.917728 1604.0 
 0.917734 1394.0 
 0.917739 1330.0 
 0.917745 1390.0 
 0.917750 1468.0 
 0.917756 1504.0 
 0.917761 1372.0 
 0.917767 1680.0 
 0.917772 1412.0 
 0.917778 1472.0 
 0.917783 1568.0 
 0.917789 1516.0 
 0.917794 1520.0 
 0.917800 1724.0 
 0.917805 1464.0 
 0.917811 1476.0 
 0.917816 1368.0 
 0.917822 1432.0 
 0.917827 1704.0 
 0.917833 1536.0 
 0.917838 1576.0 
 0.917844 1682.0 
 0.917850 1264.0 
 0.917855 1392.0 
 0.917861 1556.0 
 0.917866 1500.0 
 0.917872 1416.0 
 0.917877 1624.0 
 0.917883 1408.0 
 0.917888 1608.0 
 0.917894 1582.0 
 0.917899 1580.0 
 0.917905 1436.0 
 0.917910 1524.0 
 0.917916 1452.0 
 0.917921 1700.0 
 0.917927 1592.0 
 0.917932 1676.0 
 0.917938 1588.0 
 0.917943 1424.0 
 0.917949 1792.0 
 0.917954 1448.0 
 0.917960 1388.0 
 0.917965 1360.0 
 0.917971 1444.0 
 0.917976 1616.0 
 0.917982 1316.0 
 0.917987 1504.0 
 0.917993 1472.0 
 0.917998 1188.0 
 0.918004 1420.0 
 0.918009 1484.0 
 0.918015 1456.0 
 0.918020 1400.0 
 0.918026 1340.0 
 0.918032 1312.0 
 0.918037 1572.0 
 0.918043 1332.0 
 0.918048 1500.0 
 0.918054 1232.0 
 0.918059 1408.0 
 0.918065 1652.0 
 0.918070 1780.0 
 0.918076 1800.0 
 0.918081 1772.0 
 0.918087 1576.0 
 0.918092 1724.0 
 0.918098 1628.0 
 0.918103 1736.0 
 0.918109 1444.0 
 0.918114 1756.0 
 0.918120 1848.0 
 0.918125 1732.0 
 0.918131 1692.0 
 0.918136 1664.0 
 0.918142 1604.0 
 0.918147 1712.0 
 0.918153 1548.0 
 0.918158 1444.0 
 0.918164 1772.0 
 0.918169 1608.0 
 0.918175 1676.0 
 0.918180 1536.0 
 0.918186 1608.0 
 0.918191 1604.0 
 0.918197 1672.0 
 0.918202 1748.0 
 0.918208 1800.0 
 0.918214 1876.0 
 0.918219 1704.0 
 0.918225 1512.0 
 0.918230 1608.0 
 0.918236 1656.0 
 0.918241 1700.0 
 0.918247 1596.0 
 0.918252 1732.0 
 0.918258 2044.0 
 0.918263 1792.0 
 0.918269 1776.0 
 0.918274 1776.0 
 0.918280 1696.0 
 0.918285 1788.0 
 0.918291 1636.0 
 0.918296 1932.0 
 0.918302 1720.0 
 0.918307 1604.0 
 0.918313 1740.0 
 0.918318 1624.0 
 0.918324 1520.0 
 0.918329 1900.0 
 0.918335 1700.0 
 0.918340 1432.0 
 0.918346 1942.0 
 0.918351 1440.0 
 0.918357 1760.0 
 0.918362 1560.0 
 0.918368 1540.0 
 0.918373 1636.0 
 0.918379 1632.0 
 0.918384 1708.0 
 0.918390 1708.0 
 0.918396 1624.0 
 0.918401 1804.0 
 0.918407 1608.0 
 0.918412 1840.0 
 0.918418 1692.0 
 0.918423 1936.0 
 0.918429 1688.0 
 0.918434 1720.0 
 0.918440 1924.0 
 0.918445 1668.0 
 0.918451 1884.0 
 0.918456 1808.0 
 0.918462 1744.0 
 0.918467 1896.0 
 0.918473 1660.0 
 0.918478 1828.0 
 0.918484 1680.0 
 0.918489 1816.0 
 0.918495 1552.0 
 0.918500 1698.0 
 0.918506 1772.0 
 0.918511 1676.0 
 0.918517 1832.0 
 0.918522 1712.0 
 0.918528 1704.0 
 0.918533 2000.0 
 0.918539 1664.0 
 0.918544 1452.0 
 0.918550 1764.0 
 0.918555 1716.0 
 0.918561 1776.0 
 0.918566 1788.0 
 0.918572 1884.0 
 0.918578 1820.0 
 0.918583 1632.0 
 0.918589 1560.0 
 0.918594 1666.0 
 0.918600 1596.0 
 0.918605 1794.0 
 0.918611 1852.0 
 0.918616 1552.0 
 0.918622 1808.0 
 0.918627 1752.0 
 0.918633 1776.0 
 0.918638 1976.0 
 0.918644 1944.0 
 0.918649 1756.0 
 0.918655 1584.0 
 0.918660 1780.0 
 0.918666 1784.0 
 0.918671 1600.0 
 0.918677 1604.0 
 0.918682 1604.0 
 0.918688 1656.0 
 0.918693 1580.0 
 0.918699 1848.0 
 0.918704 1608.0 
 0.918710 1636.0 
 0.918715 1660.0 
 0.918721 2048.0 
 0.918726 1600.0 
 0.918732 1976.0 
 0.918737 1940.0 
 0.918743 1862.0 
 0.918748 1736.0 
 0.918754 1788.0 
 0.918760 2056.0 
 0.918765 2024.0 
 0.918771 1980.0 
 0.918776 1968.0 
 0.918782 1996.0 
 0.918787 1936.0 
 0.918793 1824.0 
 0.918798 1808.0 
 0.918804 1944.0 
 0.918809 1796.0 
 0.918815 1592.0 
 0.918820 1468.0 
 0.918826 1560.0 
 0.918831 1692.0 
 0.918837 1688.0 
 0.918842 1684.0 
 0.918848 1824.0 
 0.918853 1808.0 
 0.918859 1708.0 
 0.918864 1828.0 
 0.918870 1680.0 
 0.918875 1626.0 
 0.918881 1696.0 
 0.918886 1780.0 
 0.918892 1944.0 
 0.918897 2088.0 
 0.918903 2088.0 
 0.918908 1908.0 
 0.918914 2108.0 
 0.918919 1968.0 
 0.918925 1916.0 
 0.918930 1816.0 
 0.918936 1908.0 
 0.918942 1804.0 
 0.918947 2040.0 
 0.918953 1808.0 
 0.918958 1860.0 
 0.918964 1848.0 
 0.918969 1996.0 
 0.918975 1760.0 
 0.918980 1884.0 
 0.918986 1888.0 
 0.918991 1900.0 
 0.918997 1776.0 
 0.919002 1914.0 
 0.919008 1900.0 
 0.919013 2014.0 
 0.919019 2028.0 
 0.919024 1828.0 
 0.919030 1884.0 
 0.919035 1712.0 
 0.919041 2064.0 
 0.919046 1776.0 
 0.919052 1840.0 
 0.919057 1972.0 
 0.919063 1806.0 
 0.919068 1928.0 
 0.919074 1996.0 
 0.919079 1872.0 
 0.919085 1956.0 
 0.919090 2084.0 
 0.919096 1808.0 
 0.919101 1876.0 
 0.919107 2028.0 
 0.919112 1860.0 
 0.919118 1884.0 
 0.919124 1844.0 
 0.919129 2044.0 
 0.919135 2152.0 
 0.919140 1940.0 
 0.919146 1872.0 
 0.919151 1992.0 
 0.919157 1864.0 
 0.919162 1796.0 
 0.919168 2080.0 
 0.919173 2036.0 
 0.919179 1704.0 
 0.919184 2196.0 
 0.919190 1928.0 
 0.919195 1584.0 
 0.919201 1952.0 
 0.919206 1880.0 
 0.919212 1824.0 
 0.919217 2160.0 
 0.919223 1800.0 
 0.919228 1944.0 
 0.919234 1824.0 
 0.919239 1968.0 
 0.919245 1772.0 
 0.919250 1968.0 
 0.919256 1792.0 
 0.919261 2028.0 
 0.919267 2080.0 
 0.919272 2116.0 
 0.919278 1836.0 
 0.919283 1944.0 
 0.919289 1940.0 
 0.919294 2012.0 
 0.919300 2000.0 
 0.919306 1816.0 
 0.919311 1936.0 
 0.919317 2052.0 
 0.919322 2004.0 
 0.919328 1904.0 
 0.919333 1876.0 
 0.919339 1756.0 
 0.919344 1732.0 
 0.919350 1616.0 
 0.919355 1876.0 
 0.919361 1780.0 
 0.919366 2000.0 
 0.919372 1616.0 
 0.919377 1676.0 
 0.919383 2028.0 
 0.919388 1880.0 
 0.919394 1848.0 
 0.919399 1968.0 
 0.919405 2192.0 
 0.919410 1802.0 
 0.919416 1860.0 
 0.919421 1804.0 
 0.919427 1744.0 
 0.919432 2080.0 
 0.919438 2076.0 
 0.919443 2056.0 
 0.919449 1800.0 
 0.919454 2156.0 
 0.919460 2212.0 
 0.919465 1980.0 
 0.919471 1948.0 
 0.919476 2268.0 
 0.919482 2020.0 
 0.919488 2060.0 
 0.919493 1920.0 
 0.919499 2136.0 
 0.919504 2288.0 
 0.919510 1884.0 
 0.919515 2008.0 
 0.919521 1916.0 
 0.919526 2056.0 
 0.919532 1868.0 
 0.919537 2000.0 
 0.919543 1896.0 
 0.919548 1972.0 
 0.919554 1748.0 
 0.919559 1696.0 
 0.919565 2000.0 
 0.919570 1872.0 
 0.919576 1840.0 
 0.919581 1608.0 
 0.919587 2088.0 
 0.919592 1756.0 
 0.919598 1896.0 
 0.919603 2052.0 
 0.919609 1956.0 
 0.919614 1892.0 
 0.919620 2152.0 
 0.919625 1880.0 
 0.919631 2084.0 
 0.919636 2328.0 
 0.919642 2036.0 
 0.919647 2232.0 
 0.919653 1788.0 
 0.919658 2112.0 
 0.919664 1968.0 
 0.919670 1996.0 
 0.919675 2056.0 
 0.919681 1848.0 
 0.919686 1744.0 
 0.919692 1724.0 
 0.919697 1940.0 
 0.919703 1768.0 
 0.919708 1764.0 
 0.919714 1768.0 
 0.919719 1628.0 
 0.919725 1820.0 
 0.919730 1996.0 
 0.919736 1848.0 
 0.919741 1868.0 
 0.919747 1976.0 
 0.919752 2052.0 
 0.919758 2062.0 
 0.919763 1908.0 
 0.919769 1936.0 
 0.919774 1928.0 
 0.919780 2114.0 
 0.919785 2000.0 
 0.919791 2020.0 
 0.919796 2124.0 
 0.919802 2104.0 
 0.919807 1820.0 
 0.919813 1836.0 
 0.919818 2000.0 
 0.919824 2068.0 
 0.919829 2156.0 
 0.919835 2084.0 
 0.919840 2056.0 
 0.919846 1912.0 
 0.919852 1692.0 
 0.919857 1612.0 
 0.919863 1616.0 
 0.919868 1720.0 
 0.919874 1472.0 
 0.919879 1712.0 
 0.919885 1580.0 
 0.919890 1648.0 
 0.919896 1712.0 
 0.919901 1596.0 
 0.919907 1564.0 
 0.919912 1548.0 
 0.919918 1788.0 
 0.919923 1712.0 
 0.919929 1932.0 
 0.919934 1844.0 
 0.919940 1984.0 
 0.919945 1904.0 
 0.919951 2124.0 
 0.919956 2120.0 
 0.919962 1956.0 
 0.919967 1972.0 
 0.919973 2032.0 
 0.919978 2136.0 
 0.919984 2056.0 
 0.919989 1868.0 
 0.919995 1888.0 
 0.920000 2340.0 
 0.920006 2220.0 
 0.920011 2076.0 
 0.920017 1928.0 
 0.920022 2168.0 
 0.920028 2056.0 
 0.920034 2172.0 
 0.920039 1688.0 
 0.920045 1972.0 
 0.920050 2080.0 
 0.920056 2096.0 
 0.920061 1928.0 
 0.920067 2232.0 
 0.920072 1948.0 
 0.920078 2070.0 
 0.920083 1676.0 
 0.920089 1912.0 
 0.920094 2084.0 
 0.920100 1816.0 
 0.920105 2296.0 
 0.920111 2160.0 
 0.920116 1980.0 
 0.920122 1788.0 
 0.920127 1812.0 
 0.920133 1960.0 
 0.920138 1892.0 
 0.920144 2236.0 
 0.920149 2052.0 
 0.920155 1908.0 
 0.920160 1952.0 
 0.920166 2308.0 
 0.920171 1972.0 
 0.920177 1852.0 
 0.920182 1696.0 
 0.920188 1964.0 
 0.920193 2028.0 
 0.920199 1700.0 
 0.920204 1744.0 
 0.920210 1484.0 
 0.920216 1576.0 
 0.920221 1646.0 
 0.920227 1856.0 
 0.920232 1652.0 
 0.920238 1704.0 
 0.920243 1692.0 
 0.920249 1664.0 
 0.920254 1836.0 
 0.920260 2080.0 
 0.920265 1856.0 
 0.920271 1908.0 
 0.920276 1904.0 
 0.920282 2268.0 
 0.920287 2336.0 
 0.920293 2036.0 
 0.920298 2176.0 
 0.920304 1916.0 
 0.920309 1832.0 
 0.920315 1952.0 
 0.920320 1788.0 
 0.920326 2280.0 
 0.920331 2032.0 
 0.920337 2144.0 
 0.920342 2268.0 
 0.920348 2184.0 
 0.920353 2292.0 
 0.920359 2224.0 
 0.920364 1868.0 
 0.920370 2224.0 
 0.920375 2292.0 
 0.920381 2100.0 
 0.920386 1988.0 
 0.920392 2072.0 
 0.920398 2140.0 
 0.920403 2220.0 
 0.920409 1968.0 
 0.920414 2076.0 
 0.920420 2364.0 
 0.920425 2280.0 
 0.920431 2048.0 
 0.920436 2044.0 
 0.920442 2224.0 
 0.920447 2424.0 
 0.920453 2312.0 
 0.920458 2224.0 
 0.920464 2136.0 
 0.920469 2332.0 
 0.920475 2208.0 
 0.920480 2416.0 
 0.920486 2392.0 
 0.920491 2268.0 
 0.920497 2404.0 
 0.920502 1968.0 
 0.920508 2032.0 
 0.920513 2324.0 
 0.920519 2312.0 
 0.920524 2240.0 
 0.920530 2316.0 
 0.920535 2220.0 
 0.920541 2224.0 
 0.920546 1952.0 
 0.920552 2148.0 
 0.920557 2284.0 
 0.920563 2316.0 
 0.920568 1996.0 
 0.920574 2296.0 
 0.920580 2320.0 
 0.920585 2224.0 
 0.920591 2360.0 
 0.920596 2208.0 
 0.920602 2212.0 
 0.920607 2744.0 
 0.920613 2276.0 
 0.920618 2228.0 
 0.920624 2288.0 
 0.920629 2352.0 
 0.920635 2272.0 
 0.920640 2236.0 
 0.920646 2200.0 
 0.920651 2296.0 
 0.920657 1850.0 
 0.920662 2280.0 
 0.920668 2224.0 
 0.920673 2168.0 
 0.920679 2096.0 
 0.920684 2112.0 
 0.920690 2064.0 
 0.920695 2216.0 
 0.920701 2144.0 
 0.920706 1936.0 
 0.920712 1856.0 
 0.920717 2056.0 
 0.920723 2172.0 
 0.920728 1996.0 
 0.920734 2124.0 
 0.920739 2136.0 
 0.920745 2176.0 
 0.920750 2132.0 
 0.920756 2316.0 
 0.920762 2244.0 
 0.920767 1904.0 
 0.920773 2224.0 
 0.920778 1992.0 
 0.920784 2304.0 
 0.920789 2056.0 
 0.920795 1832.0 
 0.920800 2280.0 
 0.920806 2272.0 
 0.920811 2432.0 
 0.920817 2164.0 
 0.920822 2224.0 
 0.920828 2440.0 
 0.920833 2328.0 
 0.920839 2168.0 
 0.920844 2040.0 
 0.920850 2204.0 
 0.920855 2312.0 
 0.920861 2084.0 
 0.920866 1980.0 
 0.920872 2208.0 
 0.920877 2116.0 
 0.920883 2168.0 
 0.920888 2184.0 
 0.920894 2204.0 
 0.920899 1992.0 
 0.920905 2156.0 
 0.920910 2032.0 
 0.920916 2046.0 
 0.920921 2160.0 
 0.920927 1836.0 
 0.920932 2224.0 
 0.920938 2120.0 
 0.920944 1852.0 
 0.920949 1956.0 
 0.920955 1980.0 
 0.920960 2196.0 
 0.920966 2096.0 
 0.920971 2168.0 
 0.920977 2096.0 
 0.920982 2004.0 
 0.920988 2188.0 
 0.920993 1960.0 
 0.920999 1876.0 
 0.921004 2368.0 
 0.921010 2172.0 
 0.921015 2088.0 
 0.921021 2492.0 
 0.921026 2284.0 
 0.921032 1864.0 
 0.921037 2132.0 
 0.921043 2276.0 
 0.921048 1960.0 
 0.921054 2272.0 
 0.921059 2060.0 
 0.921065 2256.0 
 0.921070 2168.0 
 0.921076 2176.0 
 0.921081 2076.0 
 0.921087 1804.0 
 0.921092 2188.0 
 0.921098 2172.0 
 0.921103 1916.0 
 0.921109 2368.0 
 0.921114 2020.0 
 0.921120 2188.0 
 0.921126 2304.0 
 0.921131 2160.0 
 0.921137 2164.0 
 0.921142 2312.0 
 0.921148 2364.0 
 0.921153 2624.0 
 0.921159 2312.0 
 0.921164 2440.0 
 0.921170 2448.0 
 0.921175 2188.0 
 0.921181 2324.0 
 0.921186 2428.0 
 0.921192 2284.0 
 0.921197 2216.0 
 0.921203 1896.0 
 0.921208 2312.0 
 0.921214 2024.0 
 0.921219 2128.0 
 0.921225 2060.0 
 0.921230 2332.0 
 0.921236 2140.0 
 0.921241 2288.0 
 0.921247 2168.0 
 0.921252 1984.0 
 0.921258 2220.0 
 0.921263 2320.0 
 0.921269 2068.0 
 0.921274 2036.0 
 0.921280 2012.0 
 0.921285 2388.0 
 0.921291 2288.0 
 0.921296 2104.0 
 0.921302 2136.0 
 0.921308 1948.0 
 0.921313 2092.0 
 0.921319 2100.0 
 0.921324 1892.0 
 0.921330 2128.0 
 0.921335 2076.0 
 0.921341 1788.0 
 0.921346 1872.0 
 0.921352 2168.0 
 0.921357 2252.0 
 0.921363 2064.0 
 0.921368 2240.0 
 0.921374 2068.0 
 0.921379 2328.0 
 0.921385 2348.0 
 0.921390 2268.0 
 0.921396 2228.0 
 0.921401 2116.0 
 0.921407 2052.0 
 0.921412 2092.0 
 0.921418 2288.0 
 0.921423 2092.0 
 0.921429 2160.0 
 0.921434 2224.0 
 0.921440 2204.0 
 0.921445 2292.0 
 0.921451 2276.0 
 0.921456 2316.0 
 0.921462 2236.0 
 0.921467 2040.0 
 0.921473 2184.0 
 0.921478 2140.0 
 0.921484 2284.0 
 0.921490 2184.0 
 0.921495 2192.0 
 0.921501 2360.0 
 0.921506 2304.0 
 0.921512 2204.0 
 0.921517 2412.0 
 0.921523 2324.0 
 0.921528 2236.0 
 0.921534 2192.0 
 0.921539 2132.0 
 0.921545 2228.0 
 0.921550 2432.0 
 0.921556 2032.0 
 0.921561 2312.0 
 0.921567 2152.0 
 0.921572 2296.0 
 0.921578 1970.0 
 0.921583 2200.0 
 0.921589 2268.0 
 0.921594 2040.0 
 0.921600 2000.0 
 0.921605 2160.0 
 0.921611 2060.0 
 0.921616 2256.0 
 0.921622 2460.0 
 0.921627 2166.0 
 0.921633 2240.0 
 0.921638 2108.0 
 0.921644 1960.0 
 0.921649 1788.0 
 0.921655 1956.0 
 0.921660 1736.0 
 0.921666 1716.0 
 0.921672 1784.0 
 0.921677 1774.0 
 0.921683 1940.0 
 0.921688 2028.0 
 0.921694 2164.0 
 0.921699 2264.0 
 0.921705 2108.0 
 0.921710 2352.0 
 0.921716 2004.0 
 0.921721 2196.0 
 0.921727 2036.0 
 0.921732 2428.0 
 0.921738 2348.0 
 0.921743 2148.0 
 0.921749 2124.0 
 0.921754 2312.0 
 0.921760 2004.0 
 0.921765 2120.0 
 0.921771 2356.0 
 0.921776 2164.0 
 0.921782 2044.0 
 0.921787 2116.0 
 0.921793 1972.0 
 0.921798 2236.0 
 0.921804 2156.0 
 0.921809 2180.0 
 0.921815 2068.0 
 0.921820 2044.0 
 0.921826 1936.0 
 0.921831 2008.0 
 0.921837 2144.0 
 0.921842 2260.0 
 0.921848 2188.0 
 0.921854 2588.0 
 0.921859 2164.0 
 0.921865 2200.0 
 0.921870 1972.0 
 0.921876 2032.0 
 0.921881 2500.0 
 0.921887 2176.0 
 0.921892 2344.0 
 0.921898 2164.0 
 0.921903 2192.0 
 0.921909 2412.0 
 0.921914 1908.0 
 0.921920 2024.0 
 0.921925 1872.0 
 0.921931 2308.0 
 0.921936 2224.0 
 0.921942 2304.0 
 0.921947 2260.0 
 0.921953 2088.0 
 0.921958 2108.0 
 0.921964 2116.0 
 0.921969 2240.0 
 0.921975 2168.0 
 0.921980 2160.0 
 0.921986 2048.0 
 0.921991 2136.0 
 0.921997 2080.0 
 0.922002 2100.0 
 0.922008 2168.0 
 0.922013 2156.0 
 0.922019 1900.0 
 0.922024 2084.0 
 0.922030 2316.0 
 0.922036 2120.0 
 0.922041 1840.0 
 0.922047 2096.0 
 0.922052 2068.0 
 0.922058 1936.0 
 0.922063 1928.0 
 0.922069 2136.0 
 0.922074 2064.0 
 0.922080 2128.0 
 0.922085 1964.0 
 0.922091 2060.0 
 0.922096 2144.0 
 0.922102 1888.0 
 0.922107 1968.0 
 0.922113 1872.0 
 0.922118 2024.0 
 0.922124 2296.0 
 0.922129 2100.0 
 0.922135 2128.0 
 0.922140 1964.0 
 0.922146 1980.0 
 0.922151 1776.0 
 0.922157 2444.0 
 0.922162 1956.0 
 0.922168 2088.0 
 0.922173 1872.0 
 0.922179 2092.0 
 0.922184 1756.0 
 0.922190 2164.0 
 0.922195 1788.0 
 0.922201 1964.0 
 0.922206 2144.0 
 0.922212 2036.0 
 0.922218 2292.0 
 0.922223 1864.0 
 0.922229 2288.0 
 0.922234 1928.0 
 0.922240 1944.0 
 0.922245 2008.0 
 0.922251 1892.0 
 0.922256 2108.0 
 0.922262 2104.0 
 0.922267 2156.0 
 0.922273 1952.0 
 0.922278 1756.0 
 0.922284 1888.0 
 0.922289 1852.0 
 0.922295 1608.0 
 0.922300 1808.0 
 0.922306 1828.0 
 0.922311 1824.0 
 0.922317 1692.0 
 0.922322 2012.0 
 0.922328 1872.0 
 0.922333 1916.0 
 0.922339 1976.0 
 0.922344 1936.0 
 0.922350 1960.0 
 0.922355 2032.0 
 0.922361 2036.0 
 0.922366 1920.0 
 0.922372 2048.0 
 0.922377 2320.0 
 0.922383 1928.0 
 0.922388 1908.0 
 0.922394 2076.0 
 0.922400 1912.0 
 0.922405 2144.0 
 0.922411 1956.0 
 0.922416 2176.0 
 0.922422 2048.0 
 0.922427 2068.0 
 0.922433 1796.0 
 0.922438 1884.0 
 0.922444 2128.0 
 0.922449 1692.0 
 0.922455 2032.0 
 0.922460 1728.0 
 0.922466 1892.0 
 0.922471 1840.0 
 0.922477 1868.0 
 0.922482 1968.0 
 0.922488 2140.0 
 0.922493 2304.0 
 0.922499 1976.0 
 0.922504 2304.0 
 0.922510 2052.0 
 0.922515 1948.0 
 0.922521 2236.0 
 0.922526 1884.0 
 0.922532 2140.0 
 0.922537 2300.0 
 0.922543 2096.0 
 0.922548 2508.0 
 0.922554 2152.0 
 0.922559 2200.0 
 0.922565 1964.0 
 0.922570 2272.0 
 0.922576 2132.0 
 0.922582 2144.0 
 0.922587 2088.0 
 0.922593 2328.0 
 0.922598 2140.0 
 0.922604 2060.0 
 0.922609 2044.0 
 0.922615 2020.0 
 0.922620 2312.0 
 0.922626 2184.0 
 0.922631 2056.0 
 0.922637 2092.0 
 0.922642 2312.0 
 0.922648 1968.0 
 0.922653 2040.0 
 0.922659 2280.0 
 0.922664 1792.0 
 0.922670 2124.0 
 0.922675 1968.0 
 0.922681 2084.0 
 0.922686 2208.0 
 0.922692 2124.0 
 0.922697 2352.0 
 0.922703 2292.0 
 0.922708 2288.0 
 0.922714 2260.0 
 0.922719 2204.0 
 0.922725 2204.0 
 0.922730 2324.0 
 0.922736 2120.0 
 0.922741 1956.0 
 0.922747 2124.0 
 0.922752 2024.0 
 0.922758 1968.0 
 0.922764 1980.0 
 0.922769 2240.0 
 0.922775 2020.0 
 0.922780 2116.0 
 0.922786 2228.0 
 0.922791 2004.0 
 0.922797 1984.0 
 0.922802 1992.0 
 0.922808 1952.0 
 0.922813 1796.0 
 0.922819 2008.0 
 0.922824 2064.0 
 0.922830 2068.0 
 0.922835 2056.0 
 0.922841 2056.0 
 0.922846 1892.0 
 0.922852 2156.0 
 0.922857 2280.0 
 0.922863 2272.0 
 0.922868 2104.0 
 0.922874 2016.0 
 0.922879 1916.0 
 0.922885 2192.0 
 0.922890 1984.0 
 0.922896 2276.0 
 0.922901 2108.0 
 0.922907 1888.0 
 0.922912 2152.0 
 0.922918 2072.0 
 0.922923 1888.0 
 0.922929 2204.0 
 0.922934 1908.0 
 0.922940 2100.0 
 0.922946 2024.0 
 0.922951 1908.0 
 0.922957 1596.0 
 0.922962 1944.0 
 0.922968 1656.0 
 0.922973 2004.0 
 0.922979 1824.0 
 0.922984 1868.0 
 0.922990 1960.0 
 0.922995 2068.0 
 0.923001 1868.0 
 0.923006 1908.0 
 0.923012 2028.0 
 0.923017 1944.0 
 0.923023 1784.0 
 0.923028 1932.0 
 0.923034 1904.0 
 0.923039 2232.0 
 0.923045 1920.0 
 0.923050 1904.0 
 0.923056 2008.0 
 0.923061 2288.0 
 0.923067 2064.0 
 0.923072 2044.0 
 0.923078 2304.0 
 0.923083 2262.0 
 0.923089 2056.0 
 0.923094 2352.0 
 0.923100 1836.0 
 0.923105 1924.0 
 0.923111 1760.0 
 0.923116 2020.0 
 0.923122 2040.0 
 0.923128 1964.0 
 0.923133 2248.0 
 0.923139 2128.0 
 0.923144 1764.0 
 0.923150 1868.0 
 0.923155 1972.0 
 0.923161 2072.0 
 0.923166 1976.0 
 0.923172 1924.0 
 0.923177 1948.0 
 0.923183 2108.0 
 0.923188 1984.0 
 0.923194 1800.0 
 0.923199 2148.0 
 0.923205 2120.0 
 0.923210 2060.0 
 0.923216 2088.0 
 0.923221 2152.0 
 0.923227 2072.0 
 0.923232 2192.0 
 0.923238 1876.0 
 0.923243 1712.0 
 0.923249 1808.0 
 0.923254 1892.0 
 0.923260 1916.0 
 0.923265 1820.0 
 0.923271 1892.0 
 0.923276 1904.0 
 0.923282 1716.0 
 0.923287 1720.0 
 0.923293 1740.0 
 0.923298 1752.0 
 0.923304 1960.0 
 0.923310 1964.0 
 0.923315 1824.0 
 0.923321 1664.0 
 0.923326 1904.0 
 0.923332 1620.0 
 0.923337 1728.0 
 0.923343 1868.0 
 0.923348 1764.0 
 0.923354 1712.0 
 0.923359 1696.0 
 0.923365 1820.0 
 0.923370 1636.0 
 0.923376 1920.0 
 0.923381 1820.0 
 0.923387 1868.0 
 0.923392 1840.0 
 0.923398 1760.0 
 0.923403 1944.0 
 0.923409 2040.0 
 0.923414 2008.0 
 0.923420 2100.0 
 0.923425 2008.0 
 0.923431 1872.0 
 0.923436 1956.0 
 0.923442 1968.0 
 0.923447 2424.0 
 0.923453 1704.0 
 0.923458 2124.0 
 0.923464 1976.0 
 0.923469 1988.0 
 0.923475 1880.0 
 0.923480 2024.0 
 0.923486 2000.0 
 0.923492 2100.0 
 0.923497 1860.0 
 0.923503 1988.0 
 0.923508 1744.0 
 0.923514 1900.0 
 0.923519 2300.0 
 0.923525 1756.0 
 0.923530 2040.0 
 0.923536 1876.0 
 0.923541 1884.0 
 0.923547 2140.0 
 0.923552 1624.0 
 0.923558 1684.0 
 0.923563 2124.0 
 0.923569 1816.0 
 0.923574 1804.0 
 0.923580 1716.0 
 0.923585 1988.0 
 0.923591 1804.0 
 0.923596 1820.0 
 0.923602 1652.0 
 0.923607 1728.0 
 0.923613 1760.0 
 0.923618 1732.0 
 0.923624 1560.0 
 0.923629 1596.0 
 0.923635 1584.0 
 0.923640 1684.0 
 0.923646 1544.0 
 0.923651 1868.0 
 0.923657 1700.0 
 0.923662 1832.0 
 0.923668 1736.0 
 0.923674 1608.0 
 0.923679 1800.0 
 0.923685 1864.0 
 0.923690 2056.0 
 0.923696 1792.0 
 0.923701 1920.0 
 0.923707 1680.0 
 0.923712 1932.0 
 0.923718 2056.0 
 0.923723 1896.0 
 0.923729 1692.0 
 0.923734 2012.0 
 0.923740 1656.0 
 0.923745 1660.0 
 0.923751 1768.0 
 0.923756 2000.0 
 0.923762 1832.0 
 0.923767 1856.0 
 0.923773 1976.0 
 0.923778 1688.0 
 0.923784 1968.0 
 0.923789 1816.0 
 0.923795 1804.0 
 0.923800 1764.0 
 0.923806 1760.0 
 0.923811 2024.0 
 0.923817 1888.0 
 0.923822 2084.0 
 0.923828 2048.0 
 0.923833 2008.0 
 0.923839 2096.0 
 0.923844 1776.0 
 0.923850 1784.0 
 0.923856 1804.0 
 0.923861 1912.0 
 0.923867 1780.0 
 0.923872 1932.0 
 0.923878 1768.0 
 0.923883 1706.0 
 0.923889 2000.0 
 0.923894 1628.0 
 0.923900 1644.0 
 0.923905 1748.0 
 0.923911 1592.0 
 0.923916 1632.0 
 0.923922 1440.0 
 0.923927 1332.0 
 0.923933 1648.0 
 0.923938 1612.0 
 0.923944 1564.0 
 0.923949 1688.0 
 0.923955 1716.0 
 0.923960 1632.0 
 0.923966 1768.0 
 0.923971 1676.0 
 0.923977 1560.0 
 0.923982 1568.0 
 0.923988 1564.0 
 0.923993 1720.0 
 0.923999 1784.0 
 0.924004 1968.0 
 0.924010 1976.0 
 0.924015 1788.0 
 0.924021 1820.0 
 0.924026 1608.0 
 0.924032 1800.0 
 0.924038 1724.0 
 0.924043 1716.0 
 0.924049 1924.0 
 0.924054 1948.0 
 0.924060 1708.0 
 0.924065 1748.0 
 0.924071 1684.0 
 0.924076 1756.0 
 0.924082 1564.0 
 0.924087 1932.0 
 0.924093 2068.0 
 0.924098 1760.0 
 0.924104 2028.0 
 0.924109 1916.0 
 0.924115 2036.0 
 0.924120 1784.0 
 0.924126 1740.0 
 0.924131 1776.0 
 0.924137 1848.0 
 0.924142 1652.0 
 0.924148 1600.0 
 0.924153 1816.0 
 0.924159 1888.0 
 0.924164 1832.0 
 0.924170 1852.0 
 0.924175 1784.0 
 0.924181 1772.0 
 0.924186 1896.0 
 0.924192 1948.0 
 0.924197 1700.0 
 0.924203 2052.0 
 0.924208 1840.0 
 0.924214 2104.0 
 0.924220 2000.0 
 0.924225 1784.0 
 0.924231 1864.0 
 0.924236 1772.0 
 0.924242 1708.0 
 0.924247 1820.0 
 0.924253 1668.0 
 0.924258 1688.0 
 0.924264 1548.0 
 0.924269 1648.0 
 0.924275 1468.0 
 0.924280 1344.0 
 0.924286 1704.0 
 0.924291 1560.0 
 0.924297 1512.0 
 0.924302 1768.0 
 0.924308 1752.0 
 0.924313 1668.0 
 0.924319 1732.0 
 0.924324 1854.0 
 0.924330 1668.0 
 0.924335 1900.0 
 0.924341 1896.0 
 0.924346 1860.0 
 0.924352 1760.0 
 0.924357 1736.0 
 0.924363 1624.0 
 0.924368 1716.0 
 0.924374 1848.0 
 0.924379 1472.0 
 0.924385 1652.0 
 0.924390 1848.0 
 0.924396 1928.0 
 0.924402 1692.0 
 0.924407 2092.0 
 0.924413 1812.0 
 0.924418 1640.0 
 0.924424 1816.0 
 0.924429 1860.0 
 0.924435 1824.0 
 0.924440 1760.0 
 0.924446 2040.0 
 0.924451 1964.0 
 0.924457 2104.0 
 0.924462 1788.0 
 0.924468 1816.0 
 0.924473 1784.0 
 0.924479 1772.0 
 0.924484 1768.0 
 0.924490 1888.0 
 0.924495 1776.0 
 0.924501 1820.0 
 0.924506 1704.0 
 0.924512 1796.0 
 0.924517 1664.0 
 0.924523 1800.0 
 0.924528 1756.0 
 0.924534 1604.0 
 0.924539 1652.0 
 0.924545 1812.0 
 0.924550 1642.0 
 0.924556 1788.0 
 0.924561 1852.0 
 0.924567 1536.0 
 0.924572 1708.0 
 0.924578 1704.0 
 0.924584 1828.0 
 0.924589 1760.0 
 0.924595 2040.0 
 0.924600 1756.0 
 0.924606 1972.0 
 0.924611 1808.0 
 0.924617 1904.0 
 0.924622 1672.0 
 0.924628 1700.0 
 0.924633 1596.0 
 0.924639 1736.0 
 0.924644 1788.0 
 0.924650 1768.0 
 0.924655 1680.0 
 0.924661 1612.0 
 0.924666 1724.0 
 0.924672 1548.0 
 0.924677 1872.0 
 0.924683 1660.0 
 0.924688 1936.0 
 0.924694 1604.0 
 0.924699 1568.0 
 0.924705 1544.0 
 0.924710 1280.0 
 0.924716 1260.0 
 0.924721 988.0 
 0.924727 1196.0 
 0.924732 1040.0 
 0.924738 1302.0 
 0.924743 1450.0 
 0.924749 1192.0 
 0.924754 1344.0 
 0.924760 1548.0 
 0.924766 1480.0 
 0.924771 1516.0 
 0.924777 1696.0 
 0.924782 1724.0 
 0.924788 1540.0 
 0.924793 1704.0 
 0.924799 1812.0 
 0.924804 1800.0 
 0.924810 1788.0 
 0.924815 1704.0 
 0.924821 1828.0 
 0.924826 2016.0 
 0.924832 1524.0 
 0.924837 1716.0 
 0.924843 1732.0 
 0.924848 1408.0 
 0.924854 1592.0 
 0.924859 1188.0 
 0.924865 1292.0 
 0.924870 960.0 
 0.924876 1248.0 
 0.924881 988.0 
 0.924887 1232.0 
 0.924892 1064.0 
 0.924898 1328.0 
 0.924903 1392.0 
 0.924909 1608.0 
 0.924914 1532.0 
 0.924920 1736.0 
 0.924925 1536.0 
 0.924931 1824.0 
 0.924936 1668.0 
 0.924942 1688.0 
 0.924948 1784.0 
 0.924953 1972.0 
 0.924959 1884.0 
 0.924964 1792.0 
 0.924970 1696.0 
 0.924975 1712.0 
 0.924981 1660.0 
 0.924986 1656.0 
 0.924992 1920.0 
 0.924997 1648.0 
 0.925003 1820.0 
 0.925008 1708.0 
 0.925014 1936.0 
 0.925019 1664.0 
 0.925025 1816.0 
 0.925030 1708.0 
 0.925036 1988.0 
 0.925041 1744.0 
 0.925047 1768.0 
 0.925052 1572.0 
 0.925058 1860.0 
 0.925063 1908.0 
 0.925069 1904.0 
 0.925074 1780.0 
 0.925080 1632.0 
 0.925085 1812.0 
 0.925091 1752.0 
 0.925096 1744.0 
 0.925102 1720.0 
 0.925107 1748.0 
 0.925113 1540.0 
 0.925118 1748.0 
 0.925124 1736.0 
 0.925130 1660.0 
 0.925135 1796.0 
 0.925141 1736.0 
 0.925146 1724.0 
 0.925152 1788.0 
 0.925157 1852.0 
 0.925163 1776.0 
 0.925168 1912.0 
 0.925174 1560.0 
 0.925179 1876.0 
 0.925185 1904.0 
 0.925190 1900.0 
 0.925196 1740.0 
 0.925201 1580.0 
 0.925207 1656.0 
 0.925212 1716.0 
 0.925218 1572.0 
 0.925223 1672.0 
 0.925229 1676.0 
 0.925234 1500.0 
 0.925240 1676.0 
 0.925245 1548.0 
 0.925251 1616.0 
 0.925256 1636.0 
 0.925262 1640.0 
 0.925267 1768.0 
 0.925273 1656.0 
 0.925278 1764.0 
 0.925284 1652.0 
 0.925289 1588.0 
 0.925295 1864.0 
 0.925300 1568.0 
 0.925306 1668.0 
 0.925311 1700.0 
 0.925317 1788.0 
 0.925323 1728.0 
 0.925328 1444.0 
 0.925334 1372.0 
 0.925339 1692.0 
 0.925345 1620.0 
 0.925350 1552.0 
 0.925356 1540.0 
 0.925361 1456.0 
 0.925367 1652.0 
 0.925372 1672.0 
 0.925378 1636.0 
 0.925383 1660.0 
 0.925389 1512.0 
 0.925394 1440.0 
 0.925400 1672.0 
 0.925405 1724.0 
 0.925411 1704.0 
 0.925416 1716.0 
 0.925422 1688.0 
 0.925427 1656.0 
 0.925433 1440.0 
 0.925438 1464.0 
 0.925444 1716.0 
 0.925449 1616.0 
 0.925455 1528.0 
 0.925460 1488.0 
 0.925466 1548.0 
 0.925471 1188.0 
 0.925477 1252.0 
 0.925482 1248.0 
 0.925488 1272.0 
 0.925493 1252.0 
 0.925499 1324.0 
 0.925505 1516.0 
 0.925510 1316.0 
 0.925516 1352.0 
 0.925521 1256.0 
 0.925527 1444.0 
 0.925532 1492.0 
 0.925538 1328.0 
 0.925543 1364.0 
 0.925549 1196.0 
 0.925554 1308.0 
 0.925560 1304.0 
 0.925565 1200.0 
 0.925571 1292.0 
 0.925576 1148.0 
 0.925582 1112.0 
 0.925587 1044.0 
 0.925593 1088.0 
 0.925598 1300.0 
 0.925604 1078.0 
 0.925609 1072.0 
 0.925615 1076.0 
 0.925620 1472.0 
 0.925626 1312.0 
 0.925631 1280.0 
 0.925637 1412.0 
 0.925642 980.0 
 0.925648 956.0 
 0.925653 998.0 
 0.925659 776.0 
 0.925664 836.0 
 0.925670 940.0 
 0.925675 928.0 
 0.925681 996.0 
 0.925687 1324.0 
 0.925692 1188.0 
 0.925698 1644.0 
 0.925703 1388.0 
 0.925709 1492.0 
 0.925714 1680.0 
 0.925720 1832.0 
 0.925725 1628.0 
 0.925731 1668.0 
 0.925736 1484.0 
 0.925742 1784.0 
 0.925747 1632.0 
 0.925753 1888.0 
 0.925758 1716.0 
 0.925764 1644.0 
 0.925769 1852.0 
 0.925775 1924.0 
 0.925780 1460.0 
 0.925786 1588.0 
 0.925791 1556.0 
 0.925797 1728.0 
 0.925802 1636.0 
 0.925808 1836.0 
 0.925813 1796.0 
 0.925819 1692.0 
 0.925824 1672.0 
 0.925830 1544.0 
 0.925835 1808.0 
 0.925841 1852.0 
 0.925846 1536.0 
 0.925852 1880.0 
 0.925857 1844.0 
 0.925863 1720.0 
 0.925869 1628.0 
 0.925874 1640.0 
 0.925880 1536.0 
 0.925885 1288.0 
 0.925891 1218.0 
 0.925896 1368.0 
 0.925902 1184.0 
 0.925907 1076.0 
 0.925913 1084.0 
 0.925918 1228.0 
 0.925924 1228.0 
 0.925929 1424.0 
 0.925935 1744.0 
 0.925940 1436.0 
 0.925946 1664.0 
 0.925951 1708.0 
 0.925957 1808.0 
 0.925962 1752.0 
 0.925968 1584.0 
 0.925973 1808.0 
 0.925979 1736.0 
 0.925984 1528.0 
 0.925990 1688.0 
 0.925995 1616.0 
 0.926001 1688.0 
 0.926006 1508.0 
 0.926012 1768.0 
 0.926017 1776.0 
 0.926023 1708.0 
 0.926028 1620.0 
 0.926034 1412.0 
 0.926039 1676.0 
 0.926045 1916.0 
 0.926051 1864.0 
 0.926056 1904.0 
 0.926062 1936.0 
 0.926067 1864.0 
 0.926073 1560.0 
 0.926078 1548.0 
 0.926084 1388.0 
 0.926089 1584.0 
 0.926095 1580.0 
 0.926100 1700.0 
 0.926106 1584.0 
 0.926111 1728.0 
 0.926117 1652.0 
 0.926122 1636.0 
 0.926128 1620.0 
 0.926133 1484.0 
 0.926139 1342.0 
 0.926144 1488.0 
 0.926150 1596.0 
 0.926155 1968.0 
 0.926161 1676.0 
 0.926166 1632.0 
 0.926172 1508.0 
 0.926177 1720.0 
 0.926183 1488.0 
 0.926188 1564.0 
 0.926194 1392.0 
 0.926199 1532.0 
 0.926205 1732.0 
 0.926210 1424.0 
 0.926216 1628.0 
 0.926221 1680.0 
 0.926227 1708.0 
 0.926233 1792.0 
 0.926238 1660.0 
 0.926244 1372.0 
 0.926249 1544.0 
 0.926255 1608.0 
 0.926260 1444.0 
 0.926266 1468.0 
 0.926271 1344.0 
 0.926277 1348.0 
 0.926282 1356.0 
 0.926288 1408.0 
 0.926293 1400.0 
 0.926299 1348.0 
 0.926304 1404.0 
 0.926310 1452.0 
 0.926315 1632.0 
 0.926321 1384.0 
 0.926326 1436.0 
 0.926332 1144.0 
 0.926337 1416.0 
 0.926343 1086.0 
 0.926348 1292.0 
 0.926354 1384.0 
 0.926359 1300.0 
 0.926365 1324.0 
 0.926370 1640.0 
 0.926376 1856.0 
 0.926381 1576.0 
 0.926387 1676.0 
 0.926392 1700.0 
 0.926398 1620.0 
 0.926403 1308.0 
 0.926409 1668.0 
 0.926415 1480.0 
 0.926420 1448.0 
 0.926426 1428.0 
 0.926431 1234.0 
 0.926437 1364.0 
 0.926442 1160.0 
 0.926448 1072.0 
 0.926453 1080.0 
 0.926459 916.0 
 0.926464 1036.0 
 0.926470 1340.0 
 0.926475 1120.0 
 0.926481 1424.0 
 0.926486 1548.0 
 0.926492 1364.0 
 0.926497 1124.0 
 0.926503 1332.0 
 0.926508 1408.0 
 0.926514 1528.0 
 0.926519 1456.0 
 0.926525 1444.0 
 0.926530 1120.0 
 0.926536 1140.0 
 0.926541 1388.0 
 0.926547 1272.0 
 0.926552 1456.0 
 0.926558 1088.0 
 0.926563 1344.0 
 0.926569 1048.0 
 0.926574 892.0 
 0.926580 1016.0 
 0.926585 1028.0 
 0.926591 980.0 
 0.926597 1040.0 
 0.926602 942.0 
 0.926608 964.0 
 0.926613 1000.0 
 0.926619 1160.0 
 0.926624 1244.0 
 0.926630 1340.0 
 0.926635 1460.0 
 0.926641 1608.0 
 0.926646 1520.0 
 0.926652 1696.0 
 0.926657 1616.0 
 0.926663 1540.0 
 0.926668 1796.0 
 0.926674 1624.0 
 0.926679 1544.0 
 0.926685 1660.0 
 0.926690 1564.0 
 0.926696 1612.0 
 0.926701 1368.0 
 0.926707 1388.0 
 0.926712 1788.0 
 0.926718 1788.0 
 0.926723 1600.0 
 0.926729 1628.0 
 0.926734 1736.0 
 0.926740 1720.0 
 0.926745 1860.0 
 0.926751 1748.0 
 0.926756 1868.0 
 0.926762 1724.0 
 0.926767 1752.0 
 0.926773 1840.0 
 0.926779 1516.0 
 0.926784 1528.0 
 0.926790 1494.0 
 0.926795 1452.0 
 0.926801 1808.0 
 0.926806 1420.0 
 0.926812 1540.0 
 0.926817 1732.0 
 0.926823 1484.0 
 0.926828 1406.0 
 0.926834 1056.0 
 0.926839 1184.0 
 0.926845 1224.0 
 0.926850 1348.0 
 0.926856 1208.0 
 0.926861 1428.0 
 0.926867 1376.0 
 0.926872 1536.0 
 0.926878 1512.0 
 0.926883 1720.0 
 0.926889 1700.0 
 0.926894 1656.0 
 0.926900 1540.0 
 0.926905 1524.0 
 0.926911 1588.0 
 0.926916 1592.0 
 0.926922 1748.0 
 0.926927 1696.0 
 0.926933 1668.0 
 0.926938 1536.0 
 0.926944 1796.0 
 0.926949 1700.0 
 0.926955 1492.0 
 0.926961 1892.0 
 0.926966 1824.0 
 0.926972 1580.0 
 0.926977 1956.0 
 0.926983 1744.0 
 0.926988 1792.0 
 0.926994 1736.0 
 0.926999 1744.0 
 0.927005 1752.0 
 0.927010 1584.0 
 0.927016 1896.0 
 0.927021 1680.0 
 0.927027 1728.0 
 0.927032 1848.0 
 0.927038 1728.0 
 0.927043 1620.0 
 0.927049 1722.0 
 0.927054 1840.0 
 0.927060 1712.0 
 0.927065 1904.0 
 0.927071 1552.0 
 0.927076 1592.0 
 0.927082 1656.0 
 0.927087 1536.0 
 0.927093 1500.0 
 0.927098 1696.0 
 0.927104 1440.0 
 0.927109 1464.0 
 0.927115 1500.0 
 0.927120 1340.0 
 0.927126 1504.0 
 0.927131 1396.0 
 0.927137 1264.0 
 0.927143 1620.0 
 0.927148 1496.0 
 0.927154 1316.0 
 0.927159 1564.0 
 0.927165 1636.0 
 0.927170 1616.0 
 0.927176 1672.0 
 0.927181 1588.0 
 0.927187 1620.0 
 0.927192 1600.0 
 0.927198 1868.0 
 0.927203 1560.0 
 0.927209 1552.0 
 0.927214 1500.0 
 0.927220 1508.0 
 0.927225 1392.0 
 0.927231 1348.0 
 0.927236 1252.0 
 0.927242 1364.0 
 0.927247 1220.0 
 0.927253 1168.0 
 0.927258 1064.0 
 0.927264 1436.0 
 0.927269 1584.0 
 0.927275 1448.0 
 0.927280 1636.0 
 0.927286 1628.0 
 0.927291 1632.0 
 0.927297 1608.0 
 0.927302 1440.0 
 0.927308 1452.0 
 0.927313 1474.0 
 0.927319 1564.0 
 0.927325 1624.0 
 0.927330 1484.0 
 0.927336 1448.0 
 0.927341 1440.0 
 0.927347 1428.0 
 0.927352 1436.0 
 0.927358 1752.0 
 0.927363 1532.0 
 0.927369 1588.0 
 0.927374 1520.0 
 0.927380 1604.0 
 0.927385 1376.0 
 0.927391 1460.0 
 0.927396 1472.0 
 0.927402 1468.0 
 0.927407 1540.0 
 0.927413 1478.0 
 0.927418 1400.0 
 0.927424 1388.0 
 0.927429 1268.0 
 0.927435 1268.0 
 0.927440 1152.0 
 0.927446 1230.0 
 0.927451 1214.0 
 0.927457 828.0 
 0.927462 788.0 
 0.927468 836.0 
 0.927473 808.0 
 0.927479 956.0 
 0.927484 1048.0 
 0.927490 840.0 
 0.927495 1144.0 
 0.927501 1224.0 
 0.927507 1048.0 
 0.927512 1342.0 
 0.927518 1220.0 
 0.927523 1368.0 
 0.927529 1376.0 
 0.927534 1260.0 
 0.927540 1192.0 
 0.927545 1412.0 
 0.927551 1304.0 
 0.927556 1180.0 
 0.927562 1220.0 
 0.927567 1124.0 
 0.927573 1172.0 
 0.927578 956.0 
 0.927584 1068.0 
 0.927589 868.0 
 0.927595 1184.0 
 0.927600 1204.0 
 0.927606 1220.0 
 0.927611 1284.0 
 0.927617 1240.0 
 0.927622 1444.0 
 0.927628 1572.0 
 0.927633 1604.0 
 0.927639 1452.0 
 0.927644 1488.0 
 0.927650 1456.0 
 0.927655 1580.0 
 0.927661 1700.0 
 0.927666 1518.0 
 0.927672 1600.0 
 0.927677 1420.0 
 0.927683 1376.0 
 0.927689 1666.0 
 0.927694 1388.0 
 0.927700 1516.0 
 0.927705 1464.0 
 0.927711 1464.0 
 0.927716 1616.0 
 0.927722 1492.0 
 0.927727 1220.0 
 0.927733 1300.0 
 0.927738 1172.0 
 0.927744 1176.0 
 0.927749 984.0 
 0.927755 1296.0 
 0.927760 1200.0 
 0.927766 1184.0 
 0.927771 1164.0 
 0.927777 1468.0 
 0.927782 1216.0 
 0.927788 1316.0 
 0.927793 1440.0 
 0.927799 1258.0 
 0.927804 1588.0 
 0.927810 1472.0 
 0.927815 1680.0 
 0.927821 1476.0 
 0.927826 1660.0 
 0.927832 1776.0 
 0.927837 1680.0 
 0.927843 1524.0 
 0.927848 1508.0 
 0.927854 1424.0 
 0.927859 1488.0 
 0.927865 1316.0 
 0.927871 1176.0 
 0.927876 1242.0 
 0.927882 1336.0 
 0.927887 1200.0 
 0.927893 1416.0 
 0.927898 1616.0 
 0.927904 1480.0 
 0.927909 1592.0 
 0.927915 1672.0 
 0.927920 1448.0 
 0.927926 1388.0 
 0.927931 1644.0 
 0.927937 1488.0 
 0.927942 1426.0 
 0.927948 1472.0 
 0.927953 1692.0 
 0.927959 1300.0 
 0.927964 1500.0 
 0.927970 1276.0 
 0.927975 1212.0 
 0.927981 1248.0 
 0.927986 1328.0 
 0.927992 1160.0 
 0.927997 1344.0 
 0.928003 968.0 
 0.928008 1270.0 
 0.928014 1236.0 
 0.928019 1428.0 
 0.928025 1136.0 
 0.928030 1520.0 
 0.928036 1324.0 
 0.928041 1428.0 
 0.928047 1396.0 
 0.928053 1360.0 
 0.928058 1524.0 
 0.928064 1608.0 
 0.928069 1600.0 
 0.928075 1188.0 
 0.928080 1308.0 
 0.928086 1042.0 
 0.928091 1034.0 
 0.928097 1104.0 
 0.928102 936.0 
 0.928108 868.0 
 0.928113 972.0 
 0.928119 598.0 
 0.928124 876.0 
 0.928130 760.0 
 0.928135 878.0 
 0.928141 1052.0 
 0.928146 1292.0 
 0.928152 1040.0 
 0.928157 1420.0 
 0.928163 1356.0 
 0.928168 1456.0 
 0.928174 1244.0 
 0.928179 1340.0 
 0.928185 1760.0 
 0.928190 1484.0 
 0.928196 1504.0 
 0.928201 1496.0 
 0.928207 1436.0 
 0.928212 1588.0 
 0.928218 1492.0 
 0.928223 1280.0 
 0.928229 1608.0 
 0.928235 1348.0 
 0.928240 1444.0 
 0.928246 1516.0 
 0.928251 1408.0 
 0.928257 1528.0 
 0.928262 1440.0 
 0.928268 1244.0 
 0.928273 1240.0 
 0.928279 1524.0 
 0.928284 1372.0 
 0.928290 1432.0 
 0.928295 1348.0 
 0.928301 1116.0 
 0.928306 1344.0 
 0.928312 1032.0 
 0.928317 1360.0 
 0.928323 1256.0 
 0.928328 1256.0 
 0.928334 1474.0 
 0.928339 1444.0 
 0.928345 1424.0 
 0.928350 1304.0 
 0.928356 1442.0 
 0.928361 1292.0 
 0.928367 1340.0 
 0.928372 1292.0 
 0.928378 1456.0 
 0.928383 1520.0 
 0.928389 1280.0 
 0.928394 1204.0 
 0.928400 1316.0 
 0.928405 1328.0 
 0.928411 1076.0 
 0.928417 1052.0 
 0.928422 944.0 
 0.928428 856.0 
 0.928433 1076.0 
 0.928439 916.0 
 0.928444 808.0 
 0.928450 782.0 
 0.928455 688.0 
 0.928461 658.0 
 0.928466 670.0 
 0.928472 824.0 
 0.928477 790.0 
 0.928483 606.0 
 0.928488 776.0 
 0.928494 738.0 
 0.928499 964.0 
 0.928505 820.0 
 0.928510 1254.0 
 0.928516 1116.0 
 0.928521 1196.0 
 0.928527 1300.0 
 0.928532 1288.0 
 0.928538 1174.0 
 0.928543 1300.0 
 0.928549 1088.0 
 0.928554 974.0 
 0.928560 1164.0 
 0.928565 870.0 
 0.928571 1064.0 
 0.928576 1216.0 
 0.928582 994.0 
 0.928587 1024.0 
 0.928593 1000.0 
 0.928599 1008.0 
 0.928604 858.0 
 0.928610 1120.0 
 0.928615 912.0 
 0.928621 1000.0 
 0.928626 658.0 
 0.928632 832.0 
 0.928637 948.0 
 0.928643 892.0 
 0.928648 708.0 
 0.928654 928.0 
 0.928659 976.0 
 0.928665 1040.0 
 0.928670 996.0 
 0.928676 1196.0 
 0.928681 1328.0 
 0.928687 1392.0 
 0.928692 1408.0 
 0.928698 1180.0 
 0.928703 1208.0 
 0.928709 1368.0 
 0.928714 1288.0 
 0.928720 1280.0 
 0.928725 1440.0 
 0.928731 1368.0 
 0.928736 1496.0 
 0.928742 1444.0 
 0.928747 1340.0 
 0.928753 1124.0 
 0.928758 1388.0 
 0.928764 1108.0 
 0.928769 1136.0 
 0.928775 848.0 
 0.928781 960.0 
 0.928786 976.0 
 0.928792 956.0 
 0.928797 1066.0 
 0.928803 906.0 
 0.928808 1252.0 
 0.928814 1280.0 
 0.928819 1332.0 
 0.928825 1332.0 
 0.928830 1280.0 
 0.928836 1364.0 
 0.928841 1456.0 
 0.928847 1368.0 
 0.928852 1596.0 
 0.928858 1572.0 
 0.928863 1732.0 
 0.928869 1616.0 
 0.928874 1452.0 
 0.928880 1524.0 
 0.928885 1656.0 
 0.928891 1484.0 
 0.928896 1768.0 
 0.928902 1504.0 
 0.928907 1884.0 
 0.928913 1668.0 
 0.928918 1796.0 
 0.928924 1744.0 
 0.928929 1492.0 
 0.928935 1700.0 
 0.928940 1528.0 
 0.928946 1592.0 
 0.928951 1616.0 
 0.928957 1536.0 
 0.928963 1480.0 
 0.928968 1564.0 
 0.928974 1576.0 
 0.928979 1844.0 
 0.928985 1572.0 
 0.928990 1620.0 
 0.928996 1628.0 
 0.929001 1720.0 
 0.929007 1604.0 
 0.929012 1676.0 
 0.929018 1560.0 
 0.929023 1492.0 
 0.929029 1524.0 
 0.929034 1588.0 
 0.929040 1580.0 
 0.929045 1724.0 
 0.929051 1680.0 
 0.929056 1396.0 
 0.929062 1820.0 
 0.929067 1652.0 
 0.929073 1668.0 
 0.929078 1428.0 
 0.929084 1748.0 
 0.929089 1736.0 
 0.929095 1464.0 
 0.929100 1652.0 
 0.929106 1540.0 
 0.929111 1544.0 
 0.929117 1540.0 
 0.929122 1804.0 
 0.929128 1552.0 
 0.929133 1768.0 
 0.929139 1596.0 
 0.929145 1532.0 
 0.929150 1804.0 
 0.929156 1600.0 
 0.929161 1744.0 
 0.929167 1464.0 
 0.929172 1552.0 
 0.929178 1760.0 
 0.929183 1764.0 
 0.929189 1764.0 
 0.929194 1696.0 
 0.929200 1536.0 
 0.929205 1564.0 
 0.929211 1644.0 
 0.929216 1560.0 
 0.929222 1764.0 
 0.929227 1576.0 
 0.929233 1412.0 
 0.929238 1640.0 
 0.929244 1284.0 
 0.929249 1588.0 
 0.929255 1612.0 
 0.929260 1668.0 
 0.929266 1816.0 
 0.929271 1588.0 
 0.929277 1300.0 
 0.929282 1536.0 
 0.929288 1628.0 
 0.929293 1528.0 
 0.929299 1328.0 
 0.929304 1040.0 
 0.929310 1532.0 
 0.929315 1448.0 
 0.929321 1264.0 
 0.929327 1408.0 
 0.929332 1388.0 
 0.929338 1130.0 
 0.929343 1148.0 
 0.929349 1596.0 
 0.929354 1428.0 
 0.929360 1400.0 
 0.929365 1408.0 
 0.929371 1408.0 
 0.929376 1648.0 
 0.929382 1460.0 
 0.929387 1320.0 
 0.929393 1352.0 
 0.929398 1480.0 
 0.929404 1356.0 
 0.929409 1470.0 
 0.929415 1356.0 
 0.929420 1508.0 
 0.929426 1396.0 
 0.929431 1428.0 
 0.929437 1510.0 
 0.929442 1644.0 
 0.929448 1430.0 
 0.929453 1284.0 
 0.929459 1294.0 
 0.929464 1624.0 
 0.929470 1412.0 
 0.929475 1500.0 
 0.929481 1516.0 
 0.929486 1496.0 
 0.929492 1630.0 
 0.929497 1448.0 
 0.929503 1548.0 
 0.929509 1210.0 
 0.929514 1528.0 
 0.929520 1548.0 
 0.929525 1354.0 
 0.929531 1532.0 
 0.929536 1528.0 
 0.929542 1576.0 
 0.929547 1380.0 
 0.929553 1684.0 
 0.929558 1692.0 
 0.929564 1692.0 
 0.929569 1376.0 
 0.929575 1524.0 
 0.929580 1508.0 
 0.929586 1472.0 
 0.929591 1372.0 
 0.929597 1536.0 
 0.929602 1264.0 
 0.929608 1232.0 
 0.929613 1044.0 
 0.929619 1220.0 
 0.929624 1320.0 
 0.929630 1132.0 
 0.929635 1410.0 
 0.929641 1236.0 
 0.929646 964.0 
 0.929652 1278.0 
 0.929657 1364.0 
 0.929663 1084.0 
 0.929668 976.0 
 0.929674 976.0 
 0.929679 1210.0 
 0.929685 876.0 
 0.929691 996.0 
 0.929696 1216.0 
 0.929702 1408.0 
 0.929707 1208.0 
 0.929713 1140.0 
 0.929718 1244.0 
 0.929724 1332.0 
 0.929729 1236.0 
 0.929735 1060.0 
 0.929740 1092.0 
 0.929746 1108.0 
 0.929751 928.0 
 0.929757 896.0 
 0.929762 970.0 
 0.929768 772.0 
 0.929773 1024.0 
 0.929779 1080.0 
 0.929784 900.0 
 0.929790 900.0 
 0.929795 908.0 
 0.929801 824.0 
 0.929806 1168.0 
 0.929812 1168.0 
 0.929817 1122.0 
 0.929823 1296.0 
 0.929828 1224.0 
 0.929834 1284.0 
 0.929839 1356.0 
 0.929845 1412.0 
 0.929850 1316.0 
 0.929856 1184.0 
 0.929861 1232.0 
 0.929867 1372.0 
 0.929873 1476.0 
 0.929878 1350.0 
 0.929884 1316.0 
 0.929889 1484.0 
 0.929895 1460.0 
 0.929900 1412.0 
 0.929906 1484.0 
 0.929911 1396.0 
 0.929917 1320.0 
 0.929922 1680.0 
 0.929928 1444.0 
 0.929933 1372.0 
 0.929939 1420.0 
 0.929944 1544.0 
 0.929950 1444.0 
 0.929955 1272.0 
 0.929961 1488.0 
 0.929966 1544.0 
 0.929972 1496.0 
 0.929977 1622.0 
 0.929983 1356.0 
 0.929988 1580.0 
 0.929994 1336.0 
 0.929999 1494.0 
 0.930005 1534.0 
 0.930010 1400.0 
 0.930016 1440.0 
 0.930021 1420.0 
 0.930027 1748.0 
 0.930032 1724.0 
 0.930038 1540.0 
 0.930043 1464.0 
 0.930049 1656.0 
 0.930055 1488.0 
 0.930060 1476.0 
 0.930066 1432.0 
 0.930071 1268.0 
 0.930077 1560.0 
 0.930082 1216.0 
 0.930088 1312.0 
 0.930093 1224.0 
 0.930099 1292.0 
 0.930104 1444.0 
 0.930110 1012.0 
 0.930115 1058.0 
 0.930121 1030.0 
 0.930126 1032.0 
 0.930132 938.0 
 0.930137 994.0 
 0.930143 876.0 
 0.930148 980.0 
 0.930154 950.0 
 0.930159 952.0 
 0.930165 1152.0 
 0.930170 1028.0 
 0.930176 1014.0 
 0.930181 1220.0 
 0.930187 1000.0 
 0.930192 1080.0 
 0.930198 1352.0 
 0.930203 1224.0 
 0.930209 1444.0 
 0.930214 1272.0 
 0.930220 1092.0 
 0.930225 1276.0 
 0.930231 1084.0 
 0.930237 1160.0 
 0.930242 1092.0 
 0.930248 1088.0 
 0.930253 1026.0 
 0.930259 976.0 
 0.930264 936.0 
 0.930270 1120.0 
 0.930275 1184.0 
 0.930281 1170.0 
 0.930286 1456.0 
 0.930292 1432.0 
 0.930297 1564.0 
 0.930303 1568.0 
 0.930308 1740.0 
 0.930314 1696.0 
 0.930319 1480.0 
 0.930325 1516.0 
 0.930330 1860.0 
 0.930336 1620.0 
 0.930341 1612.0 
 0.930347 1920.0 
 0.930352 1728.0 
 0.930358 2132.0 
 0.930363 1864.0 
 0.930369 1784.0 
 0.930374 1824.0 
 0.930380 1800.0 
 0.930385 2084.0 
 0.930391 1792.0 
 0.930396 2140.0 
 0.930402 1720.0 
 0.930407 1700.0 
 0.930413 1712.0 
 0.930419 2000.0 
 0.930424 1872.0 
 0.930430 1856.0 
 0.930435 1956.0 
 0.930441 1796.0 
 0.930446 1820.0 
 0.930452 1908.0 
 0.930457 1504.0 
 0.930463 1904.0 
 0.930468 2032.0 
 0.930474 1776.0 
 0.930479 2024.0 
 0.930485 1868.0 
 0.930490 1924.0 
 0.930496 1868.0 
 0.930501 1852.0 
 0.930507 1892.0 
 0.930512 1756.0 
 0.930518 2008.0 
 0.930523 1888.0 
 0.930529 1756.0 
 0.930534 1704.0 
 0.930540 1712.0 
 0.930545 1624.0 
 0.930551 1518.0 
 0.930556 1730.0 
 0.930562 2080.0 
 0.930567 1844.0 
 0.930573 1796.0 
 0.930578 1984.0 
 0.930584 1840.0 
 0.930589 1696.0 
 0.930595 1504.0 
 0.930601 1772.0 
 0.930606 1748.0 
 0.930612 1632.0 
 0.930617 1672.0 
 0.930623 1606.0 
 0.930628 1580.0 
 0.930634 1760.0 
 0.930639 1724.0 
 0.930645 1984.0 
 0.930650 1616.0 
 0.930656 2244.0 
 0.930661 1882.0 
 0.930667 1952.0 
 0.930672 1784.0 
 0.930678 1940.0 
 0.930683 1776.0 
 0.930689 1868.0 
 0.930694 1836.0 
 0.930700 1816.0 
 0.930705 1812.0 
 0.930711 1628.0 
 0.930716 1924.0 
 0.930722 1900.0 
 0.930727 2008.0 
 0.930733 1748.0 
 0.930738 1840.0 
 0.930744 1648.0 
 0.930749 1732.0 
 0.930755 1704.0 
 0.930760 1900.0 
 0.930766 1512.0 
 0.930771 1888.0 
 0.930777 1780.0 
 0.930783 1628.0 
 0.930788 1456.0 
 0.930794 1604.0 
 0.930799 1588.0 
 0.930805 1536.0 
 0.930810 1628.0 
 0.930816 1836.0 
 0.930821 1968.0 
 0.930827 1764.0 
 0.930832 1864.0 
 0.930838 1692.0 
 0.930843 1636.0 
 0.930849 1720.0 
 0.930854 1704.0 
 0.930860 1852.0 
 0.930865 1692.0 
 0.930871 1908.0 
 0.930876 1708.0 
 0.930882 1868.0 
 0.930887 1700.0 
 0.930893 1632.0 
 0.930898 2064.0 
 0.930904 1784.0 
 0.930909 1760.0 
 0.930915 1780.0 
 0.930920 1664.0 
 0.930926 1832.0 
 0.930931 1556.0 
 0.930937 1652.0 
 0.930942 1604.0 
 0.930948 1620.0 
 0.930953 1588.0 
 0.930959 1204.0 
 0.930965 1420.0 
 0.930970 1496.0 
 0.930976 1432.0 
 0.930981 1372.0 
 0.930987 1484.0 
 0.930992 1708.0 
 0.930998 1792.0 
 0.931003 1932.0 
 0.931009 2148.0 
 0.931014 1876.0 
 0.931020 1844.0 
 0.931025 1944.0 
 0.931031 2020.0 
 0.931036 1920.0 
 0.931042 2124.0 
 0.931047 2056.0 
 0.931053 1856.0 
 0.931058 2144.0 
 0.931064 1884.0 
 0.931069 1936.0 
 0.931075 2216.0 
 0.931080 1416.0 
 0.931086 1480.0 
 0.931091 1496.0 
 0.931097 1880.0 
 0.931102 1616.0 
 0.931108 1376.0 
 0.931113 1124.0 
 0.931119 1416.0 
 0.931124 1200.0 
 0.931130 1152.0 
 0.931135 1034.0 
 0.931141 1044.0 
 0.931147 1148.0 
 0.931152 1414.0 
 0.931158 1384.0 
 0.931163 1524.0 
 0.931169 1604.0 
 0.931174 1554.0 
 0.931180 1860.0 
 0.931185 1844.0 
 0.931191 1640.0 
 0.931196 1604.0 
 0.931202 1804.0 
 0.931207 1836.0 
 0.931213 1872.0 
 0.931218 1740.0 
 0.931224 2272.0 
 0.931229 2224.0 
 0.931235 1904.0 
 0.931240 2040.0 
 0.931246 1696.0 
 0.931251 2040.0 
 0.931257 1928.0 
 0.931262 2076.0 
 0.931268 1956.0 
 0.931273 1936.0 
 0.931279 1824.0 
 0.931284 1888.0 
 0.931290 1908.0 
 0.931295 1992.0 
 0.931301 1944.0 
 0.931306 1924.0 
 0.931312 1608.0 
 0.931317 1944.0 
 0.931323 1716.0 
 0.931329 1650.0 
 0.931334 1790.0 
 0.931340 1868.0 
 0.931345 1572.0 
 0.931351 1464.0 
 0.931356 2044.0 
 0.931362 1644.0 
 0.931367 1676.0 
 0.931373 1804.0 
 0.931378 1860.0 
 0.931384 1904.0 
 0.931389 1816.0 
 0.931395 1976.0 
 0.931400 1800.0 
 0.931406 1860.0 
 0.931411 2048.0 
 0.931417 1840.0 
 0.931422 1616.0 
 0.931428 1724.0 
 0.931433 1904.0 
 0.931439 1868.0 
 0.931444 1792.0 
 0.931450 1702.0 
 0.931455 1580.0 
 0.931461 1480.0 
 0.931466 1492.0 
 0.931472 1908.0 
 0.931477 1292.0 
 0.931483 1324.0 
 0.931488 1324.0 
 0.931494 1576.0 
 0.931499 1656.0 
 0.931505 1752.0 
 0.931511 1628.0 
 0.931516 1476.0 
 0.931522 1824.0 
 0.931527 1984.0 
 0.931533 1992.0 
 0.931538 2168.0 
 0.931544 1576.0 
 0.931549 1840.0 
 0.931555 1672.0 
 0.931560 1792.0 
 0.931566 1764.0 
 0.931571 1748.0 
 0.931577 1904.0 
 0.931582 1776.0 
 0.931588 1740.0 
 0.931593 1776.0 
 0.931599 1916.0 
 0.931604 1744.0 
 0.931610 2092.0 
 0.931615 1832.0 
 0.931621 1732.0 
 0.931626 1896.0 
 0.931632 1840.0 
 0.931637 1820.0 
 0.931643 1608.0 
 0.931648 1784.0 
 0.931654 1624.0 
 0.931659 1508.0 
 0.931665 1636.0 
 0.931670 1582.0 
 0.931676 1800.0 
 0.931681 1504.0 
 0.931687 1568.0 
 0.931693 1172.0 
 0.931698 1760.0 
 0.931704 1444.0 
 0.931709 1284.0 
 0.931715 1488.0 
 0.931720 1308.0 
 0.931726 1396.0 
 0.931731 1328.0 
 0.931737 1504.0 
 0.931742 1496.0 
 0.931748 1272.0 
 0.931753 1840.0 
 0.931759 1784.0 
 0.931764 1724.0 
 0.931770 2020.0 
 0.931775 1632.0 
 0.931781 1876.0 
 0.931786 1768.0 
 0.931792 2020.0 
 0.931797 1768.0 
 0.931803 1784.0 
 0.931808 1980.0 
 0.931814 2096.0 
 0.931819 2068.0 
 0.931825 2124.0 
 0.931830 2096.0 
 0.931836 2100.0 
 0.931841 2384.0 
 0.931847 2156.0 
 0.931852 2224.0 
 0.931858 2372.0 
 0.931863 2028.0 
 0.931869 2292.0 
 0.931875 2228.0 
 0.931880 2436.0 
 0.931886 2036.0 
 0.931891 2236.0 
 0.931897 2300.0 
 0.931902 1908.0 
 0.931908 2244.0 
 0.931913 2172.0 
 0.931919 1960.0 
 0.931924 2260.0 
 0.931930 2408.0 
 0.931935 2136.0 
 0.931941 2092.0 
 0.931946 2336.0 
 0.931952 2332.0 
 0.931957 2056.0 
 0.931963 2440.0 
 0.931968 2332.0 
 0.931974 2156.0 
 0.931979 2240.0 
 0.931985 2092.0 
 0.931990 2132.0 
 0.931996 1956.0 
 0.932001 2154.0 
 0.932007 1988.0 
 0.932012 2180.0 
 0.932018 2116.0 
 0.932023 2080.0 
 0.932029 1800.0 
 0.932034 2088.0 
