 0.947835 816.0 
 0.947840 930.0 
 0.947846 876.0 
 0.947852 1046.0 
 0.947858 964.0 
 0.947864 1040.0 
 0.947870 1038.0 
 0.947876 1020.0 
 0.947882 1040.0 
 0.947888 1018.0 
 0.947894 1048.0 
 0.947899 1116.0 
 0.947905 978.0 
 0.947911 1248.0 
 0.947917 968.0 
 0.947923 1240.0 
 0.947929 1138.0 
 0.947935 1046.0 
 0.947941 1088.0 
 0.947947 932.0 
 0.947952 1046.0 
 0.947958 972.0 
 0.947964 1112.0 
 0.947970 1098.0 
 0.947976 1176.0 
 0.947982 1070.0 
 0.947988 1174.0 
 0.947994 1440.0 
 0.948000 1144.0 
 0.948006 1276.0 
 0.948011 1140.0 
 0.948017 1192.0 
 0.948023 1056.0 
 0.948029 844.0 
 0.948035 1034.0 
 0.948041 1328.0 
 0.948047 1450.0 
 0.948053 1340.0 
 0.948059 1328.0 
 0.948064 1402.0 
 0.948070 1284.0 
 0.948076 1120.0 
 0.948082 1200.0 
 0.948088 1444.0 
 0.948094 1392.0 
 0.948100 1430.0 
 0.948106 1376.0 
 0.948112 1276.0 
 0.948118 1376.0 
 0.948123 1232.0 
 0.948129 1584.0 
 0.948135 1344.0 
 0.948141 1240.0 
 0.948147 1544.0 
 0.948153 1348.0 
 0.948159 1378.0 
 0.948165 1516.0 
 0.948171 1216.0 
 0.948177 1632.0 
 0.948182 1452.0 
 0.948188 1576.0 
 0.948194 1608.0 
 0.948200 1372.0 
 0.948206 1624.0 
 0.948212 1286.0 
 0.948218 1336.0 
 0.948224 1278.0 
 0.948230 1354.0 
 0.948235 1296.0 
 0.948241 1394.0 
 0.948247 1454.0 
 0.948253 1208.0 
 0.948259 1354.0 
 0.948265 1082.0 
 0.948271 1340.0 
 0.948277 1492.0 
 0.948283 1392.0 
 0.948289 1382.0 
 0.948294 1494.0 
 0.948300 1344.0 
 0.948306 1498.0 
 0.948312 1518.0 
 0.948318 1664.0 
 0.948324 1580.0 
 0.948330 1564.0 
 0.948336 1460.0 
 0.948342 1560.0 
 0.948347 1330.0 
 0.948353 1644.0 
 0.948359 1506.0 
 0.948365 1420.0 
 0.948371 1352.0 
 0.948377 1508.0 
 0.948383 1416.0 
 0.948389 1642.0 
 0.948395 1684.0 
 0.948401 1494.0 
 0.948406 1600.0 
 0.948412 1418.0 
 0.948418 1632.0 
 0.948424 1536.0 
 0.948430 1556.0 
 0.948436 1390.0 
 0.948442 1504.0 
 0.948448 1538.0 
 0.948454 1480.0 
 0.948459 1700.0 
 0.948465 1624.0 
 0.948471 1784.0 
 0.948477 1468.0 
 0.948483 1604.0 
 0.948489 1532.0 
 0.948495 1508.0 
 0.948501 1584.0 
 0.948507 1596.0 
 0.948513 1552.0 
 0.948518 1554.0 
 0.948524 1708.0 
 0.948530 1528.0 
 0.948536 1680.0 
 0.948542 1464.0 
 0.948548 1746.0 
 0.948554 1956.0 
 0.948560 1782.0 
 0.948566 1754.0 
 0.948571 1632.0 
 0.948577 1496.0 
 0.948583 1768.0 
 0.948589 1540.0 
 0.948595 1750.0 
 0.948601 1772.0 
 0.948607 1680.0 
 0.948613 1660.0 
 0.948619 1784.0 
 0.948625 1888.0 
 0.948630 1588.0 
 0.948636 1714.0 
 0.948642 1666.0 
 0.948648 1774.0 
 0.948654 1624.0 
 0.948660 1648.0 
 0.948666 1496.0 
 0.948672 1912.0 
 0.948678 1568.0 
 0.948684 1578.0 
 0.948689 1568.0 
 0.948695 1400.0 
 0.948701 1348.0 
 0.948707 1344.0 
 0.948713 1102.0 
 0.948719 1006.0 
 0.948725 812.0 
 0.948731 746.0 
 0.948737 972.0 
 0.948742 1012.0 
 0.948748 1216.0 
 0.948754 1282.0 
 0.948760 1126.0 
 0.948766 1388.0 
 0.948772 1296.0 
 0.948778 1278.0 
 0.948784 1566.0 
 0.948790 1164.0 
 0.948796 1366.0 
 0.948801 1272.0 
 0.948807 1416.0 
 0.948813 1418.0 
 0.948819 1422.0 
 0.948825 1408.0 
 0.948831 1304.0 
 0.948837 1242.0 
 0.948843 1516.0 
 0.948849 1404.0 
 0.948854 1552.0 
 0.948860 1766.0 
 0.948866 1636.0 
 0.948872 1776.0 
 0.948878 1608.0 
 0.948884 1924.0 
 0.948890 1836.0 
 0.948896 1920.0 
 0.948902 2054.0 
 0.948908 1700.0 
 0.948913 1896.0 
 0.948919 1884.0 
 0.948925 2072.0 
 0.948931 1756.0 
 0.948937 1928.0 
 0.948943 1676.0 
 0.948949 1748.0 
 0.948955 1752.0 
 0.948961 2068.0 
 0.948966 1788.0 
 0.948972 1862.0 
 0.948978 1844.0 
 0.948984 1706.0 
 0.948990 1600.0 
 0.948996 1452.0 
 0.949002 1496.0 
 0.949008 1524.0 
 0.949014 1532.0 
 0.949020 1476.0 
 0.949025 1816.0 
 0.949031 1904.0 
 0.949037 1916.0 
 0.949043 1736.0 
 0.949049 2138.0 
 0.949055 1818.0 
 0.949061 1874.0 
 0.949067 1904.0 
 0.949073 1850.0 
 0.949078 1624.0 
 0.949084 1792.0 
 0.949090 1632.0 
 0.949096 1404.0 
 0.949102 1286.0 
 0.949108 1556.0 
 0.949114 1290.0 
 0.949120 1286.0 
 0.949126 1148.0 
 0.949132 1168.0 
 0.949137 1008.0 
 0.949143 1140.0 
 0.949149 1284.0 
 0.949155 1532.0 
 0.949161 1672.0 
 0.949167 1492.0 
 0.949173 1812.0 
 0.949179 2000.0 
 0.949185 1664.0 
 0.949191 1976.0 
 0.949196 1940.0 
 0.949202 1606.0 
 0.949208 1990.0 
 0.949214 1892.0 
 0.949220 1728.0 
 0.949226 1764.0 
 0.949232 1942.0 
 0.949238 1724.0 
 0.949244 1908.0 
 0.949249 1758.0 
 0.949255 1860.0 
 0.949261 1796.0 
 0.949267 1848.0 
 0.949273 1872.0 
 0.949279 2092.0 
 0.949285 2000.0 
 0.949291 1890.0 
 0.949297 1748.0 
 0.949303 1900.0 
 0.949308 2218.0 
 0.949314 2224.0 
 0.949320 2214.0 
 0.949326 2204.0 
 0.949332 2204.0 
 0.949338 2300.0 
 0.949344 2050.0 
 0.949350 2120.0 
 0.949356 2016.0 
 0.949361 2022.0 
 0.949367 2076.0 
 0.949373 2252.0 
 0.949379 2168.0 
 0.949385 2060.0 
 0.949391 1904.0 
 0.949397 2204.0 
 0.949403 2156.0 
 0.949409 1964.0 
 0.949415 1920.0 
 0.949420 2108.0 
 0.949426 2024.0 
 0.949432 2016.0 
 0.949438 2126.0 
 0.949444 2030.0 
 0.949450 2068.0 
 0.949456 2060.0 
 0.949462 2140.0 
 0.949468 2084.0 
 0.949473 2082.0 
 0.949479 2356.0 
 0.949485 2048.0 
 0.949491 2092.0 
 0.949497 2266.0 
 0.949503 2128.0 
 0.949509 2068.0 
 0.949515 2300.0 
 0.949521 2244.0 
 0.949527 2068.0 
 0.949532 2112.0 
 0.949538 2050.0 
 0.949544 1872.0 
 0.949550 2140.0 
 0.949556 1924.0 
 0.949562 2044.0 
 0.949568 2232.0 
 0.949574 1996.0 
 0.949580 2144.0 
 0.949586 2004.0 
 0.949591 2104.0 
 0.949597 2048.0 
 0.949603 2248.0 
 0.949609 2016.0 
 0.949615 2124.0 
 0.949621 1956.0 
 0.949627 2240.0 
 0.949633 1918.0 
 0.949639 2016.0 
 0.949644 2176.0 
 0.949650 1770.0 
 0.949656 1900.0 
 0.949662 1688.0 
 0.949668 1752.0 
 0.949674 1632.0 
 0.949680 1560.0 
 0.949686 1580.0 
 0.949692 1428.0 
 0.949698 1464.0 
 0.949703 1564.0 
 0.949709 1552.0 
 0.949715 1734.0 
 0.949721 1984.0 
 0.949727 1824.0 
 0.949733 2316.0 
 0.949739 2224.0 
 0.949745 1924.0 
 0.949751 2180.0 
 0.949756 2100.0 
 0.949762 2268.0 
 0.949768 1984.0 
 0.949774 2110.0 
 0.949780 1916.0 
 0.949786 1990.0 
 0.949792 2120.0 
 0.949798 1752.0 
 0.949804 1380.0 
 0.949810 1696.0 
 0.949815 1532.0 
 0.949821 1516.0 
 0.949827 1756.0 
 0.949833 1734.0 
 0.949839 1736.0 
 0.949845 2220.0 
 0.949851 2082.0 
 0.949857 2116.0 
 0.949863 2164.0 
 0.949868 2244.0 
 0.949874 2016.0 
 0.949880 2158.0 
 0.949886 2160.0 
 0.949892 1954.0 
 0.949898 2088.0 
 0.949904 1654.0 
 0.949910 1780.0 
 0.949916 1700.0 
 0.949922 1588.0 
 0.949927 1256.0 
 0.949933 1220.0 
 0.949939 1204.0 
 0.949945 1210.0 
 0.949951 1448.0 
 0.949957 1568.0 
 0.949963 1868.0 
 0.949969 1960.0 
 0.949975 2058.0 
 0.949980 1822.0 
 0.949986 2072.0 
 0.949992 2056.0 
 0.949998 2088.0 
 0.950004 2238.0 
 0.950010 2196.0 
 0.950016 2276.0 
 0.950022 2038.0 
 0.950028 2084.0 
 0.950034 2128.0 
 0.950039 2054.0 
 0.950045 1948.0 
 0.950051 2080.0 
 0.950057 1792.0 
 0.950063 1804.0 
 0.950069 1950.0 
 0.950075 1664.0 
 0.950081 1552.0 
 0.950087 1136.0 
 0.950093 1000.0 
 0.950098 1102.0 
 0.950104 1136.0 
 0.950110 1062.0 
 0.950116 1300.0 
 0.950122 1400.0 
 0.950128 1704.0 
 0.950134 1672.0 
 0.950140 1860.0 
 0.950146 1836.0 
 0.950151 2336.0 
 0.950157 2120.0 
 0.950163 2036.0 
 0.950169 2308.0 
 0.950175 2380.0 
 0.950181 2172.0 
 0.950187 2536.0 
 0.950193 2234.0 
 0.950199 2332.0 
 0.950205 2136.0 
 0.950210 2452.0 
 0.950216 2352.0 
 0.950222 1964.0 
 0.950228 2444.0 
 0.950234 2284.0 
 0.950240 2172.0 
 0.950246 2432.0 
 0.950252 2312.0 
 0.950258 2164.0 
 0.950263 2216.0 
 0.950269 2352.0 
 0.950275 2196.0 
 0.950281 2276.0 
 0.950287 2396.0 
 0.950293 2204.0 
 0.950299 2178.0 
 0.950305 1972.0 
 0.950311 1962.0 
 0.950317 1668.0 
 0.950322 1956.0 
 0.950328 1848.0 
 0.950334 1710.0 
 0.950340 1688.0 
 0.950346 1756.0 
 0.950352 1728.0 
 0.950358 2204.0 
 0.950364 1964.0 
 0.950370 1836.0 
 0.950375 2128.0 
 0.950381 2528.0 
 0.950387 2488.0 
 0.950393 2404.0 
 0.950399 2196.0 
 0.950405 2560.0 
 0.950411 2310.0 
 0.950417 2256.0 
 0.950423 2276.0 
 0.950429 2572.0 
 0.950434 2122.0 
 0.950440 2386.0 
 0.950446 2558.0 
 0.950452 2332.0 
 0.950458 2296.0 
 0.950464 2092.0 
 0.950470 2360.0 
 0.950476 2152.0 
 0.950482 2314.0 
 0.950487 2172.0 
 0.950493 2246.0 
 0.950499 2264.0 
 0.950505 2072.0 
 0.950511 2180.0 
 0.950517 2376.0 
 0.950523 2328.0 
 0.950529 2328.0 
 0.950535 2368.0 
 0.950541 2212.0 
 0.950546 2080.0 
 0.950552 2500.0 
 0.950558 2094.0 
 0.950564 1968.0 
 0.950570 1998.0 
 0.950576 1916.0 
 0.950582 1956.0 
 0.950588 1528.0 
 0.950594 1684.0 
 0.950600 1802.0 
 0.950605 1564.0 
 0.950611 2048.0 
 0.950617 2168.0 
 0.950623 2312.0 
 0.950629 2356.0 
 0.950635 2208.0 
 0.950641 2148.0 
 0.950647 2564.0 
 0.950653 2298.0 
 0.950658 2448.0 
 0.950664 2464.0 
 0.950670 2680.0 
 0.950676 2608.0 
 0.950682 2250.0 
 0.950688 2372.0 
 0.950694 2384.0 
 0.950700 2612.0 
 0.950706 2224.0 
 0.950712 2364.0 
 0.950717 2436.0 
 0.950723 2760.0 
 0.950729 2240.0 
 0.950735 2408.0 
 0.950741 2092.0 
 0.950747 2248.0 
 0.950753 2344.0 
 0.950759 2100.0 
 0.950765 2188.0 
 0.950770 2488.0 
 0.950776 2416.0 
 0.950782 2396.0 
 0.950788 2120.0 
 0.950794 2476.0 
 0.950800 2164.0 
 0.950806 2276.0 
 0.950812 2220.0 
 0.950818 2532.0 
 0.950824 2292.0 
 0.950829 2416.0 
 0.950835 2382.0 
 0.950841 2320.0 
 0.950847 2644.0 
 0.950853 2556.0 
 0.950859 2352.0 
 0.950865 2324.0 
 0.950871 2584.0 
 0.950877 2692.0 
 0.950882 2480.0 
 0.950888 2452.0 
 0.950894 2510.0 
 0.950900 2272.0 
 0.950906 2604.0 
 0.950912 2180.0 
 0.950918 2536.0 
 0.950924 2480.0 
 0.950930 2540.0 
 0.950936 2424.0 
 0.950941 2314.0 
 0.950947 2740.0 
 0.950953 2516.0 
 0.950959 2476.0 
 0.950965 2740.0 
 0.950971 2456.0 
 0.950977 2508.0 
 0.950983 2640.0 
 0.950989 2460.0 
 0.950994 2568.0 
 0.951000 2452.0 
 0.951006 2378.0 
 0.951012 2528.0 
 0.951018 2168.0 
 0.951024 2424.0 
 0.951030 2324.0 
 0.951036 2288.0 
 0.951042 2446.0 
 0.951048 2184.0 
 0.951053 2492.0 
 0.951059 2268.0 
 0.951065 2246.0 
 0.951071 2412.0 
 0.951077 2220.0 
 0.951083 2302.0 
 0.951089 2396.0 
 0.951095 2340.0 
 0.951101 2156.0 
 0.951107 2532.0 
 0.951112 2248.0 
 0.951118 2240.0 
 0.951124 2676.0 
 0.951130 2284.0 
 0.951136 2394.0 
 0.951142 2384.0 
 0.951148 2412.0 
 0.951154 2476.0 
 0.951160 2488.0 
 0.951165 2356.0 
 0.951171 2428.0 
 0.951177 2318.0 
 0.951183 2340.0 
 0.951189 2136.0 
 0.951195 1996.0 
 0.951201 2184.0 
 0.951207 2076.0 
 0.951213 2380.0 
 0.951219 2350.0 
 0.951224 2196.0 
 0.951230 2436.0 
 0.951236 2600.0 
 0.951242 2612.0 
 0.951248 2460.0 
 0.951254 2366.0 
 0.951260 2488.0 
 0.951266 2608.0 
 0.951272 2420.0 
 0.951277 2364.0 
 0.951283 2318.0 
 0.951289 2388.0 
 0.951295 2636.0 
 0.951301 2116.0 
 0.951307 2064.0 
 0.951313 2584.0 
 0.951319 2480.0 
 0.951325 2424.0 
 0.951331 2592.0 
 0.951336 2444.0 
 0.951342 2476.0 
 0.951348 2382.0 
 0.951354 2600.0 
 0.951360 2508.0 
 0.951366 2576.0 
 0.951372 2368.0 
 0.951378 2500.0 
 0.951384 2264.0 
 0.951389 2432.0 
 0.951395 2160.0 
 0.951401 2620.0 
 0.951407 2460.0 
 0.951413 2256.0 
 0.951419 2468.0 
 0.951425 2368.0 
 0.951431 2136.0 
 0.951437 2416.0 
 0.951443 2344.0 
 0.951448 2128.0 
 0.951454 2062.0 
 0.951460 2000.0 
 0.951466 2068.0 
 0.951472 1816.0 
 0.951478 1948.0 
 0.951484 1744.0 
 0.951490 1668.0 
 0.951496 1492.0 
 0.951501 1440.0 
 0.951507 1700.0 
 0.951513 1530.0 
 0.951519 1796.0 
 0.951525 1912.0 
 0.951531 1988.0 
 0.951537 2248.0 
 0.951543 2292.0 
 0.951549 2228.0 
 0.951555 2308.0 
 0.951560 2456.0 
 0.951566 2424.0 
 0.951572 2292.0 
 0.951578 2232.0 
 0.951584 2454.0 
 0.951590 2120.0 
 0.951596 1678.0 
 0.951602 1808.0 
 0.951608 1796.0 
 0.951614 1468.0 
 0.951619 1312.0 
 0.951625 1330.0 
 0.951631 1416.0 
 0.951637 1572.0 
 0.951643 1542.0 
 0.951649 1824.0 
 0.951655 2374.0 
 0.951661 2132.0 
 0.951667 2246.0 
 0.951672 2196.0 
 0.951678 2156.0 
 0.951684 1944.0 
 0.951690 1608.0 
 0.951696 1926.0 
 0.951702 1830.0 
 0.951708 1928.0 
 0.951714 1992.0 
 0.951720 2328.0 
 0.951726 2316.0 
 0.951731 2268.0 
 0.951737 2452.0 
 0.951743 2256.0 
 0.951749 2308.0 
 0.951755 2416.0 
 0.951761 2452.0 
 0.951767 2316.0 
 0.951773 2504.0 
 0.951779 2476.0 
 0.951784 2464.0 
 0.951790 2472.0 
 0.951796 2800.0 
 0.951802 2220.0 
 0.951808 2576.0 
 0.951814 2692.0 
 0.951820 2468.0 
 0.951826 2504.0 
 0.951832 2472.0 
 0.951838 2428.0 
 0.951843 2584.0 
 0.951849 2452.0 
 0.951855 2616.0 
 0.951861 2740.0 
 0.951867 2422.0 
 0.951873 2614.0 
 0.951879 2436.0 
 0.951885 2304.0 
 0.951891 2392.0 
 0.951896 2392.0 
 0.951902 2560.0 
 0.951908 2172.0 
 0.951914 2228.0 
 0.951920 2508.0 
 0.951926 2692.0 
 0.951932 2512.0 
 0.951938 2496.0 
 0.951944 2456.0 
 0.951950 2520.0 
 0.951955 2264.0 
 0.951961 2592.0 
 0.951967 2456.0 
 0.951973 2512.0 
 0.951979 2164.0 
 0.951985 2440.0 
 0.951991 2284.0 
 0.951997 2156.0 
 0.952003 2300.0 
 0.952009 2272.0 
 0.952014 2268.0 
 0.952020 2360.0 
 0.952026 2484.0 
 0.952032 2518.0 
 0.952038 2468.0 
 0.952044 2486.0 
 0.952050 2436.0 
 0.952056 2496.0 
 0.952062 2550.0 
 0.952067 2428.0 
 0.952073 2636.0 
 0.952079 2416.0 
 0.952085 2536.0 
 0.952091 2308.0 
 0.952097 2302.0 
 0.952103 2614.0 
 0.952109 2128.0 
 0.952115 2292.0 
 0.952121 2260.0 
 0.952126 2276.0 
 0.952132 2240.0 
 0.952138 2184.0 
 0.952144 2340.0 
 0.952150 2688.0 
 0.952156 2148.0 
 0.952162 2276.0 
 0.952168 2148.0 
 0.952174 2348.0 
 0.952179 2232.0 
 0.952185 2244.0 
 0.952191 2412.0 
 0.952197 2564.0 
 0.952203 2516.0 
 0.952209 2560.0 
 0.952215 2292.0 
 0.952221 2524.0 
 0.952227 2488.0 
 0.952233 2192.0 
 0.952238 2388.0 
 0.952244 2144.0 
 0.952250 2184.0 
 0.952256 1908.0 
 0.952262 2274.0 
 0.952268 2220.0 
 0.952274 2116.0 
 0.952280 1930.0 
 0.952286 2344.0 
 0.952291 2286.0 
 0.952297 2284.0 
 0.952303 2572.0 
 0.952309 2424.0 
 0.952315 2676.0 
 0.952321 2140.0 
 0.952327 2592.0 
 0.952333 2636.0 
 0.952339 2356.0 
 0.952345 2480.0 
 0.952350 2336.0 
 0.952356 2344.0 
 0.952362 2430.0 
 0.952368 2372.0 
 0.952374 2560.0 
 0.952380 2172.0 
 0.952386 2084.0 
 0.952392 1916.0 
 0.952398 2058.0 
 0.952403 1916.0 
 0.952409 1756.0 
 0.952415 1754.0 
 0.952421 1612.0 
 0.952427 1956.0 
 0.952433 2048.0 
 0.952439 1976.0 
 0.952445 1952.0 
 0.952451 1612.0 
 0.952457 1648.0 
 0.952462 1412.0 
 0.952468 1436.0 
 0.952474 1496.0 
 0.952480 1672.0 
 0.952486 1852.0 
 0.952492 1870.0 
 0.952498 1852.0 
 0.952504 1984.0 
 0.952510 1804.0 
 0.952516 2012.0 
 0.952521 2180.0 
 0.952527 1988.0 
 0.952533 2120.0 
 0.952539 2288.0 
 0.952545 2330.0 
 0.952551 2264.0 
 0.952557 2208.0 
 0.952563 2168.0 
 0.952569 1812.0 
 0.952574 1820.0 
 0.952580 1814.0 
 0.952586 1632.0 
 0.952592 1618.0 
 0.952598 1666.0 
 0.952604 2180.0 
 0.952610 2044.0 
 0.952616 2276.0 
 0.952622 2112.0 
 0.952628 2312.0 
 0.952633 2108.0 
 0.952639 2292.0 
 0.952645 2292.0 
 0.952651 2468.0 
 0.952657 2038.0 
 0.952663 2236.0 
 0.952669 2204.0 
 0.952675 2260.0 
 0.952681 1944.0 
 0.952686 1772.0 
 0.952692 1836.0 
 0.952698 1564.0 
 0.952704 1812.0 
 0.952710 1856.0 
 0.952716 1816.0 
 0.952722 2212.0 
 0.952728 1968.0 
 0.952734 2172.0 
 0.952740 2100.0 
 0.952745 2116.0 
 0.952751 1976.0 
 0.952757 2104.0 
 0.952763 1852.0 
 0.952769 1776.0 
 0.952775 1984.0 
 0.952781 1826.0 
 0.952787 2130.0 
 0.952793 2084.0 
 0.952798 2092.0 
 0.952804 1912.0 
 0.952810 1996.0 
 0.952816 1724.0 
 0.952822 1642.0 
 0.952828 1654.0 
 0.952834 1560.0 
 0.952840 1388.0 
 0.952846 1864.0 
 0.952852 1820.0 
 0.952857 1980.0 
 0.952863 2112.0 
 0.952869 2180.0 
 0.952875 2196.0 
 0.952881 2252.0 
 0.952887 2290.0 
 0.952893 2346.0 
 0.952899 2124.0 
 0.952905 2428.0 
 0.952910 2458.0 
 0.952916 2416.0 
 0.952922 2292.0 
 0.952928 2468.0 
 0.952934 2432.0 
 0.952940 2448.0 
 0.952946 2056.0 
 0.952952 2564.0 
 0.952958 2288.0 
 0.952964 2360.0 
 0.952969 2376.0 
 0.952975 2164.0 
 0.952981 2210.0 
 0.952987 2204.0 
 0.952993 2196.0 
 0.952999 2104.0 
 0.953005 2048.0 
 0.953011 1712.0 
 0.953017 1868.0 
 0.953023 2080.0 
 0.953028 2000.0 
 0.953034 2180.0 
 0.953040 2272.0 
 0.953046 2176.0 
 0.953052 2172.0 
 0.953058 2132.0 
 0.953064 2004.0 
 0.953070 1816.0 
 0.953076 1906.0 
 0.953081 1952.0 
 0.953087 2024.0 
 0.953093 2156.0 
 0.953099 2260.0 
 0.953105 2336.0 
 0.953111 2364.0 
 0.953117 2516.0 
 0.953123 2204.0 
 0.953129 2292.0 
 0.953135 2340.0 
 0.953140 2236.0 
 0.953146 2178.0 
 0.953152 2400.0 
 0.953158 2152.0 
 0.953164 2472.0 
 0.953170 2218.0 
 0.953176 2232.0 
 0.953182 2532.0 
 0.953188 2260.0 
 0.953193 2284.0 
 0.953199 2472.0 
 0.953205 2264.0 
 0.953211 2278.0 
 0.953217 2500.0 
 0.953223 2128.0 
 0.953229 2292.0 
 0.953235 2152.0 
 0.953241 2056.0 
 0.953247 2200.0 
 0.953252 2164.0 
 0.953258 2372.0 
 0.953264 2172.0 
 0.953270 2328.0 
 0.953276 2216.0 
 0.953282 2164.0 
 0.953288 2384.0 
 0.953294 2304.0 
 0.953300 2404.0 
 0.953305 2244.0 
 0.953311 2280.0 
 0.953317 2292.0 
 0.953323 2512.0 
 0.953329 2256.0 
 0.953335 2348.0 
 0.953341 2252.0 
 0.953347 2304.0 
 0.953353 2184.0 
 0.953359 1932.0 
 0.953364 1956.0 
 0.953370 1986.0 
 0.953376 1856.0 
 0.953382 1868.0 
 0.953388 1784.0 
 0.953394 1808.0 
 0.953400 1876.0 
 0.953406 1964.0 
 0.953412 1956.0 
 0.953417 1892.0 
 0.953423 1980.0 
 0.953429 2140.0 
 0.953435 2336.0 
 0.953441 1916.0 
 0.953447 2008.0 
 0.953453 2288.0 
 0.953459 2060.0 
 0.953465 2268.0 
 0.953471 2148.0 
 0.953476 2100.0 
 0.953482 2008.0 
 0.953488 2112.0 
 0.953494 2016.0 
 0.953500 1932.0 
 0.953506 1780.0 
 0.953512 1650.0 
 0.953518 1852.0 
 0.953524 1704.0 
 0.953530 2232.0 
 0.953535 2000.0 
 0.953541 2020.0 
 0.953547 2628.0 
 0.953553 2236.0 
 0.953559 2316.0 
 0.953565 2060.0 
 0.953571 2168.0 
 0.953577 2120.0 
 0.953583 2350.0 
 0.953588 2240.0 
 0.953594 2076.0 
 0.953600 1844.0 
 0.953606 2462.0 
 0.953612 2028.0 
 0.953618 2106.0 
 0.953624 2564.0 
 0.953630 2460.0 
 0.953636 2344.0 
 0.953642 2212.0 
 0.953647 2096.0 
 0.953653 2340.0 
 0.953659 2540.0 
 0.953665 2288.0 
 0.953671 2472.0 
 0.953677 2196.0 
 0.953683 2364.0 
 0.953689 2176.0 
 0.953695 2412.0 
 0.953700 2368.0 
 0.953706 2074.0 
 0.953712 2164.0 
 0.953718 2150.0 
 0.953724 2182.0 
 0.953730 2488.0 
 0.953736 2356.0 
 0.953742 2212.0 
 0.953748 2296.0 
 0.953754 2116.0 
 0.953759 2088.0 
 0.953765 2280.0 
 0.953771 2256.0 
 0.953777 2220.0 
 0.953783 2196.0 
 0.953789 2052.0 
 0.953795 2196.0 
 0.953801 1972.0 
 0.953807 2200.0 
 0.953812 1908.0 
 0.953818 1760.0 
 0.953824 2008.0 
 0.953830 1994.0 
 0.953836 1908.0 
 0.953842 1972.0 
 0.953848 2040.0 
 0.953854 2056.0 
 0.953860 2320.0 
 0.953866 2246.0 
 0.953871 2300.0 
 0.953877 2072.0 
 0.953883 2160.0 
 0.953889 2180.0 
 0.953895 2284.0 
 0.953901 2468.0 
 0.953907 2304.0 
 0.953913 2288.0 
 0.953919 2320.0 
 0.953924 2336.0 
 0.953930 2268.0 
 0.953936 2200.0 
 0.953942 2412.0 
 0.953948 2116.0 
 0.953954 2368.0 
 0.953960 2416.0 
 0.953966 2290.0 
 0.953972 2384.0 
 0.953978 2212.0 
 0.953983 2332.0 
 0.953989 2092.0 
 0.953995 2192.0 
 0.954001 1996.0 
 0.954007 1958.0 
 0.954013 2340.0 
 0.954019 2118.0 
 0.954025 2234.0 
 0.954031 2116.0 
 0.954037 2104.0 
 0.954042 2308.0 
 0.954048 2332.0 
 0.954054 2152.0 
 0.954060 2408.0 
 0.954066 2468.0 
 0.954072 2116.0 
 0.954078 2256.0 
 0.954084 2284.0 
 0.954090 2106.0 
 0.954095 2064.0 
 0.954101 2004.0 
 0.954107 1964.0 
 0.954113 1872.0 
 0.954119 1916.0 
 0.954125 1828.0 
 0.954131 1768.0 
 0.954137 1996.0 
 0.954143 1798.0 
 0.954149 1904.0 
 0.954154 1844.0 
 0.954160 2212.0 
 0.954166 1772.0 
 0.954172 1394.0 
 0.954178 1548.0 
 0.954184 1376.0 
 0.954190 1530.0 
 0.954196 1386.0 
 0.954202 1528.0 
 0.954207 1718.0 
 0.954213 1684.0 
 0.954219 1968.0 
 0.954225 2036.0 
 0.954231 2132.0 
 0.954237 2228.0 
 0.954243 2264.0 
 0.954249 2076.0 
 0.954255 2112.0 
 0.954261 2396.0 
 0.954266 2116.0 
 0.954272 1972.0 
 0.954278 1924.0 
 0.954284 1844.0 
 0.954290 1834.0 
 0.954296 1860.0 
 0.954302 1680.0 
 0.954308 1888.0 
 0.954314 1904.0 
 0.954319 2024.0 
 0.954325 2340.0 
 0.954331 2296.0 
 0.954337 2092.0 
 0.954343 2208.0 
 0.954349 2260.0 
 0.954355 2216.0 
 0.954361 2076.0 
 0.954367 2224.0 
 0.954373 2276.0 
 0.954378 2196.0 
 0.954384 1938.0 
 0.954390 2280.0 
 0.954396 2550.0 
 0.954402 2000.0 
 0.954408 2404.0 
 0.954414 2368.0 
 0.954420 2212.0 
 0.954426 2204.0 
 0.954431 2276.0 
 0.954437 2184.0 
 0.954443 2508.0 
 0.954449 2066.0 
 0.954455 2376.0 
 0.954461 2232.0 
 0.954467 2080.0 
 0.954473 1880.0 
 0.954479 2080.0 
 0.954485 2108.0 
 0.954490 2064.0 
 0.954496 2022.0 
 0.954502 2272.0 
 0.954508 2020.0 
 0.954514 2140.0 
 0.954520 1996.0 
 0.954526 1902.0 
 0.954532 2092.0 
 0.954538 2416.0 
 0.954544 2180.0 
 0.954549 2220.0 
 0.954555 2032.0 
 0.954561 2228.0 
 0.954567 2166.0 
 0.954573 2372.0 
 0.954579 2068.0 
 0.954585 2372.0 
 0.954591 2424.0 
 0.954597 2128.0 
 0.954602 2484.0 
 0.954608 2260.0 
 0.954614 2508.0 
 0.954620 2284.0 
 0.954626 2072.0 
 0.954632 2246.0 
 0.954638 2040.0 
 0.954644 2304.0 
 0.954650 2300.0 
 0.954656 2300.0 
 0.954661 2008.0 
 0.954667 2116.0 
 0.954673 1924.0 
 0.954679 2484.0 
 0.954685 1976.0 
 0.954691 1996.0 
 0.954697 1684.0 
 0.954703 1908.0 
 0.954709 1714.0 
 0.954714 1972.0 
 0.954720 1756.0 
 0.954726 1956.0 
 0.954732 1812.0 
 0.954738 1910.0 
 0.954744 2088.0 
 0.954750 1956.0 
 0.954756 2032.0 
 0.954762 2076.0 
 0.954768 2308.0 
 0.954773 1908.0 
 0.954779 1816.0 
 0.954785 2014.0 
 0.954791 2216.0 
 0.954797 2084.0 
 0.954803 2084.0 
 0.954809 2164.0 
 0.954815 2230.0 
 0.954821 2044.0 
 0.954826 2180.0 
 0.954832 2172.0 
 0.954838 2088.0 
 0.954844 2260.0 
 0.954850 2200.0 
 0.954856 2346.0 
 0.954862 2286.0 
 0.954868 2032.0 
 0.954874 2092.0 
 0.954880 2476.0 
 0.954885 2094.0 
 0.954891 2052.0 
 0.954897 2020.0 
 0.954903 2288.0 
 0.954909 1980.0 
 0.954915 2212.0 
 0.954921 2220.0 
 0.954927 2240.0 
 0.954933 2248.0 
 0.954939 1960.0 
 0.954944 2166.0 
 0.954950 2260.0 
 0.954956 2254.0 
 0.954962 1888.0 
 0.954968 2104.0 
 0.954974 2200.0 
 0.954980 2166.0 
 0.954986 2248.0 
 0.954992 2104.0 
 0.954997 2348.0 
 0.955003 2200.0 
 0.955009 2056.0 
 0.955015 2216.0 
 0.955021 2268.0 
 0.955027 1996.0 
 0.955033 2224.0 
 0.955039 2266.0 
 0.955045 1998.0 
 0.955051 2052.0 
 0.955056 2268.0 
 0.955062 2096.0 
 0.955068 1904.0 
 0.955074 2340.0 
 0.955080 2096.0 
 0.955086 1960.0 
 0.955092 2218.0 
 0.955098 2092.0 
 0.955104 2164.0 
 0.955109 2188.0 
 0.955115 2192.0 
 0.955121 2188.0 
 0.955127 2132.0 
 0.955133 1912.0 
 0.955139 1922.0 
 0.955145 2052.0 
 0.955151 2108.0 
 0.955157 2052.0 
 0.955163 2264.0 
 0.955168 2036.0 
 0.955174 1898.0 
 0.955180 2236.0 
 0.955186 2232.0 
 0.955192 2012.0 
 0.955198 2204.0 
 0.955204 2160.0 
 0.955210 1910.0 
 0.955216 1980.0 
 0.955221 1804.0 
 0.955227 1928.0 
 0.955233 2158.0 
 0.955239 1838.0 
 0.955245 1432.0 
 0.955251 1636.0 
 0.955257 1724.0 
 0.955263 1588.0 
 0.955269 1448.0 
 0.955275 1900.0 
 0.955280 1762.0 
 0.955286 1856.0 
 0.955292 1668.0 
 0.955298 1696.0 
 0.955304 1744.0 
 0.955310 1812.0 
 0.955316 1664.0 
 0.955322 1976.0 
 0.955328 1828.0 
 0.955333 2028.0 
 0.955339 2172.0 
 0.955345 2088.0 
 0.955351 2248.0 
 0.955357 2128.0 
 0.955363 2112.0 
 0.955369 1972.0 
 0.955375 2192.0 
 0.955381 2296.0 
 0.955387 2208.0 
 0.955392 2268.0 
 0.955398 2252.0 
 0.955404 1964.0 
 0.955410 1972.0 
 0.955416 2256.0 
 0.955422 1832.0 
 0.955428 2164.0 
 0.955434 1904.0 
 0.955440 1992.0 
 0.955446 2096.0 
 0.955451 2320.0 
 0.955457 2100.0 
 0.955463 1876.0 
 0.955469 2136.0 
 0.955475 2268.0 
 0.955481 2122.0 
 0.955487 1980.0 
 0.955493 2028.0 
 0.955499 1916.0 
 0.955504 2028.0 
 0.955510 1884.0 
 0.955516 2292.0 
 0.955522 2060.0 
 0.955528 2160.0 
 0.955534 2112.0 
 0.955540 1972.0 
 0.955546 1880.0 
 0.955552 2004.0 
 0.955558 1904.0 
 0.955563 2148.0 
 0.955569 1692.0 
 0.955575 1672.0 
 0.955581 1808.0 
 0.955587 1396.0 
 0.955593 1648.0 
 0.955599 1544.0 
 0.955605 1660.0 
 0.955611 1782.0 
 0.955616 1966.0 
 0.955622 1964.0 
 0.955628 2036.0 
 0.955634 1924.0 
 0.955640 2000.0 
 0.955646 2142.0 
 0.955652 1800.0 
 0.955658 1944.0 
 0.955664 2060.0 
 0.955670 2084.0 
 0.955675 1876.0 
 0.955681 2112.0 
 0.955687 2044.0 
 0.955693 2180.0 
 0.955699 2030.0 
 0.955705 2004.0 
 0.955711 2108.0 
 0.955717 1672.0 
 0.955723 1772.0 
 0.955728 1716.0 
 0.955734 1760.0 
 0.955740 1668.0 
 0.955746 1396.0 
 0.955752 1572.0 
 0.955758 1792.0 
 0.955764 1504.0 
 0.955770 1452.0 
 0.955776 1466.0 
 0.955782 1538.0 
 0.955787 1560.0 
 0.955793 1584.0 
 0.955799 1500.0 
 0.955805 1540.0 
 0.955811 1728.0 
 0.955817 1716.0 
 0.955823 1440.0 
 0.955829 1912.0 
 0.955835 1924.0 
 0.955840 2000.0 
 0.955846 1926.0 
 0.955852 1808.0 
 0.955858 2138.0 
 0.955864 1692.0 
 0.955870 2072.0 
 0.955876 2026.0 
 0.955882 2160.0 
 0.955888 1976.0 
 0.955894 1780.0 
 0.955899 1808.0 
 0.955905 1544.0 
 0.955911 1548.0 
 0.955917 1476.0 
 0.955923 1258.0 
 0.955929 1078.0 
 0.955935 1180.0 
 0.955941 1430.0 
 0.955947 1320.0 
 0.955953 1372.0 
 0.955958 1404.0 
 0.955964 1708.0 
 0.955970 1556.0 
 0.955976 1596.0 
 0.955982 1820.0 
 0.955988 1860.0 
 0.955994 1772.0 
 0.956000 2088.0 
 0.956006 1922.0 
 0.956011 1700.0 
 0.956017 1932.0 
 0.956023 1966.0 
 0.956029 2016.0 
 0.956035 1980.0 
 0.956041 2004.0 
 0.956047 1984.0 
 0.956053 1862.0 
 0.956059 2050.0 
 0.956065 1832.0 
 0.956070 1416.0 
 0.956076 1636.0 
 0.956082 1644.0 
 0.956088 1294.0 
 0.956094 1320.0 
 0.956100 1304.0 
 0.956106 1396.0 
 0.956112 1490.0 
 0.956118 1684.0 
 0.956123 1988.0 
 0.956129 1712.0 
 0.956135 1908.0 
 0.956141 1900.0 
 0.956147 1792.0 
 0.956153 1796.0 
 0.956159 1804.0 
 0.956165 1832.0 
 0.956171 1862.0 
 0.956177 1840.0 
 0.956182 1972.0 
 0.956188 1902.0 
 0.956194 1736.0 
 0.956200 1884.0 
 0.956206 2040.0 
 0.956212 1750.0 
 0.956218 1836.0 
 0.956224 2148.0 
 0.956230 2036.0 
 0.956235 1952.0 
 0.956241 2008.0 
 0.956247 1920.0 
 0.956253 2024.0 
 0.956259 1592.0 
 0.956265 1804.0 
 0.956271 1832.0 
 0.956277 1632.0 
 0.956283 1748.0 
 0.956289 1788.0 
 0.956294 1744.0 
 0.956300 1794.0 
 0.956306 1680.0 
 0.956312 1720.0 
 0.956318 1944.0 
 0.956324 2066.0 
 0.956330 2100.0 
 0.956336 2184.0 
 0.956342 2088.0 
 0.956347 1680.0 
 0.956353 1908.0 
 0.956359 1912.0 
 0.956365 1856.0 
 0.956371 1980.0 
 0.956377 1756.0 
 0.956383 1944.0 
 0.956389 1784.0 
 0.956395 1952.0 
 0.956401 1784.0 
 0.956406 1960.0 
 0.956412 1824.0 
 0.956418 1580.0 
 0.956424 1752.0 
 0.956430 1728.0 
 0.956436 1656.0 
 0.956442 1848.0 
 0.956448 1776.0 
 0.956454 1712.0 
 0.956460 1808.0 
 0.956465 1664.0 
 0.956471 1564.0 
 0.956477 1588.0 
 0.956483 1436.0 
 0.956489 1370.0 
 0.956495 1536.0 
 0.956501 1322.0 
 0.956507 1356.0 
 0.956513 1346.0 
 0.956518 1564.0 
 0.956524 1520.0 
 0.956530 1752.0 
 0.956536 1656.0 
 0.956542 1598.0 
 0.956548 1854.0 
 0.956554 1736.0 
 0.956560 1728.0 
 0.956566 1856.0 
 0.956572 1920.0 
 0.956577 1790.0 
 0.956583 1916.0 
 0.956589 1812.0 
 0.956595 1816.0 
 0.956601 1776.0 
 0.956607 1740.0 
 0.956613 1812.0 
 0.956619 1808.0 
 0.956625 1868.0 
 0.956630 1900.0 
 0.956636 1798.0 
 0.956642 1894.0 
 0.956648 1836.0 
 0.956654 1896.0 
 0.956660 1796.0 
 0.956666 1974.0 
 0.956672 1902.0 
 0.956678 1646.0 
 0.956684 1662.0 
 0.956689 1848.0 
 0.956695 1820.0 
 0.956701 2020.0 
 0.956707 1924.0 
 0.956713 1716.0 
 0.956719 1872.0 
 0.956725 1824.0 
 0.956731 1712.0 
 0.956737 1736.0 
 0.956742 1552.0 
 0.956748 1768.0 
 0.956754 1624.0 
 0.956760 1660.0 
 0.956766 1764.0 
 0.956772 1724.0 
 0.956778 1792.0 
 0.956784 1576.0 
 0.956790 1580.0 
 0.956796 1990.0 
 0.956801 1704.0 
 0.956807 1584.0 
 0.956813 1788.0 
 0.956819 1764.0 
 0.956825 1608.0 
 0.956831 1852.0 
 0.956837 1616.0 
 0.956843 1828.0 
 0.956849 1618.0 
 0.956854 1718.0 
 0.956860 1844.0 
 0.956866 1800.0 
 0.956872 1880.0 
 0.956878 1780.0 
 0.956884 1660.0 
 0.956890 1704.0 
 0.956896 1810.0 
 0.956902 1760.0 
 0.956908 1698.0 
 0.956913 1656.0 
 0.956919 1520.0 
 0.956925 1672.0 
 0.956931 1656.0 
 0.956937 1800.0 
 0.956943 1788.0 
 0.956949 1612.0 
 0.956955 1762.0 
 0.956961 1692.0 
 0.956967 1856.0 
 0.956972 1668.0 
 0.956978 1516.0 
 0.956984 1704.0 
 0.956990 1728.0 
 0.956996 1688.0 
 0.957002 1548.0 
 0.957008 1476.0 
 0.957014 1624.0 
 0.957020 1624.0 
 0.957025 1708.0 
 0.957031 1870.0 
 0.957037 1800.0 
 0.957043 1616.0 
 0.957049 1608.0 
 0.957055 2022.0 
 0.957061 1660.0 
 0.957067 1764.0 
 0.957073 1780.0 
 0.957079 1884.0 
 0.957084 1728.0 
 0.957090 1740.0 
 0.957096 1804.0 
 0.957102 2104.0 
 0.957108 1848.0 
 0.957114 1740.0 
 0.957120 1966.0 
 0.957126 1664.0 
 0.957132 1900.0 
 0.957137 1758.0 
 0.957143 1510.0 
 0.957149 2068.0 
 0.957155 1744.0 
 0.957161 1882.0 
 0.957167 1936.0 
 0.957173 1940.0 
 0.957179 1856.0 
 0.957185 1788.0 
 0.957191 1824.0 
 0.957196 1708.0 
 0.957202 1686.0 
 0.957208 1754.0 
 0.957214 1796.0 
 0.957220 1908.0 
 0.957226 1860.0 
 0.957232 1808.0 
 0.957238 1840.0 
 0.957244 1744.0 
 0.957249 1924.0 
 0.957255 1842.0 
 0.957261 1932.0 
 0.957267 1828.0 
 0.957273 1844.0 
 0.957279 1582.0 
 0.957285 1772.0 
 0.957291 1856.0 
 0.957297 1608.0 
 0.957303 1596.0 
 0.957308 1918.0 
 0.957314 1632.0 
 0.957320 1804.0 
 0.957326 1944.0 
 0.957332 1684.0 
 0.957338 1720.0 
 0.957344 2040.0 
 0.957350 1880.0 
 0.957356 1872.0 
 0.957362 2148.0 
 0.957367 1776.0 
 0.957373 1568.0 
 0.957379 2228.0 
 0.957385 1714.0 
 0.957391 1756.0 
 0.957397 1816.0 
 0.957403 2012.0 
 0.957409 1964.0 
 0.957415 1872.0 
 0.957420 1748.0 
 0.957426 1840.0 
 0.957432 1788.0 
 0.957438 1740.0 
 0.957444 1628.0 
 0.957450 1912.0 
 0.957456 2038.0 
 0.957462 1992.0 
 0.957468 1744.0 
 0.957474 1690.0 
 0.957479 2040.0 
 0.957485 2148.0 
 0.957491 1728.0 
 0.957497 1768.0 
 0.957503 1810.0 
 0.957509 1972.0 
 0.957515 1722.0 
 0.957521 1578.0 
 0.957527 1716.0 
 0.957532 1396.0 
 0.957538 1440.0 
 0.957544 1760.0 
 0.957550 1524.0 
 0.957556 1632.0 
 0.957562 1420.0 
 0.957568 1524.0 
 0.957574 1592.0 
 0.957580 1548.0 
 0.957586 1668.0 
 0.957591 1528.0 
 0.957597 1598.0 
 0.957603 1636.0 
 0.957609 1512.0 
 0.957615 1640.0 
 0.957621 1732.0 
 0.957627 1572.0 
 0.957633 1652.0 
 0.957639 1492.0 
 0.957644 1484.0 
 0.957650 1652.0 
 0.957656 1550.0 
 0.957662 1632.0 
 0.957668 1568.0 
 0.957674 1656.0 
 0.957680 1624.0 
 0.957686 1388.0 
 0.957692 1378.0 
 0.957698 1288.0 
 0.957703 1296.0 
 0.957709 1264.0 
 0.957715 976.0 
 0.957721 952.0 
 0.957727 1184.0 
 0.957733 1220.0 
 0.957739 1092.0 
 0.957745 1300.0 
 0.957751 1364.0 
 0.957756 1480.0 
 0.957762 1488.0 
 0.957768 1596.0 
 0.957774 1534.0 
 0.957780 1564.0 
 0.957786 1476.0 
 0.957792 1628.0 
 0.957798 1732.0 
 0.957804 1740.0 
 0.957810 1664.0 
 0.957815 1422.0 
 0.957821 1784.0 
 0.957827 1760.0 
 0.957833 1880.0 
 0.957839 1894.0 
 0.957845 1676.0 
 0.957851 1572.0 
 0.957857 1684.0 
 0.957863 1510.0 
 0.957869 1562.0 
 0.957874 1720.0 
 0.957880 1692.0 
 0.957886 1508.0 
 0.957892 1796.0 
 0.957898 1712.0 
 0.957904 1646.0 
 0.957910 1648.0 
 0.957916 1832.0 
 0.957922 1604.0 
 0.957927 1864.0 
 0.957933 1768.0 
 0.957939 1526.0 
 0.957945 1732.0 
 0.957951 1840.0 
 0.957957 1852.0 
 0.957963 1664.0 
 0.957969 1696.0 
 0.957975 1808.0 
 0.957981 1770.0 
 0.957986 1800.0 
 0.957992 1824.0 
 0.957998 1696.0 
 0.958004 1468.0 
 0.958010 1880.0 
 0.958016 1644.0 
 0.958022 1768.0 
 0.958028 1576.0 
 0.958034 1680.0 
 0.958039 1770.0 
 0.958045 1530.0 
 0.958051 1432.0 
 0.958057 1652.0 
 0.958063 1544.0 
 0.958069 1456.0 
 0.958075 1410.0 
 0.958081 1392.0 
 0.958087 1588.0 
 0.958093 1578.0 
 0.958098 1684.0 
 0.958104 1834.0 
 0.958110 1644.0 
 0.958116 1456.0 
 0.958122 1776.0 
 0.958128 1736.0 
 0.958134 1952.0 
 0.958140 1732.0 
 0.958146 1724.0 
 0.958151 1628.0 
 0.958157 1692.0 
 0.958163 1588.0 
 0.958169 1676.0 
 0.958175 1812.0 
 0.958181 1680.0 
 0.958187 1600.0 
 0.958193 1816.0 
 0.958199 1656.0 
 0.958205 1664.0 
 0.958210 1754.0 
 0.958216 1540.0 
 0.958222 1716.0 
 0.958228 1816.0 
 0.958234 1728.0 
 0.958240 1808.0 
 0.958246 1508.0 
 0.958252 1616.0 
 0.958258 1666.0 
 0.958263 1684.0 
 0.958269 1640.0 
 0.958275 1600.0 
 0.958281 1584.0 
 0.958287 1724.0 
 0.958293 1716.0 
 0.958299 1732.0 
 0.958305 1748.0 
 0.958311 1748.0 
 0.958317 1752.0 
 0.958322 1952.0 
 0.958328 1510.0 
 0.958334 1744.0 
 0.958340 1476.0 
 0.958346 1568.0 
 0.958352 1476.0 
 0.958358 1668.0 
 0.958364 1652.0 
 0.958370 1872.0 
 0.958376 1488.0 
 0.958381 1436.0 
 0.958387 1756.0 
 0.958393 1504.0 
 0.958399 1812.0 
 0.958405 1646.0 
 0.958411 1696.0 
 0.958417 1744.0 
 0.958423 1778.0 
 0.958429 1844.0 
 0.958434 1700.0 
 0.958440 1728.0 
 0.958446 1604.0 
 0.958452 1712.0 
 0.958458 1612.0 
 0.958464 1932.0 
 0.958470 1800.0 
 0.958476 1538.0 
 0.958482 1582.0 
 0.958488 1784.0 
 0.958493 1684.0 
 0.958499 1628.0 
 0.958505 1640.0 
 0.958511 1480.0 
 0.958517 1732.0 
 0.958523 1688.0 
 0.958529 1588.0 
 0.958535 1598.0 
 0.958541 1328.0 
 0.958546 1436.0 
 0.958552 1604.0 
 0.958558 1424.0 
 0.958564 1356.0 
 0.958570 1344.0 
 0.958576 1292.0 
 0.958582 1524.0 
 0.958588 1280.0 
 0.958594 1268.0 
 0.958600 1220.0 
 0.958605 1330.0 
 0.958611 1236.0 
 0.958617 1146.0 
 0.958623 1202.0 
 0.958629 1040.0 
 0.958635 980.0 
 0.958641 1252.0 
 0.958647 992.0 
 0.958653 1244.0 
 0.958658 1172.0 
 0.958664 1528.0 
 0.958670 1346.0 
 0.958676 1412.0 
 0.958682 1736.0 
 0.958688 1564.0 
 0.958694 1460.0 
 0.958700 1676.0 
 0.958706 1432.0 
 0.958712 1622.0 
 0.958717 1514.0 
 0.958723 1506.0 
 0.958729 1464.0 
 0.958735 1280.0 
 0.958741 1320.0 
 0.958747 1416.0 
 0.958753 1484.0 
 0.958759 1372.0 
 0.958765 1584.0 
 0.958770 1544.0 
 0.958776 1444.0 
 0.958782 1428.0 
 0.958788 1676.0 
 0.958794 1468.0 
 0.958800 1612.0 
 0.958806 1588.0 
 0.958812 1648.0 
 0.958818 1468.0 
 0.958824 1564.0 
 0.958829 1640.0 
 0.958835 2048.0 
 0.958841 1690.0 
 0.958847 1364.0 
 0.958853 1812.0 
 0.958859 1640.0 
 0.958865 1512.0 
 0.958871 1460.0 
 0.958877 1496.0 
 0.958883 1628.0 
 0.958888 1692.0 
 0.958894 1598.0 
 0.958900 1580.0 
 0.958906 1420.0 
 0.958912 1676.0 
 0.958918 1304.0 
 0.958924 1406.0 
 0.958930 1768.0 
 0.958936 1300.0 
 0.958941 1408.0 
 0.958947 1598.0 
 0.958953 1632.0 
 0.958959 1280.0 
 0.958965 1390.0 
 0.958971 1368.0 
 0.958977 1468.0 
 0.958983 1352.0 
 0.958989 1438.0 
 0.958995 1444.0 
 0.959000 1420.0 
 0.959006 1756.0 
 0.959012 1552.0 
 0.959018 1580.0 
 0.959024 1676.0 
 0.959030 1784.0 
 0.959036 1762.0 
 0.959042 1592.0 
 0.959048 1758.0 
 0.959053 1740.0 
 0.959059 1600.0 
 0.959065 1480.0 
 0.959071 1760.0 
 0.959077 1608.0 
 0.959083 1600.0 
 0.959089 1656.0 
 0.959095 1728.0 
 0.959101 1576.0 
 0.959107 1980.0 
 0.959112 1500.0 
 0.959118 1848.0 
 0.959124 1604.0 
 0.959130 1596.0 
 0.959136 1648.0 
 0.959142 1856.0 
 0.959148 1466.0 
 0.959154 1600.0 
 0.959160 1466.0 
 0.959165 1432.0 
 0.959171 1732.0 
 0.959177 1492.0 
 0.959183 1500.0 
 0.959189 1524.0 
 0.959195 1736.0 
 0.959201 1740.0 
 0.959207 1676.0 
 0.959213 1730.0 
 0.959219 1644.0 
 0.959224 1640.0 
 0.959230 1452.0 
 0.959236 1576.0 
 0.959242 1826.0 
 0.959248 1660.0 
 0.959254 1616.0 
 0.959260 1656.0 
 0.959266 1672.0 
 0.959272 1600.0 
 0.959277 1860.0 
 0.959283 1536.0 
 0.959289 1714.0 
 0.959295 1548.0 
 0.959301 1480.0 
 0.959307 1556.0 
 0.959313 1664.0 
 0.959319 1652.0 
 0.959325 1564.0 
 0.959331 1608.0 
 0.959336 1420.0 
 0.959342 1614.0 
 0.959348 1832.0 
 0.959354 1564.0 
 0.959360 1756.0 
 0.959366 1436.0 
 0.959372 1602.0 
 0.959378 1536.0 
 0.959384 1644.0 
 0.959390 1706.0 
 0.959395 1628.0 
 0.959401 1828.0 
 0.959407 1464.0 
 0.959413 1516.0 
 0.959419 1320.0 
 0.959425 1628.0 
 0.959431 1560.0 
 0.959437 1232.0 
 0.959443 1624.0 
 0.959448 1488.0 
 0.959454 1328.0 
 0.959460 1332.0 
 0.959466 1644.0 
 0.959472 1652.0 
 0.959478 1368.0 
 0.959484 1560.0 
 0.959490 1508.0 
 0.959496 1760.0 
 0.959502 1484.0 
 0.959507 1604.0 
 0.959513 1604.0 
 0.959519 1756.0 
 0.959525 1568.0 
 0.959531 1628.0 
 0.959537 1490.0 
 0.959543 1432.0 
 0.959549 1620.0 
 0.959555 1668.0 
 0.959560 1494.0 
 0.959566 1588.0 
 0.959572 1768.0 
 0.959578 1452.0 
 0.959584 1708.0 
 0.959590 1900.0 
 0.959596 1500.0 
 0.959602 1584.0 
 0.959608 1782.0 
 0.959614 1284.0 
 0.959619 1592.0 
 0.959625 1604.0 
 0.959631 1306.0 
 0.959637 1492.0 
 0.959643 1420.0 
 0.959649 1368.0 
 0.959655 1450.0 
 0.959661 1512.0 
 0.959667 1312.0 
 0.959672 1632.0 
 0.959678 1724.0 
 0.959684 1520.0 
 0.959690 1620.0 
 0.959696 1550.0 
 0.959702 1424.0 
 0.959708 1408.0 
 0.959714 1740.0 
 0.959720 1504.0 
 0.959726 1740.0 
 0.959731 1484.0 
 0.959737 1456.0 
 0.959743 1852.0 
 0.959749 1400.0 
 0.959755 1716.0 
 0.959761 1504.0 
 0.959767 1372.0 
 0.959773 1704.0 
 0.959779 1588.0 
 0.959784 1554.0 
 0.959790 1720.0 
 0.959796 1692.0 
 0.959802 1408.0 
 0.959808 1604.0 
 0.959814 1476.0 
 0.959820 1718.0 
 0.959826 1412.0 
 0.959832 1592.0 
 0.959838 1452.0 
 0.959843 1460.0 
 0.959849 1648.0 
 0.959855 1444.0 
 0.959861 1776.0 
 0.959867 1758.0 
 0.959873 1548.0 
 0.959879 1696.0 
 0.959885 1620.0 
 0.959891 1506.0 
 0.959897 1676.0 
 0.959902 1400.0 
 0.959908 1404.0 
 0.959914 1372.0 
 0.959920 1296.0 
 0.959926 1328.0 
 0.959932 1076.0 
 0.959938 1340.0 
 0.959944 1210.0 
 0.959950 1156.0 
 0.959955 1136.0 
 0.959961 1524.0 
 0.959967 1252.0 
 0.959973 1162.0 
 0.959979 1236.0 
 0.959985 1128.0 
 0.959991 1274.0 
 0.959997 1424.0 
 0.960003 1442.0 
 0.960009 1634.0 
 0.960014 1516.0 
 0.960020 1596.0 
 0.960026 1472.0 
 0.960032 1592.0 
 0.960038 1668.0 
 0.960044 1360.0 
 0.960050 1280.0 
 0.960056 1592.0 
 0.960062 1520.0 
 0.960067 1560.0 
 0.960073 1532.0 
 0.960079 1544.0 
 0.960085 1504.0 
 0.960091 1572.0 
 0.960097 1570.0 
 0.960103 1426.0 
 0.960109 1456.0 
 0.960115 1206.0 
 0.960121 1552.0 
 0.960126 1604.0 
 0.960132 1660.0 
 0.960138 1592.0 
 0.960144 1512.0 
 0.960150 1452.0 
 0.960156 1698.0 
 0.960162 1480.0 
 0.960168 1612.0 
 0.960174 1332.0 
 0.960179 1532.0 
 0.960185 1324.0 
 0.960191 1420.0 
 0.960197 1260.0 
 0.960203 1476.0 
 0.960209 1608.0 
 0.960215 1528.0 
 0.960221 1438.0 
 0.960227 1208.0 
 0.960233 1536.0 
 0.960238 1376.0 
 0.960244 1334.0 
 0.960250 1394.0 
 0.960256 1500.0 
 0.960262 1296.0 
 0.960268 1296.0 
 0.960274 1568.0 
 0.960280 1600.0 
 0.960286 1600.0 
 0.960292 1632.0 
 0.960297 1344.0 
 0.960303 1464.0 
 0.960309 1584.0 
 0.960315 1612.0 
 0.960321 1506.0 
 0.960327 1606.0 
 0.960333 1608.0 
 0.960339 1776.0 
 0.960345 1360.0 
 0.960350 1332.0 
 0.960356 1498.0 
 0.960362 1356.0 
 0.960368 1256.0 
 0.960374 1320.0 
 0.960380 1432.0 
 0.960386 1240.0 
 0.960392 1588.0 
 0.960398 1484.0 
 0.960404 1404.0 
 0.960409 1352.0 
 0.960415 1348.0 
 0.960421 1380.0 
 0.960427 1472.0 
 0.960433 1510.0 
 0.960439 1250.0 
 0.960445 1520.0 
 0.960451 1424.0 
 0.960457 1632.0 
 0.960462 1400.0 
 0.960468 1476.0 
 0.960474 1646.0 
 0.960480 1596.0 
 0.960486 1500.0 
 0.960492 1604.0 
 0.960498 1060.0 
 0.960504 1486.0 
 0.960510 1296.0 
 0.960516 1014.0 
 0.960521 1224.0 
 0.960527 1068.0 
 0.960533 988.0 
 0.960539 1032.0 
 0.960545 1252.0 
 0.960551 1270.0 
 0.960557 1238.0 
 0.960563 1336.0 
 0.960569 1144.0 
 0.960574 1398.0 
 0.960580 1428.0 
 0.960586 1360.0 
 0.960592 1592.0 
 0.960598 1692.0 
 0.960604 1312.0 
 0.960610 1604.0 
 0.960616 1776.0 
 0.960622 1584.0 
 0.960628 1360.0 
 0.960633 1360.0 
 0.960639 1656.0 
 0.960645 1384.0 
 0.960651 1592.0 
 0.960657 1552.0 
 0.960663 1424.0 
 0.960669 1580.0 
 0.960675 1628.0 
 0.960681 1752.0 
 0.960686 1730.0 
 0.960692 1456.0 
 0.960698 1592.0 
 0.960704 1648.0 
 0.960710 1704.0 
 0.960716 1608.0 
 0.960722 1448.0 
 0.960728 1444.0 
 0.960734 1496.0 
 0.960740 1476.0 
 0.960745 1616.0 
 0.960751 1604.0 
 0.960757 1480.0 
 0.960763 1346.0 
 0.960769 1300.0 
 0.960775 1552.0 
 0.960781 1284.0 
 0.960787 1364.0 
 0.960793 1334.0 
 0.960799 1380.0 
 0.960804 1288.0 
 0.960810 1240.0 
 0.960816 1196.0 
 0.960822 1660.0 
 0.960828 1268.0 
 0.960834 1466.0 
 0.960840 1594.0 
 0.960846 1592.0 
 0.960852 1844.0 
 0.960857 1432.0 
 0.960863 1516.0 
 0.960869 1368.0 
 0.960875 1592.0 
 0.960881 1432.0 
 0.960887 1588.0 
 0.960893 1552.0 
 0.960899 1460.0 
 0.960905 1440.0 
 0.960911 1404.0 
 0.960916 1560.0 
 0.960922 1340.0 
 0.960928 1314.0 
 0.960934 1406.0 
 0.960940 1614.0 
 0.960946 1496.0 
 0.960952 1476.0 
 0.960958 1540.0 
 0.960964 1452.0 
 0.960969 1492.0 
 0.960975 1410.0 
 0.960981 1492.0 
 0.960987 1826.0 
 0.960993 1604.0 
 0.960999 1500.0 
 0.961005 1484.0 
 0.961011 1564.0 
 0.961017 1190.0 
 0.961023 1212.0 
 0.961028 1360.0 
 0.961034 1362.0 
 0.961040 1464.0 
 0.961046 1720.0 
 0.961052 1380.0 
 0.961058 1392.0 
 0.961064 1588.0 
 0.961070 1504.0 
 0.961076 1342.0 
 0.961081 1540.0 
 0.961087 1540.0 
 0.961093 1496.0 
 0.961099 1564.0 
 0.961105 1484.0 
 0.961111 1656.0 
 0.961117 1504.0 
 0.961123 1614.0 
 0.961129 1484.0 
 0.961135 1512.0 
 0.961140 1328.0 
 0.961146 1488.0 
 0.961152 1488.0 
 0.961158 1668.0 
 0.961164 1456.0 
 0.961170 1582.0 
 0.961176 1752.0 
 0.961182 1640.0 
 0.961188 1516.0 
 0.961193 1528.0 
 0.961199 1388.0 
 0.961205 1442.0 
 0.961211 1652.0 
 0.961217 1500.0 
 0.961223 1464.0 
 0.961229 1676.0 
 0.961235 1348.0 
 0.961241 1434.0 
 0.961247 1500.0 
 0.961252 1328.0 
 0.961258 1548.0 
 0.961264 1520.0 
 0.961270 1774.0 
 0.961276 1416.0 
 0.961282 1428.0 
 0.961288 1532.0 
 0.961294 1546.0 
 0.961300 1454.0 
 0.961306 1616.0 
 0.961311 1596.0 
 0.961317 1744.0 
 0.961323 1524.0 
 0.961329 1620.0 
 0.961335 1448.0 
 0.961341 1540.0 
 0.961347 1528.0 
 0.961353 1740.0 
 0.961359 1600.0 
 0.961364 1824.0 
 0.961370 1336.0 
 0.961376 1652.0 
 0.961382 1500.0 
 0.961388 1352.0 
 0.961394 1310.0 
 0.961400 1550.0 
 0.961406 1252.0 
 0.961412 1578.0 
 0.961418 1414.0 
 0.961423 1396.0 
 0.961429 1384.0 
 0.961435 1328.0 
 0.961441 1402.0 
 0.961447 1424.0 
 0.961453 1316.0 
 0.961459 1324.0 
 0.961465 1424.0 
 0.961471 1374.0 
 0.961476 1392.0 
 0.961482 1388.0 
 0.961488 1306.0 
 0.961494 1242.0 
 0.961500 1264.0 
 0.961506 1276.0 
 0.961512 1334.0 
 0.961518 1296.0 
 0.961524 1552.0 
 0.961530 1512.0 
 0.961535 1660.0 
 0.961541 1628.0 
 0.961547 1400.0 
 0.961553 1650.0 
 0.961559 1272.0 
 0.961565 1422.0 
 0.961571 1400.0 
 0.961577 1598.0 
 0.961583 1552.0 
 0.961588 1836.0 
 0.961594 1692.0 
 0.961600 1520.0 
 0.961606 1516.0 
 0.961612 1804.0 
 0.961618 1396.0 
 0.961624 1602.0 
 0.961630 1452.0 
 0.961636 1676.0 
 0.961642 1660.0 
 0.961647 1564.0 
 0.961653 1362.0 
 0.961659 1644.0 
 0.961665 1692.0 
 0.961671 1480.0 
 0.961677 1688.0 
 0.961683 1460.0 
 0.961689 1572.0 
 0.961695 1700.0 
 0.961700 1676.0 
 0.961706 1568.0 
 0.961712 1516.0 
 0.961718 1448.0 
 0.961724 1564.0 
 0.961730 1404.0 
 0.961736 1696.0 
 0.961742 1884.0 
 0.961748 1652.0 
 0.961754 1498.0 
 0.961759 1474.0 
 0.961765 1528.0 
 0.961771 1444.0 
 0.961777 1400.0 
 0.961783 1504.0 
 0.961789 1800.0 
 0.961795 1650.0 
 0.961801 1604.0 
 0.961807 1288.0 
 0.961813 1452.0 
 0.961818 1466.0 
 0.961824 1388.0 
 0.961830 1696.0 
 0.961836 1614.0 
 0.961842 1744.0 
 0.961848 1542.0 
 0.961854 1748.0 
 0.961860 1852.0 
 0.961866 1488.0 
 0.961871 1704.0 
 0.961877 1508.0 
 0.961883 1472.0 
 0.961889 1540.0 
 0.961895 1816.0 
 0.961901 1490.0 
 0.961907 1832.0 
 0.961913 1480.0 
 0.961919 1536.0 
 0.961925 1674.0 
 0.961930 1568.0 
 0.961936 1438.0 
 0.961942 1584.0 
 0.961948 1576.0 
 0.961954 1476.0 
 0.961960 1732.0 
 0.961966 1596.0 
 0.961972 1576.0 
 0.961978 1192.0 
 0.961983 1584.0 
 0.961989 1840.0 
 0.961995 1572.0 
 0.962001 1716.0 
 0.962007 1316.0 
 0.962013 1640.0 
 0.962019 1988.0 
 0.962025 1406.0 
 0.962031 1468.0 
 0.962037 1560.0 
 0.962042 1680.0 
 0.962048 1406.0 
 0.962054 1740.0 
 0.962060 1912.0 
 0.962066 1674.0 
 0.962072 1532.0 
 0.962078 1548.0 
 0.962084 1518.0 
 0.962090 1844.0 
 0.962095 1396.0 
 0.962101 1776.0 
 0.962107 1716.0 
 0.962113 1538.0 
 0.962119 1616.0 
 0.962125 1400.0 
 0.962131 1660.0 
 0.962137 1320.0 
 0.962143 1360.0 
 0.962149 1592.0 
 0.962154 1744.0 
 0.962160 1158.0 
 0.962166 1558.0 
 0.962172 1744.0 
 0.962178 1692.0 
 0.962184 1716.0 
 0.962190 1604.0 
 0.962196 1482.0 
 0.962202 1612.0 
 0.962207 1544.0 
 0.962213 1818.0 
 0.962219 1792.0 
 0.962225 1648.0 
 0.962231 1800.0 
 0.962237 1620.0 
 0.962243 1724.0 
 0.962249 1588.0 
 0.962255 1620.0 
 0.962261 1724.0 
 0.962266 1728.0 
 0.962272 1256.0 
 0.962278 1584.0 
 0.962284 1620.0 
 0.962290 1708.0 
 0.962296 1816.0 
 0.962302 1564.0 
 0.962308 1584.0 
 0.962314 1592.0 
 0.962320 1774.0 
 0.962325 1688.0 
 0.962331 1408.0 
 0.962337 1952.0 
 0.962343 1618.0 
 0.962349 1700.0 
 0.962355 1752.0 
 0.962361 1462.0 
 0.962367 1546.0 
 0.962373 1572.0 
 0.962378 1600.0 
 0.962384 1544.0 
 0.962390 1572.0 
 0.962396 1668.0 
 0.962402 1608.0 
 0.962408 1516.0 
 0.962414 1732.0 
 0.962420 1516.0 
 0.962426 1848.0 
 0.962432 1908.0 
 0.962437 1652.0 
 0.962443 1510.0 
 0.962449 2136.0 
 0.962455 1652.0 
 0.962461 1476.0 
 0.962467 1840.0 
 0.962473 1732.0 
 0.962479 1696.0 
 0.962485 1852.0 
 0.962490 1438.0 
 0.962496 1932.0 
 0.962502 1302.0 
 0.962508 1534.0 
 0.962514 1704.0 
 0.962520 1520.0 
 0.962526 1432.0 
 0.962532 1728.0 
 0.962538 1356.0 
 0.962544 1680.0 
 0.962549 1900.0 
 0.962555 1736.0 
 0.962561 1672.0 
 0.962567 1840.0 
 0.962573 1284.0 
 0.962579 1608.0 
 0.962585 1476.0 
 0.962591 1748.0 
 0.962597 1820.0 
 0.962602 1420.0 
 0.962608 1378.0 
 0.962614 1174.0 
 0.962620 1314.0 
 0.962626 1600.0 
 0.962632 1728.0 
 0.962638 1594.0 
 0.962644 1284.0 
 0.962650 1684.0 
 0.962656 1498.0 
 0.962661 1702.0 
 0.962667 1536.0 
 0.962673 1724.0 
 0.962679 1630.0 
 0.962685 1980.0 
 0.962691 1776.0 
 0.962697 1944.0 
 0.962703 1468.0 
 0.962709 1516.0 
 0.962714 1844.0 
 0.962720 1796.0 
 0.962726 1712.0 
 0.962732 1732.0 
 0.962738 1704.0 
 0.962744 1760.0 
 0.962750 1632.0 
 0.962756 2084.0 
 0.962762 1816.0 
 0.962768 1804.0 
 0.962773 1572.0 
 0.962779 1700.0 
 0.962785 1744.0 
 0.962791 1852.0 
 0.962797 1848.0 
 0.962803 1864.0 
 0.962809 1710.0 
 0.962815 1892.0 
 0.962821 1802.0 
 0.962827 1802.0 
 0.962832 1560.0 
 0.962838 1920.0 
 0.962844 1912.0 
 0.962850 1500.0 
 0.962856 2182.0 
 0.962862 1686.0 
 0.962868 1856.0 
 0.962874 1900.0 
 0.962880 1864.0 
 0.962885 1816.0 
 0.962891 1984.0 
 0.962897 1752.0 
 0.962903 1692.0 
 0.962909 1860.0 
 0.962915 1696.0 
 0.962921 1756.0 
 0.962927 1624.0 
 0.962933 2000.0 
 0.962939 1768.0 
 0.962944 1584.0 
 0.962950 1964.0 
 0.962956 2064.0 
 0.962962 2036.0 
 0.962968 1852.0 
 0.962974 2028.0 
 0.962980 1952.0 
 0.962986 1972.0 
 0.962992 2036.0 
 0.962997 1804.0 
 0.963003 2172.0 
 0.963009 2068.0 
 0.963015 2016.0 
 0.963021 2020.0 
 0.963027 1840.0 
 0.963033 2080.0 
 0.963039 1870.0 
 0.963045 1864.0 
 0.963051 2116.0 
 0.963056 1564.0 
 0.963062 1778.0 
 0.963068 1616.0 
 0.963074 1904.0 
 0.963080 2188.0 
 0.963086 2048.0 
 0.963092 1980.0 
 0.963098 1880.0 
 0.963104 2068.0 
 0.963109 1796.0 
 0.963115 1680.0 
 0.963121 1920.0 
 0.963127 1704.0 
 0.963133 2444.0 
 0.963139 1900.0 
 0.963145 1612.0 
 0.963151 2048.0 
 0.963157 2028.0 
 0.963163 1748.0 
 0.963168 2224.0 
 0.963174 1900.0 
 0.963180 2204.0 
 0.963186 1888.0 
 0.963192 1932.0 
 0.963198 2364.0 
 0.963204 2212.0 
 0.963210 1836.0 
 0.963216 1828.0 
 0.963222 2116.0 
 0.963227 1740.0 
 0.963233 2172.0 
 0.963239 2140.0 
 0.963245 2092.0 
 0.963251 2080.0 
 0.963257 1986.0 
 0.963263 2244.0 
 0.963269 1732.0 
 0.963275 1984.0 
 0.963280 2348.0 
 0.963286 2476.0 
 0.963292 2324.0 
 0.963298 1804.0 
 0.963304 2208.0 
 0.963310 2604.0 
 0.963316 2136.0 
 0.963322 1948.0 
 0.963328 2196.0 
 0.963334 2276.0 
 0.963339 2248.0 
 0.963345 1928.0 
 0.963351 2168.0 
 0.963357 2340.0 
 0.963363 2048.0 
 0.963369 1376.0 
 0.963375 2316.0 
 0.963381 2128.0 
 0.963387 2200.0 
 0.963392 2088.0 
 0.963398 1944.0 
 0.963404 2352.0 
 0.963410 2124.0 
 0.963416 1996.0 
 0.963422 1868.0 
 0.963428 2184.0 
 0.963434 2268.0 
 0.963440 2184.0 
 0.963446 2480.0 
 0.963451 2736.0 
 0.963457 1944.0 
 0.963463 2352.0 
 0.963469 2168.0 
 0.963475 2056.0 
 0.963481 1928.0 
 0.963487 2828.0 
 0.963493 2188.0 
 0.963499 2380.0 
 0.963504 1812.0 
 0.963510 2348.0 
 0.963516 2492.0 
 0.963522 3008.0 
 0.963528 2428.0 
 0.963534 2356.0 
 0.963540 1960.0 
 0.963546 2476.0 
 0.963552 2376.0 
 0.963558 2708.0 
 0.963563 2252.0 
 0.963569 2424.0 
 0.963575 2268.0 
 0.963581 2328.0 
 0.963587 2300.0 
 0.963593 2576.0 
 0.963599 2348.0 
 0.963605 2284.0 
 0.963611 2632.0 
 0.963616 2748.0 
 0.963622 2324.0 
 0.963628 2792.0 
 0.963634 2336.0 
 0.963640 2592.0 
 0.963646 2716.0 
 0.963652 2300.0 
 0.963658 2364.0 
 0.963664 2624.0 
 0.963670 2572.0 
 0.963675 2764.0 
 0.963681 2180.0 
 0.963687 2432.0 
 0.963693 2556.0 
 0.963699 2196.0 
 0.963705 2460.0 
 0.963711 2804.0 
 0.963717 2552.0 
 0.963723 2232.0 
 0.963729 2632.0 
 0.963734 2800.0 
 0.963740 2660.0 
 0.963746 2092.0 
 0.963752 2832.0 
 0.963758 2392.0 
 0.963764 2700.0 
 0.963770 2636.0 
 0.963776 2804.0 
 0.963782 2432.0 
 0.963787 2608.0 
 0.963793 2476.0 
 0.963799 2788.0 
 0.963805 2828.0 
 0.963811 2956.0 
 0.963817 3108.0 
 0.963823 2360.0 
 0.963829 2552.0 
 0.963835 2692.0 
 0.963841 2896.0 
 0.963846 2680.0 
 0.963852 2616.0 
 0.963858 2724.0 
 0.963864 2720.0 
 0.963870 2892.0 
 0.963876 2496.0 
 0.963882 2640.0 
 0.963888 2844.0 
 0.963894 2776.0 
 0.963899 3036.0 
 0.963905 3328.0 
 0.963911 3172.0 
 0.963917 2880.0 
 0.963923 3092.0 
 0.963929 3268.0 
 0.963935 2736.0 
 0.963941 2940.0 
 0.963947 3236.0 
 0.963953 2928.0 
 0.963958 2884.0 
 0.963964 3192.0 
 0.963970 3144.0 
 0.963976 2864.0 
 0.963982 2820.0 
 0.963988 3096.0 
 0.963994 3144.0 
 0.964000 2692.0 
 0.964006 2876.0 
 0.964011 3060.0 
 0.964017 3040.0 
 0.964023 3196.0 
 0.964029 3584.0 
