0	59780.0
1	60444.0
2	58732.0
3	59316.0
4	59708.0
5	59236.0
6	58316.0
7	57768.0
8	58428.0
9	59372.0
10	59868.0
11	59340.0
12	59180.0
13	59300.0
14	59608.0
15	58528.0
16	59300.0
17	60028.0
18	59904.0
19	61364.0
20	60324.0
21	60832.0
22	61396.0
23	59192.0
24	59040.0
25	59288.0
26	59288.0
27	57952.0
28	60408.0
29	59072.0
30	59200.0
31	58308.0
32	58296.0
33	58064.0
34	58792.0
35	58620.0
36	58656.0
37	58480.0
38	58936.0
39	57748.0
40	59060.0
41	58216.0
42	58368.0
43	58328.0
44	57896.0
45	58168.0
46	58212.0
47	59124.0
48	56608.0
49	56964.0
50	58192.0
51	57920.0
52	58464.0
53	58232.0
54	58488.0
55	58844.0
56	58440.0
57	57780.0
58	58024.0
59	58484.0
60	58224.0
61	58528.0
62	58692.0
63	59048.0
64	58020.0
65	57888.0
66	57780.0
67	58108.0
68	58524.0
69	58848.0
70	58396.0
71	58984.0
72	58240.0
73	56104.0
74	56244.0
75	58628.0
76	57380.0
77	58456.0
78	57992.0
79	58116.0
80	59696.0
81	58656.0
82	57280.0
83	57556.0
84	59244.0
85	58720.0
86	58580.0
87	57832.0
88	58148.0
89	58412.0
90	57368.0
91	58296.0
92	58344.0
93	58700.0
94	57792.0
95	58324.0
96	58704.0
97	58388.0
98	58172.0
99	57564.0
100	58032.0
101	58812.0
102	57764.0
103	57420.0
104	57956.0
105	57936.0
106	57572.0
107	57092.0
108	57248.0
109	57980.0
110	58748.0
111	58424.0
112	57724.0
113	57664.0
114	57404.0
115	56888.0
116	56724.0
117	58012.0
118	56952.0
119	56932.0
120	57472.0
121	56252.0
122	56824.0
123	56396.0
124	55952.0
125	56904.0
126	56700.0
127	55928.0
128	55964.0
129	57016.0
130	56540.0
131	55840.0
132	54916.0
133	55348.0
134	56460.0
135	55580.0
136	56752.0
137	56308.0
138	56372.0
139	55792.0
140	55680.0
141	55496.0
142	56916.0
143	57400.0
144	56904.0
145	56676.0
146	57896.0
147	56796.0
148	57216.0
149	57336.0
150	55788.0
151	55672.0
152	55824.0
153	55244.0
154	56172.0
155	56220.0
156	55580.0
157	55140.0
158	55040.0
159	55304.0
160	55552.0
161	55760.0
162	56080.0
163	55380.0
164	54376.0
165	54612.0
166	54872.0
167	56224.0
168	55892.0
169	55816.0
170	56240.0
171	55248.0
172	56256.0
173	55124.0
174	55632.0
175	56380.0
176	55948.0
177	57604.0
178	55908.0
179	56552.0
180	55256.0
181	56264.0
182	55268.0
183	55420.0
184	55792.0
185	56292.0
186	56212.0
187	56240.0
188	56592.0
189	56928.0
190	54488.0
191	55408.0
192	55740.0
193	54900.0
194	55312.0
195	54148.0
196	56008.0
197	55816.0
198	53256.0
199	54796.0
200	54832.0
201	56192.0
202	55396.0
203	55700.0
204	54692.0
205	55964.0
206	55296.0
207	55176.0
208	56088.0
209	56620.0
210	56848.0
211	55996.0
212	54880.0
213	56044.0
214	57060.0
215	56680.0
216	55144.0
217	56660.0
218	55968.0
219	55692.0
220	56204.0
221	55016.0
222	55352.0
223	55368.0
224	54428.0
225	54428.0
226	55596.0
227	54700.0
228	55400.0
229	55284.0
230	55496.0
231	55428.0
232	54856.0
233	54260.0
234	54080.0
235	54228.0
236	53920.0
237	54640.0
238	55104.0
239	55968.0
240	54608.0
241	55176.0
242	55372.0
243	55796.0
244	55552.0
245	55540.0
246	55700.0
247	55764.0
248	55120.0
249	55528.0
250	56252.0
251	56292.0
252	56508.0
253	56196.0
254	55676.0
255	55220.0
256	55140.0
257	55112.0
258	53936.0
259	56064.0
260	54316.0
261	53672.0
262	53996.0
263	55360.0
264	54164.0
265	53508.0
266	53380.0
267	54872.0
268	55304.0
269	54520.0
270	54712.0
271	54772.0
272	55188.0
273	55796.0
274	55268.0
275	55552.0
276	55944.0
277	56132.0
278	56072.0
279	56808.0
280	55600.0
281	56056.0
282	55988.0
283	55076.0
284	56160.0
285	54816.0
286	56052.0
287	55164.0
288	54836.0
289	54436.0
290	54364.0
291	55204.0
292	54584.0
293	54216.0
294	54076.0
295	54668.0
296	54904.0
297	54864.0
298	55872.0
299	54272.0
300	54364.0
301	54360.0
302	54416.0
303	54580.0
304	54800.0
305	55704.0
306	53812.0
307	54816.0
308	55740.0
309	56252.0
310	54564.0
311	55176.0
312	54740.0
313	54688.0
314	55228.0
315	54584.0
316	55048.0
317	54132.0
318	54904.0
319	55268.0
320	55156.0
321	55596.0
322	55476.0
323	55144.0
324	54600.0
325	54564.0
326	54680.0
327	54144.0
328	54388.0
329	55204.0
330	53624.0
331	55676.0
332	53564.0
333	54040.0
334	54032.0
335	53360.0
336	54476.0
337	53860.0
338	54744.0
339	53720.0
340	53904.0
341	53644.0
342	53888.0
343	53424.0
344	54304.0
345	54256.0
346	53880.0
347	54332.0
348	53520.0
349	54396.0
350	53356.0
351	54244.0
352	55072.0
353	54632.0
354	54432.0
355	54276.0
356	54040.0
357	53060.0
358	53960.0
359	54812.0
360	53388.0
361	53696.0
362	52900.0
363	53924.0
364	53588.0
365	53824.0
366	53320.0
367	54084.0
368	52804.0
369	52908.0
370	54756.0
371	52916.0
372	53316.0
373	53460.0
374	53460.0
375	54296.0
376	55456.0
377	54164.0
378	53808.0
379	53828.0
380	53836.0
381	53952.0
382	53448.0
383	53576.0
384	54400.0
385	54468.0
386	53124.0
387	54020.0
388	54088.0
389	53836.0
390	52768.0
391	53020.0
392	53296.0
393	53748.0
394	52336.0
395	53596.0
396	53424.0
397	53100.0
398	53240.0
399	52440.0
400	53100.0
401	51672.0
402	52152.0
403	51944.0
404	52532.0
405	52808.0
406	52396.0
407	52960.0
408	52492.0
409	53000.0
410	52484.0
411	52612.0
412	53696.0
413	53360.0
414	53572.0
415	53452.0
416	52412.0
417	54132.0
418	54084.0
419	53220.0
420	53416.0
421	53072.0
422	53136.0
423	53676.0
424	54040.0
425	54056.0
426	54908.0
427	53908.0
428	52976.0
429	53732.0
430	53876.0
431	54876.0
432	53704.0
433	53940.0
434	54624.0
435	54916.0
436	54684.0
437	54544.0
438	54928.0
439	54292.0
440	54384.0
441	55808.0
442	54760.0
443	54280.0
444	55248.0
445	54840.0
446	54140.0
447	54524.0
448	55256.0
449	55328.0
450	55664.0
451	54772.0
452	54656.0
453	53456.0
454	55556.0
455	54368.0
456	54576.0
457	53724.0
458	53856.0
459	55744.0
460	53972.0
461	55568.0
462	54744.0
463	55396.0
464	55548.0
465	55216.0
466	55144.0
467	54120.0
468	54608.0
469	54588.0
470	54188.0
471	55200.0
472	55208.0
473	54412.0
474	55336.0
475	55348.0
476	55036.0
477	55336.0
478	54888.0
479	55828.0
480	56520.0
481	55812.0
482	55320.0
483	55080.0
484	55400.0
485	56232.0
486	56584.0
487	55000.0
488	55944.0
489	55100.0
490	55736.0
491	54888.0
492	56300.0
493	56116.0
494	56056.0
495	55336.0
496	54776.0
497	56152.0
498	55096.0
499	55260.0
500	55388.0
501	55944.0
502	55356.0
503	56080.0
504	55688.0
505	55288.0
506	55256.0
507	54876.0
508	55680.0
509	55224.0
510	55200.0
511	55332.0
512	55520.0
513	55508.0
514	55840.0
515	54968.0
516	54284.0
517	54700.0
518	56428.0
519	54952.0
520	55436.0
521	55096.0
522	55880.0
523	55536.0
524	55644.0
525	55232.0
526	54324.0
527	54972.0
528	55300.0
529	55020.0
530	55928.0
531	55364.0
532	55840.0
533	55220.0
534	55128.0
535	55588.0
536	54768.0
537	56132.0
538	55972.0
539	56140.0
540	54744.0
541	54312.0
542	54368.0
543	55468.0
544	54848.0
545	55640.0
546	54748.0
547	54872.0
548	53904.0
549	54556.0
550	53828.0
551	54048.0
552	54820.0
553	54256.0
554	54272.0
555	54780.0
556	55116.0
557	55016.0
558	55192.0
559	55276.0
560	55732.0
561	56240.0
562	55996.0
563	55336.0
564	56064.0
565	55344.0
566	55488.0
567	55696.0
568	55700.0
569	56372.0
570	56048.0
571	56512.0
572	55892.0
573	55316.0
574	55860.0
575	55440.0
576	55476.0
577	54816.0
578	55296.0
579	55796.0
580	55664.0
581	55868.0
582	54920.0
583	56184.0
584	55784.0
585	55920.0
586	55064.0
587	56020.0
588	56448.0
589	56112.0
590	56428.0
591	55480.0
592	55836.0
593	56096.0
594	56764.0
595	56624.0
596	56616.0
597	57088.0
598	56092.0
599	55784.0
600	55968.0
601	55944.0
602	56652.0
603	56728.0
604	56896.0
605	56632.0
606	56352.0
607	56616.0
608	57040.0
609	57880.0
610	57012.0
611	56644.0
612	57232.0
613	57532.0
614	56752.0
615	56772.0
616	56772.0
617	57824.0
618	57376.0
619	56880.0
620	58020.0
621	57372.0
622	57760.0
623	57128.0
624	56296.0
625	56764.0
626	56436.0
627	56500.0
628	56224.0
629	57436.0
630	56540.0
631	56048.0
632	55164.0
633	54220.0
634	56416.0
635	56524.0
636	55904.0
637	56756.0
638	55996.0
639	56608.0
640	56640.0
641	55508.0
642	55820.0
643	55768.0
644	55940.0
645	56184.0
646	55596.0
647	56684.0
648	56196.0
649	55848.0
650	56400.0
651	57276.0
652	56476.0
653	56340.0
654	56140.0
655	55716.0
656	55556.0
657	54648.0
658	55868.0
659	56156.0
660	55964.0
661	56144.0
662	56652.0
663	55572.0
664	55804.0
665	55648.0
666	55212.0
667	55876.0
668	56284.0
669	57136.0
670	56772.0
671	56136.0
672	56380.0
673	55264.0
674	55212.0
675	55600.0
676	56960.0
677	56260.0
678	56712.0
679	56780.0
680	57352.0
681	56868.0
682	56376.0
683	57460.0
684	56680.0
685	57644.0
686	56972.0
687	56592.0
688	57880.0
689	57040.0
690	56372.0
691	57184.0
692	57172.0
693	56604.0
694	56300.0
695	56940.0
696	57488.0
697	58832.0
698	56872.0
699	57756.0
700	57948.0
701	58132.0
702	57844.0
703	57608.0
704	57824.0
705	58092.0
706	57536.0
707	57860.0
708	57548.0
709	57340.0
710	57664.0
711	57660.0
712	56804.0
713	57816.0
714	58640.0
715	58052.0
716	57788.0
717	57604.0
718	57356.0
719	58240.0
720	57592.0
721	57528.0
722	58528.0
723	56968.0
724	57924.0
725	57220.0
726	58636.0
727	58568.0
728	57780.0
729	58736.0
730	57852.0
731	58224.0
732	57700.0
733	58340.0
734	58032.0
735	58772.0
736	58324.0
737	59400.0
738	58112.0
739	59044.0
740	58692.0
741	58196.0
742	58144.0
743	58264.0
744	58532.0
745	57828.0
746	58712.0
747	57524.0
748	59208.0
749	58468.0
750	58084.0
751	58388.0
752	57000.0
753	57796.0
754	58400.0
755	58432.0
756	57608.0
757	58116.0
758	57676.0
759	58036.0
760	57804.0
761	57304.0
762	57740.0
763	57996.0
764	57536.0
765	56840.0
766	57444.0
767	56824.0
768	57244.0
769	57888.0
770	57552.0
771	58156.0
772	57532.0
773	57172.0
774	58804.0
775	57984.0
776	57420.0
777	57636.0
778	58908.0
779	57972.0
780	58040.0
781	58928.0
782	57724.0
783	57764.0
784	59204.0
785	58636.0
786	58328.0
787	57956.0
788	58296.0
789	58660.0
790	57680.0
791	57148.0
792	58344.0
793	57196.0
794	57612.0
795	57076.0
796	57640.0
797	58628.0
798	57424.0
799	56744.0
800	58244.0
801	57724.0
802	58720.0
803	59308.0
804	58444.0
805	59388.0
806	57732.0
807	57012.0
808	58488.0
809	58620.0
810	60360.0
811	58004.0
812	58340.0
813	58484.0
814	57888.0
815	57836.0
816	57524.0
817	58148.0
818	58192.0
819	57892.0
820	58948.0
821	58428.0
822	58452.0
823	58168.0
824	57392.0
825	57824.0
826	57404.0
827	57784.0
828	57620.0
829	57776.0
830	58016.0
831	58096.0
832	57148.0
833	57264.0
834	58068.0
835	58480.0
836	58096.0
837	58236.0
838	58796.0
839	58288.0
840	58192.0
841	57756.0
842	57896.0
843	59040.0
844	59332.0
845	59288.0
846	58344.0
847	58580.0
848	58092.0
849	57288.0
850	57344.0
851	57884.0
852	57920.0
853	57824.0
854	58464.0
855	58180.0
856	58456.0
857	57728.0
858	58340.0
859	58880.0
860	57036.0
861	58248.0
862	58388.0
863	58104.0
864	56900.0
865	57756.0
866	58084.0
867	58096.0
868	58388.0
869	58244.0
870	57500.0
871	59160.0
872	58872.0
873	57692.0
874	57876.0
875	58060.0
876	57444.0
877	56900.0
878	57780.0
879	58044.0
880	57684.0
881	57440.0
882	57776.0
883	57816.0
884	57676.0
885	57368.0
886	58972.0
887	58664.0
888	58896.0
889	58160.0
890	58556.0
891	57428.0
892	58448.0
893	57880.0
894	58300.0
895	57360.0
896	59224.0
897	59932.0
898	58404.0
899	57864.0
900	57888.0
901	57576.0
902	58552.0
903	57816.0
904	58264.0
905	59424.0
906	57816.0
907	58296.0
908	57328.0
909	59024.0
910	57592.0
911	58400.0
912	58384.0
913	58536.0
914	58368.0
915	57936.0
916	57348.0
917	58268.0
918	58108.0
919	59332.0
920	57812.0
921	59396.0
922	59100.0
923	58120.0
924	57976.0
925	58308.0
926	59672.0
927	57948.0
928	58400.0
929	58936.0
930	59792.0
931	58316.0
932	58568.0
933	59728.0
934	58992.0
935	58360.0
936	58256.0
937	58944.0
938	58988.0
939	60044.0
940	59752.0
941	58708.0
942	60024.0
943	60000.0
944	59628.0
945	60112.0
946	60264.0
947	60524.0
948	59496.0
949	59544.0
950	60428.0
951	59924.0
952	60784.0
953	59968.0
954	59400.0
955	60716.0
956	60512.0
957	60296.0
958	59996.0
959	61512.0
960	60812.0
961	60628.0
962	60580.0
963	61052.0
964	59696.0
965	59480.0
966	59212.0
967	60896.0
968	60032.0
969	60676.0
970	60004.0
971	60592.0
972	60872.0
973	59980.0
974	60436.0
975	59844.0
976	60920.0
977	60572.0
978	60220.0
979	60160.0
980	60872.0
981	59212.0
982	59972.0
983	60612.0
984	60756.0
985	60988.0
986	60432.0
987	60024.0
988	61676.0
989	60808.0
990	60684.0
991	60660.0
992	62288.0
993	60640.0
994	61296.0
995	61536.0
996	61648.0
997	61496.0
998	60396.0
999	60648.0
1000	61004.0
1001	61500.0
1002	61332.0
1003	60396.0
1004	61816.0
1005	61568.0
1006	60720.0
1007	60084.0
1008	61248.0
1009	62540.0
1010	60756.0
1011	60368.0
1012	60840.0
1013	61568.0
1014	60960.0
1015	61584.0
1016	60016.0
1017	61348.0
1018	61352.0
1019	61992.0
1020	61808.0
1021	61292.0
1022	62492.0
1023	60964.0
1024	61264.0
1025	60796.0
1026	61324.0
1027	61768.0
1028	61764.0
1029	61316.0
1030	61112.0
1031	61656.0
1032	62120.0
1033	62380.0
1034	61320.0
1035	63072.0
1036	62860.0
1037	61772.0
1038	62848.0
1039	62308.0
1040	62488.0
1041	60928.0
1042	62368.0
1043	61424.0
1044	63040.0
1045	62068.0
1046	63656.0
1047	63148.0
1048	62808.0
1049	61568.0
1050	62632.0
1051	63344.0
1052	63768.0
1053	62312.0
1054	62344.0
1055	64060.0
1056	62324.0
1057	61608.0
1058	61816.0
1059	62720.0
1060	62244.0
1061	62252.0
1062	63380.0
1063	63236.0
1064	63620.0
1065	62764.0
1066	62392.0
1067	62668.0
1068	63292.0
1069	62012.0
1070	61380.0
1071	63680.0
1072	63288.0
1073	62132.0
1074	62112.0
1075	62348.0
1076	63828.0
1077	63324.0
1078	63244.0
1079	62724.0
1080	62200.0
1081	61432.0
1082	61416.0
1083	61648.0
1084	63208.0
1085	63924.0
1086	62016.0
1087	63060.0
1088	62552.0
1089	61368.0
1090	61492.0
1091	61544.0
1092	61480.0
1093	62864.0
1094	62860.0
1095	62080.0
1096	62512.0
1097	62412.0
1098	61220.0
1099	61212.0
1100	61596.0
1101	62280.0
1102	62316.0
1103	62108.0
1104	62548.0
1105	62108.0
1106	60620.0
1107	60916.0
1108	60680.0
1109	62028.0
1110	61272.0
1111	61452.0
1112	61768.0
1113	61312.0
1114	62624.0
1115	62496.0
1116	60896.0
1117	61848.0
1118	61912.0
1119	62264.0
1120	61696.0
1121	62836.0
1122	61604.0
1123	62040.0
1124	61752.0
1125	62560.0
1126	62824.0
1127	62264.0
1128	62144.0
1129	62644.0
1130	62932.0
1131	62456.0
1132	61596.0
1133	62340.0
1134	63108.0
1135	63996.0
1136	61484.0
1137	63260.0
1138	62736.0
1139	63124.0
1140	61088.0
1141	61348.0
1142	61908.0
1143	61616.0
1144	61644.0
1145	63428.0
1146	62988.0
1147	63296.0
1148	61728.0
1149	61112.0
1150	61360.0
1151	61176.0
1152	62928.0
1153	62684.0
1154	61936.0
1155	63360.0
1156	61712.0
1157	61048.0
1158	61352.0
1159	61748.0
1160	63012.0
1161	63008.0
1162	62692.0
1163	63312.0
1164	63028.0
1165	63428.0
1166	62424.0
1167	63196.0
1168	63576.0
1169	63540.0
1170	62724.0
1171	63612.0
1172	64216.0
1173	62608.0
1174	61628.0
1175	63052.0
1176	63332.0
1177	63776.0
1178	64284.0
1179	63896.0
1180	63968.0
1181	62736.0
1182	62676.0
1183	64336.0
1184	63864.0
1185	63960.0
1186	63944.0
1187	63288.0
1188	64544.0
1189	63264.0
1190	63260.0
1191	62972.0
1192	62580.0
1193	62912.0
1194	63056.0
1195	62432.0
1196	62376.0
1197	63044.0
1198	60996.0
1199	61568.0
1200	61120.0
1201	62176.0
1202	62780.0
1203	62740.0
1204	63552.0
1205	63380.0
1206	60936.0
1207	61292.0
1208	61440.0
1209	62988.0
1210	62648.0
1211	62416.0
1212	63324.0
1213	64116.0
1214	64560.0
1215	62596.0
1216	63680.0
1217	64384.0
1218	63592.0
1219	63600.0
1220	64156.0
1221	63904.0
1222	63992.0
1223	63040.0
1224	62940.0
1225	62348.0
1226	63608.0
1227	63416.0
1228	62956.0
1229	63324.0
1230	62600.0
1231	63224.0
1232	62264.0
1233	63688.0
1234	64132.0
1235	63408.0
1236	64312.0
1237	64476.0
1238	64904.0
1239	64520.0
1240	63592.0
1241	63508.0
1242	64820.0
1243	64264.0
1244	64904.0
1245	63820.0
1246	65208.0
1247	64524.0
1248	62368.0
1249	62864.0
1250	63512.0
1251	64200.0
1252	65344.0
1253	65716.0
1254	65160.0
1255	65920.0
1256	64488.0
1257	64100.0
1258	64668.0
1259	65532.0
1260	66024.0
1261	65364.0
1262	66472.0
1263	66432.0
1264	66636.0
1265	65088.0
1266	64436.0
1267	65632.0
1268	67028.0
1269	63968.0
1270	65588.0
1271	65264.0
1272	65232.0
1273	64196.0
1274	64348.0
1275	64732.0
1276	65764.0
1277	65876.0
1278	65200.0
1279	66120.0
1280	66008.0
1281	65640.0
1282	64028.0
1283	65064.0
1284	65432.0
1285	66120.0
1286	63980.0
1287	64984.0
1288	66448.0
1289	64924.0
1290	64052.0
1291	63532.0
1292	65396.0
1293	65276.0
1294	66272.0
1295	63616.0
1296	64068.0
1297	64724.0
1298	63416.0
1299	63312.0
1300	63572.0
1301	64608.0
1302	66108.0
1303	65328.0
1304	64520.0
1305	65320.0
1306	64824.0
1307	64844.0
1308	64464.0
1309	64684.0
1310	65448.0
1311	64588.0
1312	64656.0
1313	65456.0
1314	64372.0
1315	64064.0
1316	62980.0
1317	63676.0
1318	63400.0
1319	63256.0
1320	64424.0
1321	63912.0
1322	65292.0
1323	62864.0
1324	63112.0
1325	63352.0
1326	65168.0
1327	64904.0
1328	65092.0
1329	64360.0
1330	65812.0
1331	63996.0
1332	64024.0
1333	63220.0
1334	65384.0
1335	65936.0
1336	64592.0
1337	65272.0
1338	65924.0
1339	64548.0
1340	63468.0
1341	63384.0
1342	65472.0
1343	64856.0
1344	64716.0
1345	64808.0
1346	65132.0
1347	64364.0
1348	63436.0
1349	63808.0
1350	63036.0
1351	64000.0
1352	64208.0
1353	64492.0
1354	64668.0
1355	64468.0
1356	65792.0
1357	64388.0
1358	63496.0
1359	65136.0
1360	65024.0
1361	64652.0
1362	64712.0
1363	64052.0
1364	64288.0
1365	63584.0
1366	63860.0
1367	66256.0
1368	64096.0
1369	65212.0
1370	64092.0
1371	64992.0
1372	64900.0
1373	64172.0
1374	63804.0
1375	64640.0
1376	65084.0
1377	65168.0
1378	64604.0
1379	64836.0
1380	65656.0
1381	64280.0
1382	63916.0
1383	64084.0
1384	64620.0
1385	65256.0
1386	63876.0
1387	64352.0
1388	64928.0
1389	65332.0
1390	64168.0
1391	63232.0
1392	64808.0
1393	64988.0
1394	63880.0
1395	64640.0
1396	64176.0
1397	65500.0
1398	64176.0
1399	66376.0
1400	64844.0
1401	66280.0
1402	63984.0
1403	65324.0
1404	65628.0
1405	65780.0
1406	65688.0
1407	64188.0
1408	66296.0
1409	66684.0
1410	65948.0
1411	64704.0
1412	64980.0
1413	66488.0
1414	65548.0
1415	63284.0
1416	63724.0
1417	65044.0
1418	64388.0
1419	63516.0
1420	63316.0
1421	64104.0
1422	64212.0
1423	64264.0
1424	62748.0
1425	64104.0
1426	64340.0
1427	63976.0
1428	63560.0
1429	64120.0
1430	64612.0
1431	63140.0
1432	63320.0
1433	62504.0
1434	64012.0
1435	64528.0
1436	63256.0
1437	63304.0
1438	64020.0
1439	64416.0
1440	62212.0
1441	63796.0
1442	64264.0
1443	63856.0
1444	64948.0
1445	63436.0
1446	64712.0
1447	64128.0
1448	63516.0
1449	62636.0
1450	63424.0
1451	63784.0
1452	65028.0
1453	64172.0
1454	64744.0
1455	64804.0
1456	63912.0
1457	64332.0
1458	63464.0
1459	64900.0
1460	64428.0
1461	65020.0
1462	63396.0
1463	65392.0
1464	64716.0
1465	65088.0
1466	64304.0
1467	65216.0
1468	65488.0
1469	64228.0
1470	65152.0
1471	65960.0
1472	65232.0
1473	64224.0
1474	62980.0
1475	64456.0
1476	64616.0
1477	65960.0
1478	64676.0
1479	65316.0
1480	65080.0
1481	64840.0
1482	64412.0
1483	64360.0
1484	65488.0
1485	65932.0
1486	65156.0
1487	65420.0
1488	66292.0
1489	65404.0
1490	64340.0
1491	64164.0
1492	66292.0
1493	64976.0
1494	65920.0
1495	65312.0
1496	66260.0
1497	65908.0
1498	64568.0
1499	65432.0
1500	66028.0
1501	66452.0
1502	65464.0
1503	66892.0
1504	66904.0
1505	64712.0
1506	65084.0
1507	65104.0
1508	64436.0
1509	66604.0
1510	65600.0
1511	64008.0
1512	65232.0
1513	66076.0
1514	65428.0
1515	63808.0
1516	64380.0
1517	65172.0
1518	66116.0
1519	64892.0
1520	65832.0
1521	66208.0
1522	65412.0
1523	64136.0
1524	64152.0
1525	64276.0
1526	64944.0
1527	64848.0
1528	64312.0
1529	65084.0
1530	65232.0
1531	64132.0
1532	62976.0
1533	63388.0
1534	65292.0
1535	64492.0
1536	64800.0
1537	64972.0
1538	64228.0
1539	65156.0
1540	63000.0
1541	64828.0
1542	64480.0
1543	64204.0
1544	64968.0
1545	64220.0
1546	64248.0
1547	65332.0
1548	63748.0
1549	63120.0
1550	63076.0
1551	64604.0
1552	64092.0
1553	64664.0
1554	64432.0
1555	64244.0
1556	62904.0
1557	62240.0
1558	63356.0
1559	64380.0
1560	64532.0
1561	63920.0
1562	64436.0
1563	64928.0
1564	63304.0
1565	63224.0
1566	62644.0
1567	64824.0
1568	65192.0
1569	64148.0
1570	64676.0
1571	63896.0
1572	64768.0
1573	63776.0
1574	63300.0
1575	62972.0
1576	63508.0
1577	63500.0
1578	63508.0
1579	64288.0
1580	64788.0
1581	63604.0
1582	63560.0
1583	64048.0
1584	64484.0
1585	63888.0
1586	64380.0
1587	65304.0
1588	64468.0
1589	63932.0
1590	64720.0
1591	63700.0
1592	64564.0
1593	65420.0
1594	65156.0
1595	65708.0
1596	65576.0
1597	65524.0
1598	63584.0
1599	64544.0
1600	64908.0
1601	64252.0
1602	65204.0
1603	65040.0
1604	64664.0
1605	64852.0
1606	65316.0
1607	63584.0
1608	63876.0
1609	65272.0
1610	66044.0
1611	66748.0
1612	65140.0
1613	65612.0
1614	64024.0
1615	63284.0
1616	62964.0
1617	63392.0
1618	64856.0
1619	63264.0
1620	63980.0
1621	64708.0
1622	64544.0
1623	63916.0
1624	63080.0
1625	63792.0
1626	64320.0
1627	63492.0
1628	63644.0
1629	64032.0
1630	64468.0
1631	64484.0
1632	64132.0
1633	64156.0
1634	64512.0
1635	64264.0
1636	64244.0
1637	64564.0
1638	64864.0
1639	64500.0
1640	63176.0
1641	63512.0
1642	64712.0
1643	64280.0
1644	64068.0
1645	64044.0
1646	64768.0
1647	65136.0
1648	62884.0
1649	63084.0
1650	63092.0
1651	64048.0
1652	63564.0
1653	64180.0
1654	64076.0
1655	63784.0
1656	63544.0
1657	62744.0
1658	63960.0
1659	64016.0
1660	64716.0
1661	64564.0
1662	65988.0
1663	65564.0
1664	64976.0
1665	63640.0
1666	64604.0
1667	65260.0
1668	65444.0
1669	63976.0
1670	65108.0
1671	64016.0
1672	64996.0
1673	64316.0
1674	64120.0
1675	64676.0
1676	65576.0
1677	65328.0
1678	64832.0
1679	64432.0
1680	64048.0
1681	63668.0
1682	64124.0
1683	62988.0
1684	64956.0
1685	64896.0
1686	64172.0
1687	64244.0
1688	64016.0
1689	63792.0
1690	63164.0
1691	63016.0
1692	64472.0
1693	64916.0
1694	63864.0
1695	64160.0
1696	64268.0
1697	64644.0
1698	63464.0
1699	63460.0
1700	64132.0
1701	64352.0
1702	65220.0
1703	65416.0
1704	64208.0
1705	64176.0
1706	64500.0
1707	63964.0
1708	63548.0
1709	65012.0
1710	65616.0
1711	64228.0
1712	65008.0
1713	64440.0
1714	64532.0
1715	62684.0
1716	63840.0
1717	65420.0
1718	65584.0
1719	64564.0
1720	65560.0
1721	66040.0
1722	64788.0
1723	63996.0
1724	63344.0
1725	64192.0
1726	64804.0
1727	64532.0
1728	65704.0
1729	64616.0
1730	65836.0
1731	62980.0
1732	63316.0
1733	63512.0
1734	63864.0
1735	64492.0
1736	62484.0
1737	64160.0
1738	63304.0
1739	62604.0
1740	62608.0
1741	62404.0
1742	64756.0
1743	63792.0
1744	64328.0
1745	64528.0
1746	65028.0
1747	65432.0
1748	63720.0
1749	62872.0
1750	64336.0
1751	63404.0
1752	63900.0
1753	63512.0
1754	63444.0
1755	63608.0
1756	63384.0
1757	62596.0
1758	62680.0
1759	62672.0
1760	63876.0
1761	62768.0
1762	61544.0
1763	62164.0
1764	62216.0
1765	61524.0
1766	62152.0
1767	62384.0
1768	62896.0
1769	62500.0
1770	62724.0
1771	62620.0
1772	63816.0
1773	62280.0
1774	61908.0
1775	61772.0
1776	62976.0
1777	62836.0
1778	63396.0
1779	64584.0
1780	65032.0
1781	62672.0
1782	62340.0
1783	62168.0
1784	63576.0
1785	63228.0
1786	62792.0
1787	63016.0
1788	62576.0
1789	62140.0
1790	62344.0
1791	61864.0
1792	62960.0
1793	62664.0
1794	62896.0
1795	63608.0
1796	62448.0
1797	63072.0
1798	62380.0
1799	62264.0
1800	62424.0
1801	64300.0
1802	63572.0
1803	64164.0
1804	63632.0
1805	63712.0
1806	64516.0
1807	63156.0
1808	62060.0
1809	63580.0
1810	63740.0
1811	63396.0
1812	62604.0
1813	63368.0
1814	63280.0
1815	61504.0
1816	61796.0
1817	61124.0
1818	63000.0
1819	62580.0
1820	62484.0
1821	62872.0
1822	62852.0
1823	61928.0
1824	61588.0
1825	61524.0
1826	62332.0
1827	62928.0
1828	62704.0
1829	62520.0
1830	62436.0
1831	62960.0
1832	61732.0
1833	61836.0
1834	62908.0
1835	62452.0
1836	63732.0
1837	62660.0
1838	61996.0
1839	63004.0
1840	61928.0
1841	61504.0
1842	62820.0
1843	62376.0
1844	62472.0
1845	62388.0
1846	62012.0
1847	62452.0
1848	62564.0
1849	61948.0
1850	62968.0
1851	63080.0
1852	62812.0
1853	63784.0
1854	63712.0
1855	63300.0
1856	62064.0
1857	62108.0
1858	63032.0
1859	63248.0
1860	63432.0
1861	62128.0
1862	63672.0
1863	63024.0
1864	63436.0
1865	61120.0
1866	62324.0
1867	62724.0
1868	61776.0
1869	63136.0
1870	63036.0
1871	63884.0
1872	62772.0
1873	61888.0
1874	60376.0
1875	60620.0
1876	62204.0
1877	61480.0
1878	61972.0
1879	61668.0
1880	61464.0
1881	60608.0
1882	61600.0
1883	61460.0
1884	62408.0
1885	61268.0
1886	61584.0
1887	61352.0
1888	61372.0
1889	61524.0
1890	60104.0
1891	60748.0
1892	61156.0
1893	60992.0
1894	60896.0
1895	60528.0
1896	61940.0
1897	60012.0
1898	59504.0
1899	61248.0
1900	59884.0
1901	61164.0
1902	59860.0
1903	60284.0
1904	60888.0
1905	60268.0
1906	59636.0
1907	59960.0
1908	59524.0
1909	60564.0
1910	59680.0
1911	60120.0
1912	60336.0
1913	60588.0
1914	60532.0
1915	59664.0
1916	59760.0
1917	61856.0
1918	60436.0
1919	60716.0
1920	60980.0
1921	61376.0
1922	60380.0
1923	59432.0
1924	59776.0
1925	60072.0
1926	60528.0
1927	60712.0
1928	59732.0
1929	60404.0
1930	60356.0
1931	59452.0
1932	58888.0
1933	59376.0
1934	59856.0
1935	60972.0
1936	59276.0
1937	60208.0
1938	60468.0
1939	60208.0
1940	58252.0
1941	60308.0
1942	60496.0
1943	59868.0
1944	59884.0
1945	60096.0
1946	60604.0
1947	60000.0
1948	60256.0
1949	60220.0
1950	59092.0
1951	60480.0
1952	59932.0
1953	60196.0
1954	60572.0
1955	59280.0
1956	59092.0
1957	59252.0
1958	58760.0
1959	60968.0
1960	59224.0
1961	59044.0
1962	59772.0
1963	60236.0
1964	60552.0
1965	59028.0
1966	58244.0
1967	59752.0
1968	59708.0
1969	59084.0
1970	60288.0
1971	60844.0
1972	60452.0
1973	60096.0
1974	59364.0
1975	60404.0
1976	59892.0
1977	61368.0
1978	61580.0
1979	60668.0
1980	60164.0
1981	59592.0
1982	58732.0
1983	60532.0
1984	60560.0
1985	59820.0
1986	60144.0
1987	59980.0
1988	59996.0
1989	60064.0
1990	59212.0
1991	58976.0
1992	59188.0
1993	60448.0
1994	61096.0
1995	60512.0
1996	60608.0
1997	60764.0
1998	59152.0
1999	59260.0
2000	60024.0
2001	60272.0
2002	60232.0
2003	60384.0
2004	61276.0
2005	61076.0
2006	59892.0
2007	59668.0
2008	60316.0
2009	59776.0
2010	60112.0
2011	60944.0
2012	61028.0
2013	60376.0
2014	60360.0
2015	59592.0
2016	59008.0
2017	60664.0
2018	59428.0
2019	59796.0
2020	59408.0
2021	59656.0
2022	59348.0
2023	58808.0
2024	58200.0
2025	58284.0
2026	58820.0
2027	60320.0
2028	58460.0
2029	59144.0
2030	59320.0
2031	58312.0
2032	56848.0
2033	57536.0
2034	58644.0
2035	59100.0
2036	58792.0
2037	59748.0
2038	58752.0
2039	59112.0
2040	58744.0
2041	57380.0
2042	59472.0
2043	58732.0
2044	58328.0
2045	58620.0
2046	58640.0
2047	57404.0
2048	56588.0
2049	58176.0
2050	57940.0
2051	57800.0
2052	57832.0
2053	59192.0
2054	59208.0
2055	58452.0
2056	57436.0
2057	58360.0
2058	57716.0
2059	58256.0
2060	59888.0
2061	57812.0
2062	59184.0
2063	59512.0
2064	59844.0
2065	58668.0
2066	58576.0
2067	58788.0
2068	59224.0
2069	58440.0
2070	59924.0
2071	58504.0
2072	58184.0
2073	57500.0
2074	56760.0
2075	57532.0
2076	60036.0
2077	58432.0
2078	57928.0
2079	57564.0
2080	58856.0
2081	58168.0
2082	57840.0
2083	57088.0
2084	58328.0
2085	57520.0
2086	58144.0
2087	58736.0
2088	57680.0
2089	58532.0
2090	57604.0
2091	57416.0
2092	57960.0
2093	59284.0
2094	58268.0
2095	56836.0
2096	58812.0
2097	58224.0
2098	57648.0
2099	57536.0
2100	57660.0
2101	57884.0
2102	57792.0
2103	57236.0
2104	57100.0
2105	57288.0
2106	56716.0
2107	55736.0
2108	56820.0
2109	57864.0
2110	56780.0
2111	56924.0
2112	57672.0
2113	57104.0
2114	56240.0
2115	55332.0
2116	56708.0
2117	57304.0
2118	57000.0
2119	56512.0
2120	57372.0
2121	57664.0
2122	57368.0
2123	56692.0
2124	56504.0
2125	56156.0
2126	56740.0
2127	56004.0
2128	56108.0
2129	56256.0
2130	56928.0
2131	55884.0
2132	55700.0
2133	55552.0
2134	57288.0
2135	56680.0
2136	56516.0
2137	57540.0
2138	56352.0
2139	55668.0
2140	54868.0
2141	55608.0
2142	56456.0
2143	56576.0
2144	56024.0
2145	56836.0
2146	56744.0
2147	56976.0
2148	56756.0
2149	55540.0
2150	55724.0
2151	56280.0
2152	56248.0
2153	55676.0
2154	55788.0
2155	57304.0
2156	55176.0
2157	55720.0
2158	55228.0
2159	54904.0
2160	55636.0
2161	55532.0
2162	56072.0
2163	55108.0
2164	55424.0
2165	54896.0
2166	54952.0
2167	55916.0
2168	55472.0
2169	54644.0
2170	55876.0
2171	55544.0
2172	55372.0
2173	56144.0
2174	55028.0
2175	55640.0
2176	56720.0
2177	55492.0
2178	57296.0
2179	56292.0
2180	56584.0
2181	56532.0
2182	56448.0
2183	55968.0
2184	55928.0
2185	55788.0
2186	57080.0
2187	56136.0
2188	56508.0
2189	56184.0
2190	54324.0
2191	54856.0
2192	55108.0
2193	56344.0
2194	55788.0
2195	55888.0
2196	55928.0
2197	55688.0
2198	55136.0
2199	55164.0
2200	55460.0
2201	56208.0
2202	56032.0
2203	56360.0
2204	56756.0
2205	56760.0
2206	56784.0
2207	55840.0
2208	55864.0
2209	56340.0
2210	56568.0
2211	57056.0
2212	56576.0
2213	57080.0
2214	55752.0
2215	56068.0
2216	55248.0
2217	55824.0
2218	56308.0
2219	56520.0
2220	55972.0
2221	55920.0
2222	55980.0
2223	54984.0
2224	55656.0
2225	56260.0
2226	55324.0
2227	55496.0
2228	55640.0
2229	55724.0
2230	54872.0
2231	55624.0
2232	55000.0
2233	55276.0
2234	55868.0
2235	55408.0
2236	55380.0
2237	55476.0
2238	55444.0
2239	55688.0
2240	55204.0
2241	56232.0
2242	54636.0
2243	56656.0
2244	55456.0
2245	56672.0
2246	56816.0
2247	55408.0
2248	54944.0
2249	53600.0
2250	54004.0
2251	56120.0
2252	54756.0
2253	54624.0
2254	54848.0
2255	55128.0
2256	55904.0
2257	53956.0
2258	53972.0
2259	54616.0
2260	54456.0
2261	54900.0
2262	54396.0
2263	53892.0
2264	53804.0
2265	54212.0
2266	53408.0
2267	54156.0
2268	54112.0
2269	55280.0
2270	54356.0
2271	54240.0
2272	54964.0
2273	53916.0
2274	53552.0
2275	53308.0
2276	54004.0
2277	53780.0
2278	54616.0
2279	53432.0
2280	54368.0
2281	54132.0
2282	53708.0
2283	53500.0
2284	54028.0
2285	54708.0
2286	53804.0
2287	55056.0
2288	53720.0
2289	53656.0
2290	53988.0
2291	54416.0
2292	53776.0
2293	54544.0
2294	54280.0
2295	54444.0
2296	55308.0
2297	54712.0
2298	54148.0
2299	53048.0
2300	54604.0
2301	54900.0
2302	54364.0
2303	53248.0
2304	54356.0
2305	54156.0
2306	53724.0
2307	53472.0
2308	53972.0
2309	54104.0
2310	53568.0
2311	53244.0
2312	53668.0
2313	53636.0
2314	52636.0
2315	53256.0
2316	52916.0
2317	53788.0
2318	52984.0
2319	53664.0
2320	54228.0
2321	54432.0
2322	53920.0
2323	54756.0
2324	53288.0
2325	53448.0
2326	53880.0
2327	54088.0
2328	53640.0
2329	54592.0
2330	53816.0
2331	53876.0
2332	52752.0
2333	54068.0
2334	53772.0
2335	54040.0
2336	53180.0
2337	53360.0
2338	53432.0
2339	53008.0
2340	52856.0
2341	53268.0
2342	52948.0
2343	53064.0
2344	51828.0
2345	54196.0
2346	51384.0
2347	53308.0
2348	52544.0
2349	51996.0
2350	53448.0
2351	52956.0
2352	53348.0
2353	52936.0
2354	52928.0
2355	53024.0
2356	53436.0
2357	52060.0
2358	52384.0
2359	52916.0
2360	53384.0
2361	53704.0
2362	53584.0
2363	52464.0
2364	52804.0
2365	51184.0
2366	51504.0
2367	52776.0
2368	52344.0
2369	51276.0
2370	51588.0
2371	53268.0
2372	52364.0
2373	51400.0
2374	51268.0
2375	51772.0
2376	51460.0
2377	51084.0
2378	52616.0
2379	51820.0
2380	50792.0
2381	51648.0
2382	51088.0
2383	52200.0
2384	51212.0
2385	51928.0
2386	51776.0
2387	51056.0
2388	51432.0
2389	51316.0
2390	50580.0
2391	50716.0
2392	51876.0
2393	51364.0
2394	51600.0
2395	52348.0
2396	50592.0
2397	50320.0
2398	50024.0
2399	49816.0
2400	50676.0
2401	51324.0
2402	51336.0
2403	50780.0
2404	50708.0
2405	50900.0
2406	50408.0
2407	49932.0
2408	51408.0
2409	51900.0
2410	50892.0
2411	50532.0
2412	50520.0
2413	51072.0
2414	50556.0
2415	49856.0
2416	50912.0
2417	50352.0
2418	50776.0
2419	50632.0
2420	50552.0
2421	49744.0
2422	49300.0
2423	49388.0
2424	50924.0
2425	49316.0
2426	49092.0
2427	49060.0
2428	49540.0
2429	49480.0
2430	49304.0
2431	49588.0
2432	49800.0
2433	49076.0
2434	49568.0
2435	50468.0
2436	50460.0
2437	49472.0
2438	50384.0
2439	49340.0
2440	49144.0
2441	48928.0
2442	50176.0
2443	50716.0
2444	50820.0
2445	50652.0
2446	49612.0
2447	49976.0
2448	50260.0
2449	49716.0
2450	49988.0
2451	49552.0
2452	49916.0
2453	49512.0
2454	50456.0
2455	50160.0
2456	49216.0
2457	48772.0
2458	49656.0
2459	48756.0
2460	49672.0
2461	50020.0
2462	49740.0
2463	49736.0
2464	49812.0
2465	50060.0
2466	49696.0
2467	49880.0
2468	48908.0
2469	50444.0
2470	50104.0
2471	48868.0
2472	49092.0
2473	49260.0
2474	49656.0
2475	49760.0
2476	49724.0
2477	49928.0
2478	49680.0
2479	49704.0
2480	49628.0
2481	48472.0
2482	48564.0
2483	48416.0
2484	49028.0
2485	47688.0
2486	48144.0
2487	48424.0
2488	48692.0
2489	48448.0
2490	48128.0
2491	47420.0
2492	48276.0
2493	47608.0
2494	48116.0
2495	47352.0
2496	47892.0
2497	47888.0
2498	48056.0
2499	47332.0
2500	47756.0
2501	47544.0
2502	47516.0
2503	48104.0
2504	47620.0
2505	47304.0
2506	47588.0
2507	46756.0
2508	47672.0
2509	46852.0
2510	47300.0
2511	47252.0
2512	47724.0
2513	47428.0
2514	47664.0
2515	47168.0
2516	47112.0
2517	46212.0
2518	46384.0
2519	47300.0
2520	46204.0
2521	47068.0
2522	47576.0
2523	47336.0
2524	47832.0
2525	47116.0
2526	46244.0
2527	47232.0
2528	46856.0
2529	46652.0
2530	47172.0
2531	46532.0
2532	46792.0
2533	46540.0
2534	46844.0
2535	46428.0
2536	45788.0
2537	46712.0
2538	46048.0
2539	45676.0
2540	46684.0
2541	46280.0
2542	45584.0
2543	46620.0
2544	44436.0
2545	44748.0
2546	45872.0
2547	44536.0
2548	44704.0
2549	44264.0
2550	44496.0
2551	44268.0
2552	44428.0
2553	44748.0
2554	43460.0
2555	44048.0
2556	44044.0
2557	43408.0
2558	44196.0
2559	44328.0
2560	43724.0
2561	44084.0
2562	44480.0
2563	43884.0
2564	44856.0
2565	43720.0
2566	43104.0
2567	43404.0
2568	43836.0
2569	43440.0
2570	43532.0
2571	43604.0
2572	42796.0
2573	43708.0
2574	43308.0
2575	43040.0
2576	42208.0
2577	43012.0
2578	42876.0
2579	42740.0
2580	42192.0
2581	42740.0
2582	43676.0
2583	43152.0
2584	43284.0
2585	42460.0
2586	43576.0
2587	43128.0
2588	42576.0
2589	43368.0
2590	43324.0
2591	43772.0
2592	43008.0
2593	42296.0
2594	42412.0
2595	43060.0
2596	42176.0
2597	41584.0
2598	42476.0
2599	42712.0
2600	41472.0
2601	41480.0
2602	41756.0
2603	41576.0
2604	41400.0
2605	40752.0
2606	40272.0
2607	40336.0
2608	41376.0
2609	39736.0
2610	40484.0
2611	40556.0
2612	40432.0
2613	40276.0
2614	39992.0
2615	40544.0
2616	40552.0
2617	40316.0
2618	40924.0
2619	40628.0
2620	40204.0
2621	39652.0
2622	39436.0
2623	40152.0
2624	39868.0
2625	39844.0
2626	39060.0
2627	39732.0
2628	39576.0
2629	39852.0
2630	39544.0
2631	38964.0
2632	39920.0
2633	39584.0
2634	38004.0
2635	37824.0
2636	38632.0
2637	38436.0
2638	38976.0
2639	38064.0
2640	38008.0
2641	38252.0
2642	37664.0
2643	36632.0
2644	36984.0
2645	36860.0
2646	36256.0
2647	36608.0
2648	37628.0
2649	37672.0
2650	37252.0
2651	36696.0
2652	38120.0
2653	38048.0
2654	37456.0
2655	36300.0
2656	36516.0
2657	37156.0
2658	39244.0
2659	37024.0
2660	36488.0
2661	37352.0
2662	37472.0
2663	36120.0
2664	37488.0
2665	36976.0
2666	37112.0
2667	36572.0
2668	36680.0
2669	36168.0
2670	35616.0
2671	36220.0
2672	36128.0
2673	36504.0
2674	36012.0
2675	37224.0
2676	36156.0
2677	37020.0
2678	35948.0
2679	36540.0
2680	36748.0
2681	36960.0
2682	36532.0
2683	36136.0
2684	35436.0
2685	36352.0
2686	36612.0
2687	36300.0
2688	36320.0
2689	35412.0
2690	35224.0
2691	35712.0
2692	36012.0
2693	34876.0
2694	35168.0
2695	35532.0
2696	35688.0
2697	35488.0
2698	35396.0
2699	34416.0
2700	35056.0
2701	35052.0
2702	35640.0
2703	33680.0
2704	34592.0
2705	33604.0
2706	34700.0
2707	35152.0
2708	34404.0
2709	34740.0
2710	34372.0
2711	34564.0
2712	35996.0
2713	35088.0
2714	34736.0
2715	34140.0
2716	34748.0
2717	34400.0
2718	34836.0
2719	34724.0
2720	35224.0
2721	34116.0
2722	34900.0
2723	34904.0
2724	33956.0
2725	34248.0
2726	33860.0
2727	33420.0
2728	33768.0
2729	33192.0
2730	33720.0
2731	33804.0
2732	34292.0
2733	33568.0
2734	33356.0
2735	33200.0
2736	32708.0
2737	33496.0
2738	32328.0
2739	32428.0
2740	33456.0
2741	32304.0
2742	32584.0
2743	32016.0
2744	31828.0
2745	32652.0
2746	32128.0
2747	31984.0
