0,24.0
1,38.0
2,38.0
3,8.0
4,38.0
5,20.0
6,38.0
7,38.0
8,38.0
9,38.0
10,38.0
11,38.0
12,38.0
13,4.0
14,4.0
15,38.0
16,16.0
17,0.0
18,20.0
19,40.0
20,38.0
21,38.0
22,38.0
23,38.0
24,68.0
25,38.0
26,38.0
27,4.0
28,38.0
29,38.0
30,38.0
31,38.0
32,38.0
33,38.0
34,38.0
35,38.0
36,38.0
37,32.0
38,12.0
39,8.0
40,38.0
41,28.0
42,24.0
43,0.0
44,38.0
45,38.0
46,38.0
47,38.0
48,38.0
49,38.0
50,38.0
51,38.0
52,38.0
53,38.0
54,38.0
55,38.0
56,38.0
57,38.0
58,38.0
59,4.0
60,8.0
61,38.0
62,38.0
63,16.0
64,32.0
65,38.0
66,38.0
67,38.0
68,38.0
69,38.0
70,38.0
71,12.0
72,38.0
73,38.0
74,4.0
75,38.0
76,38.0
77,28.0
78,38.0
79,38.0
80,38.0
81,38.0
82,38.0
83,38.0
84,38.0
85,8.0
86,38.0
87,40.0
88,24.0
89,38.0
90,8.0
91,38.0
92,38.0
93,38.0
94,20.0
95,38.0
96,38.0
97,38.0
98,8.0
99,38.0
100,20.0
101,38.0
102,38.0
103,38.0
104,38.0
105,38.0
106,20.0
107,38.0
108,38.0
109,38.0
110,0.0
111,32.0
112,38.0
113,4.0
114,38.0
115,38.0
116,38.0
117,38.0
118,16.0
119,24.0
120,38.0
121,38.0
122,38.0
123,38.0
124,38.0
125,4.0
126,12.0
127,4.0
128,38.0
129,38.0
130,38.0
131,44.0
132,38.0
133,38.0
134,38.0
135,38.0
136,8.0
137,8.0
138,0.0
139,12.0
140,38.0
141,38.0
142,38.0
143,8.0
144,16.0
145,12.0
146,0.0
147,36.0
148,12.0
149,0.0
150,20.0
151,0.0
152,16.0
153,38.0
154,28.0
155,38.0
156,38.0
157,38.0
158,40.0
159,38.0
160,20.0
161,28.0
162,4.0
163,0.0
164,38.0
165,38.0
166,38.0
167,36.0
168,38.0
169,16.0
170,38.0
171,4.0
172,4.0
173,38.0
174,38.0
175,38.0
176,24.0
177,38.0
178,0.0
179,0.0
180,38.0
181,12.0
182,38.0
183,38.0
184,8.0
185,38.0
186,38.0
187,24.0
188,38.0
189,24.0
190,38.0
191,38.0
192,38.0
193,16.0
194,38.0
195,48.0
196,8.0
197,24.0
198,38.0
199,38.0
200,38.0
201,24.0
202,38.0
203,38.0
204,38.0
205,38.0
206,38.0
207,16.0
208,8.0
209,38.0
210,38.0
211,38.0
212,12.0
213,38.0
214,38.0
215,48.0
216,4.0
217,38.0
218,38.0
219,38.0
220,38.0
221,38.0
222,38.0
223,38.0
224,38.0
225,4.0
226,24.0
227,8.0
228,28.0
229,38.0
230,38.0
231,8.0
232,38.0
233,38.0
234,38.0
235,38.0
236,38.0
237,38.0
238,28.0
239,38.0
240,38.0
241,38.0
242,38.0
243,38.0
244,38.0
245,38.0
246,20.0
247,40.0
248,80.0
249,38.0
250,0.0
251,38.0
252,38.0
253,12.0
254,44.0
255,0.0
256,38.0
257,12.0
258,8.0
259,38.0
260,38.0
261,38.0
262,16.0
263,16.0
264,4.0
265,16.0
266,38.0
267,38.0
268,38.0
269,38.0
270,38.0
271,32.0
272,0.0
273,32.0
274,0.0
275,38.0
276,38.0
277,4.0
278,38.0
279,38.0
280,20.0
281,38.0
282,24.0
283,38.0
284,0.0
285,38.0
286,20.0
287,38.0
288,20.0
289,16.0
290,38.0
291,24.0
292,38.0
293,38.0
294,38.0
295,38.0
296,38.0
297,38.0
298,32.0
299,0.0
300,38.0
301,38.0
302,38.0
303,38.0
304,38.0
305,4.0
306,0.0
307,4.0
308,4.0
309,4.0
310,38.0
311,38.0
312,52.0
313,38.0
314,20.0
315,38.0
316,38.0
317,38.0
318,28.0
319,38.0
320,38.0
321,24.0
322,40.0
323,38.0
324,38.0
325,4.0
326,38.0
327,38.0
328,38.0
329,38.0
330,38.0
331,8.0
332,38.0
333,48.0
334,38.0
335,56.0
336,38.0
337,38.0
338,36.0
339,12.0
340,24.0
341,20.0
342,38.0
343,24.0
344,0.0
345,38.0
346,38.0
347,38.0
348,28.0
349,38.0
350,38.0
351,38.0
352,8.0
353,16.0
354,32.0
355,38.0
356,38.0
357,8.0
358,0.0
359,20.0
360,72.0
361,4.0
362,32.0
363,8.0
364,40.0
365,4.0
366,38.0
367,38.0
368,38.0
369,38.0
370,38.0
371,32.0
372,38.0
373,28.0
374,12.0
375,0.0
376,38.0
377,4.0
378,38.0
379,12.0
380,16.0
381,38.0
382,38.0
383,38.0
384,38.0
385,4.0
386,28.0
387,4.0
388,38.0
389,8.0
390,38.0
391,0.0
392,38.0
393,36.0
394,52.0
395,20.0
396,38.0
397,0.0
398,38.0
399,38.0
400,0.0
401,38.0
402,36.0
403,8.0
404,16.0
405,38.0
406,36.0
407,36.0
408,38.0
409,38.0
410,12.0
411,38.0
412,38.0
413,38.0
414,20.0
415,38.0
416,38.0
417,36.0
418,38.0
419,4.0
420,0.0
421,38.0
422,20.0
423,4.0
424,38.0
425,32.0
426,38.0
427,38.0
428,38.0
429,38.0
430,4.0
431,0.0
432,38.0
433,38.0
434,38.0
435,38.0
436,38.0
437,32.0
438,20.0
439,38.0
440,38.0
441,38.0
442,38.0
443,38.0
444,38.0
445,38.0
446,38.0
447,38.0
448,38.0
449,38.0
450,8.0
451,24.0
452,12.0
453,24.0
454,12.0
455,16.0
456,4.0
457,8.0
458,38.0
459,0.0
460,38.0
461,38.0
462,38.0
463,38.0
464,38.0
465,38.0
466,38.0
467,38.0
468,38.0
469,38.0
470,12.0
471,38.0
472,38.0
473,38.0
474,38.0
475,20.0
476,32.0
477,38.0
478,38.0
479,4.0
480,38.0
481,4.0
482,38.0
483,28.0
484,38.0
485,38.0
486,4.0
487,0.0
488,38.0
489,4.0
490,12.0
491,38.0
492,38.0
493,20.0
494,38.0
495,20.0
496,16.0
497,16.0
498,38.0
499,38.0
500,38.0
501,38.0
502,4.0
503,38.0
504,38.0
505,38.0
506,38.0
507,0.0
508,0.0
509,0.0
510,24.0
511,38.0
512,38.0
513,8.0
514,38.0
515,38.0
516,12.0
517,28.0
518,38.0
519,0.0
520,38.0
521,38.0
522,38.0
523,16.0
524,38.0
525,16.0
526,38.0
527,38.0
528,4.0
529,0.0
530,38.0
531,38.0
532,38.0
533,38.0
534,38.0
535,38.0
536,38.0
537,24.0
538,28.0
539,12.0
540,38.0
541,38.0
542,32.0
543,38.0
544,4.0
545,38.0
546,38.0
547,8.0
548,38.0
549,16.0
550,38.0
551,38.0
552,32.0
553,24.0
554,38.0
555,38.0
556,8.0
557,36.0
558,8.0
559,8.0
560,38.0
561,38.0
562,8.0
563,38.0
564,38.0
565,8.0
566,4.0
567,38.0
568,38.0
569,38.0
570,38.0
571,20.0
572,38.0
573,36.0
574,38.0
575,38.0
576,0.0
577,12.0
578,38.0
579,20.0
580,38.0
581,8.0
582,38.0
583,38.0
584,38.0
585,38.0
586,32.0
587,48.0
588,8.0
589,38.0
590,8.0
591,38.0
592,24.0
593,38.0
594,0.0
595,8.0
596,0.0
597,38.0
598,38.0
599,38.0
600,38.0
601,24.0
602,0.0
603,28.0
604,8.0
605,38.0
606,16.0
607,38.0
608,38.0
609,38.0
610,38.0
611,38.0
612,38.0
613,8.0
614,4.0
615,0.0
616,12.0
617,38.0
618,4.0
619,38.0
620,38.0
621,38.0
622,12.0
623,4.0
624,38.0
625,8.0
626,8.0
627,38.0
628,8.0
629,38.0
630,38.0
631,38.0
632,12.0
633,38.0
634,38.0
635,8.0
636,24.0
637,20.0
638,38.0
639,20.0
640,16.0
641,16.0
642,38.0
643,4.0
644,8.0
645,24.0
646,12.0
647,38.0
648,4.0
649,38.0
650,38.0
651,0.0
652,0.0
653,12.0
654,12.0
655,12.0
656,38.0
657,38.0
658,38.0
659,38.0
660,38.0
661,38.0
662,38.0
663,16.0
664,38.0
665,16.0
666,38.0
667,38.0
668,8.0
669,38.0
670,38.0
671,38.0
672,38.0
673,12.0
674,4.0
675,0.0
676,20.0
677,0.0
678,38.0
679,38.0
680,12.0
681,38.0
682,36.0
683,38.0
684,38.0
685,32.0
686,38.0
687,38.0
688,24.0
689,20.0
690,38.0
691,38.0
692,12.0
693,38.0
694,38.0
695,38.0
696,12.0
697,38.0
698,38.0
699,12.0
700,36.0
701,38.0
702,38.0
703,38.0
704,44.0
705,38.0
706,12.0
707,0.0
708,16.0
709,38.0
710,12.0
711,16.0
712,38.0
713,38.0
714,38.0
715,48.0
716,38.0
717,38.0
718,8.0
719,8.0
720,38.0
721,8.0
722,4.0
723,36.0
724,12.0
725,38.0
726,38.0
727,38.0
728,8.0
729,20.0
730,38.0
731,8.0
732,20.0
733,38.0
734,8.0
735,12.0
736,38.0
737,38.0
738,8.0
739,38.0
740,20.0
741,38.0
742,38.0
743,56.0
744,38.0
745,38.0
746,32.0
747,40.0
748,4.0
749,38.0
750,38.0
751,28.0
752,44.0
753,40.0
754,24.0
755,38.0
756,32.0
757,38.0
758,20.0
759,38.0
760,38.0
761,4.0
762,38.0
763,38.0
764,38.0
765,8.0
766,38.0
767,38.0
768,38.0
769,4.0
770,38.0
771,38.0
772,40.0
773,38.0
774,12.0
775,8.0
776,38.0
777,38.0
778,12.0
779,38.0
780,12.0
781,38.0
782,38.0
783,38.0
784,20.0
785,38.0
786,24.0
787,0.0
788,38.0
789,38.0
790,38.0
791,38.0
792,56.0
793,4.0
794,12.0
795,8.0
796,38.0
797,76.0
798,28.0
799,0.0
800,38.0
801,38.0
802,38.0
803,8.0
804,38.0
805,38.0
806,12.0
807,38.0
808,8.0
809,38.0
810,38.0
811,0.0
812,0.0
813,38.0
814,38.0
815,38.0
816,38.0
817,8.0
818,38.0
819,38.0
820,38.0
821,38.0
822,38.0
823,38.0
824,38.0
825,38.0
826,16.0
827,0.0
828,38.0
829,38.0
830,38.0
831,36.0
832,4.0
833,38.0
834,0.0
835,4.0
836,4.0
837,8.0
838,38.0
839,38.0
840,12.0
841,36.0
842,38.0
843,38.0
844,38.0
845,38.0
846,4.0
847,38.0
848,56.0
849,8.0
850,38.0
851,20.0
852,38.0
853,12.0
854,38.0
855,4.0
856,38.0
857,8.0
858,0.0
859,38.0
860,38.0
861,38.0
862,0.0
863,38.0
864,38.0
865,38.0
866,20.0
867,12.0
868,38.0
869,38.0
870,38.0
871,38.0
872,16.0
873,12.0
874,38.0
875,38.0
876,4.0
877,38.0
878,24.0
879,36.0
880,38.0
881,38.0
882,0.0
883,24.0
884,8.0
885,38.0
886,32.0
887,0.0
888,28.0
889,8.0
890,38.0
891,38.0
892,38.0
893,38.0
894,38.0
895,38.0
896,12.0
897,38.0
898,28.0
899,12.0
900,8.0
901,38.0
902,38.0
903,20.0
904,38.0
905,0.0
906,38.0
907,38.0
908,8.0
909,28.0
910,12.0
911,0.0
912,16.0
913,38.0
914,0.0
915,38.0
916,38.0
917,12.0
918,0.0
919,38.0
920,12.0
921,38.0
922,16.0
923,0.0
924,44.0
925,8.0
926,38.0
927,38.0
928,4.0
929,38.0
930,12.0
931,28.0
932,38.0
933,38.0
934,20.0
935,44.0
936,38.0
937,12.0
938,38.0
939,44.0
940,38.0
941,0.0
942,16.0
943,38.0
944,4.0
945,8.0
946,38.0
947,20.0
948,38.0
949,24.0
950,4.0
951,38.0
952,38.0
953,8.0
954,38.0
955,38.0
956,38.0
957,16.0
958,38.0
959,38.0
960,38.0
961,38.0
962,38.0
963,56.0
964,8.0
965,24.0
966,24.0
967,38.0
968,24.0
969,38.0
970,32.0
971,38.0
972,8.0
973,48.0
974,38.0
975,38.0
976,28.0
977,0.0
978,24.0
979,38.0
980,38.0
981,24.0
982,38.0
983,38.0
984,38.0
985,38.0
986,16.0
987,16.0
988,8.0
989,38.0
990,20.0
991,24.0
992,38.0
993,38.0
994,38.0
995,20.0
996,38.0
997,24.0
998,8.0
999,8.0
1000,38.0
1001,20.0
1002,38.0
1003,8.0
1004,38.0
1005,38.0
1006,38.0
1007,38.0
1008,38.0
1009,4.0
1010,4.0
1011,12.0
1012,28.0
1013,4.0
1014,8.0
1015,38.0
1016,38.0
1017,12.0
1018,32.0
1019,12.0
1020,12.0
1021,38.0
1022,38.0
1023,38.0
1024,24.0
1025,4.0
1026,38.0
1027,38.0
1028,38.0
1029,38.0
1030,38.0
1031,12.0
1032,38.0
1033,38.0
1034,12.0
1035,38.0
1036,4.0
1037,38.0
1038,44.0
1039,24.0
1040,38.0
1041,38.0
1042,38.0
1043,38.0
1044,20.0
1045,40.0
1046,38.0
1047,38.0
1048,24.0
1049,38.0
1050,38.0
1051,28.0
1052,8.0
1053,0.0
1054,38.0
1055,38.0
1056,38.0
1057,38.0
1058,16.0
1059,38.0
1060,12.0
1061,38.0
1062,38.0
1063,12.0
1064,28.0
1065,38.0
1066,38.0
1067,38.0
1068,38.0
1069,38.0
1070,38.0
1071,12.0
1072,38.0
1073,16.0
1074,4.0
1075,38.0
1076,38.0
1077,38.0
1078,4.0
1079,38.0
1080,38.0
1081,24.0
1082,38.0
1083,32.0
1084,38.0
1085,0.0
1086,16.0
1087,38.0
1088,8.0
1089,38.0
1090,20.0
1091,38.0
1092,38.0
1093,4.0
1094,8.0
1095,38.0
1096,38.0
1097,38.0
1098,38.0
1099,28.0
1100,16.0
1101,28.0
1102,38.0
1103,38.0
1104,38.0
1105,38.0
1106,38.0
1107,38.0
1108,38.0
1109,38.0
1110,20.0
1111,20.0
1112,38.0
1113,38.0
1114,20.0
1115,38.0
1116,38.0
1117,38.0
1118,38.0
1119,32.0
1120,8.0
1121,0.0
1122,0.0
1123,38.0
1124,8.0
1125,38.0
1126,16.0
1127,38.0
1128,4.0
1129,38.0
1130,8.0
1131,36.0
1132,8.0
1133,36.0
1134,12.0
1135,0.0
1136,12.0
1137,38.0
1138,38.0
1139,4.0
1140,38.0
1141,38.0
1142,38.0
1143,38.0
1144,38.0
1145,38.0
1146,38.0
1147,38.0
1148,38.0
1149,12.0
1150,38.0
1151,20.0
1152,16.0
1153,28.0
1154,0.0
1155,38.0
1156,38.0
1157,8.0
1158,38.0
1159,38.0
1160,38.0
1161,38.0
1162,16.0
1163,20.0
1164,38.0
1165,38.0
1166,38.0
1167,8.0
1168,38.0
1169,12.0
1170,38.0
1171,38.0
1172,12.0
1173,38.0
1174,38.0
1175,38.0
1176,38.0
1177,38.0
1178,38.0
1179,20.0
1180,38.0
1181,38.0
1182,38.0
1183,38.0
1184,38.0
1185,16.0
1186,20.0
1187,16.0
1188,38.0
1189,12.0
1190,38.0
1191,16.0
1192,38.0
1193,38.0
1194,16.0
1195,12.0
1196,24.0
1197,38.0
1198,4.0
1199,4.0
1200,38.0
1201,20.0
1202,8.0
1203,38.0
1204,38.0
1205,38.0
1206,28.0
1207,38.0
1208,4.0
1209,38.0
1210,38.0
1211,38.0
1212,38.0
1213,38.0
1214,38.0
1215,24.0
1216,38.0
1217,38.0
1218,38.0
1219,8.0
1220,38.0
1221,38.0
1222,38.0
1223,38.0
1224,0.0
1225,38.0
1226,0.0
1227,38.0
1228,0.0
1229,12.0
1230,0.0
1231,38.0
1232,8.0
1233,4.0
1234,38.0
1235,4.0
1236,38.0
1237,38.0
1238,38.0
1239,4.0
1240,38.0
1241,4.0
1242,38.0
1243,4.0
1244,38.0
1245,0.0
1246,44.0
1247,4.0
1248,0.0
1249,12.0
1250,0.0
1251,12.0
1252,38.0
1253,38.0
1254,12.0
1255,38.0
1256,38.0
1257,8.0
1258,20.0
1259,38.0
1260,38.0
1261,8.0
1262,38.0
1263,38.0
1264,38.0
1265,12.0
1266,0.0
1267,38.0
1268,40.0
1269,38.0
1270,38.0
1271,38.0
1272,8.0
1273,12.0
1274,38.0
1275,38.0
1276,38.0
1277,28.0
1278,32.0
1279,38.0
1280,24.0
1281,0.0
1282,38.0
1283,44.0
1284,38.0
1285,38.0
1286,40.0
1287,38.0
1288,40.0
1289,4.0
1290,64.0
1291,38.0
1292,4.0
1293,38.0
1294,38.0
1295,38.0
1296,38.0
1297,32.0
1298,4.0
1299,38.0
1300,38.0
1301,38.0
1302,20.0
1303,38.0
1304,24.0
1305,44.0
1306,38.0
1307,38.0
1308,38.0
1309,38.0
1310,8.0
1311,38.0
1312,38.0
1313,28.0
1314,38.0
1315,38.0
1316,38.0
1317,38.0
1318,12.0
1319,0.0
1320,38.0
1321,36.0
1322,38.0
1323,38.0
1324,0.0
1325,38.0
1326,38.0
1327,38.0
1328,28.0
1329,38.0
1330,38.0
1331,24.0
1332,38.0
1333,38.0
1334,38.0
1335,38.0
1336,20.0
1337,38.0
1338,38.0
1339,48.0
1340,28.0
1341,28.0
1342,38.0
1343,4.0
1344,32.0
1345,38.0
1346,24.0
1347,12.0
1348,4.0
1349,38.0
1350,68.0
1351,38.0
1352,38.0
1353,38.0
1354,38.0
1355,16.0
1356,8.0
1357,4.0
1358,16.0
1359,38.0
1360,38.0
1361,12.0
1362,38.0
1363,24.0
1364,38.0
1365,38.0
1366,38.0
1367,16.0
1368,38.0
1369,38.0
1370,4.0
1371,24.0
1372,38.0
1373,38.0
1374,36.0
1375,38.0
1376,108.0
1377,38.0
1378,38.0
1379,38.0
1380,38.0
1381,24.0
1382,4.0
1383,38.0
1384,8.0
1385,38.0
1386,38.0
1387,28.0
1388,38.0
1389,38.0
1390,38.0
1391,38.0
1392,0.0
1393,8.0
1394,28.0
1395,0.0
1396,38.0
1397,44.0
1398,38.0
1399,38.0
1400,38.0
1401,38.0
1402,36.0
1403,8.0
1404,48.0
1405,38.0
1406,38.0
1407,32.0
1408,24.0
1409,20.0
1410,0.0
1411,38.0
1412,38.0
1413,38.0
1414,38.0
1415,38.0
1416,38.0
1417,38.0
1418,38.0
1419,38.0
1420,12.0
1421,0.0
1422,28.0
1423,28.0
1424,0.0
1425,16.0
1426,20.0
1427,0.0
1428,20.0
1429,12.0
1430,38.0
1431,38.0
1432,28.0
1433,38.0
1434,38.0
1435,4.0
1436,38.0
1437,4.0
1438,0.0
1439,38.0
1440,24.0
1441,38.0
1442,12.0
1443,38.0
1444,38.0
1445,38.0
1446,38.0
1447,4.0
1448,38.0
1449,38.0
1450,0.0
1451,38.0
1452,38.0
1453,38.0
1454,38.0
1455,16.0
1456,38.0
1457,38.0
1458,38.0
1459,4.0
1460,4.0
1461,38.0
1462,12.0
1463,8.0
1464,38.0
1465,0.0
1466,38.0
1467,38.0
1468,38.0
1469,38.0
1470,38.0
1471,4.0
1472,0.0
1473,38.0
1474,44.0
1475,38.0
1476,28.0
1477,38.0
1478,38.0
1479,38.0
1480,8.0
1481,20.0
1482,38.0
1483,38.0
1484,32.0
1485,38.0
1486,0.0
1487,38.0
1488,38.0
1489,38.0
1490,38.0
1491,0.0
1492,38.0
1493,48.0
1494,38.0
1495,38.0
1496,38.0
1497,38.0
1498,8.0
1499,38.0
1500,38.0
1501,24.0
1502,0.0
1503,38.0
1504,12.0
1505,38.0
1506,16.0
1507,38.0
1508,38.0
1509,16.0
1510,36.0
1511,0.0
1512,38.0
1513,0.0
1514,38.0
1515,38.0
1516,28.0
1517,38.0
1518,0.0
1519,0.0
1520,8.0
1521,0.0
1522,38.0
1523,38.0
1524,24.0
1525,38.0
1526,38.0
1527,38.0
1528,32.0
1529,16.0
1530,38.0
1531,4.0
1532,0.0
1533,38.0
1534,20.0
1535,38.0
1536,32.0
1537,4.0
1538,4.0
1539,24.0
1540,4.0
1541,8.0
1542,38.0
1543,0.0
1544,4.0
1545,38.0
1546,8.0
1547,38.0
1548,0.0
1549,38.0
1550,38.0
1551,38.0
1552,76.0
1553,36.0
1554,24.0
1555,38.0
1556,38.0
1557,38.0
1558,38.0
1559,12.0
1560,38.0
1561,38.0
1562,16.0
1563,38.0
1564,38.0
1565,38.0
1566,24.0
1567,38.0
1568,28.0
1569,44.0
1570,38.0
1571,38.0
1572,32.0
1573,38.0
1574,38.0
1575,0.0
1576,38.0
1577,32.0
1578,38.0
1579,38.0
1580,24.0
1581,38.0
1582,24.0
1583,38.0
1584,44.0
1585,38.0
1586,4.0
1587,20.0
1588,38.0
1589,38.0
1590,8.0
1591,38.0
1592,38.0
1593,38.0
1594,32.0
1595,28.0
1596,4.0
1597,16.0
1598,38.0
1599,38.0
1600,38.0
1601,0.0
1602,4.0
1603,38.0
1604,38.0
1605,38.0
1606,8.0
1607,16.0
1608,38.0
1609,38.0
1610,38.0
1611,38.0
1612,48.0
1613,38.0
1614,38.0
1615,38.0
1616,38.0
1617,12.0
1618,38.0
1619,24.0
1620,16.0
1621,12.0
1622,8.0
1623,38.0
1624,0.0
1625,20.0
1626,38.0
1627,38.0
1628,16.0
1629,38.0
1630,38.0
1631,38.0
1632,24.0
1633,8.0
1634,38.0
1635,36.0
1636,8.0
1637,20.0
1638,38.0
1639,38.0
1640,38.0
1641,38.0
1642,38.0
1643,4.0
1644,38.0
1645,38.0
1646,38.0
1647,4.0
1648,32.0
1649,38.0
1650,48.0
1651,38.0
1652,38.0
1653,38.0
1654,38.0
1655,38.0
1656,38.0
1657,38.0
1658,38.0
1659,44.0
1660,4.0
1661,38.0
1662,12.0
1663,38.0
1664,20.0
1665,38.0
1666,4.0
1667,24.0
1668,0.0
1669,0.0
1670,16.0
1671,4.0
1672,38.0
1673,16.0
1674,8.0
1675,38.0
1676,24.0
1677,4.0
1678,0.0
1679,38.0
1680,32.0
1681,32.0
1682,44.0
1683,24.0
1684,38.0
1685,38.0
1686,12.0
1687,8.0
1688,38.0
1689,12.0
1690,4.0
1691,38.0
1692,24.0
1693,38.0
1694,16.0
1695,38.0
1696,0.0
1697,0.0
1698,8.0
1699,4.0
1700,12.0
1701,38.0
1702,20.0
1703,38.0
1704,0.0
1705,38.0
1706,0.0
1707,0.0
1708,38.0
1709,38.0
1710,38.0
1711,28.0
1712,38.0
1713,8.0
1714,16.0
1715,38.0
1716,38.0
1717,38.0
1718,36.0
1719,20.0
1720,0.0
1721,32.0
1722,12.0
1723,38.0
1724,38.0
1725,32.0
1726,8.0
1727,4.0
1728,38.0
1729,38.0
1730,8.0
1731,8.0
1732,16.0
1733,38.0
1734,38.0
1735,20.0
1736,38.0
1737,38.0
1738,38.0
1739,38.0
1740,12.0
1741,38.0
1742,38.0
1743,38.0
1744,38.0
1745,8.0
1746,8.0
1747,38.0
1748,38.0
1749,8.0
1750,38.0
1751,38.0
1752,38.0
1753,8.0
1754,38.0
1755,12.0
1756,0.0
1757,4.0
1758,32.0
1759,38.0
1760,38.0
1761,38.0
1762,4.0
1763,0.0
1764,0.0
1765,38.0
1766,38.0
1767,28.0
1768,38.0
1769,38.0
1770,32.0
1771,44.0
1772,38.0
1773,38.0
1774,38.0
1775,38.0
1776,0.0
1777,20.0
1778,32.0
1779,36.0
1780,38.0
1781,12.0
1782,8.0
1783,0.0
1784,38.0
1785,38.0
1786,16.0
1787,38.0
1788,38.0
1789,38.0
1790,8.0
1791,0.0
1792,38.0
1793,48.0
1794,38.0
1795,38.0
1796,8.0
1797,38.0
1798,20.0
1799,40.0
1800,38.0
1801,38.0
1802,38.0
1803,38.0
1804,38.0
1805,0.0
1806,16.0
1807,38.0
1808,38.0
1809,38.0
1810,38.0
1811,8.0
1812,38.0
1813,38.0
1814,0.0
1815,38.0
1816,38.0
1817,38.0
1818,38.0
1819,38.0
1820,28.0
1821,8.0
1822,38.0
1823,38.0
1824,4.0
1825,8.0
1826,38.0
1827,38.0
1828,38.0
1829,38.0
1830,38.0
1831,38.0
1832,38.0
1833,16.0
1834,38.0
1835,16.0
1836,44.0
1837,38.0
1838,38.0
1839,38.0
1840,38.0
1841,20.0
1842,12.0
1843,0.0
1844,38.0
1845,28.0
1846,38.0
1847,40.0
1848,38.0
1849,8.0
1850,38.0
1851,38.0
1852,20.0
1853,38.0
1854,0.0
1855,28.0
1856,38.0
1857,38.0
1858,16.0
1859,38.0
1860,12.0
1861,38.0
1862,24.0
1863,20.0
1864,38.0
1865,38.0
1866,38.0
1867,0.0
1868,0.0
1869,38.0
1870,8.0
1871,38.0
1872,12.0
1873,24.0
1874,36.0
1875,38.0
1876,38.0
1877,28.0
1878,4.0
1879,38.0
1880,38.0
1881,20.0
1882,40.0
1883,38.0
1884,38.0
1885,38.0
1886,0.0
1887,38.0
1888,0.0
1889,16.0
1890,38.0
1891,20.0
1892,38.0
1893,16.0
1894,48.0
1895,38.0
1896,38.0
1897,36.0
1898,38.0
1899,28.0
1900,36.0
1901,38.0
1902,56.0
1903,8.0
1904,38.0
1905,38.0
1906,38.0
1907,0.0
1908,28.0
1909,12.0
1910,28.0
1911,38.0
1912,38.0
1913,38.0
1914,4.0
1915,38.0
1916,38.0
1917,38.0
1918,0.0
1919,38.0
1920,38.0
1921,4.0
1922,38.0
1923,24.0
1924,38.0
1925,0.0
1926,38.0
1927,0.0
1928,38.0
1929,38.0
1930,8.0
1931,4.0
1932,38.0
1933,0.0
1934,8.0
1935,38.0
1936,38.0
1937,16.0
1938,32.0
1939,8.0
1940,32.0
1941,38.0
1942,38.0
1943,38.0
1944,38.0
1945,38.0
1946,38.0
1947,8.0
1948,24.0
1949,0.0
1950,38.0
1951,20.0
1952,20.0
1953,24.0
1954,38.0
1955,20.0
1956,38.0
1957,38.0
1958,0.0
1959,20.0
1960,32.0
1961,16.0
1962,12.0
1963,12.0
1964,0.0
1965,0.0
1966,4.0
1967,38.0
1968,38.0
1969,38.0
1970,38.0
1971,38.0
1972,38.0
1973,24.0
1974,38.0
1975,0.0
1976,38.0
1977,24.0
1978,4.0
1979,0.0
1980,4.0
1981,38.0
1982,20.0
1983,38.0
1984,20.0
1985,36.0
1986,38.0
1987,38.0
1988,44.0
1989,28.0
1990,38.0
1991,38.0
1992,38.0
1993,12.0
1994,0.0
1995,38.0
1996,38.0
1997,38.0
1998,64.0
1999,38.0
2000,24.0
2001,8.0
2002,4.0
2003,38.0
2004,4.0
2005,38.0
2006,38.0
2007,38.0
2008,0.0
2009,16.0
2010,38.0
2011,38.0
2012,0.0
2013,0.0
2014,4.0
2015,44.0
2016,12.0
2017,12.0
2018,38.0
2019,64.0
2020,38.0
2021,38.0
2022,38.0
2023,0.0
2024,38.0
2025,38.0
2026,8.0
2027,38.0
2028,38.0
2029,36.0
2030,44.0
2031,36.0
2032,0.0
2033,38.0
2034,12.0
2035,38.0
2036,20.0
2037,0.0
2038,20.0
2039,38.0
2040,48.0
2041,40.0
2042,16.0
2043,36.0
2044,8.0
2045,20.0
2046,8.0
2047,12.0
2048,38.0
2049,20.0
2050,38.0
2051,0.0
2052,38.0
2053,38.0
2054,38.0
2055,4.0
2056,38.0
2057,12.0
2058,38.0
2059,38.0
2060,38.0
2061,0.0
2062,8.0
2063,38.0
2064,38.0
2065,38.0
2066,0.0
2067,38.0
2068,38.0
2069,4.0
2070,8.0
2071,38.0
2072,20.0
2073,0.0
2074,38.0
2075,38.0
2076,38.0
2077,4.0
2078,12.0
2079,28.0
2080,64.0
2081,38.0
2082,38.0
2083,40.0
2084,52.0
2085,38.0
2086,8.0
2087,8.0
2088,8.0
2089,38.0
2090,8.0
2091,8.0
2092,20.0
2093,38.0
2094,24.0
2095,92.0
2096,0.0
2097,38.0
2098,28.0
2099,16.0
2100,12.0
2101,38.0
2102,38.0
2103,12.0
2104,52.0
2105,20.0
2106,12.0
2107,16.0
2108,38.0
2109,38.0
2110,38.0
2111,38.0
2112,4.0
2113,32.0
2114,38.0
2115,20.0
2116,40.0
2117,38.0
2118,38.0
2119,38.0
2120,38.0
2121,20.0
2122,12.0
2123,38.0
2124,38.0
2125,38.0
2126,38.0
2127,38.0
2128,4.0
2129,4.0
2130,20.0
2131,38.0
2132,38.0
2133,40.0
2134,64.0
2135,0.0
2136,32.0
2137,38.0
2138,38.0
2139,20.0
2140,24.0
2141,8.0
2142,38.0
2143,4.0
2144,38.0
2145,16.0
2146,38.0
2147,38.0
2148,52.0
2149,0.0
2150,38.0
2151,38.0
2152,38.0
2153,38.0
2154,38.0
2155,38.0
2156,28.0
2157,32.0
2158,4.0
2159,38.0
2160,32.0
2161,38.0
2162,38.0
2163,4.0
2164,38.0
2165,36.0
2166,38.0
2167,38.0
2168,40.0
2169,38.0
2170,36.0
2171,38.0
2172,38.0
2173,38.0
2174,38.0
2175,56.0
2176,68.0
2177,38.0
2178,38.0
2179,38.0
2180,8.0
2181,38.0
2182,36.0
2183,38.0
2184,80.0
2185,12.0
2186,24.0
2187,38.0
2188,28.0
2189,20.0
2190,0.0
2191,24.0
2192,38.0
2193,38.0
2194,38.0
2195,38.0
2196,48.0
2197,38.0
2198,38.0
2199,38.0
2200,38.0
2201,38.0
2202,38.0
2203,38.0
2204,28.0
2205,38.0
2206,4.0
2207,38.0
2208,4.0
2209,38.0
2210,72.0
2211,38.0
2212,20.0
2213,0.0
2214,28.0
2215,8.0
2216,4.0
2217,38.0
2218,38.0
2219,20.0
2220,38.0
2221,38.0
2222,38.0
2223,38.0
2224,38.0
2225,38.0
2226,16.0
2227,24.0
2228,38.0
2229,24.0
2230,28.0
2231,38.0
2232,16.0
2233,8.0
2234,38.0
2235,24.0
2236,4.0
2237,38.0
2238,38.0
2239,4.0
2240,38.0
2241,0.0
2242,16.0
2243,38.0
2244,38.0
2245,38.0
2246,4.0
2247,38.0
2248,44.0
2249,38.0
2250,38.0
2251,48.0
2252,38.0
2253,38.0
2254,38.0
2255,8.0
2256,38.0
2257,4.0
2258,38.0
2259,20.0
2260,12.0
2261,38.0
2262,38.0
2263,8.0
2264,38.0
2265,32.0
2266,28.0
2267,38.0
2268,32.0
2269,24.0
2270,24.0
2271,38.0
2272,24.0
2273,38.0
2274,38.0
2275,38.0
2276,4.0
2277,38.0
2278,38.0
2279,8.0
2280,38.0
2281,24.0
2282,38.0
2283,16.0
2284,38.0
2285,0.0
2286,38.0
2287,38.0
2288,12.0
2289,64.0
2290,16.0
2291,38.0
2292,8.0
2293,38.0
2294,38.0
2295,38.0
2296,38.0
2297,8.0
2298,38.0
2299,38.0
2300,38.0
2301,38.0
2302,38.0
2303,38.0
2304,24.0
2305,38.0
2306,38.0
2307,38.0
2308,28.0
2309,38.0
2310,38.0
2311,38.0
2312,38.0
2313,8.0
2314,38.0
2315,24.0
2316,38.0
2317,4.0
2318,38.0
2319,40.0
2320,38.0
2321,38.0
2322,38.0
2323,38.0
2324,38.0
2325,38.0
2326,38.0
2327,38.0
2328,38.0
2329,60.0
2330,20.0
2331,38.0
2332,38.0
2333,38.0
2334,38.0
2335,72.0
2336,38.0
2337,38.0
2338,38.0
2339,38.0
2340,28.0
2341,38.0
2342,38.0
2343,38.0
2344,38.0
2345,38.0
2346,32.0
2347,38.0
2348,38.0
2349,20.0
2350,38.0
2351,38.0
2352,38.0
2353,38.0
2354,38.0
2355,38.0
2356,38.0
2357,8.0
2358,4.0
2359,16.0
2360,38.0
2361,24.0
2362,38.0
2363,20.0
2364,38.0
2365,38.0
2366,38.0
2367,38.0
2368,38.0
2369,38.0
2370,38.0
2371,38.0
2372,16.0
2373,38.0
2374,38.0
2375,38.0
2376,38.0
2377,38.0
2378,38.0
2379,38.0
2380,44.0
2381,38.0
2382,38.0
2383,38.0
2384,38.0
2385,38.0
2386,32.0
2387,38.0
2388,38.0
2389,38.0
2390,38.0
2391,38.0
2392,38.0
2393,38.0
2394,36.0
2395,38.0
2396,38.0
2397,212.0
2398,16.0
2399,38.0
2400,0.0
2401,38.0
2402,38.0
2403,38.0
2404,24.0
2405,38.0
2406,28.0
2407,38.0
2408,38.0
2409,16.0
2410,38.0
2411,38.0
2412,38.0
2413,38.0
2414,38.0
2415,38.0
2416,12.0
2417,38.0
2418,38.0
2419,38.0
2420,38.0
2421,38.0
2422,38.0
2423,38.0
2424,38.0
2425,38.0
2426,38.0
2427,38.0
2428,38.0
2429,4.0
2430,38.0
2431,38.0
2432,72.0
2433,38.0
2434,38.0
2435,38.0
2436,20.0
2437,38.0
2438,36.0
2439,20.0
2440,38.0
2441,38.0
2442,38.0
2443,38.0
2444,38.0
2445,38.0
2446,20.0
2447,38.0
2448,38.0
2449,38.0
2450,38.0
2451,38.0
2452,38.0
2453,38.0
2454,38.0
2455,38.0
2456,38.0
2457,38.0
2458,38.0
2459,38.0
2460,38.0
2461,38.0
2462,38.0
2463,38.0
2464,60.0
2465,38.0
2466,38.0
2467,38.0
2468,38.0
2469,0.0
2470,20.0
2471,38.0
2472,38.0
2473,38.0
2474,38.0
2475,38.0
2476,38.0
2477,0.0
2478,38.0
2479,38.0
2480,38.0
2481,38.0
2482,20.0
2483,38.0
2484,38.0
2485,38.0
2486,38.0
2487,38.0
2488,38.0
2489,4.0
2490,20.0
2491,38.0
2492,38.0
2493,40.0
2494,38.0
2495,0.0
2496,38.0
2497,38.0
2498,38.0
2499,38.0
2500,38.0
2501,38.0
2502,38.0
2503,38.0
2504,38.0
2505,38.0
2506,38.0
2507,38.0
2508,38.0
2509,38.0
2510,38.0
2511,28.0
2512,38.0
2513,38.0
2514,38.0
2515,0.0
2516,38.0
2517,38.0
2518,38.0
2519,38.0
2520,8.0
2521,28.0
2522,38.0
2523,38.0
2524,38.0
2525,38.0
2526,38.0
2527,38.0
2528,38.0
2529,24.0
2530,38.0
2531,38.0
2532,38.0
2533,38.0
2534,38.0
2535,0.0
2536,8.0
2537,38.0
2538,38.0
2539,38.0
2540,36.0
2541,24.0
2542,52.0
2543,38.0
2544,38.0
2545,0.0
2546,38.0
2547,38.0
2548,28.0
2549,38.0
2550,16.0
2551,38.0
2552,16.0
2553,8.0
2554,38.0
2555,38.0
2556,38.0
2557,24.0
2558,80.0
2559,8.0
2560,38.0
2561,38.0
2562,38.0
2563,38.0
2564,4.0
2565,38.0
2566,38.0
2567,32.0
2568,38.0
2569,38.0
2570,38.0
2571,38.0
2572,38.0
2573,28.0
2574,38.0
2575,38.0
2576,38.0
2577,38.0
2578,38.0
2579,38.0
2580,38.0
2581,38.0
2582,40.0
2583,4.0
2584,8.0
2585,38.0
2586,38.0
2587,38.0
2588,4.0
2589,24.0
2590,38.0
2591,38.0
2592,28.0
2593,96.0
2594,38.0
2595,64.0
2596,38.0
2597,38.0
2598,38.0
2599,38.0
2600,38.0
2601,38.0
2602,38.0
2603,38.0
2604,20.0
2605,38.0
2606,38.0
2607,38.0
2608,38.0
2609,38.0
2610,8.0
2611,38.0
2612,38.0
2613,38.0
2614,38.0
2615,38.0
2616,4.0
2617,38.0
2618,38.0
2619,38.0
2620,40.0
2621,38.0
2622,38.0
2623,38.0
2624,38.0
2625,44.0
2626,38.0
2627,38.0
2628,38.0
2629,38.0
2630,38.0
2631,38.0
2632,38.0
2633,38.0
2634,38.0
2635,38.0
2636,38.0
2637,38.0
2638,38.0
2639,38.0
2640,38.0
2641,38.0
2642,20.0
2643,38.0
2644,38.0
2645,38.0
2646,38.0
2647,38.0
2648,38.0
2649,38.0
2650,38.0
2651,38.0
2652,38.0
2653,38.0
2654,28.0
2655,38.0
2656,38.0
2657,8.0
2658,38.0
2659,40.0
2660,38.0
2661,38.0
2662,38.0
2663,38.0
2664,38.0
2665,38.0
2666,38.0
2667,38.0
2668,38.0
2669,0.0
2670,38.0
2671,38.0
2672,38.0
2673,38.0
2674,38.0
2675,38.0
2676,38.0
2677,38.0
2678,38.0
2679,38.0
2680,64.0
2681,38.0
2682,38.0
2683,38.0
2684,38.0
2685,38.0
2686,38.0
2687,38.0
2688,38.0
2689,38.0
2690,38.0
2691,38.0
2692,38.0
2693,38.0
2694,38.0
2695,38.0
2696,38.0
2697,38.0
2698,38.0
2699,38.0
2700,20.0
2701,38.0
2702,38.0
2703,38.0
2704,38.0
2705,38.0
2706,38.0
2707,38.0
2708,38.0
2709,38.0
2710,38.0
2711,38.0
2712,38.0
2713,38.0
2714,38.0
2715,38.0
2716,38.0
2717,38.0
2718,38.0
2719,38.0
2720,38.0
2721,38.0
2722,38.0
2723,38.0
2724,38.0
2725,38.0
2726,38.0
2727,38.0
2728,38.0
2729,38.0
2730,38.0
2731,38.0
2732,8.0
2733,38.0
2734,38.0
2735,38.0
2736,38.0
2737,38.0
2738,38.0
2739,38.0
2740,38.0
2741,38.0
2742,38.0
2743,38.0
2744,38.0
2745,38.0
2746,38.0
2747,38.0
