0,32.0
1,38.0
2,38.0
3,38.0
4,38.0
5,38.0
6,38.0
7,38.0
8,38.0
9,38.0
10,24.0
11,38.0
12,38.0
13,38.0
14,38.0
15,28.0
16,38.0
17,38.0
18,72.0
19,0.0
20,38.0
21,38.0
22,12.0
23,20.0
24,12.0
25,8.0
26,38.0
27,38.0
28,12.0
29,38.0
30,0.0
31,38.0
32,38.0
33,38.0
34,38.0
35,38.0
36,38.0
37,24.0
38,48.0
39,38.0
40,8.0
41,20.0
42,38.0
43,38.0
44,16.0
45,24.0
46,16.0
47,38.0
48,38.0
49,4.0
50,38.0
51,38.0
52,38.0
53,38.0
54,38.0
55,38.0
56,38.0
57,38.0
58,16.0
59,12.0
60,38.0
61,38.0
62,0.0
63,20.0
64,38.0
65,4.0
66,38.0
67,20.0
68,38.0
69,0.0
70,28.0
71,38.0
72,16.0
73,38.0
74,38.0
75,12.0
76,38.0
77,44.0
78,4.0
79,16.0
80,38.0
81,38.0
82,38.0
83,38.0
84,38.0
85,0.0
86,38.0
87,38.0
88,38.0
89,38.0
90,38.0
91,38.0
92,38.0
93,38.0
94,38.0
95,38.0
96,36.0
97,38.0
98,0.0
99,24.0
100,38.0
101,38.0
102,38.0
103,0.0
104,16.0
105,8.0
106,38.0
107,38.0
108,38.0
109,20.0
110,0.0
111,8.0
112,38.0
113,38.0
114,20.0
115,38.0
116,38.0
117,8.0
118,38.0
119,16.0
120,38.0
121,28.0
122,8.0
123,38.0
124,38.0
125,12.0
126,20.0
127,8.0
128,38.0
129,8.0
130,28.0
131,38.0
132,44.0
133,38.0
134,38.0
135,38.0
136,38.0
137,38.0
138,38.0
139,12.0
140,12.0
141,32.0
142,28.0
143,0.0
144,32.0
145,4.0
146,38.0
147,24.0
148,38.0
149,38.0
150,38.0
151,38.0
152,44.0
153,38.0
154,4.0
155,56.0
156,38.0
157,38.0
158,38.0
159,38.0
160,38.0
161,38.0
162,4.0
163,38.0
164,8.0
165,38.0
166,38.0
167,38.0
168,8.0
169,38.0
170,38.0
171,38.0
172,38.0
173,16.0
174,4.0
175,4.0
176,0.0
177,12.0
178,38.0
179,38.0
180,16.0
181,4.0
182,38.0
183,0.0
184,38.0
185,38.0
186,38.0
187,16.0
188,60.0
189,38.0
190,28.0
191,38.0
192,0.0
193,28.0
194,12.0
195,8.0
196,38.0
197,28.0
198,4.0
199,0.0
200,4.0
201,38.0
202,38.0
203,38.0
204,38.0
205,38.0
206,38.0
207,38.0
208,38.0
209,16.0
210,38.0
211,24.0
212,38.0
213,38.0
214,38.0
215,32.0
216,28.0
217,32.0
218,38.0
219,38.0
220,38.0
221,38.0
222,38.0
223,0.0
224,38.0
225,4.0
226,38.0
227,32.0
228,38.0
229,24.0
230,38.0
231,32.0
232,4.0
233,38.0
234,38.0
235,4.0
236,38.0
237,38.0
238,12.0
239,38.0
240,38.0
241,38.0
242,38.0
243,38.0
244,38.0
245,38.0
246,38.0
247,38.0
248,38.0
249,16.0
250,38.0
251,38.0
252,38.0
253,38.0
254,12.0
255,4.0
256,4.0
257,28.0
258,38.0
259,12.0
260,38.0
261,38.0
262,4.0
263,20.0
264,38.0
265,56.0
266,38.0
267,38.0
268,38.0
269,38.0
270,38.0
271,38.0
272,38.0
273,38.0
274,20.0
275,12.0
276,16.0
277,38.0
278,4.0
279,16.0
280,38.0
281,38.0
282,12.0
283,28.0
284,38.0
285,38.0
286,44.0
287,12.0
288,38.0
289,38.0
290,24.0
291,12.0
292,36.0
293,38.0
294,38.0
295,0.0
296,38.0
297,38.0
298,16.0
299,4.0
300,38.0
301,0.0
302,38.0
303,38.0
304,38.0
305,38.0
306,16.0
307,38.0
308,38.0
309,38.0
310,20.0
311,38.0
312,12.0
313,38.0
314,12.0
315,38.0
316,8.0
317,8.0
318,38.0
319,12.0
320,4.0
321,16.0
322,38.0
323,38.0
324,38.0
325,38.0
326,38.0
327,38.0
328,0.0
329,38.0
330,38.0
331,52.0
332,38.0
333,38.0
334,38.0
335,38.0
336,0.0
337,38.0
338,38.0
339,38.0
340,16.0
341,8.0
342,38.0
343,38.0
344,38.0
345,38.0
346,38.0
347,38.0
348,38.0
349,38.0
350,38.0
351,38.0
352,38.0
353,4.0
354,0.0
355,38.0
356,0.0
357,24.0
358,38.0
359,38.0
360,38.0
361,38.0
362,36.0
363,38.0
364,38.0
365,8.0
366,38.0
367,38.0
368,0.0
369,38.0
370,38.0
371,16.0
372,38.0
373,8.0
374,38.0
375,38.0
376,38.0
377,38.0
378,38.0
379,38.0
380,38.0
381,0.0
382,38.0
383,38.0
384,38.0
385,8.0
386,4.0
387,38.0
388,40.0
389,0.0
390,38.0
391,16.0
392,4.0
393,38.0
394,38.0
395,8.0
396,8.0
397,8.0
398,0.0
399,38.0
400,38.0
401,38.0
402,38.0
403,4.0
404,38.0
405,24.0
406,38.0
407,38.0
408,8.0
409,12.0
410,38.0
411,0.0
412,12.0
413,12.0
414,38.0
415,38.0
416,38.0
417,38.0
418,40.0
419,38.0
420,12.0
421,38.0
422,38.0
423,38.0
424,0.0
425,4.0
426,8.0
427,12.0
428,28.0
429,16.0
430,38.0
431,38.0
432,28.0
433,38.0
434,38.0
435,38.0
436,38.0
437,38.0
438,12.0
439,38.0
440,38.0
441,38.0
442,38.0
443,12.0
444,38.0
445,0.0
446,24.0
447,60.0
448,96.0
449,128.0
450,144.0
451,124.0
452,68.0
453,38.0
454,38.0
455,38.0
456,16.0
457,38.0
458,38.0
459,38.0
460,8.0
461,38.0
462,38.0
463,38.0
464,38.0
465,38.0
466,38.0
467,4.0
468,38.0
469,38.0
470,38.0
471,38.0
472,38.0
473,52.0
474,0.0
475,38.0
476,38.0
477,38.0
478,8.0
479,38.0
480,38.0
481,38.0
482,4.0
483,38.0
484,38.0
485,38.0
486,38.0
487,38.0
488,38.0
489,38.0
490,28.0
491,8.0
492,8.0
493,0.0
494,38.0
495,38.0
496,38.0
497,8.0
498,38.0
499,38.0
500,38.0
501,38.0
502,38.0
503,38.0
504,28.0
505,12.0
506,38.0
507,38.0
508,38.0
509,38.0
510,38.0
511,24.0
512,38.0
513,38.0
514,38.0
515,24.0
516,38.0
517,38.0
518,38.0
519,38.0
520,0.0
521,12.0
522,24.0
523,38.0
524,38.0
525,38.0
526,24.0
527,38.0
528,12.0
529,38.0
530,38.0
531,20.0
532,38.0
533,38.0
534,38.0
535,38.0
536,38.0
537,38.0
538,48.0
539,38.0
540,38.0
541,38.0
542,38.0
543,16.0
544,38.0
545,38.0
546,38.0
547,38.0
548,28.0
549,38.0
550,0.0
551,38.0
552,38.0
553,38.0
554,38.0
555,8.0
556,38.0
557,38.0
558,28.0
559,38.0
560,4.0
561,38.0
562,38.0
563,38.0
564,4.0
565,38.0
566,38.0
567,38.0
568,38.0
569,12.0
570,38.0
571,20.0
572,44.0
573,0.0
574,32.0
575,32.0
576,12.0
577,38.0
578,24.0
579,38.0
580,38.0
581,8.0
582,38.0
583,38.0
584,38.0
585,38.0
586,38.0
587,20.0
588,38.0
589,38.0
590,38.0
591,38.0
592,38.0
593,38.0
594,12.0
595,38.0
596,38.0
597,38.0
598,4.0
599,0.0
600,38.0
601,38.0
602,12.0
603,0.0
604,4.0
605,38.0
606,38.0
607,8.0
608,0.0
609,38.0
610,20.0
611,28.0
612,38.0
613,38.0
614,38.0
615,24.0
616,38.0
617,38.0
618,4.0
619,38.0
620,32.0
621,20.0
622,38.0
623,38.0
624,32.0
625,38.0
626,38.0
627,38.0
628,38.0
629,16.0
630,38.0
631,38.0
632,52.0
633,38.0
634,38.0
635,0.0
636,38.0
637,4.0
638,38.0
639,38.0
640,38.0
641,38.0
642,0.0
643,38.0
644,38.0
645,4.0
646,38.0
647,38.0
648,24.0
649,8.0
650,16.0
651,28.0
652,38.0
653,38.0
654,0.0
655,38.0
656,16.0
657,8.0
658,8.0
659,38.0
660,4.0
661,38.0
662,12.0
663,36.0
664,12.0
665,4.0
666,38.0
667,38.0
668,38.0
669,38.0
670,20.0
671,12.0
672,38.0
673,38.0
674,4.0
675,38.0
676,38.0
677,38.0
678,4.0
679,24.0
680,16.0
681,32.0
682,4.0
683,38.0
684,38.0
685,38.0
686,44.0
687,38.0
688,38.0
689,38.0
690,38.0
691,38.0
692,28.0
693,48.0
694,38.0
695,44.0
696,0.0
697,38.0
698,28.0
699,32.0
700,20.0
701,38.0
702,38.0
703,38.0
704,38.0
705,38.0
706,24.0
707,20.0
708,38.0
709,4.0
710,8.0
711,8.0
712,48.0
713,38.0
714,38.0
715,38.0
716,38.0
717,4.0
718,12.0
719,38.0
720,38.0
721,38.0
722,38.0
723,0.0
724,38.0
725,38.0
726,38.0
727,0.0
728,12.0
729,38.0
730,38.0
731,32.0
732,38.0
733,8.0
734,48.0
735,36.0
736,28.0
737,44.0
738,38.0
739,28.0
740,38.0
741,38.0
742,0.0
743,38.0
744,38.0
745,4.0
746,16.0
747,38.0
748,24.0
749,38.0
750,0.0
751,38.0
752,20.0
753,38.0
754,0.0
755,28.0
756,38.0
757,36.0
758,38.0
759,8.0
760,38.0
761,38.0
762,38.0
763,8.0
764,38.0
765,32.0
766,38.0
767,38.0
768,16.0
769,4.0
770,40.0
771,24.0
772,38.0
773,38.0
774,16.0
775,24.0
776,38.0
777,28.0
778,38.0
779,20.0
780,4.0
781,20.0
782,38.0
783,38.0
784,56.0
785,38.0
786,36.0
787,38.0
788,8.0
789,38.0
790,24.0
791,4.0
792,38.0
793,38.0
794,8.0
795,12.0
796,38.0
797,38.0
798,38.0
799,38.0
800,38.0
801,12.0
802,4.0
803,0.0
804,38.0
805,38.0
806,28.0
807,0.0
808,16.0
809,38.0
810,12.0
811,0.0
812,38.0
813,40.0
814,0.0
815,38.0
816,24.0
817,38.0
818,38.0
819,38.0
820,38.0
821,38.0
822,38.0
823,4.0
824,20.0
825,38.0
826,38.0
827,12.0
828,38.0
829,4.0
830,38.0
831,36.0
832,20.0
833,38.0
834,38.0
835,38.0
836,38.0
837,38.0
838,38.0
839,38.0
840,12.0
841,8.0
842,38.0
843,40.0
844,38.0
845,40.0
846,4.0
847,24.0
848,38.0
849,16.0
850,38.0
851,24.0
852,4.0
853,24.0
854,38.0
855,0.0
856,8.0
857,38.0
858,32.0
859,28.0
860,44.0
861,4.0
862,24.0
863,38.0
864,38.0
865,16.0
866,38.0
867,38.0
868,12.0
869,16.0
870,38.0
871,24.0
872,38.0
873,12.0
874,38.0
875,38.0
876,38.0
877,8.0
878,4.0
879,16.0
880,4.0
881,38.0
882,38.0
883,38.0
884,38.0
885,38.0
886,38.0
887,38.0
888,38.0
889,38.0
890,38.0
891,38.0
892,0.0
893,32.0
894,20.0
895,16.0
896,38.0
897,38.0
898,38.0
899,38.0
900,32.0
901,20.0
902,38.0
903,38.0
904,38.0
905,38.0
906,24.0
907,20.0
908,38.0
909,38.0
910,12.0
911,12.0
912,0.0
913,8.0
914,38.0
915,8.0
916,20.0
917,38.0
918,16.0
919,38.0
920,16.0
921,38.0
922,12.0
923,8.0
924,38.0
925,20.0
926,4.0
927,38.0
928,28.0
929,4.0
930,0.0
931,38.0
932,38.0
933,38.0
934,38.0
935,20.0
936,38.0
937,20.0
938,12.0
939,38.0
940,38.0
941,38.0
942,38.0
943,38.0
944,38.0
945,38.0
946,38.0
947,38.0
948,38.0
949,4.0
950,38.0
951,12.0
952,8.0
953,38.0
954,38.0
955,12.0
956,12.0
957,38.0
958,8.0
959,38.0
960,4.0
961,38.0
962,20.0
963,38.0
964,38.0
965,38.0
966,48.0
967,38.0
968,38.0
969,0.0
970,8.0
971,16.0
972,4.0
973,38.0
974,44.0
975,38.0
976,8.0
977,38.0
978,38.0
979,38.0
980,24.0
981,0.0
982,4.0
983,38.0
984,4.0
985,20.0
986,28.0
987,0.0
988,8.0
989,16.0
990,12.0
991,38.0
992,38.0
993,4.0
994,38.0
995,38.0
996,38.0
997,38.0
998,38.0
999,32.0
1000,38.0
1001,20.0
1002,28.0
1003,8.0
1004,38.0
1005,32.0
1006,38.0
1007,38.0
1008,52.0
1009,12.0
1010,4.0
1011,36.0
1012,16.0
1013,38.0
1014,16.0
1015,0.0
1016,8.0
1017,24.0
1018,38.0
1019,28.0
1020,38.0
1021,20.0
1022,38.0
1023,8.0
1024,0.0
1025,24.0
1026,16.0
1027,38.0
1028,12.0
1029,38.0
1030,24.0
1031,40.0
1032,4.0
1033,16.0
1034,24.0
1035,38.0
1036,38.0
1037,38.0
1038,38.0
1039,38.0
1040,4.0
1041,20.0
1042,38.0
1043,38.0
1044,4.0
1045,38.0
1046,4.0
1047,38.0
1048,38.0
1049,0.0
1050,38.0
1051,38.0
1052,38.0
1053,38.0
1054,52.0
1055,16.0
1056,4.0
1057,92.0
1058,116.0
1059,212.0
1060,172.0
1061,128.0
1062,100.0
1063,100.0
1064,36.0
1065,44.0
1066,38.0
1067,40.0
1068,38.0
1069,38.0
1070,20.0
1071,38.0
1072,48.0
1073,8.0
1074,38.0
1075,0.0
1076,12.0
1077,38.0
1078,38.0
1079,38.0
1080,38.0
1081,44.0
1082,38.0
1083,38.0
1084,38.0
1085,38.0
1086,36.0
1087,38.0
1088,8.0
1089,38.0
1090,36.0
1091,38.0
1092,38.0
1093,38.0
1094,38.0
1095,4.0
1096,38.0
1097,8.0
1098,32.0
1099,38.0
1100,8.0
1101,16.0
1102,20.0
1103,12.0
1104,38.0
1105,16.0
1106,76.0
1107,38.0
1108,16.0
1109,0.0
1110,38.0
1111,38.0
1112,32.0
1113,38.0
1114,38.0
1115,4.0
1116,16.0
1117,16.0
1118,38.0
1119,38.0
1120,38.0
1121,32.0
1122,38.0
1123,4.0
1124,38.0
1125,38.0
1126,38.0
1127,38.0
1128,38.0
1129,38.0
1130,38.0
1131,38.0
1132,12.0
1133,38.0
1134,38.0
1135,38.0
1136,38.0
1137,28.0
1138,24.0
1139,38.0
1140,38.0
1141,24.0
1142,38.0
1143,12.0
1144,38.0
1145,38.0
1146,8.0
1147,8.0
1148,4.0
1149,32.0
1150,4.0
1151,20.0
1152,16.0
1153,20.0
1154,38.0
1155,38.0
1156,0.0
1157,38.0
1158,38.0
1159,38.0
1160,38.0
1161,12.0
1162,20.0
1163,44.0
1164,38.0
1165,38.0
1166,38.0
1167,12.0
1168,38.0
1169,38.0
1170,4.0
1171,38.0
1172,8.0
1173,4.0
1174,38.0
1175,16.0
1176,38.0
1177,38.0
1178,52.0
1179,38.0
1180,38.0
1181,16.0
1182,24.0
1183,38.0
1184,8.0
1185,38.0
1186,4.0
1187,16.0
1188,0.0
1189,38.0
1190,38.0
1191,38.0
1192,24.0
1193,38.0
1194,4.0
1195,8.0
1196,28.0
1197,4.0
1198,32.0
1199,12.0
1200,38.0
1201,38.0
1202,12.0
1203,38.0
1204,28.0
1205,4.0
1206,38.0
1207,8.0
1208,38.0
1209,38.0
1210,8.0
1211,4.0
1212,12.0
1213,20.0
1214,38.0
1215,28.0
1216,38.0
1217,38.0
1218,38.0
1219,0.0
1220,38.0
1221,24.0
1222,38.0
1223,8.0
1224,8.0
1225,38.0
1226,38.0
1227,38.0
1228,38.0
1229,48.0
1230,48.0
1231,38.0
1232,0.0
1233,16.0
1234,4.0
1235,38.0
1236,36.0
1237,38.0
1238,38.0
1239,8.0
1240,12.0
1241,38.0
1242,12.0
1243,0.0
1244,38.0
1245,20.0
1246,0.0
1247,8.0
1248,38.0
1249,38.0
1250,38.0
1251,38.0
1252,16.0
1253,38.0
1254,0.0
1255,38.0
1256,38.0
1257,38.0
1258,16.0
1259,38.0
1260,0.0
1261,28.0
1262,38.0
1263,0.0
1264,48.0
1265,20.0
1266,38.0
1267,38.0
1268,24.0
1269,4.0
1270,38.0
1271,4.0
1272,38.0
1273,40.0
1274,52.0
1275,24.0
1276,38.0
1277,38.0
1278,38.0
1279,38.0
1280,38.0
1281,38.0
1282,38.0
1283,16.0
1284,38.0
1285,38.0
1286,0.0
1287,8.0
1288,0.0
1289,38.0
1290,32.0
1291,0.0
1292,32.0
1293,8.0
1294,38.0
1295,38.0
1296,12.0
1297,32.0
1298,38.0
1299,38.0
1300,12.0
1301,38.0
1302,38.0
1303,20.0
1304,16.0
1305,38.0
1306,38.0
1307,8.0
1308,16.0
1309,20.0
1310,38.0
1311,38.0
1312,28.0
1313,38.0
1314,38.0
1315,38.0
1316,24.0
1317,8.0
1318,38.0
1319,38.0
1320,38.0
1321,32.0
1322,20.0
1323,38.0
1324,38.0
1325,0.0
1326,38.0
1327,32.0
1328,4.0
1329,38.0
1330,4.0
1331,38.0
1332,38.0
1333,16.0
1334,44.0
1335,8.0
1336,38.0
1337,38.0
1338,38.0
1339,0.0
1340,16.0
1341,38.0
1342,12.0
1343,38.0
1344,38.0
1345,12.0
1346,16.0
1347,38.0
1348,20.0
1349,38.0
1350,38.0
1351,0.0
1352,38.0
1353,38.0
1354,24.0
1355,38.0
1356,38.0
1357,8.0
1358,38.0
1359,38.0
1360,12.0
1361,0.0
1362,44.0
1363,0.0
1364,38.0
1365,16.0
1366,0.0
1367,38.0
1368,0.0
1369,16.0
1370,38.0
1371,8.0
1372,38.0
1373,38.0
1374,38.0
1375,16.0
1376,4.0
1377,40.0
1378,12.0
1379,0.0
1380,38.0
1381,38.0
1382,32.0
1383,4.0
1384,4.0
1385,12.0
1386,38.0
1387,20.0
1388,8.0
1389,38.0
1390,16.0
1391,38.0
1392,38.0
1393,38.0
1394,38.0
1395,8.0
1396,38.0
1397,8.0
1398,24.0
1399,38.0
1400,38.0
1401,4.0
1402,38.0
1403,38.0
1404,32.0
1405,38.0
1406,36.0
1407,0.0
1408,8.0
1409,38.0
1410,12.0
1411,38.0
1412,20.0
1413,38.0
1414,0.0
1415,84.0
1416,38.0
1417,38.0
1418,36.0
1419,8.0
1420,38.0
1421,24.0
1422,38.0
1423,24.0
1424,38.0
1425,38.0
1426,16.0
1427,4.0
1428,28.0
1429,4.0
1430,12.0
1431,12.0
1432,38.0
1433,24.0
1434,38.0
1435,12.0
1436,38.0
1437,0.0
1438,38.0
1439,4.0
1440,24.0
1441,38.0
1442,16.0
1443,0.0
1444,0.0
1445,38.0
1446,12.0
1447,28.0
1448,38.0
1449,12.0
1450,38.0
1451,24.0
1452,38.0
1453,8.0
1454,38.0
1455,38.0
1456,38.0
1457,20.0
1458,0.0
1459,4.0
1460,8.0
1461,0.0
1462,38.0
1463,24.0
1464,38.0
1465,12.0
1466,38.0
1467,8.0
1468,38.0
1469,38.0
1470,38.0
1471,38.0
1472,0.0
1473,38.0
1474,38.0
1475,38.0
1476,38.0
1477,20.0
1478,4.0
1479,38.0
1480,38.0
1481,12.0
1482,38.0
1483,38.0
1484,38.0
1485,38.0
1486,4.0
1487,38.0
1488,32.0
1489,38.0
1490,38.0
1491,38.0
1492,38.0
1493,38.0
1494,38.0
1495,28.0
1496,38.0
1497,4.0
1498,0.0
1499,38.0
1500,12.0
1501,38.0
1502,4.0
1503,28.0
1504,38.0
1505,38.0
1506,38.0
1507,4.0
1508,38.0
1509,38.0
1510,38.0
1511,38.0
1512,12.0
1513,38.0
1514,38.0
1515,4.0
1516,38.0
1517,0.0
1518,0.0
1519,8.0
1520,12.0
1521,38.0
1522,38.0
1523,38.0
1524,38.0
1525,38.0
1526,4.0
1527,38.0
1528,38.0
1529,24.0
1530,38.0
1531,38.0
1532,4.0
1533,38.0
1534,28.0
1535,38.0
1536,8.0
1537,38.0
1538,38.0
1539,38.0
1540,8.0
1541,38.0
1542,38.0
1543,38.0
1544,52.0
1545,38.0
1546,38.0
1547,38.0
1548,38.0
1549,16.0
1550,38.0
1551,38.0
1552,28.0
1553,38.0
1554,0.0
1555,20.0
1556,38.0
1557,32.0
1558,4.0
1559,36.0
1560,8.0
1561,4.0
1562,16.0
1563,38.0
1564,32.0
1565,4.0
1566,40.0
1567,20.0
1568,28.0
1569,38.0
1570,16.0
1571,38.0
1572,12.0
1573,20.0
1574,4.0
1575,38.0
1576,24.0
1577,38.0
1578,38.0
1579,20.0
1580,8.0
1581,0.0
1582,4.0
1583,52.0
1584,8.0
1585,38.0
1586,4.0
1587,38.0
1588,0.0
1589,38.0
1590,38.0
1591,38.0
1592,8.0
1593,38.0
1594,24.0
1595,38.0
1596,16.0
1597,38.0
1598,38.0
1599,38.0
1600,38.0
1601,36.0
1602,38.0
1603,20.0
1604,16.0
1605,38.0
1606,4.0
1607,38.0
1608,24.0
1609,0.0
1610,0.0
1611,38.0
1612,40.0
1613,16.0
1614,38.0
1615,4.0
1616,38.0
1617,38.0
1618,32.0
1619,38.0
1620,38.0
1621,38.0
1622,28.0
1623,38.0
1624,38.0
1625,38.0
1626,0.0
1627,38.0
1628,4.0
1629,38.0
1630,28.0
1631,38.0
1632,8.0
1633,38.0
1634,38.0
1635,38.0
1636,38.0
1637,38.0
1638,38.0
1639,4.0
1640,38.0
1641,38.0
1642,12.0
1643,28.0
1644,24.0
1645,38.0
1646,0.0
1647,38.0
1648,38.0
1649,4.0
1650,8.0
1651,38.0
1652,38.0
1653,38.0
1654,38.0
1655,38.0
1656,38.0
1657,0.0
1658,38.0
1659,28.0
1660,16.0
1661,38.0
1662,0.0
1663,16.0
1664,16.0
1665,38.0
1666,38.0
1667,38.0
1668,48.0
1669,38.0
1670,38.0
1671,4.0
1672,38.0
1673,40.0
1674,38.0
1675,16.0
1676,38.0
1677,68.0
1678,38.0
1679,38.0
1680,28.0
1681,38.0
1682,38.0
1683,32.0
1684,38.0
1685,38.0
1686,38.0
1687,38.0
1688,38.0
1689,38.0
1690,52.0
1691,24.0
1692,8.0
1693,38.0
1694,38.0
1695,38.0
1696,38.0
1697,8.0
1698,12.0
1699,38.0
1700,4.0
1701,38.0
1702,38.0
1703,38.0
1704,38.0
1705,38.0
1706,20.0
1707,38.0
1708,38.0
1709,38.0
1710,20.0
1711,38.0
1712,38.0
1713,38.0
1714,38.0
1715,4.0
1716,38.0
1717,4.0
1718,38.0
1719,16.0
1720,38.0
1721,38.0
1722,38.0
1723,38.0
1724,24.0
1725,38.0
1726,38.0
1727,4.0
1728,38.0
1729,38.0
1730,52.0
1731,38.0
1732,38.0
1733,4.0
1734,38.0
1735,8.0
1736,28.0
1737,12.0
1738,12.0
1739,8.0
1740,38.0
1741,38.0
1742,24.0
1743,38.0
1744,38.0
1745,38.0
1746,38.0
1747,38.0
1748,44.0
1749,24.0
1750,38.0
1751,8.0
1752,36.0
1753,28.0
1754,12.0
1755,38.0
1756,0.0
1757,52.0
1758,32.0
1759,38.0
1760,38.0
1761,4.0
1762,38.0
1763,12.0
1764,20.0
1765,24.0
1766,38.0
1767,38.0
1768,0.0
1769,32.0
1770,38.0
1771,20.0
1772,38.0
1773,38.0
1774,38.0
1775,38.0
1776,38.0
1777,4.0
1778,4.0
1779,16.0
1780,12.0
1781,38.0
1782,0.0
1783,38.0
1784,38.0
1785,24.0
1786,38.0
1787,38.0
1788,8.0
1789,38.0
1790,38.0
1791,38.0
1792,38.0
1793,12.0
1794,12.0
1795,38.0
1796,16.0
1797,38.0
1798,0.0
1799,38.0
1800,4.0
1801,38.0
1802,38.0
1803,38.0
1804,38.0
1805,38.0
1806,38.0
1807,38.0
1808,40.0
1809,38.0
1810,4.0
1811,38.0
1812,16.0
1813,20.0
1814,36.0
1815,38.0
1816,24.0
1817,38.0
1818,28.0
1819,0.0
1820,38.0
1821,38.0
1822,36.0
1823,38.0
1824,32.0
1825,8.0
1826,38.0
1827,38.0
1828,38.0
1829,38.0
1830,38.0
1831,38.0
1832,16.0
1833,38.0
1834,38.0
1835,38.0
1836,38.0
1837,4.0
1838,28.0
1839,0.0
1840,4.0
1841,38.0
1842,38.0
1843,38.0
1844,38.0
1845,38.0
1846,4.0
1847,8.0
1848,12.0
1849,4.0
1850,4.0
1851,20.0
1852,38.0
1853,38.0
1854,38.0
1855,12.0
1856,16.0
1857,38.0
1858,38.0
1859,28.0
1860,38.0
1861,38.0
1862,32.0
1863,38.0
1864,38.0
1865,16.0
1866,38.0
1867,38.0
1868,38.0
1869,4.0
1870,0.0
1871,38.0
1872,38.0
1873,38.0
1874,38.0
1875,8.0
1876,20.0
1877,8.0
1878,8.0
1879,38.0
1880,38.0
1881,16.0
1882,0.0
1883,38.0
1884,8.0
1885,38.0
1886,8.0
1887,20.0
1888,38.0
1889,38.0
1890,38.0
1891,38.0
1892,20.0
1893,38.0
1894,38.0
1895,38.0
1896,0.0
1897,38.0
1898,38.0
1899,0.0
1900,38.0
1901,38.0
1902,8.0
1903,0.0
1904,8.0
1905,38.0
1906,38.0
1907,38.0
1908,38.0
1909,38.0
1910,36.0
1911,0.0
1912,0.0
1913,0.0
1914,38.0
1915,16.0
1916,38.0
1917,12.0
1918,38.0
1919,12.0
1920,28.0
1921,38.0
1922,0.0
1923,38.0
1924,38.0
1925,38.0
1926,38.0
1927,12.0
1928,38.0
1929,38.0
1930,4.0
1931,24.0
1932,48.0
1933,38.0
1934,38.0
1935,38.0
1936,8.0
1937,0.0
1938,0.0
1939,38.0
1940,12.0
1941,16.0
1942,8.0
1943,38.0
1944,38.0
1945,8.0
1946,38.0
1947,38.0
1948,38.0
1949,24.0
1950,32.0
1951,38.0
1952,0.0
1953,38.0
1954,38.0
1955,52.0
1956,38.0
1957,38.0
1958,0.0
1959,38.0
1960,38.0
1961,38.0
1962,38.0
1963,8.0
1964,28.0
1965,28.0
1966,12.0
1967,38.0
1968,28.0
1969,38.0
1970,38.0
1971,38.0
1972,16.0
1973,20.0
1974,38.0
1975,38.0
1976,20.0
1977,38.0
1978,38.0
1979,38.0
1980,28.0
1981,12.0
1982,38.0
1983,20.0
1984,38.0
1985,38.0
1986,38.0
1987,38.0
1988,38.0
1989,38.0
1990,38.0
1991,12.0
1992,38.0
1993,8.0
1994,38.0
1995,38.0
1996,38.0
1997,4.0
1998,38.0
1999,4.0
2000,38.0
2001,38.0
2002,38.0
2003,38.0
2004,44.0
2005,8.0
2006,38.0
2007,0.0
2008,24.0
2009,20.0
2010,38.0
2011,0.0
2012,16.0
2013,38.0
2014,38.0
2015,38.0
2016,12.0
2017,38.0
2018,38.0
2019,4.0
2020,12.0
2021,0.0
2022,38.0
2023,38.0
2024,38.0
2025,38.0
2026,38.0
2027,28.0
2028,38.0
2029,28.0
2030,38.0
2031,20.0
2032,38.0
2033,38.0
2034,38.0
2035,38.0
2036,38.0
2037,12.0
2038,38.0
2039,38.0
2040,38.0
2041,38.0
2042,38.0
2043,28.0
2044,12.0
2045,44.0
2046,32.0
2047,4.0
2048,40.0
2049,84.0
2050,44.0
2051,20.0
2052,0.0
2053,38.0
2054,38.0
2055,4.0
2056,36.0
2057,38.0
2058,38.0
2059,38.0
2060,38.0
2061,56.0
2062,38.0
2063,38.0
2064,28.0
2065,38.0
2066,38.0
2067,8.0
2068,0.0
2069,38.0
2070,12.0
2071,38.0
2072,38.0
2073,0.0
2074,38.0
2075,0.0
2076,24.0
2077,38.0
2078,36.0
2079,28.0
2080,38.0
2081,12.0
2082,38.0
2083,38.0
2084,4.0
2085,24.0
2086,0.0
2087,76.0
2088,38.0
2089,38.0
2090,38.0
2091,4.0
2092,38.0
2093,38.0
2094,12.0
2095,38.0
2096,16.0
2097,38.0
2098,16.0
2099,24.0
2100,38.0
2101,38.0
2102,38.0
2103,38.0
2104,38.0
2105,38.0
2106,56.0
2107,4.0
2108,4.0
2109,0.0
2110,4.0
2111,32.0
2112,0.0
2113,38.0
2114,38.0
2115,38.0
2116,4.0
2117,4.0
2118,38.0
2119,16.0
2120,38.0
2121,38.0
2122,38.0
2123,38.0
2124,4.0
2125,38.0
2126,16.0
2127,38.0
2128,38.0
2129,20.0
2130,38.0
2131,38.0
2132,0.0
2133,56.0
2134,38.0
2135,28.0
2136,20.0
2137,4.0
2138,38.0
2139,32.0
2140,38.0
2141,38.0
2142,38.0
2143,12.0
2144,38.0
2145,38.0
2146,38.0
2147,38.0
2148,38.0
2149,38.0
2150,52.0
2151,12.0
2152,8.0
2153,38.0
2154,38.0
2155,38.0
2156,16.0
2157,38.0
2158,38.0
2159,38.0
2160,8.0
2161,0.0
2162,4.0
2163,38.0
2164,8.0
2165,52.0
2166,8.0
2167,38.0
2168,36.0
2169,4.0
2170,38.0
2171,16.0
2172,38.0
2173,38.0
2174,20.0
2175,12.0
2176,28.0
2177,16.0
2178,38.0
2179,16.0
2180,38.0
2181,38.0
2182,16.0
2183,38.0
2184,38.0
2185,38.0
2186,0.0
2187,38.0
2188,8.0
2189,38.0
2190,8.0
2191,38.0
2192,38.0
2193,48.0
2194,0.0
2195,38.0
2196,38.0
2197,38.0
2198,38.0
2199,38.0
2200,38.0
2201,0.0
2202,38.0
2203,38.0
2204,12.0
2205,38.0
2206,12.0
2207,38.0
2208,38.0
2209,32.0
2210,38.0
2211,38.0
2212,38.0
2213,28.0
2214,38.0
2215,38.0
2216,38.0
2217,38.0
2218,4.0
2219,8.0
2220,16.0
2221,38.0
2222,24.0
2223,38.0
2224,38.0
2225,4.0
2226,38.0
2227,38.0
2228,38.0
2229,38.0
2230,38.0
2231,40.0
2232,38.0
2233,38.0
2234,38.0
2235,38.0
2236,38.0
2237,38.0
2238,38.0
2239,38.0
2240,38.0
2241,16.0
2242,0.0
2243,0.0
2244,20.0
2245,38.0
2246,38.0
2247,38.0
2248,38.0
2249,38.0
2250,28.0
2251,38.0
2252,64.0
2253,38.0
2254,38.0
2255,24.0
2256,38.0
2257,38.0
2258,12.0
2259,38.0
2260,38.0
2261,38.0
2262,0.0
2263,38.0
2264,24.0
2265,38.0
2266,38.0
2267,16.0
2268,38.0
2269,38.0
2270,38.0
2271,38.0
2272,38.0
2273,38.0
2274,38.0
2275,38.0
2276,38.0
2277,38.0
2278,28.0
2279,38.0
2280,38.0
2281,38.0
2282,52.0
2283,4.0
2284,12.0
2285,38.0
2286,38.0
2287,38.0
2288,38.0
2289,44.0
2290,32.0
2291,38.0
2292,38.0
2293,38.0
2294,38.0
2295,8.0
2296,38.0
2297,38.0
2298,38.0
2299,20.0
2300,38.0
2301,38.0
2302,38.0
2303,40.0
2304,38.0
2305,16.0
2306,38.0
2307,0.0
2308,38.0
2309,38.0
2310,38.0
2311,38.0
2312,38.0
2313,38.0
2314,38.0
2315,12.0
2316,38.0
2317,12.0
2318,38.0
2319,38.0
2320,16.0
2321,4.0
2322,28.0
2323,38.0
2324,38.0
2325,38.0
2326,16.0
2327,38.0
2328,38.0
2329,38.0
2330,38.0
2331,38.0
2332,38.0
2333,38.0
2334,38.0
2335,4.0
2336,38.0
2337,38.0
2338,38.0
2339,38.0
2340,38.0
2341,38.0
2342,38.0
2343,38.0
2344,24.0
2345,38.0
2346,38.0
2347,36.0
2348,38.0
2349,38.0
2350,38.0
2351,0.0
2352,24.0
2353,16.0
2354,38.0
2355,0.0
2356,24.0
2357,24.0
2358,38.0
2359,38.0
2360,4.0
2361,38.0
2362,38.0
2363,24.0
2364,40.0
2365,108.0
2366,156.0
2367,392.0
2368,676.0
2369,784.0
2370,864.0
2371,920.0
